10
14
20
24
46
64
105
113
123
132
138
145
149
152
158
160
183
185
193
205
224
235
238
241
262
265
292
302
306
317
327
333
345
362
364
368
368
375
379
380
392
400
403
436
440
454
473
478
479
497
521
523
527
542
555
588
591
601
603
631
647
657
677
679
679
753
754
766
774
776
778
806
808
810
834
834
839
844
862
869
869
878
890
891
897
903
939
946
947
956
967
972
977
982
982
1023
1027
1040
1052
1055
1055
1058
1082
1096
1104
1106
1134
1154
1155
1155
1171
1173
1194
1227
1232
1246
1269
1284
1285
1288
1305
1312
1320
1325
1341
1364
1368
1383
1424
1427
1428
1431
1437
1446
1460
1461
1473
1479
1482
1484
1502
1514
1521
1522
1544
1551
1563
1567
1588
1593
1607
1633
1640
1645
1648
1651
1666
1673
1692
1704
1709
1734
1735
1742
1744
1754
1755
1765
1780
1783
1803
1821
1828
1835
1838
1843
1862
1865
1868
1885
1895
1901
1916
1925
1936
1945
1967
1984
1984
1987
1988
2001
2003
2003
2013
2020
2029
2059
2070
2100
2105
2123
2124
2133
2150
2152
2162
2180
2190
2207
2217
2251
2270
2273
2286
2301
2308
2311
2314
2317
2321
2324
2344
2348
2364
2390
2403
2413
2434
2447
2453
2458
2463
2479
2527
2540
2562
2589
2597
2603
2611
2622
2624
2626
2626
2630
2634
2635
2653
2660
2666
2678
2718
2728
2744
2749
2755
2760
2760
2774
2779
2782
2785
2793
2804
2814
2819
2847
2855
2856
2865
2870
2886
2889
2949
2967
3013
3013
3033
3035
3048
3053
3053
3057
3075
3101
3108
3116
3135
3148
3148
3177
3187
3188
3196
3199
3214
3226
3241
3242
3246
3250
3258
3262
3268
3270
3274
3274
3282
3286
3317
3318
3325
3328
3339
3390
3414
3428
3429
3450
3455
3460
3469
3476
3481
3481
3497
3503
3510
3525
3525
3526
3538
3548
3549
3556
3562
3573
3594
3603
3603
3619
3634
3654
3666
3668
3678
3698
3708
3724
3727
3727
3730
3737
3742
3751
3756
3757
3774
3793
3809
3830
3833
3839
3844
3881
3891
3894
3917
3923
3936
3949
3970
3971
3979
3989
3999
4007
4012
4013
4017
4021
4029
4033
4037
4044
4067
4076
4080
4081
4095
4100
4142
4144
4151
4171
4178
4222
4223
4240
4247
4262
4262
4284
4289
4321
4322
4323
4328
4355
4370
4374
4399
4415
4415
4420
4442
4460
4462
4473
4477
4482
4504
4505
4509
4535
4540
4541
4542
4565
4565
4571
4572
4573
4600
4615
4624
4629
4641
4641
4642
4645
4658
4678
4702
4702
4720
4729
4730
4733
4733
4766
4768
4777
4781
4788
4789
4806
4820
4825
4844
4868
4871
4872
4876
4921
4921
4931
4942
4948
4953
4957
4958
4962
4978
4987
5007
5024
5024
5031
5041
5046
5060
5079
5090
5103
5126
5143
5184
5229
5236
5237
5255
5273
5287
5289
5298
5299
5307
5312
5348
5349
5357
5367
5387
5394
5409
5422
5443
5446
5462
5464
5477
5521
5530
5538
5553
5553
5556
5562
5580
5581
5584
5589
5596
5607
5615
5620
5631
5631
5656
5656
5657
5658
5667
5669
5670
5678
5690
5696
5701
5710
5741
5742
5748
5761
5779
5780
5793
5808
5810
5826
5838
5863
5865
5881
5894
5902
5905
5905
5908
5919
5943
5945
5970
5976
5979
5983
5985
6003
6015
6016
6034
6041
6044
6049
6053
6054
6060
6065
6070
6076
6080
6088
6098
6102
6130
6133
6144
6153
6157
6166
6180
6197
6209
6212
6217
6218
6218
6223
6241
6251
6252
6271
6291
6291
6296
6308
6311
6318
6320
6328
6330
6332
6333
6334
6335
6336
6378
6398
6408
6410
6414
6428
6443
6447
6449
6458
6469
6476
6482
6484
6501
6515
6530
6539
6541
6541
6552
6557
6584
6593
6606
6607
6615
6620
6633
6636
6667
6671
6689
6699
6700
6721
6723
6733
6778
6781
6813
6826
6837
6837
6844
6883
6930
6931
6938
6941
6947
6955
6960
6983
6987
7003
7026
7046
7050
7054
7065
7095
7096
7102
7113
7123
7123
7125
7143
7146
7147
7157
7162
7162
7166
7167
7173
7175
7178
7182
7183
7190
7191
7200
7200
7205
7212
7214
7225
7242
7248
7253
7256
7257
7263
7263
7264
7271
7281
7283
7312
7312
7330
7342
7348
7366
7373
7374
7403
7404
7428
7437
7443
7449
7450
7457
7480
7511
7517
7528
7543
7543
7543
7544
7550
7562
7585
7590
7623
7633
7641
7651
7657
7667
7676
7708
7712
7728
7734
7734
7744
7757
7780
7783
7792
7813
7815
7816
7819
7833
7833
7834
7842
7846
7856
7871
7889
7890
7898
7904
7906
7919
7943
7970
7974
7985
8029
8034
8034
8035
8043
8049
8054
8086
8092
8094
8116
8127
8154
8163
8165
8169
8210
8227
8258
8261
8268
8271
8271
8273
8279
8285
8286
8299
8318
8319
8348
8351
8362
8365
8372
8379
8382
8408
8408
8409
8410
8416
8420
8436
8446
8448
8451
8455
8466
8473
8478
8488
8505
8505
8514
8521
8526
8553
8558
8570
8579
8589
8592
8648
8655
8674
8674
8676
8686
8709
8724
8735
8753
8760
8767
8784
8796
8798
8811
8822
8825
8848
8876
8890
8922
8925
8926
8936
8954
8957
8964
8969
8987
9006
9007
9036
9037
9040
9050
9059
9070
9116
9119
9137
9150
9160
9168
9190
9201
9202
9215
9223
9228
9229
9231
9234
9243
9296
9312
9315
9332
9348
9352
9357
9361
9361
9387
9399
9405
9410
9424
9433
9438
9471
9473
9474
9488
9513
9517
9518
9519
9523
9528
9547
9552
9553
9557
9560
9588
9596
9627
9634
9636
9639
9645
9648
9656
9659
9672
9683
9697
9706
9712
9719
9719
9727
9729
9749
9752
9755
9764
9766
9773
9774
9780
9784
9797
9798
9799
9802
9804
9815
9820
9828
9830
9843
9848
9858
9879
9881
9902
9914
9917
9919
9926
9935
9944
9948
9951
9964
9971
9976
9991
9993
10007
10011
10011
10012
10015
10017
10029
10040
10048
10071
10091
10103
10113
10129
10135
10138
10153
10158
10166
10166
10169
10191
10194
10216
10223
10236
10254
10260
10268
10274
10281
10285
10301
10306
10321
10331
10335
10336
10360
10367
10368
10373
10388
10397
10406
10411
10423
10425
10426
10432
10441
10444
10445
10452
10456
10463
10470
10499
10511
10513
10518
10528
10537
10542
10563
10586
10587
10593
10606
10612
10623
10649
10655
10658
10677
10679
10680
10689
10700
10730
10732
10760
10776
10785
10786
10796
10808
10813
10815
10816
10834
10834
10834
10836
10840
10843
10851
10857
10858
10870
10889
10901
10904
10909
10917
10949
10966
11006
11043
11049
11049
11061
11070
11081
11083
11087
11096
11129
11146
11148
11155
11160
11165
11167
11174
11174
11174
11195
11213
11238
11250
11251
11260
11279
11304
11319
11330
11333
11333
11337
11366
11374
11377
11378
11387
11394
11394
11407
11412
11415
11425
11428
11436
11442
11443
11446
11447
11448
11453
11453
11457
11470
11483
11496
11516
11534
11536
11541
11557
11558
11560
11581
11589
11596
11600
11607
11615
11627
11635
11635
11638
11654
11659
11664
11668
11669
11680
11701
11715
11720
11722
11740
11745
11748
11752
11756
11785
11793
11798
11817
11819
11823
11826
11843
11849
11856
11857
11861
11873
11903
11906
11914
11922
11924
11925
11925
11944
11971
11978
11979
12007
12013
12018
12033
12041
12041
12047
12109
12113
12137
12148
12152
12175
12180
12189
12195
12206
12214
12221
12227
12228
12230
12244
12246
12267
12270
12272
12274
12276
12293
12301
12335
12336
12336
12348
12357
12359
12362
12367
12377
12386
12396
12397
12398
12417
12427
12456
12473
12478
12516
12527
12532
12546
12556
12560
12576
12579
12587
12608
12619
12633
12633
12634
12649
12684
12685
12689
12690
12693
12712
12714
12714
12719
12722
12725
12730
12731
12733
12763
12810
12814
12819
12832
12842
12856
12864
12880
12880
12883
12885
12889
12896
12905
12915
12919
12920
12937
12943
12945
12951
12961
12970
12999
13007
13025
13028
13037
13073
13078
13089
13095
13101
13101
13105
13112
13119
13126
13134
13141
13166
13171
13190
13201
13202
13230
13249
13262
13271
13291
13293
13308
13317
13319
13336
13341
13348
13348
13364
13367
13368
13377
13384
13389
13401
13407
13419
13433
13437
13444
13470
13485
13488
13489
13507
13509
13544
13558
13581
13613
13621
13623
13624
13629
13630
13648
13650
13660
13668
13675
13697
13699
13703
13713
13714
13739
13741
13782
13790
13792
13794
13803
13810
13827
13833
13835
13846
13848
13852
13853
13908
13913
13922
13926
13938
13939
13956
13962
13981
13986
13989
13993
13995
14001
14054
14061
14076
14080
14088
14117
14137
14139
14140
14146
14147
14168
14169
14195
14196
14205
14231
14233
14262
14263
14274
14278
14278
14288
14296
14332
14346
14353
14356
14363
14371
14380
14406
14421
14440
14452
14458
14463
14465
14497
14503
14503
14514
14530
14549
14559
14588
14590
14602
14605
14607
14613
14614
14645
14650
14662
14665
14673
14679
14680
14689
14702
14719
14737
14744
14761
14764
14768
14787
14795
14825
14847
14848
14850
14850
14876
14877
14897
14900
14907
14926
14940
14942
14967
14969
14973
14975
14983
15006
15016
15025
15043
15077
15081
15086
15113
15115
15134
15149
15150
15163
15169
15181
15183
15188
15194
15197
15200
15221
15236
15245
15255
15260
15275
15282
15287
15317
15320
15324
15335
15338
15344
15344
15366
15376
15405
15414
15429
15441
15451
15461
15475
15479
15488
15488
15490
15518
15528
15536
15540
15557
15567
15572
15574
15574
15575
15583
15584
15594
15594
15610
15633
15656
15663
15669
15688
15696
15703
15725
15734
15737
15738
15740
15743
15744
15750
15751
15751
15757
15770
15770
15772
15780
15791
15797
15798
15814
15847
15856
15869
15881
15889
15901
15904
15913
15922
15924
15927
15941
15943
15965
15974
15976
15992
15993
15994
15996
16003
16004
16009
16010
16018
16027
16046
16046
16047
16051
16069
16076
16092
16093
16104
16115
16122
16123
16146
16151
16153
16164
16166
16175
16177
16190
16200
16222
16226
16246
16248
16262
16262
16309
16315
16320
16321
16334
16341
16344
16346
16350
16359
16382
16387
16390
16393
16397
16411
16417
16418
16422
16443
16452
16462
16462
16472
16478
16480
16483
16492
16505
16513
16524
16525
16551
16560
16562
16569
16571
16575
16581
16583
16606
16608
16614
16629
16643
16643
16673
16675
16678
16685
16690
16713
16731
16746
16753
16777
16797
16812
16830
16833
16838
16855
16861
16865
16872
16874
16881
16887
16888
16895
16895
16896
16909
16921
16927
16937
16957
16961
16962
16969
16974
16992
17018
17020
17027
17027
17028
17043
17047
17048
17071
17073
17077
17094
17096
17118
17123
17127
17129
17139
17143
17157
17160
17163
17168
17174
17179
17195
17198
17204
17221
17221
17225
17240
17268
17269
17291
17306
17311
17337
17350
17350
17355
17362
17373
17376
17409
17449
17465
17480
17484
17508
17511
17531
17534
17604
17616
17619
17632
17634
17635
17653
17674
17677
17688
17695
17699
17706
17722
17727
17768
17776
17784
17785
17827
17843
17849
17858
17868
17869
17872
17872
17879
17896
17905
17915
17928
17929
17933
17943
17944
17958
17959
17960
17966
17978
17979
17990
17998
18009
18018
18033
18035
18035
18067
18067
18078
18097
18102
18103
18119
18128
18138
18150
18153
18161
18162
18204
18211
18216
18222
18235
18249
18275
18278
18304
18310
18323
18325
18327
18332
18344
18350
18352
18363
18389
18406
18406
18416
18418
18433
18453
18456
18457
18461
18468
18469
18474
18481
18525
18547
18554
18566
18593
18622
18647
18649
18660
18684
18705
18722
18725
18744
18754
18762
18764
18769
18790
18792
18807
18840
18841
18853
18854
18863
18864
18869
18873
18875
18884
18885
18894
18910
18927
18947
18949
18957
18959
18969
18973
18987
19000
19006
19023
19029
19036
19076
19078
19085
19106
19125
19129
19144
19160
19167
19169
19174
19175
19182
19193
19206
19211
19220
19238
19239
19245
19249
19250
19285
19304
19313
19313
19315
19321
19327
19342
19345
19380
19381
19402
19405
19408
19408
19429
19447
19448
19456
19456
19465
19470
19495
19516
19531
19533
19535
19540
19543
19564
19570
19584
19588
19591
19605
19611
19620
19640
19643
19664
19668
19712
19733
19745
19755
19761
19761
19792
19796
19811
19811
19823
19847
19848
19853
19857
19857
19866
19867
19867
19875
19886
19903
19904
19919
19922
19928
19945
19951
19982
20031
20041
20052
20055
20057
20068
20069
20072
20074
20082
20091
20102
20159
20163
20167
20177
20177
20183
20205
20208
20221
20226
20227
20228
20236
20236
20264
20265
20316
20323
20333
20334
20340
20342
20359
20362
20362
20394
20402
20402
20407
20428
20443
20464
20466
20511
20520
20533
20546
20554
20555
20580
20600
20607
20625
20630
20641
20647
20648
20655
20667
20706
20751
20752
20757
20764
20779
20805
20806
20810
20827
20828
20830
20852
20862
20877
20878
20890
20912
20943
20956
20968
20996
21002
21004
21008
21070
21071
21078
21091
21110
21112
21114
21117
21129
21135
21139
21156
21174
21175
21190
21194
21203
21204
21218
21237
21255
21257
21272
21306
21306
21352
21356
21386
21389
21411
21413
21420
21443
21450
21451
21453
21457
21472
21477
21479
21484
21512
21514
21523
21535
21547
21554
21557
21572
21581
21618
21618
21619
21622
21623
21625
21626
21650
21676
21687
21703
21706
21724
21739
21751
21768
21773
21792
21794
21799
21801
21801
21805
21842
21844
21850
21865
21879
21881
21890
21893
21894
21904
21916
21926
21931
21935
21937
21941
21948
21948
21969
21979
21986
22029
22034
22041
22042
22059
22070
22073
22088
22093
22102
22105
22141
22146
22149
22150
22151
22152
22156
22178
22182
22186
22221
22234
22242
22244
22282
22290
22295
22300
22304
22349
22352
22358
22365
22373
22378
22382
22387
22393
22394
22398
22406
22407
22409
22413
22413
22424
22438
22455
22467
22471
22488
22499
22499
22510
22518
22528
22539
22544
22546
22548
22550
22568
22582
22621
22627
22628
22629
22630
22646
22660
22677
22702
22705
22705
22705
22714
22733
22736
22750
22756
22781
22783
22789
22809
22815
22819
22830
22834
22834
22837
22839
22843
22871
22881
22890
22904
22907
22924
22927
22929
22947
22963
22970
22973
22999
23035
23043
23056
23060
23060
23066
23069
23074
23085
23092
23098
23108
23109
23126
23193
23200
23211
23218
23219
23220
23225
23244
23255
23268
23271
23298
23307
23316
23317
23319
23321
23323
23344
23354
23366
23387
23399
23429
23442
23444
23446
23452
23469
23493
23497
23499
23510
23565
23580
23590
23598
23616
23622
23625
23625
23627
23631
23634
23640
23649
23650
23652
23658
23666
23688
23696
23710
23715
23717
23739
23742
23761
23761
23821
23834
23839
23865
23869
23871
23875
23924
23927
23929
23932
23937
23939
23985
23999
24023
24038
24055
24055
24073
24083
24089
24097
24106
24112
24127
24130
24136
24139
24153
24171
24182
24185
24206
24215
24219
24220
24221
24234
24236
24259
24263
24276
24299
24301
24302
24322
24325
24346
24348
24366
24385
24401
24407
24417
24418
24427
24431
24447
24454
24484
24487
24501
24507
24510
24523
24526
24530
24534
24537
24539
24551
24572
24576
24576
24579
24587
24606
24622
24632
24653
24684
24693
24705
24714
24770
24770
24775
24776
24820
24827
24830
24852
24861
24880
24903
24916
24926
24927
24928
24929
24932
24941
24942
24962
24965
24974
24974
24979
24980
24983
24997
25008
25018
25023
25024
25027
25028
25037
25062
25086
25089
25111
25112
25118
25119
25120
25125
25130
25133
25136
25139
25141
25142
25149
25156
25171
25174
25180
25186
25214
25215
25217
25220
25231
25267
25281
25292
25294
25301
25321
25327
25337
25377
25386
25392
25399
25403
25404
25420
25422
25436
25441
25448
25455
25463
25468
25485
25492
25547
25566
25571
25603
25607
25622
25641
25645
25651
25653
25665
25683
25687
25706
25718
25741
25751
25770
25781
25785
25831
25834
25841
25844
25844
25848
25853
25859
25865
25895
25900
25903
25910
25918
25918
25927
25935
25958
25958
26001
26015
26023
26027
26042
26052
26053
26072
26108
26113
26119
26132
26134
26141
26141
26181
26183
26186
26190
26194
26199
26204
26238
26241
26248
26250
26252
26262
26270
26274
26307
26310
26315
26316
26317
26329
26342
26361
26384
26386
26388
26392
26392
26423
26428
26434
26444
26446
26452
26457
26462
26471
26471
26482
26515
26521
26537
26549
26562
26565
26570
26575
26591
26599
26616
26622
26642
26660
26671
26674
26687
26690
26701
26701
26709
26716
26726
26740
26784
26796
26826
26833
26849
26849
26855
26863
26880
26886
26891
26892
26894
26896
26908
26908
26921
26937
26945
26961
26964
26965
26977
26987
27008
27010
27026
27047
27098
27107
27121
27123
27134
27165
27175
27186
27190
27196
27200
27202
27205
27205
27225
27259
27267
27274
27290
27290
27328
27332
27333
27347
27393
27423
27436
27469
27475
27480
27497
27503
27511
27528
27535
27550
27554
27554
27555
27559
27567
27579
27582
27601
27615
27619
27623
27626
27626
27631
27669
27680
27689
27693
27702
27706
27711
27714
27720
27721
27727
27734
27735
27741
27752
27765
27769
27772
27773
27777
27795
27799
27801
27806
27819
27828
27833
27835
27837
27839
27861
27867
27870
27876
27887
27890
27913
27918
27921
27921
27933
27935
27943
27954
27956
27961
27989
27991
28018
28036
28045
28054
28060
28077
28099
28108
28132
28142
28146
28147
28164
28171
28185
28193
28194
28199
28201
28201
28205
28207
28211
28223
28242
28259
28284
28299
28301
28319
28325
28327
28367
28369
28374
28413
28425
28441
28450
28453
28470
28478
28492
28498
28503
28512
28539
28541
28562
28565
28585
28594
28596
28608
28613
28614
28617
28618
28635
28644
28656
28696
28697
28729
28732
28744
28745
28750
28753
28797
28798
28798
28802
28832
28851
28856
28860
28861
28894
28897
28914
28929
28930
28931
28941
28960
28961
28963
28987
28989
28992
29030
29046
29050
29058
29071
29078
29101
29108
29123
29132
29139
29139
29141
29143
29155
29162
29191
29209
29210
29219
29222
29226
29233
29238
29248
29255
29263
29286
29290
29329
29343
29347
29375
29394
29399
29408
29423
29435
29440
29442
29444
29447
29464
29474
29480
29487
29491
29492
29496
29496
29509
29520
29535
29540
29547
29555
29555
29560
29561
29568
29578
29640
29676
29681
29684
29693
29694
29706
29712
29715
29752
29755
29771
29774
29783
29789
29809
29825
29826
29852
29853
29853
29860
29865
29872
29888
29896
29926
29926
29942
29967
29971
29973
29973
29983
29984
29985
29986
29986
30005
30008
30023
30025
30031
30037
30048
30060
30061
30075
30097
30100
30103
30117
30121
30136
30139
30152
30179
30179
30194
30200
30216
30225
30232
30234
30240
30270
30280
30280
30293
30298
30316
30331
30332
30353
30370
30374
30376
30390
30402
30410
30417
30428
30472
30479
30480
30499
30503
30531
30531
30557
30561
30565
30573
30590
30598
30599
30599
30604
30614
30616
30618
30638
30652
30671
30672
30686
30691
30702
30705
30707
30738
30761
30771
30783
30795
30800
30814
30817
30895
30926
30931
30933
30936
30948
30954
30956
30969
30970
31009
31020
31033
31036
31038
31046
31048
31065
31069
31084
31084
31093
31096
31097
31107
31112
31126
31128
31129
31135
31139
31143
31148
31160
31164
31166
31180
31190
31190
31194
31197
31213
31251
31260
31265
31271
31280
31290
31303
31308
31315
31321
31324
31331
31344
31356
31357
31359
31379
31386
31386
31395
31423
31440
31457
31464
31468
31479
31484
31496
31502
31510
31511
31521
31530
31534
31548
31580
31580
31583
31589
31596
31604
31608
31624
31625
31641
31649
31661
31673
31721
31722
31734
31743
31747
31749
31782
31789
31792
31794
31795
31802
31806
31816
31818
31821
31823
31825
31834
31837
31846
31873
31881
31903
31903
31907
31912
31919
31920
31927
31939
31950
31964
31986
31993
31994
31997
32007
32023
32030
32030
32043
32051
32058
32064
32068
32069
32076
32077
32099
32108
32116
32118
32140
32156
32157
32163
32206
32207
32213
32214
32222
32240
32279
32292
32317
32321
32329
32334
32341
32348
32350
32359
32370
32372
32379
32381
32409
32414
32418
32436
32453
32490
32499
32502
32504
32518
32523
32533
32565
32608
32611
32628
32630
32636
32638
32648
32654
32656
32657
32658
32660
32667
32667
32670
32690
32717
32727
32733
32739
32756
32758
32761
32777
32797
32819
32825
32828
32835
32836
32844
32846
32857
32909
32964
32972
32973
32975
32988
33002
33007
33030
33039
33045
33059
33061
33085
33096
33097
33105
33106
33110
33121
33125
33151
33183
33186
33199
33210
33214
33227
33251
33259
33262
33284
33284
33305
33312
33337
33343
33351
33358
33364
33365
33374
33399
33408
33409
33409
33432
33432
33438
33444
33464
33469
33471
33479
33485
33487
33497
33513
33515
33519
33530
33538
33552
33570
33577
33609
33638
33639
33641
33650
33652
33662
33666
33686
33708
33719
33725
33741
33743
33747
33768
33783
33789
33824
33852
33868
33871
33877
33916
33925
33932
33932
33933
33947
33955
33968
33972
33981
34000
34016
34017
34037
34052
34055
34057
34070
34086
34095
34107
34108
34114
34115
34123
34128
34130
34132
34136
34149
34184
34196
34204
34207
34238
34240
34258
34259
34262
34275
34285
34286
34291
34296
34299
34305
34312
34326
34339
34352
34398
34405
34432
34434
34435
34439
34439
34439
34457
34460
34463
34480
34519
34554
34555
34564
34599
34602
34606
34625
34630
34645
34654
34661
34684
34686
34691
34701
34703
34703
34720
34734
34741
34743
34748
34754
34760
34765
34767
34771
34786
34787
34797
34801
34803
34816
34834
34840
34863
34865
34895
34902
34904
34904
34914
34929
34951
34970
34982
34988
34993
34997
35001
35031
35037
35039
35048
35064
35078
35095
35099
35106
35110
35113
35141
35155
35165
35168
35178
35202
35212
35217
35228
35247
35256
35263
35265
35268
35270
35270
35272
35273
35290
35300
35309
35314
35314
35328
35353
35364
35381
35412
35421
35438
35448
35464
35485
35492
35495
35497
35504
35507
35518
35524
35525
35529
35543
35544
35559
35568
35568
35570
35574
35583
35586
35586
35594
35602
35631
35637
35640
35647
35650
35664
35715
35727
35728
35729
35730
35731
35733
35740
35749
35760
35765
35765
35766
35778
35784
35791
35799
35803
35835
35849
35862
35863
35876
35888
35896
35901
35903
35916
35931
35947
35951
35953
35979
35985
35987
35995
36002
36010
36016
36017
36021
36029
36036
36053
36054
36062
36080
36092
36105
36115
36130
36131
36142
36162
36164
36165
36166
36171
36173
36175
36200
36201
36208
36228
36228
36231
36243
36250
36258
36277
36283
36284
36286
36287
36288
36299
36333
36334
36338
36342
36348
36351
36352
36364
36364
36374
36376
36385
36397
36405
36416
36418
36422
36423
36442
36449
36459
36459
36475
36477
36478
36479
36483
36486
36507
36509
36512
36516
36554
36563
36571
36578
36589
36600
36602
36612
36622
36623
36634
36643
36655
36664
36668
36672
36678
36710
36724
36738
36742
36757
36789
36798
36799
36807
36821
36822
36824
36866
36866
36886
36925
36927
36929
36952
36953
36958
36983
36992
36994
37007
37016
37035
37062
37062
37068
37074
37075
37080
37097
37097
37101
37107
37110
37119
37122
37156
37157
37195
37199
37205
37235
37238
37242
37250
37252
37262
37266
37273
37283
37287
37289
37291
37297
37307
37343
37343
37348
37356
37365
37383
37384
37400
37406
37451
37483
37504
37505
37513
37531
37543
37544
37556
37558
37558
37574
37576
37591
37593
37610
37623
37624
37627
37631
37644
37650
37650
37655
37659
37662
37663
37670
37699
37760
37782
37793
37805
37829
37841
37867
37876
37876
37881
37897
37909
37923
37925
37926
37949
37964
37989
37997
38005
38011
38028
38028
38029
38032
38043
38069
38092
38112
38116
38153
38159
38165
38210
38212
38261
38270
38288
38297
38298
38310
38320
38328
38386
38389
38400
38402
38440
38440
38445
38456
38460
38488
38507
38512
38526
38529
38540
38549
38555
38570
38571
38579
38581
38585
38593
38594
38595
38600
38606
38606
38606
38615
38620
38622
38624
38627
38632
38639
38643
38649
38653
38667
38681
38682
38683
38685
38695
38703
38704
38726
38727
38739
38745
38748
38750
38756
38763
38770
38772
38792
38793
38793
38814
38821
38830
38835
38846
38849
38853
38920
38922
38923
38923
38946
38950
38952
38954
38975
38976
38981
38988
39004
39009
39011
39024
39028
39031
39033
39043
39051
39071
39095
39096
39104
39112
39117
39158
39161
39162
39176
39185
39188
39199
39202
39227
39229
39242
39243
39257
39257
39277
39289
39297
39298
39309
39310
39341
39351
39381
39399
39413
39417
39423
39430
39463
39470
39486
39488
39510
39511
39519
39525
39530
39532
39536
39538
39549
39558
39581
39593
39595
39596
39601
39602
39603
39606
39624
39627
39629
39670
39671
39675
39687
39711
39732
39732
39738
39759
39760
39760
39783
39788
39805
39847
39892
39908
39914
39934
39936
39958
39959
39960
39962
39974
39976
39986
39987
39987
39994
40000
40019
40030
40038
40055
40057
40067
40075
40087
40091
40102
40111
40115
40131
40137
40146
40147
40154
40156
40188
40197
40207
40208
40209
40227
40230
40232
40239
40248
40257
40259
40260
40269
40274
40274
40297
40312
40315
40336
40339
40342
40344
40344
40367
40369
40372
40386
40393
40406
40412
40414
40428
40446
40456
40459
40461
40463
40466
40469
40471
40485
40485
40487
40488
40499
40544
40562
40565
40575
40578
40580
40589
40600
40619
40632
40638
40642
40646
40652
40698
40700
40702
40714
40723
40730
40755
40757
40757
40761
40766
40769
40774
40774
40816
40816
40831
40834
40842
40843
40863
40875
40923
40933
40935
40939
40949
40976
40984
40988
40993
41004
41035
41044
41051
41071
41084
41092
41096
41103
41106
41110
41122
41130
41132
41140
41142
41143
41180
41183
41188
41199
41213
41239
41244
41246
41247
41249
41258
41259
41279
41289
41313
41321
41324
41325
41328
41331
41348
41380
41381
41381
41383
41384
41388
41393
41399
41402
41409
41428
41429
41472
41487
41493
41493
41498
41505
41507
41528
41537
41547
41556
41562
41578
41583
41583
41620
41635
41639
41639
41641
41645
41656
41663
41665
41667
41667
41684
41695
41696
41717
41728
41753
41753
41775
41787
41790
41790
41798
41800
41801
41803
41838
41843
41844
41844
41846
41850
41850
41861
41864
41869
41874
41880
41893
41897
41899
41908
41911
41912
41915
41934
41944
41948
41951
41976
41982
41988
41995
42008
42017
42020
42045
42107
42135
42137
42143
42155
42165
42166
42191
42195
42203
42208
42231
42244
42250
42302
42304
42310
42314
42318
42325
42333
42372
42396
42402
42402
42410
42419
42419
42429
42443
42452
42469
42475
42477
42481
42482
42493
42520
42547
42560
42566
42574
42581
42597
42638
42642
42644
42648
42649
42650
42657
42667
42670
42677
42680
42694
42694
42723
42738
42747
42751
42753
42755
42770
42775
42793
42796
42797
42818
42846
42850
42852
42853
42855
42855
42859
42871
42878
42890
42890
42899
42903
42911
42927
42929
42937
42939
42963
42968
42972
42974
42975
42989
42994
42995
43017
43017
43024
43041
43044
43057
43062
43064
43080
43090
43099
43106
43123
43127
43134
43135
43147
43150
43155
43175
43181
43182
43217
43220
43231
43231
43272
43277
43282
43313
43314
43318
43318
43319
43323
43328
43334
43356
43361
43385
43396
43418
43429
43441
43442
43442
43444
43472
43512
43520
43539
43564
43566
43569
43572
43586
43592
43605
43634
43642
43678
43691
43695
43701
43708
43710
43715
43726
43732
43743
43751
43763
43768
43786
43790
43806
43806
43818
43831
43838
43856
43862
43871
43892
43898
43900
43907
43927
43930
43932
43940
43969
43974
43981
43992
44008
44010
44023
44023
44033
44044
44055
44076
44083
44088
44091
44099
44102
44111
44113
44123
44126
44137
44158
44166
44182
44193
44216
44218
44219
44236
44243
44245
44250
44283
44316
44319
44320
44324
44327
44331
44354
44361
44366
44370
44373
44397
44397
44406
44418
44423
44429
44450
44450
44461
44463
44468
44483
44499
44504
44510
44517
44521
44523
44523
44526
44551
44556
44560
44567
44575
44581
44581
44585
44599
44600
44601
44606
44630
44648
44665
44682
44708
44713
44715
44720
44731
44741
44746
44756
44765
44802
44817
44834
44838
44852
44854
44854
44865
44868
44868
44897
44900
44904
44913
44917
44925
44966
44973
44977
44989
45001
45015
45018
45019
45021
45036
45038
45045
45050
45052
45072
45081
45082
45092
45097
45102
45111
45138
45143
45154
45154
45155
45162
45175
45181
45186
45191
45192
45198
45200
45204
45216
45216
45220
45237
45245
45246
45248
45253
45260
45263
45270
45272
45272
45274
45274
45278
45286
45317
45319
45342
45377
45383
45384
45387
45397
45403
45414
45425
45429
45444
45460
45470
45474
45509
45510
45513
45515
45524
45527
45531
45537
45545
45557
45563
45568
45599
45628
45633
45635
45663
45670
45708
45708
45714
45721
45737
45754
45754
45770
45771
45777
45778
45793
45803
45807
45819
45825
45828
45833
45839
45842
45857
45860
45868
45869
45912
45927
45939
45945
45953
45960
45971
45977
45993
46002
46048
46049
46057
46113
46122
46123
46125
46128
46132
46160
46168
46170
46181
46185
46200
46212
46224
46235
46244
46249
46284
46294
46299
46313
46317
46334
46340
46357
46363
46381
46384
46389
46428
46430
46433
46443
46469
46480
46484
46490
46504
46512
46515
46516
46535
46537
46544
46554
46555
46570
46595
46606
46626
46629
46632
46632
46633
46639
46642
46654
46658
46667
46667
46669
46669
46672
46688
46691
46692
46709
46712
46718
46749
46752
46752
46752
46765
46788
46794
46834
46834
46838
46873
46890
46902
46909
46913
46916
46922
46923
46926
46928
46936
46947
46948
46950
46952
46974
46985
47015
47016
47041
47064
47108
47111
47113
47116
47127
47131
47148
47154
47157
47157
47204
47219
47227
47248
47259
47282
47293
47304
47327
47342
47352
47352
47375
47389
47423
47439
47450
47463
47470
47480
47483
47483
47491
47494
47496
47506
47507
47507
47514
47522
47531
47540
47557
47570
47582
47604
47617
47641
47650
47651
47668
47670
47675
47679
47679
47683
47684
47696
47698
47698
47705
47706
47711
47725
47741
47748
47748
47761
47771
47779
47798
47837
47881
47901
47902
47914
47919
47942
47950
47994
47995
48011
48022
48026
48026
48027
48038
48079
48082
48095
48101
48105
48121
48141
48162
48165
48165
48168
48176
48185
48197
48219
48223
48236
48236
48237
48239
48247
48250
48254
48264
48288
48297
48302
48316
48331
48341
48358
48358
48379
48392
48413
48422
48427
48434
48440
48443
48456
48457
48458
48459
48469
48477
48490
48497
48504
48511
48513
48535
48545
48549
48550
48551
48553
48563
48571
48574
48577
48603
48607
48612
48617
48629
48633
48642
48648
48672
48692
48708
48713
48720
48721
48723
48727
48739
48744
48749
48750
48751
48761
48769
48794
48809
48860
48868
48872
48879
48880
48893
48931
48952
48965
48966
48972
48979
48986
49000
49001
49014
49024
49032
49052
49064
49067
49070
49070
49072
49094
49108
49114
49138
49147
49150
49164
49172
49178
49202
49216
49216
49245
49266
49269
49273
49278
49289
49296
49304
49314
49315
49338
49347
49370
49372
49399
49413
49419
49426
49428
49444
49450
49458
49464
49475
49497
49498
49499
49520
49542
49544
49547
49575
49584
49596
49615
49620
49622
49659
49673
49727
49734
49738
49750
49755
49759
49766
49767
49770
49775
49777
49779
49788
49815
49828
49836
49843
49843
49860
49862
49863
49863
49866
49867
49882
49883
49902
49906
49906
49910
49923
49944
49950
49955
49975
49989
50010
50029
50033
50040
50049
50063
50066
50073
50099
50102
50110
50139
50154
50156
50157
50171
50216
50226
50233
50238
50238
50259
50279
50284
50296
50301
50311
50313
50321
50350
50380
50404
50415
50433
50433
50441
50444
50477
50484
50524
50529
50545
50564
50565
50596
50614
50624
50650
50656
50683
50689
50690
50692
50702
50704
50725
50730
50745
50771
50812
50813
50834
50834
50837
50840
50872
50876
50882
50892
50895
50905
50910
50925
50937
50962
50999
51000
51003
51017
51018
51030
51033
51043
51046
51055
51057
51076
51077
51094
51137
51147
51162
51164
51172
51186
51188
51200
51216
51227
51228
51246
51252
51270
51270
51283
51286
51289
51297
51301
51309
51317
51379
51393
51396
51401
51411
51416
51425
51436
51437
51471
51481
51487
51499
51501
51523
51524
51531
51552
51554
51560
51561
51566
51572
51575
51585
51589
51597
51600
51615
51642
51645
51648
51650
51663
51669
51696
51697
51711
51735
51736
51739
51742
51743
51744
51757
51769
51770
51778
51780
51785
51789
51794
51807
51814
51827
51869
51875
51877
51884
51889
51889
51929
51933
51935
51946
51947
51951
51957
51988
51999
52000
52008
52010
52020
52025
52031
52042
52046
52071
52074
52080
52081
52088
52113
52123
52146
52158
52171
52200
52203
52212
52216
52220
52232
52268
52268
52297
52305
52307
52311
52331
52336
52340
52346
52353
52360
52384
52410
52420
52421
52421
52440
52441
52457
52461
52471
52482
52494
52501
52523
52543
52563
52567
52628
52638
52646
52651
52657
52659
52659
52675
52690
52694
52710
52713
52719
52742
52749
52752
52785
52788
52791
52802
52804
52807
52810
52814
52824
52832
52852
52854
52859
52881
52893
52912
52914
52922
52930
52944
52959
52961
52971
52978
52987
52992
53007
53013
53040
53065
53072
53073
53080
53086
53099
53099
53101
53136
53147
53151
53155
53157
53161
53178
53193
53201
53208
53211
53229
53235
53238
53241
53243
53249
53252
53285
53290
53296
53308
53311
53316
53320
53336
53342
53380
53380
53382
53399
53406
53407
53407
53408
53409
53410
53413
53438
53472
53475
53477
53481
53499
53506
53506
53525
53532
53545
53552
53552
53557
53559
53561
53581
53589
53596
53602
53609
53637
53638
53642
53665
53700
53702
53711
53728
53749
53749
53752
53754
53756
53757
53771
53773
53802
53804
53833
53837
53841
53848
53854
53870
53879
53893
53908
53910
53949
53954
53959
53974
53980
53985
53996
54002
54008
54032
54043
54046
54047
54073
54080
54086
54086
54093
54117
54121
54147
54157
54171
54181
54185
54187
54189
54191
54207
54209
54233
54236
54247
54247
54274
54292
54300
54301
54305
54315
54323
54328
54342
54343
54363
54374
54385
54388
54389
54413
54414
54425
54429
54434
54435
54450
54450
54451
54455
54466
54470
54491
54498
54503
54506
54510
54517
54530
54532
54554
54557
54565
54583
54592
54597
54599
54608
54619
54628
54635
54640
54651
54653
54675
54700
54703
54714
54719
54736
54753
54768
54788
54788
54810
54827
54828
54846
54865
54888
54907
54909
54918
54942
54946
54955
54956
54958
54960
54966
54973
54988
54990
54993
54994
55001
55006
55009
55010
55020
55033
55041
55054
55056
55061
55076
55102
55103
55104
55124
55132
55143
55144
55152
55154
55161
55163
55167
55169
55172
55176
55177
55177
55181
55187
55199
55202
55205
55206
55212
55212
55217
55228
55234
55234
55254
55261
55275
55302
55304
55312
55327
55330
55332
55343
55346
55346
55354
55361
55369
55379
55387
55400
55402
55448
55449
55457
55459
55460
55467
55473
55480
55487
55497
55498
55533
55553
55554
55557
55569
55618
55628
55637
55648
55658
55667
55675
55682
55690
55694
55702
55717
55725
55726
55728
55731
55737
55746
55747
55757
55763
55782
55795
55805
55805
55818
55830
55839
55846
55847
55861
55867
55868
55876
55887
55890
55895
55902
55909
55918
55922
55946
55952
55953
55965
55965
55989
55991
56003
56009
56015
56018
56052
56082
56093
56097
56100
56115
56123
56129
56131
56140
56143
56144
56175
56210
56210
56211
56217
56222
56243
56243
56245
56249
56252
56253
56260
56263
56273
56294
56298
56300
56300
56303
56316
56329
56339
56340
56347
56348
56359
56362
56375
56410
56411
56425
56429
56449
56455
56455
56470
56483
56494
56497
56522
56522
56524
56542
56546
56560
56567
56572
56592
56595
56596
56605
56615
56629
56632
56647
56658
56664
56670
56677
56678
56682
56683
56686
56706
56714
56718
56719
56726
56728
56729
56730
56763
56774
56775
56778
56816
56834
56840
56857
56894
56897
56910
56917
56937
56968
56972
56980
56986
57001
57003
57016
57025
57026
57032
57032
57034
57037
57039
57049
57052
57055
57058
57067
57071
57075
57086
57088
57105
57108
57114
57120
57143
57164
57182
57191
57194
57196
57202
57202
57210
57214
57220
57235
57241
57302
57317
57323
57341
57354
57357
57358
57359
57373
57376
57383
57415
57421
57424
57428
57429
57436
57440
57444
57463
57482
57498
57521
57541
57562
57564
57596
57606
57611
57633
57696
57696
57712
57720
57738
57747
57751
57751
57755
57798
57845
57864
57875
57904
57913
57931
57936
57949
57955
57964
57968
57988
57994
58027
58028
58044
58045
58046
58070
58095
58113
58131
58147
58169
58170
58195
58209
58218
58220
58221
58230
58241
58258
58259
58267
58270
58273
58285
58293
58301
58303
58316
58320
58338
58350
58357
58359
58361
58370
58373
58378
58380
58384
58393
58412
58418
58424
58435
58436
58439
58442
58454
58468
58472
58477
58479
58483
58503
58526
58535
58538
58547
58593
58607
58626
58632
58647
58649
58654
58681
58683
58692
58697
58716
58721
58722
58725
58740
58751
58756
58760
58766
58769
58787
58789
58794
58802
58808
58819
58825
58832
58846
58849
58852
58854
58864
58868
58873
58880
58885
58899
58899
58907
58925
58925
58937
58953
58954
58973
59004
59023
59031
59053
59054
59057
59058
59058
59060
59069
59093
59094
59099
59145
59146
59148
59158
59162
59164
59168
59189
59195
59204
59207
59210
59224
59227
59227
59250
59253
59266
59268
59269
59273
59291
59297
59311
59331
59362
59375
59397
59399
59404
59412
59413
59424
59427
59428
59434
59445
59445
59449
59451
59457
59458
59468
59473
59482
59492
59527
59534
59535
59540
59567
59595
59596
59598
59599
59612
59631
59632
59635
59638
59638
59648
59666
59671
59679
59694
59711
59714
59730
59736
59740
59752
59762
59771
59783
59788
59789
59789
59809
59820
59823
59826
59869
59901
59913
59926
59929
59939
59948
59962
59974
59981
60000
60028
60030
60037
60042
60043
60044
60044
60048
60050
60058
60060
60073
60079
60081
60100
60104
60110
60115
60177
60183
60190
60208
60222
60227
60227
60230
60240
60246
60258
60273
60300
60320
60321
60326
60341
60355
60362
60379
60413
60415
60425
60427
60465
60483
60499
60500
60534
60545
60551
60552
60577
60578
60588
60605
60605
60608
60615
60632
60633
60634
60638
60646
60670
60680
60681
60683
60706
60724
60735
60735
60737
60747
60754
60764
60770
60793
60844
60871
60878
60879
60885
60911
60913
60913
60935
60944
60945
60958
60971
61041
61082
61101
61105
61128
61129
61150
61163
61169
61179
61186
61187
61190
61199
61217
61233
61236
61237
61247
61250
61254
61262
61287
61290
61292
61303
61309
61312
61324
61333
61387
61391
61398
61401
61408
61409
61420
61432
61461
61475
61486
61510
61520
61547
61561
61573
61590
61605
61649
61655
61656
61662
61668
61669
61678
61681
61690
61704
61714
61738
61743
61750
61767
61784
61786
61816
61834
61850
61858
61859
61871
61879
61888
61912
61917
61926
61936
61941
62005
62015
62031
62039
62045
62057
62075
62083
62088
62109
62133
62140
62149
62151
62162
62166
62172
62186
62188
62188
62199
62221
62241
62243
62245
62249
62254
62262
62270
62284
62288
62305
62317
62334
62348
62379
62408
62418
62427
62435
62447
62453
62503
62510
62510
62528
62535
62536
62544
62553
62566
62569
62569
62590
62605
62611
62642
62643
62649
62649
62650
62668
62677
62703
62705
62716
62720
62722
62728
62749
62756
62757
62760
62764
62772
62788
62795
62796
62802
62829
62886
62887
62924
62935
62950
62953
62954
62955
62958
62975
62978
62978
62981
63026
63054
63057
63057
63058
63068
63072
63076
63083
63083
63102
63102
63109
63135
63150
63150
63164
63168
63175
63181
63184
63188
63206
63207
63215
63223
63224
63229
63235
63243
63248
63251
63266
63288
63297
63299
63308
63316
63339
63341
63352
63360
63361
63375
63376
63387
63393
63396
63401
63413
63426
63428
63432
63445
63475
63488
63492
63513
63517
63519
63534
63540
63559
63571
63586
63587
63597
63598
63600
63607
63612
63634
63654
63656
63663
63667
63669
63674
63676
63678
63717
63718
63739
63743
63746
63751
63753
63759
63760
63770
63780
63854
63858
63894
63910
63916
63916
63916
63927
63939
63947
63953
63955
63957
63964
63965
63970
63991
63998
64001
64004
64011
64018
64057
64063
64073
64075
64078
64094
64094
64115
64125
64135
64139
64144
64149
64150
64167
64168
64172
64178
64182
64185
64205
64205
64207
64216
64249
64258
64280
64281
64291
64300
64313
64331
64343
64348
64379
64379
64388
64389
64409
64423
64429
64430
64438
64441
64447
64469
64472
64485
64519
64521
64528
64532
64532
64551
64557
64572
64573
64588
64595
64610
64613
64622
64636
64648
64651
64651
64657
64658
64670
64692
64693
64712
64715
64723
64723
64728
64729
64735
64737
64746
64771
64789
64793
64819
64831
64839
64842
64842
64850
64880
64884
64884
64900
64903
64919
64938
64942
64953
64963
64965
64971
64972
64976
64977
64993
65018
65022
65025
65026
65051
65123
65133
65145
65153
65153
65155
65185
65185
65186
65187
65192
65213
65217
65230
65235
65237
65239
65277
65300
65310
65322
65328
65338
65341
65365
65371
65385
65390
65399
65411
65411
65412
65447
65464
65472
65483
65485
65485
65489
65493
65502
65511
65514
65517
65524
65528
65544
65554
65558
65569
65607
65623
65629
65631
65632
65634
65655
65658
65680
65687
65690
65695
65726
65731
65740
65740
65759
65766
65767
65791
65801
65809
65828
65831
65861
65863
65867
65875
65878
65880
65884
65885
65899
65902
65908
65918
65946
65958
65964
65967
65979
65987
65988
65989
65997
66002
66004
66027
66028
66030
66039
66041
66052
66055
66059
66063
66083
66089
66089
66097
66108
66111
66116
66130
66132
66152
66158
66162
66172
66179
66183
66217
66218
66233
66246
66255
66260
66293
66294
66300
66330
66349
66351
66364
66374
66377
66377
66378
66382
66382
66383
66389
66411
66426
66440
66441
66493
66500
66507
66515
66516
66540
66554
66575
66589
66594
66596
66628
66629
66640
66650
66653
66660
66673
66690
66690
66699
66711
66728
66751
66763
66767
66772
66781
66783
66791
66796
66812
66820
66827
66834
66843
66868
66886
66889
66902
66902
66940
66945
66949
66956
66960
66963
66974
66977
66977
66988
66992
67004
67004
67017
67027
67034
67038
67061
67074
67117
67122
67132
67140
67142
67150
67151
67159
67166
67206
67222
67226
67233
67236
67237
67238
67246
67255
67259
67262
67274
67276
67282
67296
67311
67321
67336
67343
67346
67400
67407
67417
67423
67429
67433
67462
67487
67496
67497
67500
67500
67513
67515
67519
67520
67532
67532
67533
67553
67564
67568
67577
67578
67592
67599
67642
67644
67648
67653
67669
67677
67684
67726
67729
67751
67760
67770
67771
67772
67773
67785
67798
67814
67816
67831
67854
67867
67869
67874
67881
67883
67889
67899
67903
67912
67914
67927
67935
67935
67939
67944
67949
67954
67960
67963
67974
67986
67987
67990
68000
68006
68010
68050
68052
68056
68078
68087
68091
68123
68129
68136
68158
68166
68170
68171
68172
68185
68199
68199
68207
68229
68233
68238
68251
68262
68272
68312
68313
68313
68317
68336
68341
68350
68367
68375
68377
68379
68393
68430
68435
68438
68453
68455
68461
68472
68473
68480
68481
68492
68497
68520
68528
68530
68533
68548
68555
68575
68586
68588
68592
68594
68598
68601
68606
68616
68619
68624
68646
68655
68656
68661
68676
68678
68687
68701
68706
68707
68716
68739
68750
68755
68762
68799
68801
68856
68879
68881
68912
68913
68919
68919
68921
68923
68973
68989
68992
69004
69004
69064
69065
69075
69078
69108
69115
69115
69117
69121
69121
69128
69131
69132
69141
69144
69148
69154
69160
69167
69178
69215
69240
69257
69257
69262
69269
69277
69293
69299
69329
69330
69372
69385
69414
69431
69433
69435
69436
69441
69446
69453
69460
69467
69480
69492
69510
69521
69525
69528
69532
69535
69535
69572
69573
69574
69577
69580
69591
69596
69629
69636
69643
69667
69667
69690
69705
69734
69754
69760
69790
69792
69803
69807
69813
69838
69840
69843
69848
69853
69857
69861
69873
69895
69913
69914
69917
69926
69951
69981
69998
69999
70007
70029
70036
70039
70048
70055
70068
70078
70079
70091
70103
70115
70121
70126
70151
70157
70161
70163
70183
70189
70192
70194
70204
70211
70223
70239
70242
70254
70257
70278
70294
70309
70316
70354
70363
70380
70416
70440
70453
70467
70475
70483
70529
70532
70542
70568
70578
70578
70584
70602
70609
70626
70649
70651
70661
70665
70694
70704
70710
70713
70717
70719
70720
70733
70734
70749
70764
70764
70768
70807
70809
70810
70814
70826
70827
70834
70841
70845
70847
70847
70859
70861
70861
70870
70877
70889
70898
70919
70924
70949
70951
70956
70969
70973
70974
70987
71011
71020
71023
71040
71065
71078
71099
71102
71107
71122
71141
71143
71152
71154
71155
71172
71173
71175
71201
71220
71225
71237
71237
71249
71255
71272
71321
71329
71346
71349
71354
71359
71361
71374
71397
71406
71430
71435
71440
71475
71484
71490
71494
71499
71518
71536
71567
71569
71577
71580
71592
71604
71610
71611
71613
71637
71654
71664
71671
71684
71690
71707
71720
71737
71751
71760
71764
71765
71779
71781
71805
71819
71822
71833
71845
71848
71858
71858
71862
71863
71870
71870
71881
71888
71929
71932
71936
71948
71950
71959
71961
71982
72001
72004
72007
72007
72036
72044
72046
72046
72063
72068
72097
72098
72100
72105
72114
72120
72138
72140
72141
72141
72152
72169
72170
72174
72182
72247
72280
72284
72284
72287
72301
72305
72321
72321
72328
72331
72336
72366
72370
72380
72382
72401
72407
72407
72409
72421
72438
72474
72483
72504
72514
72515
72523
72532
72545
72547
72571
72579
72580
72587
72625
72644
72644
72645
72664
72671
72672
72695
72701
72704
72724
72765
72771
72773
72773
72797
72808
72820
72852
72862
72878
72884
72907
72909
72935
72935
72940
72944
72954
72956
72959
72978
72979
72994
73017
73026
73105
73105
73114
73114
73123
73132
73137
73147
73166
73175
73185
73190
73194
73197
73201
73227
73230
73244
73246
73251
73276
73289
73293
73313
73329
73331
73332
73335
73354
73371
73377
73377
73387
73421
73437
73439
73457
73478
73485
73490
73502
73561
73569
73580
73587
73602
73607
73608
73614
73615
73637
73646
73650
73657
73669
73675
73677
73695
73703
73717
73747
73771
73780
73816
73829
73843
73862
73864
73867
73876
73877
73877
73891
73894
73912
73915
73917
73939
73940
73953
73979
73995
74013
74014
74017
74019
74026
74045
74054
74058
74087
74172
74178
74178
74206
74212
74218
74226
74244
74246
74247
74249
74252
74253
74265
74267
74310
74315
74321
74325
74327
74333
74355
74356
74357
74364
74384
74386
74404
74417
74419
74431
74433
74447
74454
74459
74466
74471
74477
74478
74480
74485
74492
74498
74506
74539
74544
74556
74575
74584
74588
74612
74624
74626
74628
74629
74642
74670
74680
74699
74707
74715
74745
74750
74801
74803
74811
74824
74830
74845
74898
74911
74913
74915
74937
74944
74956
74969
74980
75004
75006
75010
75017
75019
75022
75024
75040
75045
75050
75060
75062
75088
75100
75128
75152
75196
75203
75227
75239
75281
75292
75301
75304
75326
75327
75343
75350
75357
75365
75373
75378
75383
75397
75399
75418
75420
75424
75436
75448
75448
75456
75459
75463
75479
75486
75490
75492
75492
75514
75515
75517
75538
75541
75555
75571
75591
75597
75614
75628
75640
75645
75658
75663
75672
75673
75681
75692
75713
75714
75715
75721
75725
75755
75764
75765
75783
75787
75793
75797
75803
75809
75827
75833
75856
75856
75888
75891
75894
75894
75897
75901
75918
75923
75925
75932
75935
75935
75935
75953
75960
75961
75967
75995
75996
75999
76002
76012
76021
76042
76052
76055
76056
76060
76066
76086
76093
76097
76105
76131
76139
76143
76146
76156
76164
76174
76183
76196
76210
76222
76232
76286
76292
76295
76305
76310
76318
76322
76324
76327
76336
76337
76359
76365
76367
76371
76389
76391
76396
76399
76400
76410
76442
76444
76446
76451
76467
76531
76533
76534
76541
76552
76558
76559
76565
76566
76568
76599
76606
76609
76623
76640
76648
76652
76678
76684
76712
76718
76738
76739
76740
76741
76744
76763
76770
76777
76778
76790
76806
76807
76810
76825
76829
76837
76839
76839
76874
76878
76893
76897
76911
76913
76915
76927
76931
76939
76942
76942
76996
76996
76997
77019
77021
77055
77065
77067
77070
77080
77097
77107
77110
77116
77126
77126
77136
77145
77160
77164
77168
77175
77197
77240
77250
77271
77278
77285
77298
77313
77324
77349
77352
77367
77380
77407
77419
77452
77453
77453
77462
77476
77482
77503
77522
77524
77539
77547
77547
77565
77603
77605
77605
77617
77624
77640
77649
77668
77672
77727
77753
77756
77759
77764
77775
77780
77788
77789
77793
77800
77813
77814
77820
77822
77822
77826
77832
77833
77843
77853
77860
77889
77889
77891
77894
77917
77922
77925
77928
77932
77934
77940
77943
77980
77991
78003
78018
78049
78049
78063
78064
78078
78085
78088
78095
78124
78124
78128
78134
78146
78147
78149
78150
78154
78161
78169
78169
78182
78214
78214
78227
78231
78233
78245
78254
78255
78270
78274
78288
78294
78295
78297
78301
78307
78312
78320
78324
78327
78332
78364
78367
78368
78378
78383
78388
78393
78420
78421
78426
78429
78432
78446
78446
78447
78449
78456
78462
78470
78471
78475
78476
78478
78479
78481
78498
78503
78506
78517
78518
78537
78539
78547
78574
78574
78576
78583
78594
78601
78606
78612
78626
78629
78643
78652
78688
78689
78700
78716
78717
78727
78750
78758
78759
78765
78785
78789
78808
78867
78869
78872
78878
78894
78895
78910
78911
78914
78921
78935
78942
78953
78956
79012
79014
79021
79031
79036
79037
79044
79052
79057
79078
79081
79081
79084
79084
79156
79165
79184
79210
79216
79226
79231
79234
79253
79258
79258
79260
79300
79315
79355
79367
79370
79376
79380
79387
79412
79424
79430
79432
79439
79457
79467
79468
79493
79494
79504
79510
79511
79513
79524
79528
79532
79536
79539
79552
79562
79573
79579
79590
79594
79598
79605
79620
79638
79649
79664
79673
79684
79687
79711
79712
79734
79751
79760
79803
79814
79828
79833
79845
79856
79879
79901
79902
79926
79929
79940
79943
79946
79949
79953
79991
79996
80017
80018
80027
80031
80051
80052
80069
80070
80085
80093
80094
80099
80110
80113
80113
80129
80166
80195
80205
80231
80233
80245
80249
80253
80264
80286
80290
80292
80308
80317
80320
80329
80354
80364
80402
80413
80444
80466
80467
80473
80499
80518
80521
80522
80531
80548
80557
80574
80576
80594
80598
80598
80609
80611
80614
80626
80643
80644
80670
80678
80688
80690
80713
80722
80724
80732
80738
80745
80756
80756
80766
80773
80778
80789
80798
80800
80831
80836
80840
80857
80867
80868
80873
80877
80886
80894
80968
80971
81009
81014
81033
81037
81040
81048
81051
81051
81058
81066
81083
81087
81095
81098
81109
81120
81120
81137
81139
81142
81147
81161
81166
81166
81182
81195
81199
81204
81210
81212
81219
81222
81224
81237
81240
81256
81263
81268
81288
81291
81304
81306
81313
81315
81318
81333
81339
81339
81340
81340
81353
81365
81374
81384
81422
81436
81451
81455
81462
81462
81470
81492
81498
81513
81528
81530
81533
81538
81541
81548
81565
81572
81577
81614
81618
81629
81632
81641
81643
81645
81655
81655
81661
81663
81665
81682
81698
81704
81713
81713
81720
81721
81727
81731
81740
81751
81764
81767
81779
81785
81786
81800
81809
81814
81816
81819
81824
81828
81828
81836
81861
81866
81880
81886
81886
81887
81887
81888
81919
81923
81960
81967
81975
81986
82014
82017
82019
82019
82028
82034
82035
82035
82038
82051
82058
82062
82071
82083
82086
82092
82118
82132
82138
82141
82145
82152
82159
82160
82164
82184
82195
82196
82220
82238
82241
82242
82269
82273
82282
82311
82318
82326
82327
82329
82329
82363
82369
82374
82375
82380
82383
82408
82410
82412
82418
82420
82455
82459
82489
82493
82499
82501
82502
82514
82524
82525
82527
82548
82551
82594
82595
82595
82614
82617
82642
82660
82672
82709
82710
82719
82722
82736
82739
82807
82832
82833
82834
82840
82843
82869
82873
82912
82925
82930
82936
82948
82950
82959
82959
82960
82966
82981
82997
83000
83011
83018
83022
83028
83034
83042
83058
83068
83076
83076
83077
83087
83090
83091
83094
83098
83102
83114
83129
83142
83160
83162
83172
83173
83184
83190
83194
83196
83209
83217
83220
83233
83237
83256
83261
83276
83276
83283
83287
83290
83292
83294
83318
83333
83346
83351
83354
83357
83359
83366
83367
83373
83373
83373
83381
83391
83410
83414
83443
83443
83448
83473
83479
83487
83495
83518
83538
83545
83584
83592
83605
83642
83658
83658
83661
83670
83678
83685
83694
83736
83756
83772
83773
83790
83814
83836
83838
83858
83875
83877
83897
83903
83915
83916
83939
83954
83977
83977
83979
83982
83984
83985
84021
84036
84037
84038
84039
84048
84049
84055
84072
84080
84092
84100
84104
84113
84126
84128
84132
84151
84165
84175
84191
84200
84205
84240
84250
84254
84254
84258
84267
84334
84339
84353
84362
84362
84363
84368
84373
84376
84392
84401
84404
84407
84412
84414
84419
84425
84438
84444
84470
84477
84486
84508
84518
84580
84583
84584
84589
84591
84601
84637
84639
84647
84649
84656
84661
84661
84661
84685
84689
84690
84704
84709
84724
84730
84731
84733
84770
84774
84777
84783
84783
84789
84793
84800
84804
84805
84836
84838
84863
84867
84868
84880
84889
84892
84894
84920
84922
84930
84969
84977
85008
85030
85048
85053
85055
85062
85065
85078
85081
85112
85119
85124
85154
85163
85176
85201
85226
85238
85250
85264
85283
85285
85294
85310
85327
85351
85357
85372
85388
85399
85422
85425
85446
85447
85461
85465
85481
85481
85491
85497
85502
85541
85543
85545
85560
85568
85571
85573
85574
85575
85607
85629
85639
85672
85678
85685
85704
85713
85716
85727
85734
85738
85743
85749
85756
85770
85772
85779
85781
85784
85793
85804
85806
85809
85814
85824
85830
85832
85842
85852
85864
85868
85882
85882
85903
85916
85920
85946
85972
85983
86016
86016
86037
86041
86047
86060
86076
86105
86107
86127
86134
86143
86154
86159
86194
86198
86208
86212
86216
86216
86233
86234
86251
86271
86284
86301
86343
86370
86387
86389
86397
86398
86402
86403
86417
86420
86424
86443
86444
86459
86481
86486
86486
86497
86526
86535
86555
86558
86565
86588
86595
86610
86613
86614
86615
86627
86639
86667
86672
86694
86695
86706
86707
86710
86711
86716
86759
86765
86769
86769
86779
86791
86822
86826
86836
86841
86842
86849
86854
86872
86873
86878
86896
86902
86905
86908
86914
86916
86918
86951
86955
86958
86961
86975
86985
86985
86990
86991
87000
87001
87010
87028
87029
87039
87039
87041
87059
87063
87073
87074
87085
87103
87105
87112
87120
87127
87131
87136
87138
87148
87151
87159
87190
87211
87214
87233
87236
87254
87293
87326
87329
87334
87346
87393
87401
87405
87407
87457
87477
87479
87487
87491
87494
87508
87513
87535
87538
87541
87547
87553
87555
87556
87559
87566
87593
87629
87637
87638
87641
87641
87641
87644
87650
87692
87701
87708
87736
87741
87742
87752
87769
87771
87795
87823
87827
87838
87858
87876
87922
87935
87957
87968
87990
88001
88005
88005
88006
88008
88015
88020
88051
88052
88076
88077
88081
88085
88095
88096
88100
88102
88114
88130
88133
88133
88138
88159
88159
88177
88210
88213
88232
88236
88251
88253
88254
88259
88266
88270
88272
88284
88300
88324
88335
88339
88348
88353
88368
88369
88374
88387
88392
88394
88395
88407
88416
88417
88419
88420
88421
88428
88436
88440
88441
88442
88453
88460
88464
88487
88487
88493
88509
88539
88549
88557
88558
88565
88567
88580
88584
88585
88594
88595
88606
88607
88612
88622
88629
88641
88649
88664
88668
88670
88674
88700
88705
88714
88715
88722
88727
88735
88755
88762
88770
88797
88801
88834
88846
88853
88893
88908
88912
88921
88930
88935
88965
88997
88997
89002
89003
89007
89029
89039
89047
89059
89074
89093
89113
89115
89130
89131
89132
89147
89152
89153
89157
89162
89177
89184
89186
89223
89226
89226
89237
89239
89253
89267
89268
89279
89281
89310
89326
89327
89331
89336
89344
89344
89348
89353
89360
89362
89365
89365
89383
89384
89408
89417
89419
89425
89425
89430
89453
89458
89469
89470
89471
89490
89501
89529
89566
89617
89623
89630
89634
89664
89670
89670
89683
89683
89704
89710
89711
89725
89725
89738
89751
89787
89824
89826
89835
89838
89859
89888
89895
89931
89934
89935
89938
89949
89958
89959
89986
90008
90016
90062
90070
90072
90087
90089
90097
90101
90107
90110
90132
90136
90137
90160
90164
90168
90173
90176
90176
90178
90179
90181
90187
90194
90201
90214
90224
90228
90228
90247
90276
90284
90308
90327
90341
90352
90358
90361
90373
90375
90394
90433
90435
90451
90473
90485
90496
90500
90500
90531
90548
90573
90578
90578
90579
90599
90606
90617
90627
90656
90662
90675
90684
90685
90696
90699
90709
90713
90723
90727
90736
90752
90764
90769
90775
90778
90780
90783
90791
90794
90799
90800
90818
90824
90826
90834
90842
90853
90855
90857
90858
90858
90863
90865
90878
90880
90886
90887
90898
90901
90901
90903
90923
90951
90952
90961
90964
90969
90978
90988
90998
91010
91016
91023
91024
91028
91048
91061
91073
91078
91086
91090
91094
91109
91116
91116
91116
91122
91123
91126
91143
91149
91163
91164
91173
91183
91195
91199
91214
91219
91229
91230
91238
91254
91256
91278
91296
91302
91309
91310
91312
91316
91318
91321
91325
91333
91351
91352
91357
91388
91389
91397
91406
91413
91446
91449
91466
91466
91479
91498
91526
91530
91533
91534
91546
91551
91554
91559
91563
91567
91573
91574
91577
91581
91586
91588
91589
91590
91591
91592
91600
91613
91620
91627
91646
91649
91677
91682
91693
91720
91753
91760
91762
91773
91774
91776
91805
91808
91820
91834
91857
91871
91874
91875
91876
91878
91879
91890
91905
91906
91908
91908
91914
91916
91927
91932
91934
91946
91960
91974
91982
91986
92004
92021
92037
92043
92048
92048
92052
92080
92082
92107
92111
92118
92142
92145
92154
92155
92179
92182
92195
92205
92206
92224
92231
92234
92240
92244
92248
92257
92259
92268
92286
92298
92299
92313
92315
92323
92324
92328
92341
92351
92361
92365
92369
92382
92385
92392
92394
92395
92409
92416
92426
92440
92443
92447
92470
92490
92492
92496
92504
92528
92529
92534
92540
92548
92560
92561
92564
92586
92586
92590
92591
92605
92609
92614
92624
92631
92642
92653
92655
92663
92673
92677
92696
92699
92703
92719
92722
92725
92727
92730
92740
92741
92753
92764
92778
92788
92795
92818
92840
92852
92852
92864
92865
92876
92879
92879
92884
92886
92900
92904
92907
92921
92929
92933
92936
92941
92949
92950
92962
92969
92973
92982
92983
93007
93009
93011
93014
93014
93043
93087
93123
93125
93168
93174
93226
93239
93249
93252
93272
93291
93295
93320
93323
93327
93348
93349
93352
93362
93407
93409
93426
93435
93449
93466
93496
93500
93515
93522
93524
93526
93527
93528
93529
93532
93539
93547
93549
93558
93564
93565
93577
93587
93588
93602
93610
93611
93616
93636
93638
93650
93651
93654
93664
93674
93676
93678
93690
93729
93754
93756
93776
93780
93782
93783
93784
93785
93815
93818
93823
93826
93828
93843
93861
93864
93881
93881
93890
93902
93907
93921
93942
93944
93952
93954
93954
93968
93981
93983
93983
94001
94029
94036
94036
94038
94045
94053
94054
94067
94079
94146
94160
94177
94213
94249
94261
94264
94267
94278
94287
94288
94313
94322
94329
94329
94332
94369
94390
94400
94422
94437
94438
94439
94441
94468
94472
94475
94489
94498
94507
94515
94515
94525
94551
94555
94557
94559
94561
94564
94587
94599
94618
94619
94649
94649
94651
94676
94700
94703
94725
94725
94740
94741
94748
94750
94777
94777
94779
94793
94822
94825
94825
94829
94834
94839
94875
94876
94883
94885
94892
94895
94904
94931
94944
94944
94955
94961
94997
95012
95016
95019
95034
95053
95061
95066
95089
95130
95133
95136
95139
95151
95162
95162
95175
95206
95227
95228
95244
95256
95270
95288
95289
95297
95326
95336
95337
95360
95419
95427
95431
95437
95444
95445
95449
95460
95487
95490
95497
95500
95505
95507
95527
95528
95541
95550
95552
95572
95584
95596
95617
95620
95643
95650
95660
95668
95688
95702
95713
95724
95731
95734
95741
95742
95763
95775
95787
95797
95797
95820
95822
95827
95838
95843
95862
95880
95887
95900
95919
95922
95931
95932
95948
95949
95955
95961
95962
95965
95968
95970
95991
95993
95995
96008
96024
96053
96070
96072
96074
96076
96083
96100
96107
96108
96109
96120
96125
96132
96148
96150
96161
96163
96175
96184
96203
96206
96223
96226
96227
96228
96274
96277
96305
96308
96316
96330
96339
96341
96348
96370
96370
96382
96382
96397
96419
96423
96427
96427
96443
96445
96450
96463
96468
96469
96470
96492
96508
96509
96525
96536
96542
96562
96571
96577
96584
96585
96597
96598
96627
96629
96632
96641
96642
96650
96670
96696
96696
96708
96717
96735
96744
96751
96758
96770
96777
96800
96803
96819
96827
96830
96834
96852
96870
96880
96898
96904
96908
96913
96914
96925
96926
96932
96939
96941
96942
96987
96991
96991
96991
96994
97001
97002
97006
97021
97022
97023
97033
97037
97039
97086
97106
97110
97115
97126
97129
97139
97158
97175
97205
97221
97236
97258
97259
97262
97263
97269
97285
97309
97316
97318
97344
97356
97358
97364
97388
97391
97392
97400
97406
97407
97411
97431
97435
97467
97471
97482
97487
97490
97504
97532
97570
97574
97576
97577
97585
97594
97603
97612
97619
97666
97673
97675
97681
97702
97706
97727
97730
97736
97738
97739
97776
97780
97798
97809
97812
97813
97816
97834
97838
97839
97868
97877
97885
97897
97898
97898
97922
97950
97957
97960
97973
97992
98002
98011
98031
98036
98048
98067
98073
98085
98088
98096
98097
98102
98150
98156
98165
98173
98180
98192
98202
98212
98227
98244
98248
98259
98259
98260
98263
98271
98272
98274
98289
98292
98295
98301
98306
98318
98320
98343
98350
98350
98353
98382
98390
98406
98410
98429
98442
98443
98448
98449
98472
98474
98484
98496
98509
98511
98519
98528
98549
98556
98556
98567
98567
98574
98574
98602
98617
98625
98634
98635
98640
98641
98641
98648
98650
98656
98657
98664
98665
98671
98676
98692
98695
98697
98721
98732
98747
98748
98751
98770
98774
98780
98780
98805
98850
98868
98874
98879
98903
98916
98938
98955
98955
98955
98967
98968
98994
99027
99035
99039
99044
99049
99053
99062
99080
99080
99082
99095
99101
99120
99134
99140
99142
99149
99158
99159
99164
99169
99170
99181
99208
99208
99211
99214
99223
99230
99231
99242
99271
99284
99291
99305
99316
99318
99333
99337
99358
99362
99372
99374
99375
99391
99425
99430
99432
99444
99449
99461
99484
99493
99494
99509
99519
99520
99529
99537
99544
99551
99557
99559
99578
99584
99600
99606
99616
99624
99629
99634
99668
99674
99677
99703
99714
99730
99744
99767
99783
99783
99791
99811
99832
99840
99843
99850
99857
99869
99870
99876
99885
99895
99897
99923
99929
99948
99991
99998
