3
8
28
29
33
41
55
59
82
87
92
93
111
122
124
131
132
133
135
171
173
179
193
198
220
222
225
233
237
241
274
281
281
286
288
290
294
325
340
344
358
367
380
389
403
408
423
450
467
484
486
502
518
518
523
525
525
535
549
553
553
562
575
577
617
622
626
630
643
667
691
722
724
731
737
761
771
778
780
800
808
814
856
863
885
887
891
892
894
905
906
914
928
944
957
959
960
970
1000
1008
1036
1062
1073
1077
1086
1088
1116
1119
1120
1138
1148
1164
1174
1177
1207
1215
1216
1219
1227
1244
1252
1253
1287
1308
1325
1337
1351
1384
1400
1410
1428
1432
1435
1467
1477
1491
1499
1504
1512
1513
1524
1533
1561
1581
1582
1591
1595
1597
1600
1600
1610
1622
1633
1640
1643
1646
1656
1656
1666
1668
1673
1677
1683
1684
1705
1706
1708
1713
1720
1721
1725
1731
1752
1756
1758
1764
1769
1776
1777
1783
1783
1799
1807
1841
1863
1894
1897
1899
1901
1902
1932
1945
1946
1954
1978
1979
1992
1995
2006
2036
2059
2062
2069
2076
2076
2079
2090
2100
2105
2130
2147
2154
2161
2182
2189
2193
2199
2200
2200
2205
2212
2219
2243
2260
2264
2281
2281
2287
2291
2302
2319
2335
2344
2363
2387
2392
2415
2448
2454
2455
2466
2473
2483
2487
2487
2503
2508
2510
2511
2518
2519
2528
2530
2533
2540
2542
2560
2561
2573
2577
2592
2596
2605
2613
2626
2626
2627
2634
2639
2644
2652
2690
2704
2709
2723
2743
2762
2781
2787
2793
2798
2803
2819
2822
2828
2829
2851
2851
2858
2860
2864
2887
2888
2903
2920
2927
2943
2943
2946
2954
2974
3015
3022
3032
3035
3042
3042
3048
3061
3076
3086
3087
3096
3097
3102
3116
3124
3126
3156
3159
3162
3168
3189
3204
3210
3218
3225
3229
3233
3238
3240
3252
3261
3261
3285
3303
3311
3319
3323
3326
3334
3336
3341
3355
3358
3363
3375
3379
3399
3411
3436
3437
3445
3452
3487
3511
3522
3560
3574
3588
3597
3600
3631
3648
3657
3662
3662
3715
3716
3721
3726
3735
3740
3744
3751
3762
3763
3772
3787
3794
3805
3807
3810
3827
3827
3841
3843
3848
3860
3863
3872
3873
3908
3922
3930
3935
3941
3941
3942
3950
3964
3966
3975
3980
4004
4004
4014
4027
4030
4054
4074
4079
4096
4101
4104
4112
4114
4119
4122
4132
4159
4183
4220
4228
4237
4247
4255
4268
4273
4277
4321
4323
4332
4336
4347
4367
4369
4379
4381
4385
4404
4429
4431
4437
4438
4457
4475
4489
4495
4523
4541
4543
4545
4565
4593
4617
4627
4633
4644
4649
4662
4685
4694
4722
4756
4756
4765
4765
4793
4793
4803
4806
4810
4811
4816
4817
4823
4830
4832
4832
4842
4854
4862
4884
4885
4912
4935
4944
4974
4985
4995
5004
5009
5022
5039
5052
5064
5065
5071
5088
5132
5138
5142
5186
5201
5212
5218
5225
5233
5240
5260
5262
5307
5308
5312
5315
5337
5346
5358
5375
5393
5405
5412
5417
5436
5440
5464
5470
5472
5490
5498
5498
5527
5528
5540
5550
5550
5554
5562
5566
5571
5584
5594
5594
5598
5598
5602
5603
5619
5622
5628
5632
5647
5651
5651
5667
5674
5676
5685
5710
5713
5716
5726
5731
5741
5746
5750
5750
5754
5763
5766
5772
5777
5793
5794
5794
5809
5821
5824
5837
5849
5855
5863
5866
5867
5867
5870
5870
5884
5895
5922
5923
5936
5937
5941
5956
5958
5961
5967
5974
5980
5980
5985
5989
6001
6014
6048
6067
6070
6075
6092
6102
6107
6131
6163
6168
6185
6190
6197
6230
6234
6241
6245
6249
6286
6305
6308
6314
6341
6361
6379
6404
6405
6410
6411
6413
6415
6416
6421
6431
6439
6444
6455
6465
6483
6527
6538
6542
6558
6559
6561
6566
6582
6611
6616
6617
6625
6645
6658
6666
6667
6668
6668
6679
6682
6683
6683
6696
6714
6744
6749
6757
6771
6771
6798
6799
6801
6809
6809
6817
6817
6832
6833
6838
6838
6842
6849
6858
6892
6916
6922
6933
6936
6937
6958
6961
6961
6966
6966
7005
7006
7009
7012
7037
7055
7055
7071
7072
7075
7077
7089
7093
7105
7107
7124
7130
7142
7144
7154
7162
7163
7166
7172
7184
7186
7201
7210
7213
7220
7224
7235
7239
7247
7247
7265
7269
7288
7290
7290
7292
7294
7303
7325
7329
7338
7352
7368
7372
7380
7414
7445
7449
7465
7468
7499
7508
7508
7552
7553
7560
7570
7578
7588
7603
7606
7614
7641
7645
7653
7665
7668
7671
7680
7680
7688
7702
7704
7708
7719
7723
7725
7741
7748
7769
7774
7779
7780
7792
7823
7825
7836
7861
7868
7883
7895
7897
7923
7930
7939
7941
7947
7953
7957
7959
7975
7991
7991
7998
8012
8022
8036
8068
8125
8126
8140
8151
8180
8202
8207
8214
8214
8247
8250
8255
8257
8270
8275
8318
8326
8329
8344
8348
8354
8355
8373
8442
8492
8494
8497
8502
8519
8521
8523
8528
8529
8538
8573
8582
8588
8608
8609
8617
8618
8632
8643
8651
8661
8669
8673
8679
8693
8695
8704
8710
8710
8716
8722
8726
8736
8751
8753
8755
8757
8758
8761
8762
8776
8799
8800
8807
8816
8830
8841
8871
8875
8880
8901
8907
8921
8922
8923
8952
8955
8957
8972
8975
8995
9018
9028
9034
9055
9065
9067
9092
9093
9096
9107
9132
9142
9155
9173
9180
9183
9192
9198
9224
9233
9243
9248
9248
9258
9307
9318
9325
9330
9361
9370
9370
9384
9409
9415
9437
9440
9445
9482
9484
9499
9508
9523
9538
9548
9552
9556
9558
9574
9576
9604
9605
9617
9625
9638
9641
9645
9676
9682
9693
9694
9722
9726
9729
9737
9740
9743
9756
9778
9814
9824
9827
9829
9844
9846
9854
9862
9867
9905
9939
9939
9942
9950
9953
9957
9977
9979
9989
9989
9990
10003
10004
10012
10014
10015
10044
10067
10081
10081
10081
10085
10085
10099
10106
10107
10117
10127
10139
10150
10183
10193
10196
10201
10210
10229
10232
10232
10244
10252
10255
10257
10262
10277
10296
10303
10312
10316
10344
10344
10346
10372
10373
10380
10414
10415
10425
10434
10441
10451
10453
10454
10465
10466
10477
10502
10582
10588
10592
10597
10597
10602
10611
10617
10625
10627
10629
10662
10666
10678
10687
10693
10698
10699
10706
10727
10746
10759
10761
10786
10793
10820
10840
10847
10855
10862
10874
10882
10883
10930
10944
10949
10958
10960
10970
10990
10997
11013
11031
11039
11039
11058
11061
11087
11088
11088
11096
11099
11123
11129
11140
11140
11154
11155
11176
11219
11220
11233
11241
11247
11264
11271
11293
11295
11307
11309
11310
11311
11336
11364
11375
11379
11415
11418
11430
11449
11457
11458
11467
11469
11480
11512
11526
11554
11557
11561
11586
11594
11618
11654
11666
11700
11753
11767
11768
11768
11770
11775
11783
11794
11795
11809
11816
11817
11821
11821
11838
11842
11854
11881
11906
11906
11945
11956
11958
11959
11964
11973
11987
11988
11989
11998
12006
12019
12028
12030
12038
12042
12044
12056
12062
12063
12065
12083
12097
12107
12117
12157
12166
12171
12178
12180
12190
12191
12204
12217
12224
12235
12245
12256
12257
12286
12286
12303
12304
12326
12327
12353
12371
12376
12378
12381
12387
12388
12402
12409
12412
12420
12448
12465
12470
12473
12475
12510
12514
12516
12518
12552
12553
12556
12557
12559
12560
12573
12610
12619
12629
12636
12639
12644
12650
12652
12664
12690
12694
12709
12715
12751
12756
12758
12777
12780
12785
12798
12808
12809
12814
12830
12831
12852
12856
12860
12863
12870
12892
12907
12915
12917
12928
12929
12939
12948
12993
13013
13033
13048
13054
13058
13065
13076
13078
13080
13081
13082
13083
13097
13112
13119
13143
13166
13167
13174
13180
13182
13186
13217
13229
13229
13247
13264
13280
13290
13310
13328
13340
13343
13354
13366
13372
13372
13374
13374
13403
13412
13417
13425
13435
13477
13483
13490
13503
13515
13528
13538
13541
13542
13545
13552
13554
13555
13558
13561
13576
13581
13583
13587
13588
13600
13609
13614
13631
13632
13637
13657
13663
13664
13667
13674
13675
13703
13706
13708
13715
13715
13728
13733
13737
13745
13754
13789
13840
13841
13846
13888
13898
13925
13936
13941
13956
13976
13976
13988
13992
13992
14023
14078
14103
14103
14108
14125
14137
14139
14157
14161
14161
14182
14187
14198
14200
14229
14240
14288
14295
14318
14326
14328
14354
14356
14370
14370
14380
14390
14407
14440
14461
14464
14497
14505
14506
14510
14520
14530
14545
14547
14551
14560
14573
14583
14587
14603
14605
14625
14636
14643
14646
14648
14661
14667
14699
14699
14717
14722
14723
14767
14786
14789
14798
14801
14820
14820
14840
14847
14848
14854
14860
14866
14871
14875
14880
14886
14894
14902
14914
14932
14992
14993
15008
15015
15029
15035
15046
15053
15070
15081
15082
15084
15091
15092
15110
15128
15141
15145
15159
15169
15187
15188
15199
15207
15222
15231
15238
15242
15296
15301
15313
15314
15348
15360
15375
15379
15384
15386
15403
15417
15420
15423
15439
15448
15451
15453
15454
15464
15469
15473
15477
15484
15501
15517
15528
15536
15539
15544
15550
15578
15590
15591
15596
15603
15604
15606
15620
15622
15624
15633
15648
15651
15662
15685
15695
15702
15710
15715
15715
15760
15761
15762
15784
15790
15795
15806
15813
15844
15861
15861
15863
15913
15955
15956
15962
15987
15997
16001
16004
16005
16022
16032
16033
16036
16071
16090
16096
16110
16114
16115
16115
16126
16143
16162
16172
16181
16184
16195
16207
16208
16209
16216
16247
16254
16255
16261
16269
16275
16291
16298
16322
16332
16335
16341
16348
16360
16373
16376
16377
16390
16400
16441
16491
16498
16505
16506
16509
16534
16561
16579
16600
16606
16626
16627
16630
16638
16654
16668
16674
16675
16682
16687
16689
16692
16710
16723
16740
16741
16741
16747
16749
16753
16754
16757
16768
16792
16800
16806
16807
16846
16851
16856
16858
16859
16860
16865
16870
16874
16878
16879
16890
16896
16907
16908
16918
16925
16934
16944
16958
16960
16973
16981
16986
16994
17007
17037
17069
17072
17075
17128
17133
17159
17167
17176
17177
17190
17195
17201
17204
17210
17221
17221
17234
17241
17243
17248
17251
17251
17275
17277
17277
17288
17312
17326
17334
17353
17363
17372
17381
17424
17424
17432
17443
17453
17464
17469
17487
17490
17493
17500
17501
17502
17504
17511
17528
17536
17549
17558
17580
17591
17613
17613
17627
17632
17642
17644
17651
17651
17656
17661
17667
17668
17681
17687
17713
17726
17751
17769
17769
17775
17779
17793
17794
17800
17819
17819
17856
17863
17869
17875
17879
17911
17925
17954
17973
17980
17985
17997
18005
18012
18033
18036
18045
18052
18056
18070
18071
18078
18081
18090
18096
18100
18104
18109
18148
18150
18151
18165
18184
18184
18186
18193
18199
18229
18231
18267
18267
18278
18279
18296
18303
18318
18327
18352
18355
18366
18367
18384
18393
18403
18428
18428
18430
18446
18458
18466
18473
18477
18484
18485
18493
18512
18526
18542
18554
18572
18572
18578
18580
18580
18597
18611
18612
18632
18641
18643
18643
18646
18662
18665
18689
18698
18700
18707
18721
18723
18727
18729
18745
18751
18753
18763
18770
18774
18774
18775
18777
18785
18793
18824
18828
18828
18832
18838
18841
18843
18855
18862
18876
18889
18898
18904
18912
18928
18948
18964
18972
18987
18994
19006
19017
19023
19028
19034
19052
19075
19079
19089
19103
19107
19117
19147
19149
19153
19166
19182
19187
19188
19191
19202
19223
19223
19228
19242
19263
19291
19292
19315
19321
19332
19342
19347
19348
19378
19384
19392
19399
19415
19431
19434
19439
19446
19475
19483
19492
19500
19519
19525
19531
19532
19546
19552
19562
19565
19567
19593
19599
19632
19661
19662
19674
19683
19684
19695
19696
19726
19736
19773
19779
19779
19781
19786
19791
19829
19845
19862
19864
19867
19877
19882
19892
19899
19929
19959
19979
20015
20029
20030
20031
20039
20054
20062
20066
20099
20099
20107
20125
20134
20147
20155
20157
20167
20170
20183
20189
20208
20222
20227
20232
20235
20244
20246
20247
20259
20262
20292
20298
20304
20315
20322
20324
20348
20349
20362
20394
20414
20425
20439
20442
20456
20472
20490
20500
20517
20535
20541
20545
20545
20547
20570
20571
20571
20581
20591
20595
20596
20626
20641
20666
20675
20686
20698
20712
20716
20720
20725
20729
20737
20742
20756
20762
20772
20830
20833
20833
20839
20840
20849
20853
20883
20886
20908
20915
20915
20916
20917
20918
20932
20940
20947
20972
20982
20982
20988
20993
20994
21009
21012
21026
21030
21046
21071
21092
21099
21101
21120
21126
21129
21140
21159
21178
21192
21196
21207
21220
21228
21229
21233
21249
21252
21256
21269
21269
21285
21290
21297
21313
21315
21327
21331
21334
21335
21337
21343
21368
21368
21399
21404
21407
21447
21449
21454
21457
21473
21480
21486
21487
21488
21506
21515
21532
21537
21544
21558
21568
21611
21622
21639
21651
21656
21679
21684
21689
21705
21735
21741
21744
21750
21761
21770
21773
21774
21787
21792
21804
21810
21819
21843
21844
21853
21858
21863
21873
21873
21880
21893
21901
21914
21915
21915
21918
21920
21937
21955
21977
21986
21986
22005
22014
22028
22031
22041
22044
22062
22071
22077
22079
22082
22088
22089
22093
22097
22118
22120
22137
22142
22143
22151
22151
22154
22180
22191
22193
22202
22203
22204
22210
22230
22242
22245
22251
22273
22277
22284
22285
22305
22307
22310
22314
22315
22328
22340
22368
22369
22377
22381
22385
22387
22388
22397
22408
22411
22438
22445
22455
22479
22488
22497
22506
22513
22519
22532
22537
22547
22549
22563
22575
22588
22610
22618
22619
22629
22629
22632
22645
22649
22652
22654
22658
22660
22680
22699
22701
22704
22716
22741
22742
22743
22752
22772
22779
22789
22811
22829
22841
22848
22862
22871
22880
22886
22892
22909
22910
22916
22917
22924
22934
22936
22940
22943
22951
22957
22965
22966
22968
22970
22970
22974
22975
22984
23022
23027
23053
23058
23060
23080
23082
23082
23089
23095
23098
23123
23126
23138
23140
23141
23148
23154
23154
23155
23170
23176
23182
23185
23194
23199
23199
23201
23228
23238
23244
23253
23264
23289
23300
23303
23311
23326
23336
23336
23337
23339
23350
23371
23372
23382
23413
23419
23425
23430
23430
23435
23436
23440
23447
23457
23461
23480
23491
23517
23526
23533
23534
23544
23557
23559
23560
23563
23565
23575
23590
23592
23594
23620
23648
23654
23664
23686
23690
23695
23704
23712
23714
23749
23756
23756
23757
23779
23792
23797
23808
23820
23847
23867
23872
23877
23895
23903
23903
23912
23920
23942
23951
23955
23970
23986
23992
24017
24026
24029
24034
24052
24064
24080
24111
24121
24123
24143
24154
24156
24166
24169
24180
24189
24206
24211
24223
24232
24233
24236
24258
24281
24288
24290
24299
24309
24310
24329
24345
24365
24376
24380
24382
24390
24407
24414
24428
24428
24430
24449
24454
24471
24479
24520
24522
24526
24529
24551
24556
24557
24582
24583
24621
24648
24688
24694
24701
24704
24710
24712
24723
24729
24735
24739
24753
24758
24788
24813
24850
24852
24897
24904
24936
24946
24952
24955
24971
24979
24990
24991
24993
25018
25036
25050
25057
25057
25073
25081
25084
25087
25104
25105
25113
25113
25147
25149
25157
25157
25157
25161
25167
25168
25175
25182
25188
25213
25218
25233
25238
25241
25244
25247
25298
25299
25301
25322
25324
25330
25336
25337
25339
25347
25352
25353
25365
25376
25377
25381
25383
25390
25399
25411
25414
25419
25426
25433
25444
25446
25451
25466
25472
25474
25487
25491
25497
25499
25499
25503
25507
25524
25528
25534
25542
25543
25546
25566
25571
25571
25582
25589
25599
25613
25622
25624
25624
25627
25627
25636
25654
25659
25663
25670
25675
25690
25698
25708
25710
25727
25752
25758
25764
25770
25775
25782
25783
25807
25809
25822
25835
25836
25849
25852
25852
25853
25853
25853
25859
25864
25888
25906
25920
25938
25960
25980
25985
25986
26005
26010
26013
26043
26051
26087
26090
26099
26124
26124
26126
26131
26145
26165
26168
26172
26196
26208
26220
26254
26257
26273
26277
26292
26311
26312
26332
26334
26351
26351
26366
26369
26372
26390
26392
26423
26432
26464
26472
26480
26485
26487
26534
26543
26560
26562
26568
26571
26601
26607
26609
26610
26611
26628
26635
26638
26639
26639
26677
26684
26694
26694
26714
26722
26733
26756
26761
26783
26784
26800
26806
26830
26832
26842
26849
26879
26891
26896
26897
26917
26929
26930
26932
26949
26952
26955
26955
26960
26961
26996
27003
27007
27009
27011
27028
27062
27070
27075
27088
27099
27103
27108
27111
27147
27168
27169
27178
27188
27209
27210
27218
27226
27245
27266
27269
27270
27293
27297
27298
27308
27314
27318
27327
27327
27328
27343
27348
27371
27438
27455
27473
27493
27512
27516
27526
27535
27540
27542
27544
27554
27556
27559
27570
27612
27630
27662
27665
27667
27669
27673
27675
27677
27685
27721
27722
27724
27742
27751
27757
27769
27781
27818
27824
27830
27836
27837
27847
27852
27853
27861
27862
27873
27883
27893
27895
27911
27920
27947
27950
27952
27960
27981
27989
27991
28001
28039
28040
28060
28067
28067
28068
28077
28082
28092
28099
28103
28106
28112
28116
28116
28119
28133
28198
28202
28207
28207
28222
28230
28232
28242
28246
28259
28277
28285
28288
28295
28313
28325
28328
28342
28345
28352
28354
28355
28372
28377
28389
28390
28391
28397
28414
28437
28449
28451
28455
28460
28472
28475
28493
28497
28517
28522
28523
28529
28530
28535
28536
28562
28565
28570
28595
28597
28599
28608
28624
28646
28654
28664
28667
28668
28669
28674
28675
28679
28683
28701
28724
28748
28778
28788
28792
28817
28817
28830
28846
28858
28878
28878
28885
28892
28908
28912
28912
28927
28928
28935
28971
28972
28973
29000
29015
29025
29028
29042
29049
29049
29049
29093
29095
29099
29105
29119
29126
29148
29174
29181
29218
29223
29234
29235
29237
29238
29266
29280
29290
29299
29312
29312
29323
29349
29358
29371
29388
29401
29401
29404
29412
29416
29427
29433
29445
29446
29447
29447
29457
29478
29478
29479
29480
29482
29512
29518
29525
29532
29555
29556
29559
29566
29574
29597
29598
29628
29646
29648
29678
29697
29700
29710
29720
29722
29724
29728
29767
29774
29788
29793
29810
29819
29835
29853
29889
29892
29892
29914
29916
29917
29921
29924
29933
29946
29949
29957
29961
29973
29976
29977
29993
30005
30031
30040
30048
30058
30078
30078
30079
30084
30086
30092
30097
30098
30101
30102
30119
30120
30122
30150
30152
30165
30172
30173
30183
30191
30195
30197
30203
30207
30223
30225
30238
30266
30272
30275
30277
30279
30295
30298
30301
30317
30326
30329
30339
30363
30367
30368
30375
30395
30426
30437
30439
30447
30455
30461
30481
30493
30495
30510
30519
30537
30538
30548
30554
30564
30566
30576
30578
30581
30590
30592
30595
30601
30615
30618
30619
30621
30631
30634
30649
30673
30678
30681
30691
30707
30708
30711
30714
30721
30721
30733
30736
30747
30755
30776
30788
30792
30805
30816
30825
30836
30839
30846
30869
30879
30887
30951
30961
30966
30968
30974
30990
31015
31031
31038
31043
31046
31062
31064
31070
31071
31072
31081
31095
31108
31119
31160
31166
31170
31193
31202
31221
31223
31228
31233
31254
31260
31295
31315
31322
31327
31338
31339
31348
31355
31359
31371
31374
31378
31384
31385
31396
31401
31403
31406
31407
31416
31422
31445
31454
31541
31542
31546
31546
31552
31557
31562
31567
31568
31622
31623
31624
31627
31657
31681
31683
31685
31737
31742
31743
31769
31775
31779
31783
31786
31799
31845
31852
31858
31868
31872
31873
31876
31889
31896
31902
31905
31906
31932
31933
31933
31937
31956
31968
31978
31992
32011
32017
32018
32028
32028
32036
32078
32080
32083
32084
32116
32125
32138
32139
32139
32145
32153
32153
32155
32160
32184
32204
32205
32205
32217
32221
32225
32245
32246
32276
32277
32280
32298
32300
32306
32310
32313
32315
32336
32358
32361
32383
32394
32398
32427
32432
32436
32439
32440
32441
32449
32452
32472
32473
32484
32484
32490
32492
32497
32506
32507
32508
32511
32511
32522
32527
32559
32562
32581
32589
32592
32632
32645
32667
32672
32689
32697
32701
32704
32704
32734
32740
32743
32754
32799
32808
32827
32828
32829
32832
32834
32847
32882
32889
32889
32901
32907
32917
32930
32932
32939
32947
32948
32953
32956
32973
32984
32987
32988
32989
32990
32991
33000
33013
33034
33053
33053
33056
33058
33066
33090
33098
33120
33155
33157
33170
33171
33173
33184
33185
33194
33200
33219
33243
33244
33247
33257
33261
33261
33262
33265
33273
33284
33310
33312
33315
33335
33352
33356
33358
33390
33395
33412
33421
33432
33437
33441
33443
33451
33457
33461
33465
33480
33491
33507
33507
33515
33520
33543
33552
33560
33566
33570
33578
33580
33588
33599
33602
33623
33647
33666
33678
33700
33713
33716
33725
33726
33753
33759
33762
33763
33771
33772
33779
33779
33787
33798
33799
33805
33834
33841
33844
33850
33851
33863
33906
33906
33914
33923
33932
33935
33943
33946
33947
33951
33966
33973
33981
33989
34010
34028
34033
34041
34042
34056
34066
34067
34078
34081
34091
34096
34117
34117
34138
34164
34164
34164
34167
34168
34176
34183
34190
34197
34204
34213
34218
34222
34228
34277
34278
34281
34300
34322
34332
34335
34335
34339
34340
34342
34342
34343
34349
34353
34364
34371
34379
34382
34393
34398
34402
34406
34408
34413
34426
34428
34428
34428
34437
34442
34455
34462
34468
34470
34471
34475
34483
34503
34518
34552
34552
34552
34554
34558
34562
34574
34576
34594
34596
34600
34604
34618
34621
34624
34635
34647
34656
34722
34735
34759
34761
34763
34763
34768
34768
34785
34800
34845
34848
34849
34850
34865
34866
34876
34887
34891
34905
34905
34907
34914
34917
34918
34928
34947
34957
35008
35012
35017
35018
35045
35064
35077
35079
35101
35115
35129
35146
35159
35168
35170
35183
35188
35191
35192
35224
35227
35231
35237
35250
35268
35274
35277
35297
35300
35305
35310
35318
35322
35333
35347
35366
35369
35374
35380
35396
35399
35401
35402
35407
35434
35464
35467
35470
35509
35532
35533
35544
35545
35546
35546
35565
35566
35572
35579
35583
35584
35588
35589
35601
35603
35614
35619
35619
35651
35653
35658
35668
35672
35673
35685
35691
35693
35699
35722
35736
35753
35759
35795
35857
35859
35862
35864
35872
35875
35880
35894
35898
35963
35974
35975
35979
35986
35994
35995
36020
36026
36026
36069
36072
36081
36092
36093
36095
36097
36101
36103
36103
36121
36132
36148
36151
36155
36156
36156
36164
36165
36172
36205
36208
36210
36211
36211
36221
36224
36232
36234
36236
36244
36257
36260
36262
36273
36285
36296
36305
36307
36313
36315
36316
36319
36323
36324
36351
36357
36366
36366
36366
36371
36385
36395
36429
36429
36456
36457
36461
36483
36504
36505
36508
36510
36511
36536
36538
36542
36570
36573
36574
36590
36598
36600
36608
36633
36634
36636
36637
36649
36669
36688
36700
36727
36746
36747
36765
36766
36778
36779
36823
36833
36846
36854
36855
36862
36864
36873
36878
36878
36903
36905
36927
36930
36938
36944
36958
36980
36992
37007
37044
37064
37066
37090
37099
37100
37100
37112
37122
37134
37136
37150
37150
37159
37169
37169
37187
37191
37198
37199
37208
37210
37219
37220
37226
37243
37250
37264
37269
37281
37282
37285
37290
37290
37301
37307
37315
37318
37327
37344
37351
37353
37358
37358
37364
37378
37388
37400
37401
37404
37415
37423
37431
37443
37462
37464
37490
37511
37518
37519
37527
37546
37554
37556
37556
37578
37587
37587
37624
37636
37642
37644
37659
37676
37678
37692
37700
37707
37720
37731
37765
37766
37769
37798
37806
37818
37824
37831
37839
37848
37849
37913
37913
37917
37927
37936
37947
37948
37961
37966
37970
37973
37977
37982
37991
38000
38038
38047
38062
38071
38074
38084
38113
38125
38135
38138
38148
38158
38196
38209
38214
38215
38217
38222
38249
38249
38264
38273
38274
38295
38312
38315
38326
38338
38342
38344
38348
38349
38352
38357
38362
38367
38374
38378
38391
38391
38416
38436
38445
38467
38474
38475
38481
38485
38494
38506
38510
38512
38513
38523
38529
38534
38554
38570
38589
38596
38597
38599
38619
38624
38631
38647
38664
38680
38682
38691
38696
38710
38748
38750
38754
38762
38767
38775
38788
38822
38855
38862
38878
38918
38922
38929
38935
38969
38984
38984
38991
39002
39003
39006
39018
39042
39044
39050
39063
39064
39076
39078
39107
39108
39145
39149
39151
39154
39158
39159
39207
39211
39211
39218
39223
39224
39225
39249
39257
39262
39270
39294
39303
39312
39314
39324
39336
39341
39349
39356
39357
39360
39372
39384
39384
39392
39401
39411
39412
39421
39423
39427
39430
39446
39452
39458
39485
39489
39497
39501
39511
39524
39531
39546
39546
39575
39576
39585
39589
39597
39601
39603
39609
39609
39614
39615
39626
39637
39638
39638
39678
39686
39687
39702
39718
39724
39732
39744
39757
39759
39780
39828
39829
39835
39838
39843
39851
39852
39865
39869
39883
39898
39921
39923
39941
39942
39976
39981
39984
39985
39985
39993
40006
40032
40040
40049
40049
40051
40066
40081
40090
40100
40103
40106
40109
40115
40139
40152
40163
40185
40193
40210
40215
40233
40248
40249
40291
40331
40339
40339
40339
40352
40354
40360
40370
40384
40399
40413
40423
40424
40428
40474
40492
40497
40517
40527
40532
40533
40533
40549
40589
40620
40621
40636
40638
40641
40649
40652
40655
40673
40685
40686
40691
40706
40708
40710
40712
40739
40777
40780
40782
40793
40804
40807
40821
40826
40850
40852
40858
40865
40886
40892
40893
40905
40906
40917
40917
40934
40962
40963
40963
40964
40967
40967
40981
40992
40997
40998
41018
41032
41045
41101
41128
41128
41141
41142
41142
41158
41162
41184
41190
41191
41195
41210
41223
41230
41253
41259
41270
41296
41304
41304
41312
41323
41332
41356
41358
41374
41389
41390
41391
41396
41423
41426
41429
41443
41447
41459
41469
41478
41486
41494
41521
41533
41544
41550
41554
41562
41581
41583
41591
41594
41610
41623
41630
41633
41634
41663
41687
41701
41708
41710
41712
41714
41717
41719
41730
41737
41739
41759
41777
41780
41797
41820
41822
41845
41859
41867
41868
41870
41879
41880
41887
41889
41891
41898
41936
41952
41954
41961
41966
41974
41993
41994
42004
42006
42017
42021
42032
42034
42043
42052
42067
42075
42094
42109
42118
42125
42128
42142
42146
42154
42157
42162
42167
42178
42190
42195
42195
42201
42206
42238
42254
42264
42269
42287
42331
42337
42346
42356
42357
42359
42360
42363
42374
42376
42385
42392
42392
42416
42417
42440
42509
42517
42517
42530
42535
42540
42547
42569
42570
42586
42625
42632
42654
42695
42699
42716
42757
42761
42766
42766
42767
42771
42778
42780
42781
42800
42819
42823
42860
42897
42900
42904
42931
42982
42985
42993
42999
43014
43015
43023
43032
43034
43061
43076
43079
43091
43091
43094
43099
43118
43118
43127
43127
43146
43153
43158
43175
43198
43216
43225
43264
43266
43270
43283
43284
43296
43314
43354
43365
43383
43402
43405
43412
43414
43418
43430
43432
43461
43484
43489
43490
43495
43507
43507
43510
43520
43527
43531
43540
43541
43546
43552
43567
43570
43600
43608
43618
43618
43620
43664
43665
43666
43670
43671
43685
43688
43698
43698
43704
43724
43730
43740
43740
43755
43756
43766
43768
43778
43780
43800
43805
43812
43815
43815
43820
43821
43833
43844
43869
43878
43879
43890
43915
43919
43921
43933
43934
43948
43966
43990
43995
43996
44002
44016
44018
44020
44021
44025
44042
44049
44062
44082
44097
44115
44115
44117
44117
44125
44128
44128
44131
44144
44156
44161
44167
44178
44183
44190
44195
44195
44200
44202
44202
44216
44237
44245
44250
44255
44266
44271
44278
44307
44311
44317
44322
44342
44344
44345
44353
44367
44375
44376
44384
44390
44396
44411
44422
44425
44454
44474
44486
44490
44497
44504
44506
44519
44539
44544
44549
44555
44558
44566
44568
44573
44597
44598
44606
44615
44618
44622
44633
44649
44669
44670
44673
44705
44715
44718
44721
44721
44729
44733
44748
44749
44753
44755
44781
44784
44785
44808
44839
44860
44881
44883
44914
44923
44925
44929
44938
44939
44942
44977
44977
44986
44991
44991
44996
45003
45005
45026
45046
45058
45064
45069
45076
45087
45107
45110
45133
45137
45139
45149
45149
45152
45162
45172
45190
45192
45194
45198
45213
45219
45220
45220
45222
45225
45243
45246
45284
45292
45293
45299
45312
45315
45323
45330
45332
45345
45345
45351
45358
45359
45370
45417
45438
45450
45459
45463
45466
45479
45485
45485
45560
45569
45582
45595
45600
45609
45611
45627
45665
45667
45671
45679
45696
45702
45713
45714
45715
45716
45720
45735
45758
45762
45764
45766
45806
45808
45812
45813
45821
45822
45848
45865
45880
45886
45922
45926
45927
45928
45942
45951
45963
45973
45974
45974
45983
45998
45998
46053
46088
46091
46118
46125
46130
46133
46143
46153
46160
46163
46178
46187
46194
46195
46214
46216
46229
46241
46255
46270
46274
46281
46309
46309
46327
46336
46337
46356
46361
46366
46370
46371
46377
46388
46401
46406
46409
46411
46422
46440
46449
46464
46468
46472
46484
46490
46490
46503
46529
46538
46540
46541
46544
46550
46550
46556
46562
46575
46584
46594
46624
46628
46635
46646
46657
46666
46675
46676
46694
46696
46699
46701
46721
46738
46752
46764
46766
46769
46772
46776
46779
46803
46806
46809
46816
46818
46830
46848
46860
46862
46875
46876
46881
46881
46884
46909
46923
46955
46985
46995
46997
46999
47007
47019
47021
47044
47049
47061
47065
47066
47075
47079
47086
47090
47118
47152
47157
47165
47176
47177
47202
47203
47209
47227
47232
47236
47236
47243
47257
47276
47293
47309
47329
47383
47421
47434
47440
47440
47454
47459
47466
47473
47484
47484
47499
47503
47522
47525
47527
47528
47530
47531
47534
47537
47539
47541
47548
47557
47561
47569
47570
47576
47586
47593
47599
47606
47607
47609
47614
47616
47625
47642
47651
47656
47664
47674
47675
47677
47692
47694
47695
47700
47707
47709
47727
47731
47732
47744
47749
47753
47770
47774
47781
47795
47798
47819
47825
47846
47855
47863
47877
47883
47885
47893
47894
47923
47931
47934
47946
47952
47958
47964
47971
47988
47988
47991
47994
47996
47998
48000
48006
48010
48012
48032
48035
48050
48064
48072
48078
48095
48102
48113
48115
48115
48124
48129
48143
48165
48166
48184
48191
48197
48212
48213
48216
48233
48237
48252
48260
48261
48273
48278
48290
48299
48322
48323
48325
48325
48335
48337
48340
48354
48359
48370
48379
48384
48401
48414
48415
48427
48434
48443
48446
48453
48475
48476
48486
48488
48491
48493
48498
48504
48537
48541
48554
48566
48566
48567
48582
48583
48588
48597
48631
48633
48661
48662
48665
48666
48674
48696
48703
48708
48713
48720
48731
48747
48750
48764
48783
48792
48802
48812
48815
48825
48861
48873
48877
48878
48894
48901
48903
48911
48934
48945
48950
48955
48956
48963
48973
48977
48990
48991
48992
49001
49004
49026
49047
49049
49058
49059
49067
49069
49077
49082
49090
49092
49093
49094
49098
49101
49105
49123
49125
49137
49139
49148
49200
49202
49206
49207
49247
49261
49262
49268
49294
49303
49305
49308
49313
49313
49323
49328
49331
49333
49341
49360
49384
49384
49401
49411
49417
49421
49434
49453
49462
49477
49477
49483
49485
49506
49511
49600
49608
49611
49616
49620
49641
49642
49644
49645
49664
49665
49683
49690
49698
49705
49720
49721
49731
49733
49743
49747
49750
49755
49792
49792
49793
49800
49809
49822
49825
49827
49830
49836
49841
49845
49848
49884
49900
49904
49916
49926
49935
49952
49959
49984
49991
49998
50012
50043
50044
50045
50047
50049
50059
50062
50076
50090
50095
50096
50123
50143
50143
50144
50145
50148
50158
50166
50183
50196
50198
50216
50217
50226
50226
50241
50262
50267
50269
50271
50282
50283
50285
50289
50309
50313
50339
50342
50349
50353
50354
50359
50359
50364
50370
50378
50383
50388
50389
50405
50436
50436
50438
50446
50468
50482
50487
50493
50494
50499
50500
50503
50506
50511
50512
50516
50527
50531
50539
50545
50549
50580
50599
50600
50610
50617
50637
50641
50651
50659
50667
50693
50700
50700
50710
50710
50726
50740
50742
50767
50789
50793
50828
50843
50864
50871
50872
50873
50896
50910
50920
50947
50959
50959
50986
51001
51022
51035
51036
51036
51041
51065
51078
51084
51086
51088
51132
51136
51142
51160
51165
51167
51178
51183
51237
51254
51259
51273
51281
51324
51329
51345
51347
51356
51363
51370
51379
51387
51394
51403
51431
51433
51460
51461
51490
51493
51504
51512
51522
51526
51532
51538
51540
51574
51601
51614
51630
51634
51643
51646
51652
51660
51662
51663
51663
51672
51679
51680
51685
51694
51699
51705
51712
51742
51743
51748
51749
51760
51765
51775
51776
51787
51796
51808
51808
51840
51847
51881
51884
51884
51914
51914
51925
51935
51935
51947
51956
51961
51980
51981
52008
52011
52023
52043
52044
52063
52066
52068
52088
52099
52122
52131
52140
52162
52162
52204
52204
52208
52209
52218
52221
52231
52295
52320
52322
52336
52348
52350
52353
52363
52374
52379
52386
52389
52395
52411
52425
52435
52443
52448
52461
52474
52484
52485
52491
52515
52526
52532
52540
52541
52548
52613
52615
52621
52642
52661
52670
52699
52710
52712
52742
52759
52760
52775
52789
52828
52836
52850
52883
52884
52894
52909
52910
52965
52970
53004
53007
53019
53020
53033
53062
53085
53089
53089
53111
53121
53123
53126
53150
53152
53154
53163
53172
53180
53209
53213
53219
53222
53237
53238
53241
53253
53255
53267
53297
53303
53308
53309
53348
53353
53369
53371
53373
53383
53435
53436
53461
53464
53465
53470
53476
53478
53488
53489
53492
53499
53503
53513
53518
53527
53535
53585
53597
53611
53612
53621
53634
53657
53662
53663
53665
53669
53678
53683
53685
53689
53695
53706
53728
53732
53733
53738
53743
53754
53757
53758
53776
53777
53782
53789
53806
53809
53814
53819
53821
53843
53853
53862
53881
53891
53900
53900
53906
53915
53924
53938
53968
53971
53999
54003
54005
54026
54034
54036
54037
54058
54073
54087
54111
54135
54144
54159
54162
54182
54202
54226
54243
54263
54263
54274
54286
54293
54297
54321
54363
54372
54380
54381
54413
54416
54419
54455
54457
54473
54479
54521
54527
54558
54560
54570
54577
54585
54585
54602
54641
54664
54675
54675
54675
54679
54715
54733
54742
54750
54766
54779
54780
54789
54796
54840
54842
54862
54869
54889
54889
54889
54895
54895
54904
54913
54913
54915
54915
54942
54950
54957
54961
54964
54969
55025
55032
55035
55059
55108
55109
55113
55123
55129
55133
55137
55146
55160
55164
55173
55178
55190
55194
55216
55218
55246
55271
55275
55280
55291
55294
55296
55308
55358
55366
55370
55389
55403
55405
55422
55427
55430
55433
55438
55447
55459
55465
55474
55499
55513
55513
55515
55518
55523
55532
55545
55545
55557
55568
55576
55577
55585
55586
55590
55655
55680
55698
55717
55723
55730
55779
55782
55796
55809
55826
55827
55832
55838
55843
55844
55846
55863
55864
55866
55878
55880
55893
55893
55910
55910
55925
55930
55938
55951
55952
55964
55972
55976
55991
56007
56009
56025
56027
56031
56043
56058
56065
56070
56081
56084
56092
56107
56121
56122
56132
56134
56142
56169
56172
56185
56204
56206
56208
56276
56280
56284
56288
56301
56311
56312
56316
56318
56324
56325
56333
56334
56346
56349
56358
56369
56412
56418
56421
56441
56448
56478
56500
56518
56541
56551
56567
56578
56586
56602
56603
56620
56645
56649
56667
56668
56669
56676
56679
56694
56731
56736
56740
56751
56753
56770
56795
56796
56812
56813
56814
56826
56836
56853
56865
56899
56919
56927
56928
56934
56944
56948
56961
56982
56988
57010
57013
57035
57037
57047
57049
57060
57061
57088
57089
57096
57100
57104
57109
57134
57153
57170
57170
57175
57178
57183
57184
57185
57193
57195
57200
57204
57205
57206
57212
57214
57225
57229
57229
57243
57269
57277
57278
57280
57283
57287
57287
57329
57329
57340
57351
57363
57369
57407
57421
57436
57485
57486
57488
57496
57510
57526
57551
57553
57560
57564
57567
57581
57585
57594
57603
57630
57633
57651
57667
57675
57683
57687
57699
57726
57744
57785
57800
57807
57813
57821
57835
57836
57847
57849
57859
57868
57874
57875
57892
57893
57909
57916
57923
57927
57935
57938
57953
57991
57993
58003
58009
58019
58029
58039
58040
58041
58049
58067
58112
58113
58114
58121
58128
58137
58142
58154
58155
58161
58170
58174
58184
58185
58214
58223
58235
58242
58242
58245
58262
58270
58279
58281
58289
58299
58308
58313
58320
58323
58343
58347
58368
58374
58392
58397
58400
58407
58413
58426
58426
58459
58489
58506
58533
58533
58536
58540
58552
58558
58558
58565
58567
58568
58571
58573
58573
58601
58609
58635
58654
58659
58693
58714
58718
58728
58730
58735
58743
58744
58749
58773
58807
58817
58844
58868
58872
58883
58887
58904
58905
58907
58908
58917
58924
58936
58947
58983
58984
59013
59016
59027
59028
59029
59035
59040
59040
59043
59044
59046
59052
59053
59053
59055
59096
59100
59100
59106
59138
59160
59161
59166
59176
59188
59191
59208
59217
59221
59221
59222
59232
59243
59257
59292
59313
59318
59324
59335
59341
59355
59364
59368
59374
59376
59386
59387
59395
59397
59399
59407
59409
59410
59430
59435
59438
59441
59446
59447
59454
59457
59460
59463
59464
59473
59481
59491
59519
59545
59547
59547
59557
59567
59577
59585
59592
59592
59615
59616
59619
59623
59634
59642
59649
59658
59661
59670
59675
59700
59712
59724
59730
59749
59749
59774
59774
59783
59784
59804
59805
59813
59816
59817
59818
59819
59837
59846
59859
59873
59877
59898
59942
59950
59962
59966
59971
59993
60002
60005
60026
60090
60100
60113
60120
60130
60134
60146
60147
60150
60161
60183
60183
60183
60191
60198
60210
60218
60226
60236
60239
60288
60303
60314
60339
60361
60400
60402
60404
60421
60434
60442
60459
60464
60475
60481
60481
60483
60485
60497
60525
60526
60536
60543
60546
60549
60553
60565
60591
60655
60656
60698
60702
60705
60710
60713
60726
60728
60743
60743
60749
60753
60770
60776
60813
60814
60847
60854
60862
60886
60888
60893
60902
60903
60910
60910
60918
60924
60925
60941
60947
60948
60964
60977
60979
61003
61029
61074
61075
61095
61108
61140
61140
61160
61172
61200
61208
61211
61218
61218
61232
61233
61246
61247
61249
61252
61256
61274
61290
61299
61308
61308
61324
61339
61353
61354
61365
61376
61379
61384
61401
61402
61407
61411
61442
61447
61453
61454
61471
61475
61484
61484
61490
61501
61514
61539
61542
61544
61546
61581
61589
61600
61609
61612
61615
61631
61665
61674
61683
61685
61685
61700
61708
61714
61720
61762
61779
61800
61801
61804
61811
61817
61833
61841
61855
61866
61868
61873
61875
61895
61902
61924
61930
61938
61940
61952
61987
61993
62003
62026
62028
62050
62065
62075
62079
62086
62093
62101
62142
62164
62172
62173
62181
62196
62222
62232
62235
62251
62253
62257
62262
62263
62264
62290
62296
62302
62331
62355
62364
62374
62383
62393
62401
62408
62411
62427
62437
62440
62441
62451
62464
62469
62471
62493
62498
62499
62510
62541
62551
62554
62557
62566
62584
62592
62599
62605
62605
62607
62643
62644
62646
62647
62654
62666
62684
62691
62699
62711
62712
62717
62732
62734
62773
62776
62797
62818
62828
62841
62842
62857
62858
62872
62875
62878
62897
62910
62927
62932
62949
62953
62956
62964
62970
62982
63004
63035
63043
63043
63044
63046
63057
63067
63078
63079
63081
63095
63107
63117
63127
63131
63150
63175
63192
63193
63210
63219
63220
63225
63232
63237
63266
63283
63283
63309
63320
63322
63323
63350
63352
63355
63367
63378
63385
63415
63422
63431
63445
63450
63450
63464
63476
63482
63492
63496
63501
63540
63543
63558
63561
63568
63572
63609
63619
63619
63661
63669
63670
63673
63676
63706
63721
63723
63744
63750
63765
63767
63775
63776
63780
63790
63793
63819
63832
63841
63844
63851
63855
63863
63884
63891
63907
63915
63924
63930
63931
63946
63963
63967
63977
63985
63987
63988
63992
63998
64005
64008
64011
64022
64033
64034
64048
64055
64055
64062
64069
64070
64103
64114
64117
64136
64142
64143
64154
64162
64174
64177
64183
64183
64200
64207
64211
64212
64220
64227
64228
64235
64236
64253
64260
64264
64266
64272
64280
64282
64288
64288
64289
64323
64337
64339
64340
64352
64369
64389
64429
64432
64449
64449
64452
64452
64454
64456
64460
64469
64484
64497
64499
64509
64510
64516
64521
64522
64553
64555
64561
64565
64574
64595
64597
64601
64603
64604
64612
64637
64660
64677
64677
64679
64692
64697
64697
64698
64707
64711
64712
64723
64735
64739
64742
64760
64767
64779
64784
64789
64789
64840
64844
64845
64852
64882
64886
64891
64903
64904
64915
64924
64932
64932
64945
64947
64948
64952
64953
64982
64985
64987
64991
64993
65047
65050
65055
65059
65065
65069
65072
65083
65090
65093
65108
65114
65153
65169
65172
65218
65229
65244
65250
65265
65275
65275
65294
65300
65301
65306
65333
65336
65345
65352
65356
65389
65394
65403
65411
65414
65445
65450
65475
65487
65498
65502
65526
65530
65533
65541
65545
65553
65574
65575
65575
65583
65596
65599
65613
65623
65623
65639
65655
65656
65668
65678
65679
65699
65711
65722
65732
65752
65752
65756
65779
65785
65793
65796
65797
65816
65820
65840
65842
65849
65850
65859
65869
65907
65918
65925
65935
65940
65951
65963
65966
65967
65975
65977
65983
65997
65998
65998
66016
66023
66024
66029
66030
66044
66044
66063
66064
66087
66112
66118
66119
66130
66136
66155
66165
66166
66173
66175
66184
66191
66200
66223
66232
66257
66258
66260
66275
66291
66330
66357
66358
66371
66372
66405
66426
66430
66439
66442
66445
66448
66449
66468
66468
66500
66524
66527
66562
66567
66571
66575
66609
66624
66636
66645
66650
66670
66682
66684
66685
66695
66696
66716
66733
66735
66741
66787
66794
66798
66806
66831
66836
66838
66841
66842
66843
66850
66866
66887
66890
66891
66903
66907
66932
66936
66966
66985
67014
67016
67029
67037
67039
67045
67059
67060
67060
67069
67132
67138
67156
67157
67158
67176
67194
67196
67196
67200
67220
67232
67250
67255
67277
67284
67287
67294
67295
67306
67313
67332
67337
67351
67359
67360
67376
67387
67409
67411
67437
67437
67453
67466
67474
67481
67487
67492
67495
67495
67499
67516
67521
67531
67545
67552
67552
67557
67573
67577
67582
67589
67610
67621
67626
67630
67632
67634
67651
67665
67676
67683
67688
67691
67707
67711
67718
67737
67740
67747
67757
67768
67782
67802
67806
67814
67817
67826
67827
67832
67835
67845
67850
67857
67859
67873
67875
67886
67888
67898
67910
67950
67963
67970
67975
67990
67997
68012
68021
68032
68040
68060
68071
68084
68093
68110
68112
68125
68146
68158
68161
68170
68184
68185
68217
68223
68241
68245
68246
68254
68293
68294
68296
68296
68304
68318
68318
68324
68360
68365
68371
68384
68391
68411
68418
68427
68430
68431
68442
68448
68463
68505
68515
68520
68525
68558
68576
68583
68621
68628
68635
68641
68645
68648
68661
68664
68667
68672
68679
68693
68716
68752
68753
68758
68760
68776
68785
68800
68801
68803
68805
68805
68819
68823
68835
68841
68842
68845
68853
68857
68862
68865
68868
68876
68884
68886
68892
68909
68924
68924
68924
68955
68960
68963
68964
68969
68980
68999
69020
69027
69033
69034
69049
69054
69058
69072
69073
69075
69075
69091
69099
69104
69106
69121
69124
69139
69141
69190
69197
69229
69233
69238
69241
69242
69243
69255
69263
69274
69276
69288
69291
69293
69296
69306
69308
69316
69316
69328
69348
69357
69361
69364
69371
69375
69375
69383
69389
69406
69418
69424
69429
69430
69437
69442
69477
69480
69492
69493
69501
69534
69534
69552
69556
69568
69577
69585
69610
69617
69622
69624
69625
69641
69649
69658
69683
69686
69703
69703
69706
69712
69750
69768
69784
69804
69844
69860
69896
69900
69902
69951
69953
69962
69982
69984
70003
70019
70040
70057
70058
70068
70088
70097
70099
70101
70108
70109
70111
70113
70121
70124
70148
70159
70162
70179
70183
70200
70203
70203
70204
70208
70223
70241
70254
70258
70267
70267
70274
70281
70294
70326
70340
70349
70369
70369
70398
70400
70463
70471
70484
70500
70534
70545
70568
70578
70587
70591
70617
70644
70652
70657
70696
70707
70716
70717
70739
70741
70742
70756
70761
70789
70790
70809
70819
70858
70885
70908
70919
70924
70924
70936
70951
70970
70974
70978
70980
70997
71003
71005
71008
71012
71012
71014
71033
71036
71038
71050
71067
71067
71081
71085
71093
71106
71147
71158
71176
71191
71212
71222
71238
71243
71274
71281
71287
71299
71299
71306
71309
71323
71346
71365
71370
71374
71376
71380
71382
71383
71388
71396
71423
71437
71440
71445
71451
71451
71454
71471
71479
71482
71492
71495
71506
71561
71567
71574
71578
71595
71598
71619
71629
71642
71645
71646
71652
71659
71681
71682
71688
71689
71690
71710
71720
71726
71728
71744
71745
71759
71780
71800
71803
71809
71811
71811
71812
71835
71841
71842
71851
71852
71854
71856
71868
71895
71896
71900
71924
71958
71959
71963
71973
71988
71997
72019
72030
72032
72038
72055
72057
72066
72073
72076
72085
72099
72110
72150
72165
72176
72185
72186
72197
72209
72210
72216
72243
72256
72263
72276
72305
72321
72323
72371
72376
72385
72385
72404
72408
72445
72453
72458
72506
72525
72534
72535
72556
72565
72573
72598
72619
72641
72647
72655
72656
72656
72661
72677
72688
72694
72701
72701
72701
72712
72714
72716
72728
72732
72733
72736
72737
72739
72748
72766
72779
72782
72783
72785
72785
72788
72792
72811
72878
72893
72898
72916
72927
72938
72969
72971
72986
73036
73037
73043
73057
73070
73079
73092
73099
73111
73123
73136
73151
73157
73162
73168
73171
73217
73222
73225
73234
73245
73248
73252
73269
73280
73284
73299
73301
73331
73344
73362
73399
73401
73421
73435
73438
73463
73476
73512
73515
73535
73549
73605
73605
73610
73610
73618
73628
73629
73631
73646
73650
73661
73661
73663
73676
73677
73684
73694
73702
73704
73710
73720
73735
73736
73738
73739
73761
73776
73779
73780
73781
73790
73829
73830
73854
73856
73879
73879
73900
73957
73962
73974
73983
74013
74014
74028
74033
74045
74049
74055
74064
74065
74102
74104
74119
74121
74126
74134
74141
74142
74156
74159
74184
74184
74185
74187
74195
74208
74217
74220
74233
74252
74271
74287
74296
74302
74303
74303
74314
74314
74323
74342
74407
74418
74428
74439
74441
74444
74484
74499
74504
74512
74529
74530
74530
74557
74563
74563
74566
74568
74584
74600
74610
74610
74627
74641
74649
74661
74679
74688
74690
74692
74697
74704
74707
74711
74724
74724
74753
74758
74760
74771
74781
74782
74792
74816
74867
74882
74888
74890
74892
74895
74904
74906
74915
74924
74930
74933
74936
74942
74942
74958
74963
74964
74966
74977
74995
74995
75019
75037
75037
75042
75042
75042
75050
75053
75061
75061
75070
75096
75126
75139
75142
75175
75177
75194
75200
75203
75203
75204
75206
75210
75219
75224
75225
75231
75246
75251
75273
75282
75290
75296
75303
75304
75339
75360
75370
75373
75380
75393
75396
75398
75398
75408
75417
75418
75421
75424
75439
75439
75442
75456
75488
75492
75496
75520
75528
75562
75572
75572
75575
75577
75587
75607
75625
75628
75650
75650
75669
75669
75669
75680
75694
75696
75699
75706
75759
75765
75802
75804
75818
75820
75828
75860
75867
75876
75889
75897
75903
75914
75918
75925
75936
75960
75973
75987
76003
76009
76014
76023
76024
76053
76063
76065
76071
76075
76085
76105
76126
76136
76141
76144
76144
76154
76158
76168
76176
76187
76188
76189
76191
76214
76215
76224
76242
76251
76268
76280
76293
76297
76319
76324
76332
76348
76354
76357
76361
76361
76369
76384
76405
76408
76414
76426
76440
76442
76442
76461
76465
76468
76515
76519
76549
76564
76576
76578
76586
76587
76616
76616
76619
76621
76621
76627
76629
76638
76651
76666
76673
76685
76686
76697
76733
76741
76747
76750
76752
76756
76759
76760
76768
76772
76785
76811
76814
76815
76815
76817
76822
76850
76856
76872
76911
76916
76926
76927
76942
76950
76962
76976
76980
76999
77004
77005
77009
77035
77038
77051
77060
77062
77073
77084
77086
77090
77110
77112
77150
77164
77181
77184
77195
77196
77197
77210
77214
77252
77272
77288
77295
77296
77312
77320
77320
77338
77340
77404
77413
77414
77424
77424
77427
77430
77434
77434
77450
77454
77458
77459
77471
77472
77478
77498
77536
77547
77551
77562
77568
77570
77582
77589
77599
77618
77636
77645
77659
77680
77691
77706
77719
77742
77757
77759
77770
77777
77782
77790
77796
77823
77828
77835
77837
77838
77875
77885
77893
77919
77932
77938
77941
77943
77950
77957
77975
77987
77990
77997
78012
78021
78029
78051
78066
78068
78069
78071
78075
78076
78076
78092
78108
78116
78122
78123
78125
78134
78137
78138
78140
78146
78151
78151
78151
78165
78174
78194
78199
78243
78256
78256
78261
78275
78275
78286
78287
78289
78299
78312
78315
78338
78343
78362
78382
78395
78409
78422
78425
78433
78435
78441
78448
78448
78456
78461
78472
78504
78525
78527
78533
78559
78568
78590
78590
78596
78602
78605
78614
78636
78648
78652
78658
78661
78670
78681
78682
78695
78708
78774
78774
78776
78786
78807
78808
78830
78835
78839
78843
78856
78868
78876
78885
78886
78899
78899
78912
78915
78917
78926
78935
78941
78951
78966
78971
78988
78991
78994
78994
78997
79033
79050
79062
79077
79086
79087
79089
79099
79104
79113
79121
79129
79140
79141
79146
79152
79153
79160
79165
79203
79204
79206
79223
79224
79229
79240
79250
79259
79265
79268
79275
79284
79314
79316
79355
79371
79371
79379
79386
79390
79393
79395
79395
79413
79424
79439
79439
79439
79444
79444
79452
79452
79460
79490
79506
79572
79579
79598
79600
79607
79614
79630
79630
79639
79641
79665
79668
79669
79690
79694
79705
79710
79712
79716
79718
79744
79749
79749
79760
79784
79804
79807
79813
79817
79821
79830
79843
79846
79854
79880
79895
79906
79913
79917
79917
79940
79976
79998
80005
80006
80022
80031
80045
80047
80049
80062
80091
80104
80131
80164
80167
80205
80209
80211
80244
80251
80253
80263
80264
80269
80286
80287
80287
80313
80340
80346
80373
80373
80383
80393
80397
80426
80440
80442
80444
80445
80455
80456
80461
80461
80461
80467
80471
80473
80485
80498
80502
80524
80525
80535
80549
80549
80559
80572
80573
80594
80601
80625
80631
80631
80632
80641
80652
80663
80664
80678
80681
80689
80694
80699
80699
80705
80707
80709
80767
80783
80812
80813
80814
80829
80831
80834
80837
80838
80850
80851
80856
80859
80869
80879
80889
80893
80902
80934
80952
80978
80980
80999
80999
81005
81006
81007
81019
81020
81035
81054
81064
81065
81065
81073
81086
81109
81109
81110
81133
81192
81199
81212
81212
81221
81241
81263
81280
81282
81288
81299
81312
81327
81351
81378
81398
81409
81415
81415
81441
81452
81456
81481
81485
81499
81516
81527
81546
81549
81550
81552
81553
81577
81586
81588
81605
81640
81663
81695
81697
81701
81708
81711
81719
81719
81724
81727
81746
81749
81757
81759
81774
81780
81784
81786
81794
81797
81806
81825
81831
81843
81844
81848
81851
81859
81877
81882
81902
81910
81912
81914
81921
81937
81980
81992
81992
82012
82018
82026
82029
82036
82040
82079
82080
82103
82106
82107
82120
82150
82169
82197
82204
82217
82240
82292
82298
82307
82312
82312
82326
82330
82340
82342
82351
82353
82355
82356
82371
82374
82379
82415
82432
82487
82493
82507
82520
82527
82532
82546
82551
82559
82564
82588
82597
82628
82631
82648
82651
82653
82657
82660
82675
82681
82682
82683
82701
82701
82721
82747
82756
82771
82772
82791
82799
82817
82831
82835
82837
82851
82873
82888
82891
82892
82894
82902
82906
82915
82938
82965
82966
82979
83005
83009
83023
83024
83026
83036
83040
83044
83051
83058
83078
83079
83084
83096
83109
83112
83118
83130
83131
83131
83134
83148
83156
83176
83186
83228
83230
83243
83246
83256
83298
83310
83322
83346
83365
83368
83374
83377
83377
83380
83399
83416
83418
83426
83441
83447
83455
83468
83505
83510
83522
83523
83534
83544
83560
83568
83569
83571
83586
83589
83601
83613
83616
83624
83642
83643
83657
83663
83667
83669
83672
83672
83681
83682
83685
83692
83696
83703
83704
83715
83755
83758
83765
83772
83785
83796
83805
83811
83813
83826
83834
83854
83860
83876
83882
83907
83922
83928
83945
83948
83956
83966
83988
83995
83997
84013
84026
84026
84089
84121
84126
84126
84126
84158
84161
84164
84167
84176
84205
84205
84220
84226
84232
84235
84263
84285
84290
84298
84303
84303
84303
84304
84310
84314
84357
84370
84376
84380
84381
84393
84397
84407
84409
84426
84429
84435
84443
84444
84463
84492
84500
84501
84518
84519
84526
84536
84624
84625
84633
84638
84645
84652
84660
84664
84668
84678
84683
84710
84715
84720
84751
84767
84784
84788
84791
84803
84809
84816
84816
84823
84837
84840
84846
84856
84873
84921
84922
84923
84930
84946
84972
84985
84989
84993
85001
85031
85039
85055
85061
85079
85086
85087
85092
85105
85140
85150
85168
85177
85185
85192
85222
85223
85230
85233
85251
85264
85277
85284
85289
85291
85296
85310
85317
85338
85343
85347
85348
85350
85352
85392
85395
85397
85412
85417
85439
85440
85443
85446
85458
85472
85488
85495
85501
85513
85515
85518
85525
85547
85554
85564
85565
85579
85599
85601
85607
85612
85615
85628
85636
85639
85653
85655
85657
85663
85664
85688
85693
85693
85697
85705
85709
85720
85722
85724
85730
85759
85768
85771
85786
85795
85824
85825
85828
85847
85871
85878
85880
85890
85906
85906
85949
85968
85968
85975
86004
86015
86019
86043
86050
86053
86075
86079
86084
86084
86085
86125
86148
86154
86157
86162
86168
86174
86177
86185
86192
86203
86205
86213
86225
86242
86255
86271
86274
86275
86275
86275
86283
86285
86291
86292
86300
86309
86337
86352
86352
86365
86374
86379
86379
86384
86389
86391
86396
86402
86406
86410
86418
86419
86440
86467
86478
86492
86493
86498
86501
86503
86540
86542
86544
86550
86562
86572
86582
86591
86601
86620
86621
86623
86635
86635
86647
86648
86674
86704
86721
86792
86812
86815
86835
86837
86847
86847
86863
86936
86957
86966
86969
87013
87031
87042
87072
87090
87108
87109
87122
87122
87126
87138
87139
87140
87140
87169
87174
87187
87193
87206
87212
87231
87244
87249
87251
87251
87251
87276
87285
87292
87295
87296
87312
87315
87323
87329
87349
87350
87368
87369
87370
87370
87376
87378
87406
87407
87416
87425
87430
87431
87432
87432
87432
87435
87447
87453
87465
87484
87485
87491
87516
87518
87532
87532
87544
87550
87554
87556
87560
87577
87599
87609
87616
87632
87656
87662
87667
87697
87701
87711
87716
87718
87725
87736
87737
87737
87742
87749
87752
87755
87757
87760
87763
87766
87768
87772
87787
87800
87816
87820
87836
87839
87843
87858
87873
87882
87891
87904
87912
87913
87921
87933
87938
87943
87955
87955
87960
87960
87967
87969
88008
88014
88014
88016
88025
88033
88040
88081
88086
88096
88101
88133
88152
88172
88177
88180
88185
88209
88224
88240
88279
88283
88284
88294
88296
88304
88307
88312
88333
88334
88339
88350
88362
88379
88393
88401
88414
88416
88418
88447
88455
88456
88468
88478
88479
88482
88511
88529
88530
88533
88539
88572
88579
88582
88593
88611
88612
88614
88621
88626
88629
88632
88643
88664
88668
88674
88678
88680
88687
88721
88721
88722
88727
88731
88756
88757
88781
88824
88830
88831
88841
88858
88877
88911
88940
88963
88988
89005
89010
89012
89021
89021
89047
89049
89053
89061
89068
89070
89080
89087
89096
89098
89100
89119
89119
89129
89134
89137
89142
89155
89160
89170
89178
89187
89204
89212
89247
89270
89286
89290
89292
89292
89294
89333
89352
89353
89369
89398
89411
89420
89425
89430
89441
89444
89448
89456
89476
89476
89480
89521
89545
89548
89560
89590
89596
89598
89611
89620
89637
89668
89683
89694
89710
89720
89728
89755
89756
89767
89769
89772
89775
89787
89790
89803
89816
89822
89829
89842
89868
89869
89894
89904
89938
89953
89960
89967
89973
89982
89985
90005
90021
90028
90034
90046
90059
90068
90070
90085
90097
90100
90103
90106
90119
90131
90134
90140
90142
90162
90179
90204
90205
90215
90221
90221
90230
90235
90236
90249
90257
90260
90262
90263
90264
90269
90286
90289
90299
90306
90318
90319
90327
90348
90352
90355
90357
90365
90378
90381
90403
90412
90413
90438
90439
90448
90448
90463
90465
90472
90494
90501
90520
90524
90548
90555
90560
90560
90577
90614
90617
90631
90646
90661
90669
90676
90683
90693
90693
90694
90695
90716
90720
90723
90732
90743
90746
90751
90761
90763
90767
90785
90810
90811
90818
90824
90831
90832
90850
90865
90879
90881
90887
90905
90910
90911
90914
90914
90921
90946
90950
90974
90975
90985
90996
91008
91009
91017
91034
91034
91042
91045
91065
91080
91084
91085
91106
91110
91111
91120
91141
91150
91150
91155
91168
91169
91171
91174
91179
91182
91199
91204
91204
91248
91262
91278
91294
91304
91315
91320
91321
91337
91344
91360
91363
91368
91386
91415
91417
91460
91462
91473
91475
91477
91483
91485
91493
91506
91511
91530
91556
91562
91564
91566
91606
91624
91634
91637
91648
91650
91652
91653
91677
91681
91693
91703
91716
91727
91728
91737
91747
91767
91779
91802
91817
91838
91864
91889
91896
91912
91935
91939
91948
91948
91965
91989
92010
92016
92034
92041
92048
92062
92063
92072
92072
92079
92082
92083
92088
92096
92103
92106
92147
92153
92154
92155
92165
92175
92188
92188
92194
92194
92220
92222
92245
92249
92254
92258
92266
92311
92321
92322
92332
92338
92346
92364
92424
92433
92438
92460
92466
92474
92487
92488
92488
92494
92506
92511
92525
92552
92563
92585
92611
92631
92632
92637
92646
92649
92653
92660
92677
92680
92682
92684
92685
92726
92757
92765
92810
92819
92821
92824
92828
92834
92838
92877
92886
92888
92891
92897
92905
92905
92912
92915
92922
92932
92944
92948
92954
92958
92979
92982
92992
92999
93006
93027
93034
93043
93044
93056
93070
93076
93088
93093
93099
93104
93105
93106
93122
93127
93134
93150
93162
93162
93163
93165
93166
93170
93181
93194
93199
93202
93206
93217
93250
93251
93256
93261
93285
93295
93304
93304
93305
93313
93319
93361
93368
93370
93400
93405
93419
93426
93437
93439
93457
93460
93463
93475
93475
93480
93505
93519
93522
93523
93531
93536
93540
93560
93578
93581
93584
93593
93595
93614
93624
93646
93668
93671
93678
93697
93711
93716
93718
93758
93760
93781
93786
93793
93793
93799
93802
93827
93867
93878
93884
93884
93895
93898
93913
93916
93922
93923
93927
93929
93957
93971
93994
93994
93996
94006
94018
94019
94029
94035
94054
94060
94061
94063
94083
94088
94099
94109
94136
94147
94149
94156
94158
94175
94183
94185
94188
94201
94202
94205
94229
94236
94245
94246
94252
94259
94262
94263
94265
94268
94272
94275
94307
94315
94316
94342
94342
94343
94349
94355
94389
94420
94424
94424
94430
94431
94450
94454
94456
94476
94494
94520
94541
94559
94563
94569
94573
94573
94576
94623
94625
94635
94659
94667
94671
94677
94683
94696
94697
94700
94701
94715
94726
94731
94742
94746
94748
94761
94762
94762
94763
94768
94770
94771
94788
94814
94830
94830
94840
94857
94865
94867
94873
94884
94886
94886
94903
94906
94919
94920
94921
94923
94925
94929
94933
94956
94982
94985
94986
94991
95002
95005
95025
95039
95040
95045
95067
95077
95093
95120
95137
95142
95149
95151
95161
95162
95179
95186
95198
95211
95239
95247
95258
95277
95282
95293
95306
95312
95313
95320
95321
95323
95330
95330
95332
95335
95351
95352
95354
95360
95385
95385
95386
95393
95399
95409
95432
95435
95436
95445
95449
95452
95454
95457
95483
95491
95503
95544
95550
95569
95569
95582
95589
95593
95595
95609
95611
95611
95617
95619
95627
95638
95639
95657
95672
95679
95704
95711
95712
95720
95744
95745
95749
95754
95762
95776
95787
95791
95802
95816
95841
95843
95854
95857
95859
95869
95873
95877
95885
95915
95957
95961
95984
95984
95999
96002
96005
96007
96020
96041
96047
96052
96068
96071
96083
96091
96094
96095
96126
96137
96141
96150
96165
96181
96186
96226
96237
96243
96247
96248
96258
96267
96269
96285
96296
96300
96306
96312
96321
96332
96345
96347
96353
96371
96377
96381
96406
96423
96426
96429
96430
96430
96457
96487
96509
96538
96539
96544
96548
96570
96574
96578
96603
96646
96665
96666
96679
96685
96716
96719
96721
96722
96722
96731
96768
96777
96808
96809
96833
96841
96851
96853
96853
96853
96870
96879
96886
96888
96915
96917
96939
96940
96941
96960
96972
96985
96988
97017
97019
97029
97055
97067
97067
97072
97074
97075
97077
97089
97108
97109
97111
97113
97122
97124
97127
97137
97144
97160
97180
97180
97182
97191
97200
97204
97210
97220
97225
97244
97250
97259
97270
97276
97301
97306
97308
97327
97327
97335
97343
97360
97367
97385
97421
97422
97429
97430
97433
97434
97439
97446
97457
97461
97464
97472
97492
97495
97498
97500
97505
97513
97518
97523
97535
97540
97551
97551
97563
97579
97582
97592
97597
97603
97623
97629
97632
97664
97664
97679
97687
97695
97702
97720
97721
97730
97738
97773
97774
97789
97800
97813
97818
97837
97839
97852
97877
97886
97888
97898
97898
97902
97911
97922
97939
97953
97959
97959
97965
97993
97996
98004
98011
98017
98018
98025
98040
98048
98062
98088
98099
98108
98109
98122
98141
98143
98148
98154
98158
98194
98198
98206
98209
98217
98223
98225
98253
98260
98261
98269
98271
98273
98291
98306
98335
98348
98357
98361
98367
98380
98404
98414
98421
98444
98471
98476
98480
98484
98492
98511
98523
98528
98529
98550
98553
98553
98559
98562
98562
98564
98568
98571
98581
98593
98602
98608
98612
98613
98617
98646
98648
98649
98651
98685
98688
98688
98690
98695
98698
98703
98709
98711
98712
98739
98744
98747
98748
98774
98789
98791
98809
98825
98847
98850
98850
98857
98882
98888
98901
98901
98905
98932
98937
98938
98984
98991
99010
99016
99020
99027
99029
99037
99040
99041
99042
99047
99048
99058
99063
99067
99073
99077
99083
99085
99103
99103
99126
99136
99137
99144
99152
99153
99180
99189
99202
99217
99218
99229
99232
99232
99246
99260
99274
99292
99303
99321
99322
99323
99354
99363
99372
99380
99388
99396
99398
99398
99409
99411
99413
99414
99421
99432
99448
99448
99449
99467
99469
99472
99488
99492
99498
99500
99510
99511
99539
99552
99553
99568
99569
99578
99593
99609
99610
99626
99627
99628
99631
99641
99652
99655
99665
99682
99693
99723
99732
99738
99750
99755
99755
99762
99766
99767
99789
99812
99817
99833
99837
99854
99866
99876
99879
99885
99894
99901
99905
99914
99916
99997
99998
