0
5
5
21
41
52
64
79
83
90
132
142
144
144
144
164
181
183
186
193
198
198
212
221
236
245
248
252
263
264
282
285
285
307
310
316
319
341
345
345
390
393
425
427
429
438
455
459
464
467
476
477
478
479
480
489
511
527
550
561
568
575
581
592
592
596
600
602
631
635
637
641
653
670
672
680
701
703
711
718
725
728
731
743
747
750
770
781
787
790
803
805
812
825
825
878
878
881
889
890
925
927
932
938
966
979
982
990
1015
1015
1034
1045
1047
1047
1053
1057
1070
1082
1090
1095
1108
1108
1109
1118
1127
1150
1155
1169
1184
1186
1204
1208
1228
1238
1241
1243
1246
1291
1294
1300
1304
1313
1323
1335
1343
1375
1375
1376
1386
1389
1399
1405
1431
1434
1445
1452
1487
1498
1502
1508
1516
1519
1527
1538
1541
1548
1560
1560
1566
1569
1578
1593
1593
1605
1612
1612
1614
1633
1669
1692
1697
1697
1709
1723
1732
1757
1758
1758
1772
1788
1796
1796
1798
1805
1813
1822
1822
1825
1827
1835
1856
1867
1875
1889
1893
1899
1905
1909
1909
1913
1921
1923
1927
1928
1935
1951
1976
1985
1992
1995
2007
2007
2033
2033
2039
2066
2075
2083
2084
2084
2096
2098
2102
2110
2111
2113
2122
2123
2135
2147
2196
2219
2240
2248
2254
2255
2262
2269
2300
2315
2323
2339
2366
2374
2376
2380
2385
2389
2427
2430
2436
2437
2452
2475
2479
2480
2482
2487
2489
2493
2500
2504
2533
2549
2549
2555
2562
2580
2582
2583
2601
2608
2612
2612
2628
2661
2674
2681
2681
2689
2699
2699
2706
2711
2724
2731
2743
2745
2757
2757
2765
2780
2781
2783
2786
2793
2794
2803
2805
2825
2835
2842
2853
2859
2864
2875
2894
2900
2912
2912
2938
2939
2950
2950
2952
2961
2972
2981
2986
2987
2989
3009
3012
3019
3038
3131
3143
3146
3165
3171
3173
3175
3190
3191
3212
3221
3228
3233
3241
3251
3252
3252
3266
3285
3297
3303
3308
3317
3330
3344
3347
3353
3358
3359
3363
3386
3392
3412
3416
3421
3431
3445
3446
3476
3476
3500
3514
3515
3525
3546
3547
3556
3559
3570
3595
3606
3609
3616
3621
3630
3640
3654
3670
3673
3675
3699
3700
3706
3712
3714
3720
3741
3751
3762
3763
3777
3781
3802
3805
3812
3816
3827
3831
3832
3836
3844
3848
3858
3867
3883
3883
3888
3889
3897
3935
3947
3961
3962
3970
3972
3978
3993
4002
4006
4024
4037
4075
4091
4106
4131
4145
4165
4166
4174
4177
4183
4184
4190
4207
4211
4213
4234
4234
4238
4245
4248
4256
4262
4270
4273
4284
4293
4293
4297
4299
4311
4317
4327
4332
4332
4347
4347
4349
4368
4387
4400
4401
4404
4407
4422
4434
4435
4441
4445
4453
4453
4459
4468
4470
4471
4472
4477
4477
4479
4480
4484
4492
4520
4525
4533
4544
4552
4554
4555
4562
4583
4615
4633
4634
4651
4664
4669
4672
4677
4701
4710
4729
4735
4738
4750
4759
4760
4765
4787
4787
4794
4811
4822
4841
4846
4882
4889
4913
4915
4917
4921
4924
4925
4929
4931
4933
4942
4954
4956
5015
5018
5019
5029
5032
5034
5039
5044
5064
5068
5071
5074
5078
5088
5094
5106
5116
5121
5125
5138
5140
5143
5174
5188
5247
5253
5267
5272
5277
5279
5309
5339
5347
5351
5356
5363
5386
5409
5412
5413
5426
5427
5437
5451
5465
5477
5498
5505
5521
5521
5531
5543
5544
5562
5584
5591
5592
5599
5611
5619
5627
5629
5634
5641
5649
5659
5659
5729
5747
5749
5750
5759
5780
5789
5800
5804
5823
5844
5855
5869
5880
5894
5901
5903
5950
5951
5963
5989
5991
6010
6011
6017
6018
6035
6046
6050
6085
6090
6093
6116
6122
6138
6142
6164
6169
6171
6174
6201
6219
6221
6222
6227
6241
6243
6245
6260
6263
6264
6281
6285
6300
6313
6315
6317
6320
6349
6369
6372
6372
6374
6389
6394
6419
6435
6437
6440
6446
6463
6475
6475
6482
6483
6504
6516
6549
6553
6554
6559
6565
6570
6580
6581
6587
6593
6618
6654
6657
6666
6694
6709
6721
6722
6722
6737
6743
6755
6775
6781
6783
6795
6797
6797
6812
6819
6852
6870
6898
6901
6921
6926
6929
6930
6934
6934
6976
6977
6989
7000
7006
7013
7022
7027
7039
7049
7049
7055
7057
7067
7094
7097
7102
7104
7120
7136
7150
7155
7157
7162
7163
7168
7173
7192
7193
7197
7211
7212
7231
7239
7249
7253
7253
7259
7277
7292
7322
7335
7349
7362
7368
7389
7404
7405
7405
7412
7425
7441
7444
7445
7465
7468
7473
7477
7483
7493
7499
7509
7518
7528
7553
7560
7563
7566
7574
7580
7589
7597
7611
7613
7614
7616
7617
7630
7634
7638
7640
7649
7649
7652
7653
7658
7665
7666
7670
7679
7684
7694
7712
7716
7722
7728
7728
7732
7732
7739
7772
7779
7781
7792
7795
7803
7815
7837
7837
7850
7851
7859
7866
7871
7901
7902
7904
7912
7913
7919
7937
7955
7967
7980
7983
7986
8001
8005
8008
8037
8050
8084
8087
8090
8091
8092
8101
8114
8115
8128
8133
8136
8149
8163
8189
8193
8204
8208
8210
8220
8221
8222
8229
8229
8234
8261
8282
8288
8329
8330
8348
8386
8406
8423
8423
8428
8432
8465
8488
8491
8493
8497
8510
8511
8522
8527
8529
8539
8551
8551
8556
8569
8582
8589
8605
8618
8622
8635
8648
8658
8669
8677
8685
8693
8700
8700
8715
8744
8757
8760
8775
8775
8776
8777
8781
8782
8793
8794
8798
8825
8830
8839
8845
8858
8872
8884
8897
8898
8921
8936
8938
8942
8950
8960
8966
8996
8997
9010
9013
9038
9039
9048
9049
9056
9077
9078
9104
9114
9116
9120
9152
9155
9161
9161
9182
9204
9235
9244
9249
9258
9268
9271
9284
9287
9288
9293
9334
9337
9364
9372
9372
9376
9385
9389
9397
9410
9440
9447
9464
9471
9473
9479
9482
9488
9491
9513
9518
9520
9540
9543
9547
9548
9555
9570
9571
9578
9639
9645
9646
9650
9663
9665
9669
9675
9690
9714
9738
9753
9767
9769
9774
9791
9799
9807
9807
9824
9833
9852
9855
9862
9897
9904
9939
9964
9965
9977
9992
9994
10008
10014
10020
10024
10025
10032
10041
10051
10074
10081
10086
10090
10095
10104
10108
10122
10139
10141
10142
10142
10144
10150
10172
10173
10185
10209
10219
10239
10257
10258
10296
10302
10310
10311
10314
10316
10326
10328
10337
10338
10343
10360
10377
10380
10382
10391
10424
10426
10447
10451
10458
10479
10482
10502
10504
10525
10548
10567
10576
10582
10587
10589
10590
10615
10617
10629
10636
10638
10651
10666
10671
10691
10716
10755
10757
10769
10771
10779
10779
10781
10781
10797
10823
10832
10832
10851
10861
10872
10906
10908
10933
10933
10941
10941
10953
10958
10984
10993
10996
10997
10999
11018
11030
11036
11059
11059
11061
11080
11113
11119
11123
11126
11141
11148
11154
11164
11192
11196
11213
11282
11295
11327
11346
11361
11373
11378
11385
11387
11417
11421
11437
11437
11439
11439
11441
11441
11442
11475
11506
11518
11520
11524
11532
11548
11559
11567
11569
11575
11585
11586
11599
11600
11643
11660
11666
11683
11704
11708
11717
11738
11740
11749
11756
11764
11765
11797
11819
11822
11823
11843
11889
11889
11896
11906
11907
11908
11913
11917
11937
11980
11985
12005
12021
12070
12075
12081
12082
12093
12097
12099
12112
12125
12128
12146
12160
12161
12166
12168
12176
12192
12194
12199
12211
12236
12239
12250
12261
12266
12279
12284
12291
12320
12332
12335
12371
12387
12407
12426
12443
12454
12464
12470
12473
12483
12488
12503
12514
12517
12520
12530
12533
12535
12536
12580
12591
12614
12618
12622
12639
12656
12666
12673
12682
12692
12704
12705
12708
12710
12723
12729
12735
12742
12742
12744
12749
12757
12766
12774
12774
12801
12810
12822
12830
12831
12837
12847
12854
12858
12869
12882
12887
12894
12895
12924
12928
12938
12940
12948
12987
12997
13002
13004
13006
13009
13012
13012
13024
13030
13039
13041
13049
13056
13069
13076
13083
13084
13089
13098
13104
13130
13149
13166
13167
13177
13182
13182
13192
13196
13198
13214
13229
13233
13239
13239
13242
13258
13262
13264
13266
13270
13271
13282
13282
13284
13294
13302
13321
13335
13336
13340
13348
13361
13364
13377
13383
13384
13394
13403
13410
13428
13435
13461
13462
13463
13490
13514
13525
13535
13535
13536
13538
13541
13542
13546
13548
13572
13600
13603
13613
13615
13620
13626
13629
13633
13658
13668
13675
13682
13697
13714
13726
13735
13776
13791
13798
13801
13830
13835
13862
13862
13867
13881
13890
13904
13914
13914
13916
13924
13934
13940
13952
13978
13991
14000
14001
14028
14030
14045
14056
14065
14098
14107
14122
14125
14132
14186
14208
14223
14230
14231
14237
14239
14255
14268
14291
14295
14307
14314
14335
14341
14342
14349
14426
14437
14439
14449
14451
14461
14474
14484
14488
14500
14503
14504
14521
14526
14535
14550
14562
14573
14577
14584
14588
14588
14593
14597
14609
14616
14619
14627
14641
14647
14683
14684
14695
14706
14714
14735
14764
14765
14779
14781
14799
14802
14803
14805
14843
14852
14884
14914
14915
14920
14932
14945
14977
14978
14979
14989
15000
15009
15011
15016
15025
15028
15034
15049
15060
15113
15114
15114
15117
15131
15132
15132
15141
15149
15166
15176
15178
15193
15207
15208
15243
15275
15275
15278
15281
15281
15284
15305
15317
15331
15340
15343
15356
15360
15373
15386
15390
15399
15407
15433
15435
15454
15466
15466
15469
15479
15484
15487
15490
15491
15492
15500
15516
15527
15544
15548
15554
15574
15588
15589
15589
15604
15604
15617
15621
15629
15638
15650
15665
15684
15693
15704
15714
15720
15739
15745
15764
15787
15835
15838
15851
15854
15860
15863
15910
15918
15921
15930
15947
15971
15977
15985
16010
16032
16052
16056
16082
16094
16112
16146
16168
16168
16174
16179
16186
16208
16217
16218
16222
16233
16240
16245
16265
16266
16274
16277
16277
16306
16317
16333
16346
16357
16363
16366
16398
16410
16417
16431
16440
16444
16459
16464
16474
16482
16483
16486
16496
16506
16508
16511
16536
16545
16564
16576
16580
16583
16598
16607
16614
16616
16631
16666
16676
16698
16699
16705
16710
16741
16761
16761
16765
16767
16770
16808
16819
16827
16829
16833
16836
16842
16846
16847
16847
16852
16872
16884
16895
16911
16914
16920
16925
16933
16945
16948
16951
16961
16969
16993
17009
17010
17032
17054
17067
17076
17077
17081
17085
17090
17092
17104
17108
17119
17146
17157
17158
17159
17161
17167
17175
17178
17188
17190
17192
17199
17211
17214
17218
17218
17237
17255
17259
17278
17288
17341
17345
17363
17368
17375
17377
17400
17400
17406
17410
17411
17412
17414
17435
17444
17449
17449
17453
17460
17461
17462
17463
17487
17488
17489
17491
17515
17565
17569
17577
17581
17589
17593
17595
17603
17603
17604
17616
17616
17626
17630
17635
17643
17644
17645
17667
17677
17700
17708
17719
17723
17729
17729
17739
17748
17749
17760
17786
17804
17806
17823
17829
17857
17879
17888
17892
17898
17904
17904
17907
17914
17920
17921
17923
17953
17966
17968
17968
17972
17975
17978
17991
18000
18022
18024
18028
18034
18053
18067
18067
18079
18101
18103
18109
18112
18116
18126
18144
18155
18162
18168
18181
18188
18190
18211
18218
18222
18231
18231
18233
18245
18249
18250
18252
18252
18290
18290
18310
18315
18330
18358
18379
18399
18403
18408
18417
18443
18445
18447
18449
18460
18472
18474
18481
18502
18506
18514
18527
18531
18533
18560
18572
18580
18587
18588
18591
18599
18604
18613
18624
18627
18640
18655
18660
18676
18680
18687
18694
18695
18695
18699
18699
18706
18709
18718
18747
18765
18771
18771
18775
18778
18779
18786
18798
18836
18845
18852
18862
18874
18884
18888
18889
18900
18910
18919
18930
18938
18939
18973
18980
18992
18994
19016
19021
19037
19061
19073
19077
19088
19106
19112
19127
19137
19140
19142
19155
19161
19163
19172
19202
19212
19220
19221
19229
19245
19255
19257
19263
19266
19268
19272
19273
19277
19294
19294
19309
19331
19331
19335
19335
19346
19348
19356
19357
19360
19367
19380
19381
19402
19443
19447
19475
19476
19479
19491
19503
19508
19510
19512
19531
19535
19540
19558
19566
19583
19593
19604
19644
19650
19651
19678
19693
19695
19696
19714
19722
19725
19739
19748
19757
19758
19758
19773
19780
19787
19787
19810
19828
19829
19831
19833
19838
19867
19881
19894
19905
19920
19927
19954
19959
19963
19976
19994
20004
20006
20017
20022
20028
20032
20042
20044
20053
20065
20068
20069
20079
20096
20102
20118
20123
20142
20145
20165
20169
20177
20178
20179
20186
20208
20210
20212
20221
20225
20259
20300
20304
20309
20314
20333
20341
20342
20353
20353
20355
20373
20414
20417
20428
20441
20455
20468
20475
20508
20535
20560
20567
20571
20582
20593
20601
20607
20610
20612
20629
20645
20670
20676
20700
20730
20731
20736
20747
20748
20771
20785
20786
20799
20811
20839
20851
20862
20874
20881
20904
20906
20918
20927
20930
20932
20935
20943
20949
20969
20987
20991
21001
21010
21014
21018
21036
21044
21114
21117
21120
21149
21158
21161
21173
21198
21205
21211
21218
21237
21243
21247
21254
21266
21285
21296
21337
21338
21347
21358
21382
21401
21421
21424
21426
21440
21441
21453
21458
21459
21481
21489
21507
21512
21514
21516
21518
21518
21520
21529
21538
21539
21541
21550
21563
21587
21590
21592
21593
21594
21607
21622
21626
21654
21655
21657
21662
21681
21692
21696
21712
21726
21728
21746
21759
21763
21770
21797
21798
21810
21812
21817
21832
21839
21841
21847
21883
21895
21906
21918
21939
21946
21952
21961
21969
21977
21986
21986
22005
22006
22019
22020
22028
22055
22058
22062
22073
22088
22092
22093
22101
22109
22110
22114
22137
22162
22165
22179
22194
22198
22203
22207
22208
22215
22231
22239
22249
22253
22254
22272
22275
22303
22307
22333
22335
22336
22363
22366
22384
22384
22392
22404
22406
22409
22417
22435
22446
22449
22464
22475
22492
22498
22542
22550
22562
22568
22570
22581
22588
22588
22592
22610
22614
22617
22621
22625
22633
22653
22659
22666
22670
22672
22676
22693
22704
22716
22742
22744
22763
22773
22784
22799
22817
22824
22826
22833
22840
22854
22871
22897
22906
22924
22927
22929
22933
22944
22990
22998
23007
23044
23049
23074
23083
23096
23106
23114
23124
23127
23130
23133
23135
23140
23141
23151
23154
23154
23165
23173
23185
23185
23208
23212
23226
23229
23248
23302
23307
23313
23315
23323
23324
23334
23358
23361
23372
23389
23395
23402
23421
23429
23450
23450
23457
23474
23515
23527
23536
23575
23600
23608
23616
23650
23663
23664
23678
23682
23688
23698
23710
23720
23743
23752
23766
23767
23775
23846
23849
23854
23897
23901
23921
23953
23958
23972
23972
23992
23996
24007
24011
24016
24020
24038
24054
24056
24060
24062
24065
24087
24088
24112
24114
24116
24117
24120
24133
24134
24141
24144
24156
24161
24166
24176
24186
24209
24219
24249
24288
24316
24320
24330
24341
24357
24363
24368
24374
24378
24395
24398
24399
24413
24414
24414
24420
24436
24438
24443
24464
24490
24492
24535
24551
24553
24577
24594
24596
24600
24608
24621
24622
24625
24629
24645
24656
24660
24661
24673
24674
24708
24714
24722
24725
24727
24728
24753
24763
24788
24819
24819
24828
24841
24855
24866
24866
24877
24883
24885
24900
24916
24930
24937
24945
24962
24967
24967
24975
24978
24980
24985
24990
24991
25056
25056
25061
25071
25078
25091
25107
25108
25112
25128
25146
25157
25158
25158
25160
25165
25174
25207
25221
25224
25235
25249
25252
25254
25255
25281
25282
25285
25286
25288
25307
25310
25316
25322
25334
25338
25341
25367
25404
25424
25438
25443
25446
25491
25504
25515
25533
25533
25536
25537
25542
25552
25573
25578
25589
25590
25592
25598
25609
25610
25647
25654
25679
25680
25693
25698
25709
25716
25717
25728
25755
25755
25761
25766
25767
25782
25784
25799
25804
25822
25827
25828
25852
25887
25891
25891
25918
25925
25933
25943
25957
25964
25970
25987
25993
26032
26036
26075
26081
26108
26114
26120
26124
26129
26137
26180
26210
26213
26218
26219
26225
26232
26237
26246
26250
26252
26261
26265
26265
26298
26302
26305
26323
26326
26331
26333
26342
26344
26399
26401
26414
26418
26419
26421
26426
26457
26459
26460
26462
26469
26493
26506
26524
26525
26531
26543
26554
26555
26566
26568
26570
26595
26599
26604
26604
26611
26619
26629
26629
26629
26649
26656
26679
26681
26691
26702
26712
26718
26728
26771
26785
26793
26808
26809
26811
26814
26822
26828
26845
26861
26887
26887
26888
26894
26898
26913
26915
26929
26935
26949
26955
26977
26994
27001
27018
27028
27034
27038
27049
27052
27073
27076
27078
27105
27122
27136
27136
27139
27139
27149
27156
27183
27210
27215
27215
27225
27256
27264
27264
27266
27270
27275
27280
27282
27285
27295
27295
27300
27305
27313
27317
27321
27355
27368
27369
27373
27383
27393
27404
27407
27421
27423
27428
27438
27450
27460
27462
27475
27485
27510
27515
27519
27524
27524
27535
27552
27553
27559
27591
27603
27621
27624
27639
27655
27663
27665
27714
27717
27718
27744
27758
27758
27759
27761
27765
27777
27798
27838
27860
27869
27873
27885
27893
27904
27913
27946
27962
27969
27981
28018
28019
28020
28025
28028
28037
28050
28055
28070
28072
28077
28090
28095
28108
28115
28144
28155
28169
28177
28180
28184
28189
28192
28196
28203
28228
28245
28266
28269
28280
28280
28281
28285
28300
28313
28350
28362
28365
28372
28394
28401
28402
28435
28447
28452
28464
28473
28484
28495
28511
28519
28524
28530
28534
28539
28540
28554
28557
28560
28561
28562
28571
28572
28577
28582
28587
28598
28611
28634
28648
28651
28688
28692
28695
28698
28711
28711
28724
28728
28734
28735
28738
28747
28751
28776
28781
28790
28796
28814
28822
28833
28837
28838
28842
28842
28844
28860
28873
28874
28885
28917
28917
28936
28942
28945
28947
28951
28966
28971
28978
28998
29001
29006
29012
29013
29033
29047
29052
29056
29057
29063
29071
29092
29094
29126
29133
29147
29151
29166
29172
29173
29175
29175
29184
29193
29197
29203
29206
29207
29210
29223
29240
29243
29252
29273
29300
29305
29308
29321
29327
29339
29405
29419
29431
29444
29444
29454
29454
29456
29476
29486
29489
29490
29491
29494
29495
29499
29529
29530
29531
29532
29535
29543
29545
29551
29572
29595
29625
29643
29645
29654
29660
29680
29697
29698
29704
29714
29715
29721
29731
29743
29754
29765
29765
29767
29786
29794
29796
29805
29809
29812
29833
29841
29851
29854
29866
29871
29872
29886
29935
29941
29942
29955
29957
29961
29962
29967
29970
29978
30007
30008
30019
30057
30064
30065
30072
30077
30098
30110
30123
30126
30147
30147
30164
30168
30176
30177
30181
30204
30208
30225
30250
30256
30268
30270
30273
30281
30283
30283
30293
30305
30315
30326
30327
30328
30328
30331
30333
30342
30363
30377
30395
30400
30401
30405
30426
30427
30431
30448
30456
30462
30469
30474
30483
30485
30485
30487
30492
30512
30535
30536
30537
30538
30549
30553
30558
30559
30567
30573
30575
30575
30584
30601
30611
30617
30621
30671
30688
30693
30708
30713
30717
30731
30742
30754
30756
30762
30764
30764
30815
30830
30835
30836
30850
30857
30871
30879
30882
30905
30911
30919
30922
30923
30942
30943
30956
30961
30963
30968
30974
30976
31007
31009
31009
31013
31019
31022
31023
31023
31030
31042
31043
31064
31067
31073
31078
31083
31089
31098
31112
31115
31123
31133
31138
31144
31149
31149
31167
31177
31181
31188
31199
31262
31262
31276
31281
31284
31296
31298
31298
31310
31318
31328
31329
31330
31332
31346
31348
31348
31352
31353
31367
31371
31374
31381
31389
31409
31420
31427
31438
31447
31449
31455
31457
31483
31491
31509
31521
31523
31545
31553
31622
31637
31646
31657
31659
31670
31693
31703
31708
31737
31744
31748
31750
31764
31779
31788
31795
31797
31802
31802
31806
31812
31817
31825
31827
31834
31848
31850
31859
31864
31866
31884
31895
31909
31934
31971
31972
31986
31987
31995
32005
32024
32039
32059
32076
32078
32093
32098
32100
32111
32120
32127
32144
32149
32149
32153
32158
32161
32161
32176
32187
32190
32192
32196
32200
32201
32212
32215
32218
32224
32253
32264
32277
32277
32285
32290
32292
32311
32317
32335
32342
32353
32354
32361
32371
32390
32397
32398
32404
32412
32415
32430
32433
32439
32450
32453
32469
32487
32489
32491
32521
32535
32538
32544
32550
32554
32557
32566
32607
32634
32641
32646
32657
32663
32724
32729
32734
32748
32768
32779
32796
32805
32810
32819
32821
32826
32849
32853
32860
32866
32869
32879
32901
32908
32941
32945
32978
33016
33030
33039
33047
33052
33068
33077
33119
33120
33129
33136
33148
33164
33166
33179
33218
33264
33281
33285
33286
33289
33294
33295
33301
33304
33308
33315
33350
33354
33356
33362
33376
33382
33387
33392
33400
33425
33461
33507
33535
33542
33553
33554
33570
33581
33583
33585
33589
33602
33629
33636
33667
33716
33719
33741
33753
33759
33762
33768
33769
33775
33785
33789
33797
33799
33806
33818
33824
33844
33846
33853
33871
33885
33902
33915
33918
33935
33935
33953
33979
33987
33992
33993
33993
34002
34018
34019
34019
34021
34027
34029
34032
34032
34046
34049
34050
34079
34085
34094
34096
34106
34108
34126
34143
34148
34161
34187
34196
34231
34246
34253
34255
34269
34275
34319
34330
34353
34374
34380
34391
34394
34411
34444
34448
34454
34466
34468
34494
34503
34505
34505
34508
34511
34517
34531
34538
34553
34569
34571
34579
34603
34619
34622
34632
34641
34648
34666
34672
34684
34693
34707
34713
34723
34736
34739
34742
34749
34752
34760
34768
34777
34785
34804
34815
34818
34819
34822
34824
34825
34829
34834
34842
34847
34848
34863
34869
34876
34877
34901
34907
34916
34922
34922
34950
34984
34996
35040
35049
35050
35054
35072
35080
35100
35121
35130
35154
35159
35166
35173
35227
35229
35236
35248
35255
35270
35273
35280
35281
35284
35302
35303
35313
35320
35331
35374
35375
35384
35392
35414
35419
35420
35430
35432
35447
35455
35455
35463
35472
35474
35475
35478
35483
35506
35529
35548
35551
35552
35553
35556
35572
35584
35587
35592
35594
35607
35613
35615
35626
35626
35631
35636
35642
35648
35654
35682
35689
35718
35724
35725
35728
35742
35767
35775
35777
35795
35796
35808
35827
35832
35832
35840
35882
35896
35898
35898
35911
35915
35917
35941
35960
35971
35973
36002
36010
36023
36035
36038
36041
36043
36045
36067
36077
36082
36085
36142
36146
36146
36147
36160
36177
36181
36184
36195
36196
36211
36213
36222
36256
36298
36299
36319
36320
36331
36332
36341
36342
36346
36360
36370
36372
36381
36396
36404
36407
36440
36444
36455
36459
36465
36467
36469
36491
36499
36503
36521
36531
36534
36534
36547
36556
36561
36589
36597
36602
36606
36608
36622
36649
36650
36652
36665
36681
36684
36687
36689
36705
36708
36711
36714
36722
36739
36755
36761
36762
36766
36770
36782
36785
36786
36800
36806
36806
36812
36824
36828
36832
36854
36860
36870
36870
36883
36888
36912
36914
36929
36938
36953
36986
36987
37006
37007
37009
37020
37052
37091
37093
37102
37124
37135
37142
37152
37172
37182
37187
37198
37201
37201
37203
37218
37218
37232
37266
37268
37300
37303
37307
37309
37320
37324
37325
37337
37351
37363
37364
37371
37383
37391
37405
37412
37421
37431
37452
37457
37467
37501
37525
37526
37536
37550
37560
37572
37572
37579
37588
37601
37608
37611
37625
37630
37636
37636
37642
37648
37658
37670
37671
37687
37697
37702
37703
37705
37709
37714
37725
37742
37758
37770
37776
37779
37786
37797
37803
37812
37818
37823
37827
37829
37837
37841
37841
37865
37876
37878
37890
37896
37903
37914
37918
37942
37945
37946
37947
37978
37983
37993
37999
38015
38033
38035
38039
38043
38046
38047
38079
38113
38117
38121
38128
38131
38140
38152
38155
38169
38172
38182
38184
38209
38210
38230
38233
38248
38282
38290
38293
38304
38316
38325
38347
38349
38354
38355
38372
38383
38384
38386
38386
38398
38399
38403
38405
38412
38414
38417
38418
38424
38436
38441
38452
38463
38468
38474
38482
38491
38493
38497
38499
38507
38526
38534
38549
38567
38568
38595
38597
38608
38618
38679
38706
38720
38720
38734
38737
38748
38770
38791
38800
38803
38814
38823
38824
38841
38852
38852
38867
38870
38886
38891
38915
38924
38925
38928
38933
38947
38965
38984
39014
39015
39020
39022
39030
39055
39072
39076
39078
39094
39098
39110
39116
39122
39124
39129
39134
39139
39139
39139
39154
39169
39174
39188
39190
39201
39202
39229
39237
39238
39245
39266
39267
39278
39289
39311
39318
39324
39329
39354
39354
39384
39385
39386
39405
39412
39426
39427
39441
39463
39472
39484
39492
39526
39527
39532
39537
39539
39559
39564
39589
39598
39628
39651
39658
39673
39696
39703
39710
39715
39719
39745
39745
39758
39767
39779
39783
39789
39793
39813
39816
39827
39832
39838
39845
39853
39856
39867
39895
39897
39922
39928
39930
39942
39945
39946
39946
39947
39956
39956
39962
39989
40025
40029
40059
40066
40069
40087
40089
40105
40119
40120
40168
40170
40171
40185
40201
40204
40210
40222
40223
40230
40235
40266
40275
40285
40302
40302
40305
40311
40328
40333
40349
40355
40368
40372
40373
40378
40381
40383
40393
40397
40407
40428
40431
40439
40450
40462
40465
40470
40472
40484
40484
40500
40529
40530
40556
40576
40595
40626
40630
40636
40638
40659
40672
40679
40735
40741
40744
40770
40778
40782
40789
40797
40798
40810
40821
40849
40857
40857
40857
40870
40875
40880
40883
40910
40911
40919
40922
40948
40949
40953
40978
40996
41006
41020
41025
41035
41042
41049
41054
41062
41081
41086
41101
41116
41124
41145
41156
41162
41167
41168
41180
41181
41187
41191
41197
41203
41205
41225
41229
41245
41251
41255
41288
41291
41307
41320
41329
41345
41371
41372
41376
41389
41396
41408
41413
41418
41426
41427
41434
41446
41457
41464
41471
41489
41516
41524
41547
41553
41555
41571
41576
41581
41585
41588
41600
41607
41615
41620
41622
41630
41630
41648
41654
41657
41658
41669
41691
41715
41722
41732
41735
41742
41754
41755
41765
41772
41780
41792
41806
41821
41838
41884
41889
41903
41915
41939
41975
42012
42034
42072
42082
42097
42109
42127
42137
42142
42143
42172
42175
42177
42180
42185
42197
42210
42213
42215
42225
42235
42241
42274
42280
42283
42292
42294
42307
42314
42324
42344
42392
42397
42402
42418
42418
42431
42441
42447
42460
42466
42473
42481
42492
42503
42508
42533
42542
42545
42575
42577
42582
42582
42584
42616
42622
42631
42634
42642
42646
42647
42700
42716
42731
42734
42763
42778
42788
42801
42806
42823
42829
42839
42844
42845
42846
42847
42850
42867
42888
42912
42917
42923
42930
42930
42936
42941
42965
42986
43015
43043
43045
43048
43053
43084
43085
43090
43090
43101
43103
43108
43133
43134
43152
43153
43160
43162
43163
43174
43184
43197
43199
43199
43210
43244
43244
43247
43278
43290
43292
43324
43334
43342
43342
43354
43362
43367
43371
43404
43405
43420
43425
43429
43456
43457
43460
43465
43480
43480
43481
43482
43485
43486
43486
43488
43516
43520
43522
43527
43548
43561
43569
43584
43606
43619
43623
43624
43638
43640
43656
43665
43676
43686
43695
43703
43717
43745
43745
43745
43756
43759
43762
43768
43798
43822
43823
43836
43839
43846
43851
43854
43872
43885
43889
43894
43895
43898
43899
43929
43934
43980
43981
43985
43988
44011
44023
44025
44034
44035
44070
44071
44098
44098
44100
44112
44120
44121
44123
44125
44128
44136
44139
44148
44152
44160
44164
44183
44200
44206
44234
44242
44243
44256
44270
44275
44276
44280
44287
44293
44323
44350
44403
44406
44408
44410
44414
44414
44428
44437
44452
44464
44491
44495
44510
44515
44544
44552
44560
44564
44565
44576
44578
44590
44600
44601
44610
44631
44639
44645
44647
44650
44652
44696
44698
44698
44701
44734
44741
44763
44790
44796
44801
44809
44811
44834
44839
44851
44860
44861
44863
44886
44887
44887
44893
44904
44904
44922
44925
44939
44945
44945
44983
44996
45005
45021
45033
45041
45057
45066
45070
45089
45089
45095
45106
45114
45139
45148
45151
45163
45171
45177
45192
45192
45199
45216
45230
45243
45251
45268
45321
45330
45332
45343
45351
45374
45378
45381
45390
45415
45432
45433
45436
45438
45445
45447
45448
45449
45449
45451
45456
45464
45467
45499
45503
45507
45508
45519
45520
45522
45523
45539
45544
45544
45563
45567
45568
45577
45581
45598
45603
45606
45607
45607
45631
45636
45641
45649
45662
45664
45665
45668
45681
45681
45682
45683
45690
45704
45707
45711
45724
45740
45743
45753
45755
45757
45760
45761
45766
45778
45781
45793
45801
45814
45818
45822
45825
45826
45830
45838
45846
45855
45855
45865
45868
45888
45894
45895
45912
45918
45927
45938
45994
46031
46040
46044
46061
46072
46077
46081
46109
46135
46151
46162
46172
46178
46181
46224
46227
46234
46242
46272
46292
46303
46310
46323
46345
46370
46371
46374
46375
46388
46394
46395
46407
46409
46411
46424
46429
46435
46439
46455
46456
46456
46473
46490
46508
46519
46529
46536
46613
46624
46625
46630
46637
46654
46665
46672
46672
46672
46674
46688
46690
46692
46723
46729
46731
46737
46746
46746
46758
46759
46780
46792
46833
46838
46839
46840
46849
46863
46876
46878
46889
46890
46894
46905
46907
46909
46910
46930
46937
46937
46950
46975
46999
47014
47017
47021
47030
47032
47037
47041
47046
47054
47065
47088
47099
47121
47126
47138
47140
47165
47169
47175
47189
47193
47198
47204
47211
47214
47218
47221
47243
47252
47252
47262
47280
47297
47301
47310
47323
47336
47337
47338
47344
47346
47357
47361
47368
47387
47388
47394
47413
47423
47423
47448
47478
47482
47486
47491
47505
47508
47512
47524
47527
47535
47543
47553
47562
47562
47564
47587
47614
47638
47647
47653
47654
47665
47673
47679
47699
47701
47710
47741
47743
47768
47786
47814
47817
47829
47830
47839
47859
47864
47870
47876
47915
47930
47935
47936
47938
47962
47974
47976
47977
47984
47986
47986
47993
48006
48007
48009
48021
48022
48037
48042
48044
48045
48047
48059
48111
48112
48132
48150
48152
48176
48186
48197
48197
48224
48237
48243
48244
48257
48302
48308
48319
48323
48342
48349
48356
48357
48376
48385
48396
48398
48408
48413
48425
48439
48443
48477
48482
48483
48491
48506
48509
48516
48516
48523
48550
48564
48583
48589
48592
48599
48609
48623
48628
48643
48650
48650
48655
48655
48661
48663
48675
48679
48703
48727
48734
48745
48752
48759
48766
48783
48784
48803
48807
48812
48813
48818
48826
48833
48836
48837
48838
48841
48854
48869
48871
48879
48886
48901
48927
48941
48961
48978
48990
49007
49046
49055
49070
49080
49090
49094
49095
49102
49130
49137
49137
49155
49158
49166
49166
49182
49199
49245
49248
49254
49278
49280
49281
49342
49356
49362
49371
49376
49380
49383
49391
49403
49407
49409
49414
49421
49426
49436
49447
49465
49480
49509
49514
49516
49531
49559
49563
49591
49595
49604
49607
49625
49664
49666
49701
49703
49761
49773
49784
49785
49820
49838
49844
49846
49850
49851
49854
49859
49865
49881
49887
49889
49889
49891
49905
49907
49909
49915
49935
49940
49940
49978
49992
50058
50060
50063
50085
50086
50125
50131
50141
50158
50159
50161
50205
50234
50244
50247
50256
50278
50278
50320
50321
50323
50340
50344
50376
50392
50398
50400
50415
50419
50431
50435
50435
50442
50442
50446
50483
50489
50496
50501
50511
50542
50566
50587
50591
50592
50600
50608
50626
50633
50637
50670
50686
50693
50694
50699
50714
50731
50739
50740
50744
50765
50789
50806
50822
50831
50833
50835
50837
50843
50861
50883
50935
50949
50958
50963
50966
50973
50979
50993
51000
51007
51007
51009
51051
51058
51059
51086
51096
51099
51107
51108
51116
51143
51147
51153
51179
51182
51188
51203
51206
51208
51227
51227
51242
51273
51274
51289
51295
51298
51300
51313
51324
51344
51353
51378
51390
51393
51401
51405
51408
51415
51454
51455
51473
51479
51485
51491
51500
51516
51533
51535
51539
51540
51541
51545
51583
51596
51603
51607
51614
51631
51640
51648
51648
51665
51689
51701
51702
51703
51723
51727
51729
51750
51756
51767
51768
51779
51782
51784
51800
51824
51857
51879
51883
51884
51888
51894
51899
51902
51909
51917
51952
51968
51982
51985
51989
52007
52013
52038
52044
52045
52049
52058
52062
52068
52074
52079
52079
52094
52095
52096
52135
52138
52149
52157
52222
52262
52273
52281
52283
52284
52293
52302
52316
52333
52339
52340
52343
52351
52352
52360
52363
52365
52378
52390
52395
52397
52399
52423
52426
52431
52431
52441
52449
52456
52466
52475
52484
52501
52504
52505
52546
52573
52589
52603
52612
52613
52633
52635
52647
52667
52680
52698
52705
52726
52727
52733
52752
52774
52780
52787
52789
52803
52854
52860
52862
52874
52884
52891
52892
52907
52909
52914
52925
52938
52941
52971
52991
52991
53006
53028
53033
53052
53058
53077
53084
53107
53124
53142
53145
53146
53147
53157
53175
53179
53183
53183
53192
53207
53209
53210
53210
53236
53265
53280
53287
53289
53292
53297
53300
53303
53310
53312
53312
53319
53332
53349
53352
53356
53364
53375
53378
53379
53380
53383
53388
53389
53438
53450
53452
53459
53473
53488
53490
53506
53510
53514
53529
53544
53572
53573
53595
53605
53618
53620
53627
53657
53661
53666
53668
53690
53712
53713
53715
53723
53725
53732
53734
53753
53757
53759
53760
53763
53773
53786
53787
53794
53802
53804
53805
53808
53815
53819
53822
53824
53832
53853
53875
53901
53902
53909
53931
53934
53953
53970
53975
53984
53993
53995
54001
54003
54041
54053
54054
54079
54080
54084
54085
54092
54101
54104
54106
54109
54115
54128
54145
54147
54153
54186
54192
54193
54212
54239
54251
54269
54287
54290
54316
54317
54332
54339
54351
54354
54360
54371
54384
54393
54412
54440
54443
54455
54458
54464
54466
54470
54480
54505
54506
54509
54536
54572
54587
54587
54592
54609
54618
54619
54654
54656
54660
54669
54673
54683
54716
54717
54727
54748
54756
54765
54770
54784
54799
54815
54831
54841
54842
54902
54918
54923
54928
54949
54956
54978
54993
55016
55016
55025
55027
55028
55029
55030
55047
55057
55059
55060
55062
55063
55068
55075
55078
55085
55089
55102
55127
55145
55150
55172
55192
55193
55207
55214
55226
55251
55262
55277
55280
55284
55296
55298
55299
55299
55317
55341
55351
55357
55360
55369
55371
55371
55397
55400
55405
55406
55414
55429
55450
55451
55451
55458
55482
55483
55489
55509
55510
55522
55522
55525
55530
55537
55539
55558
55571
55575
55576
55579
55580
55582
55590
55600
55604
55619
55623
55626
55638
55641
55652
55672
55678
55696
55699
55723
55723
55732
55751
55764
55810
55813
55820
55822
55824
55824
55825
55825
55863
55866
55871
55891
55893
55899
55904
55924
55924
55926
55952
55957
55975
55993
55999
56019
56030
56057
56062
56084
56091
56123
56127
56139
56173
56173
56175
56177
56202
56207
56219
56228
56231
56240
56254
56268
56269
56287
56288
56295
56297
56299
56304
56322
56322
56323
56323
56347
56350
56378
56383
56402
56406
56422
56428
56433
56445
56459
56462
56464
56467
56476
56482
56483
56489
56492
56510
56525
56529
56565
56566
56575
56594
56606
56612
56636
56646
56652
56660
56661
56661
56672
56676
56682
56685
56700
56710
56721
56722
56726
56727
56739
56740
56752
56756
56779
56779
56781
56781
56791
56792
56796
56802
56804
56824
56856
56862
56873
56880
56881
56898
56918
56926
56930
56944
56949
56986
56993
56993
57008
57009
57010
57012
57023
57030
57036
57042
57051
57060
57088
57113
57124
57131
57150
57159
57166
57192
57192
57238
57243
57247
57264
57273
57314
57328
57347
57356
57360
57382
57383
57384
57411
57415
57429
57437
57446
57466
57466
57476
57491
57493
57501
57506
57509
57523
57532
57545
57547
57548
57569
57593
57593
57595
57598
57617
57620
57621
57633
57646
57665
57675
57678
57680
57681
57695
57710
57712
57716
57729
57729
57745
57747
57753
57765
57795
57796
57808
57810
57816
57817
57842
57846
57847
57851
57863
57870
57872
57894
57897
57899
57900
57910
57915
57919
57931
57933
57944
57952
57958
57975
57978
57987
57991
58000
58009
58011
58025
58033
58053
58062
58063
58068
58068
58109
58117
58128
58149
58160
58165
58175
58183
58191
58199
58210
58211
58215
58220
58228
58242
58244
58244
58248
58305
58324
58352
58357
58370
58390
58405
58406
58412
58413
58414
58418
58450
58450
58462
58475
58490
58494
58494
58508
58514
58518
58520
58528
58537
58542
58542
58554
58559
58579
58585
58593
58598
58642
58646
58647
58666
58675
58684
58691
58691
58709
58709
58751
58758
58788
58806
58815
58823
58855
58864
58892
58911
58939
58954
58955
58956
58958
58961
58967
58983
58991
58997
58999
59009
59016
59016
59058
59060
59063
59083
59094
59098
59102
59129
59170
59173
59182
59183
59194
59209
59214
59215
59233
59239
59242
59244
59252
59262
59268
59273
59286
59290
59324
59347
59378
59394
59409
59422
59434
59458
59460
59462
59478
59488
59490
59507
59522
59531
59534
59535
59538
59544
59549
59555
59555
59565
59569
59587
59594
59598
59604
59633
59633
59636
59648
59651
59651
59669
59670
59680
59686
59693
59708
59727
59736
59742
59748
59749
59770
59783
59784
59788
59794
59815
59831
59863
59874
59881
59883
59887
59895
59916
59924
59947
59948
59952
59959
59965
59976
60001
60005
60018
60049
60066
60081
60085
60114
60117
60139
60141
60167
60176
60177
60182
60215
60216
60234
60236
60244
60261
60284
60295
60309
60319
60357
60368
60387
60393
60402
60403
60411
60419
60424
60424
60437
60437
60457
60465
60485
60490
60495
60496
60515
60539
60545
60550
60556
60559
60560
60564
60566
60568
60570
60586
60596
60599
60601
60616
60625
60629
60647
60667
60683
60686
60688
60696
60702
60719
60725
60726
60728
60734
60736
60751
60751
60752
60754
60759
60763
60768
60774
60777
60778
60781
60795
60796
60797
60807
60825
60831
60842
60854
60880
60883
60891
60892
60907
60936
60938
60952
60960
60965
60970
60971
61004
61009
61020
61025
61044
61045
61055
61056
61058
61066
61100
61107
61120
61141
61147
61153
61154
61154
61178
61190
61203
61208
61214
61216
61221
61252
61253
61253
61261
61263
61268
61283
61285
61295
61296
61300
61333
61334
61346
61353
61361
61365
61368
61374
61385
61390
61406
61418
61425
61435
61451
61456
61466
61466
61469
61472
61502
61528
61538
61543
61553
61567
61585
61603
61611
61614
61620
61626
61634
61662
61680
61698
61711
61728
61743
61758
61764
61773
61776
61781
61787
61804
61809
61812
61817
61819
61827
61834
61837
61839
61848
61850
61871
61912
61914
61916
61935
61939
61943
61965
61975
62001
62005
62024
62039
62068
62072
62074
62084
62094
62105
62130
62155
62174
62175
62186
62203
62211
62213
62214
62221
62242
62243
62249
62256
62260
62265
62284
62296
62296
62300
62316
62344
62364
62389
62390
62394
62397
62406
62407
62417
62427
62438
62447
62465
62466
62476
62481
62490
62494
62499
62506
62520
62524
62524
62553
62572
62581
62596
62620
62639
62644
62646
62648
62648
62652
62658
62664
62682
62692
62704
62739
62741
62751
62766
62791
62800
62809
62812
62817
62832
62852
62863
62865
62867
62900
62900
62912
62916
62924
62975
62975
62994
63009
63016
63034
63046
63048
63049
63058
63065
63065
63067
63070
63075
63093
63093
63096
63097
63100
63104
63114
63118
63124
63124
63132
63133
63141
63147
63155
63164
63168
63192
63193
63199
63206
63222
63227
63252
63265
63267
63268
63280
63283
63288
63294
63302
63309
63313
63316
63330
63336
63340
63346
63354
63377
63383
63387
63394
63396
63408
63417
63426
63429
63433
63436
63462
63465
63465
63474
63476
63489
63500
63503
63518
63518
63519
63532
63533
63537
63540
63542
63543
63547
63549
63555
63558
63563
63583
63590
63607
63607
63612
63626
63631
63643
63665
63666
63676
63687
63689
63704
63708
63715
63716
63717
63726
63734
63740
63744
63759
63764
63766
63809
63813
63815
63823
63823
63831
63837
63845
63870
63870
63871
63882
63887
63887
63892
63896
63906
63908
63909
63928
63941
63951
63962
63974
64016
64021
64029
64029
64031
64043
64053
64054
64056
64061
64065
64066
64074
64081
64082
64091
64117
64128
64132
64137
64139
64157
64161
64162
64169
64169
64171
64201
64205
64221
64229
64230
64270
64279
64283
64285
64289
64300
64309
64318
64321
64342
64344
64344
64345
64365
64373
64374
64378
64399
64417
64453
64456
64459
64465
64471
64473
64474
64476
64484
64488
64503
64520
64532
64542
64542
64544
64556
64574
64632
64634
64636
64654
64656
64665
64673
64673
64678
64705
64713
64719
64725
64727
64729
64741
64789
64811
64829
64831
64840
64847
64865
64877
64897
64900
64909
64929
64932
64943
64952
64964
64965
64994
65007
65008
65013
65017
65023
65030
65030
65037
65038
65045
65060
65074
65110
65114
65127
65151
65163
65182
65199
65201
65246
65246
65268
65277
65277
65303
65304
65309
65361
65367
65370
65375
65379
65392
65403
65419
65421
65425
65426
65429
65442
65453
65457
65466
65480
65490
65508
65513
65518
65522
65526
65537
65548
65558
65561
65567
65567
65575
65577
65580
65582
65583
65586
65586
65605
65618
65622
65634
65635
65655
65669
65670
65674
65685
65688
65689
65691
65696
65697
65703
65707
65732
65795
65797
65805
65808
65808
65813
65819
65845
65861
65861
65865
65866
65869
65881
65906
65907
65914
65916
65916
65942
65944
65948
65956
65958
65972
65977
65984
65994
65995
65998
66017
66030
66070
66078
66084
66097
66103
66114
66114
66131
66136
66145
66148
66153
66155
66195
66207
66208
66221
66224
66243
66244
66261
66277
66285
66292
66317
66322
66362
66371
66394
66406
66428
66433
66442
66449
66462
66473
66484
66496
66509
66513
66519
66530
66542
66547
66554
66561
66565
66575
66583
66593
66619
66633
66645
66652
66653
66659
66674
66684
66692
66694
66695
66704
66707
66751
66757
66764
66783
66783
66788
66810
66812
66814
66818
66831
66832
66884
66888
66893
66898
66901
66946
66950
66966
66975
66975
66989
66995
67009
67009
67011
67021
67025
67029
67030
67033
67069
67075
67081
67093
67103
67107
67120
67127
67134
67137
67141
67149
67153
67158
67176
67187
67197
67199
67202
67203
67205
67221
67227
67233
67259
67264
67266
67282
67311
67319
67326
67327
67337
67341
67351
67358
67360
67394
67405
67410
67416
67431
67448
67462
67467
67471
67475
67476
67492
67529
67531
67552
67561
67577
67578
67592
67592
67615
67625
67639
67645
67649
67653
67665
67671
67679
67679
67684
67690
67691
67697
67716
67749
67752
67755
67763
67769
67769
67772
67788
67791
67798
67800
67827
67832
67845
67860
67860
67862
67871
67872
67876
67884
67885
67886
67906
67911
67923
67934
67936
67944
67967
67974
67975
67981
67984
68012
68029
68033
68038
68044
68052
68061
68068
68070
68102
68105
68115
68122
68133
68147
68156
68168
68173
68189
68201
68211
68218
68220
68236
68241
68244
68248
68265
68273
68275
68276
68284
68286
68287
68293
68326
68332
68337
68338
68345
68345
68348
68353
68361
68364
68370
68390
68393
68399
68411
68418
68421
68429
68434
68440
68441
68443
68461
68467
68479
68482
68518
68526
68530
68530
68536
68547
68573
68594
68597
68624
68640
68642
68643
68645
68648
68661
68663
68699
68705
68753
68760
68762
68773
68774
68797
68810
68821
68823
68828
68829
68842
68843
68854
68865
68881
68914
68923
68925
68932
68933
68940
68940
68950
68956
68962
68973
68978
68979
68992
69002
69006
69027
69027
69056
69075
69094
69109
69110
69111
69112
69142
69142
69171
69187
69199
69248
69254
69270
69280
69282
69282
69282
69303
69305
69313
69318
69320
69321
69329
69345
69349
69356
69362
69367
69391
69391
69394
69413
69449
69457
69459
69498
69513
69515
69519
69530
69544
69547
69559
69570
69571
69571
69575
69602
69610
69613
69616
69622
69670
69673
69689
69719
69732
69737
69752
69760
69761
69769
69776
69776
69783
69805
69806
69809
69810
69818
69833
69840
69842
69845
69849
69858
69859
69864
69876
69886
69889
69898
69906
69924
69954
69960
69965
69987
69991
70008
70013
70019
70030
70032
70033
70034
70043
70054
70072
70073
70089
70111
70139
70143
70164
70171
70175
70190
70199
70227
70275
70277
70277
70297
70299
70301
70322
70327
70348
70356
70388
70393
70405
70410
70423
70425
70435
70437
70439
70477
70499
70502
70514
70515
70517
70542
70545
70547
70552
70568
70570
70573
70573
70593
70635
70638
70640
70661
70673
70697
70709
70735
70738
70739
70739
70748
70764
70776
70797
70815
70834
70837
70857
70880
70882
70887
70969
70970
70978
70982
70984
71006
71023
71024
71026
71031
71031
71040
71048
71067
71070
71079
71080
71082
71095
71096
71144
71146
71149
71152
71153
71153
71154
71164
71166
71174
71176
71231
71239
71270
71277
71284
71289
71300
71302
71303
71329
71332
71335
71386
71393
71399
71422
71423
71451
71461
71462
71478
71490
71499
71520
71533
71549
71581
71593
71607
71622
71623
71623
71663
71664
71685
71685
71686
71703
71706
71715
71726
71750
71766
71767
71772
71775
71782
71783
71802
71805
71806
71807
71812
71820
71830
71839
71841
71846
71851
71860
71869
71888
71907
71913
71913
71918
71926
71930
71931
71935
71937
71943
71951
71963
71965
71971
71983
71991
72014
72014
72016
72019
72023
72032
72040
72045
72050
72062
72073
72076
72078
72078
72095
72097
72121
72126
72136
72164
72167
72169
72176
72182
72187
72193
72202
72203
72204
72206
72218
72227
72235
72241
72245
72280
72294
72303
72308
72311
72335
72372
72373
72377
72394
72418
72444
72448
72451
72454
72464
72466
72475
72481
72504
72504
72506
72516
72517
72542
72561
72583
72586
72597
72598
72606
72621
72628
72645
72670
72689
72701
72724
72729
72735
72735
72738
72746
72747
72753
72754
72761
72775
72795
72802
72805
72810
72824
72827
72836
72846
72865
72903
72904
72908
72916
72927
72941
72941
72964
72977
72995
72998
73003
73009
73028
73049
73056
73063
73067
73069
73071
73091
73111
73114
73126
73130
73140
73161
73164
73167
73170
73181
73181
73184
73210
73213
73219
73223
73225
73225
73235
73245
73249
73255
73268
73274
73275
73291
73301
73308
73337
73340
73345
73368
73374
73376
73386
73392
73427
73458
73466
73466
73482
73521
73558
73568
73575
73577
73583
73586
73598
73601
73609
73626
73632
73642
73650
73669
73690
73699
73709
73720
73739
73741
73755
73770
73774
73779
73781
73801
73819
73824
73825
73857
73887
73894
73894
73895
73934
73938
73952
73960
73965
73968
73984
74022
74025
74030
74034
74039
74047
74052
74066
74068
74075
74077
74089
74096
74116
74143
74178
74191
74195
74197
74202
74209
74214
74218
74272
74279
74305
74314
74314
74318
74325
74338
74348
74349
74365
74365
74366
74386
74399
74420
74435
74438
74445
74457
74458
74500
74500
74515
74515
74516
74526
74539
74540
74574
74588
74591
74617
74635
74638
74642
74650
74686
74690
74702
74711
74715
74716
74722
74745
74776
74786
74786
74791
74809
74810
74811
74826
74827
74832
74848
74851
74859
74895
74899
74908
74911
74912
74916
74918
74918
74920
74927
74930
74931
74938
74941
74942
74942
74993
74996
75000
75002
75015
75022
75029
75041
75046
75047
75055
75059
75066
75068
75070
75071
75073
75082
75100
75101
75106
75123
75125
75126
75132
75149
75161
75164
75164
75184
75185
75216
75253
75264
75265
75273
75274
75276
75283
75288
75297
75297
75307
75310
75311
75323
75357
75372
75373
75374
75389
75389
75400
75417
75436
75496
75499
75499
75505
75529
75538
75560
75573
75575
75591
75604
75608
75615
75620
75635
75637
75638
75639
75645
75650
75666
75687
75687
75700
75713
75716
75720
75724
75725
75729
75736
75737
75747
75747
75761
75768
75789
75823
75823
75886
75899
75913
75915
75924
75928
75931
75937
75969
75969
75969
75976
75984
75993
75999
76025
76040
76046
76049
76055
76064
76074
76082
76084
76101
76109
76121
76129
76137
76143
76153
76163
76177
76185
76202
76212
76220
76225
76232
76245
76253
76263
76282
76288
76289
76294
76295
76296
76303
76308
76321
76342
76352
76367
76370
76371
76376
76387
76396
76410
76426
76428
76431
76445
76454
76456
76456
76465
76477
76487
76490
76492
76495
76512
76521
76524
76546
76551
76577
76578
76608
76627
76637
76640
76652
76676
76681
76703
76704
76717
76733
76739
76740
76749
76749
76774
76782
76782
76787
76800
76870
76871
76890
76891
76907
76925
76925
76954
76963
76966
76981
76986
77000
77014
77016
77063
77073
77073
77076
77093
77099
77099
77105
77113
77117
77127
77128
77137
77137
77157
77169
77191
77198
77204
77214
77215
77223
77226
77234
77243
77251
77257
77258
77266
77266
77279
77282
77284
77297
77304
77310
77314
77326
77342
77352
77356
77397
77400
77409
77414
77415
77435
77440
77448
77456
77470
77478
77499
77499
77501
77511
77516
77560
77568
77577
77582
77584
77616
77652
77655
77700
77700
77719
77724
77728
77730
77752
77755
77767
77792
77799
77800
77804
77814
77823
77830
77834
77853
77854
77874
77875
77882
77893
77896
77914
77918
77919
77921
77930
77943
77949
77949
77953
77975
77995
78001
78034
78036
78062
78072
78085
78089
78095
78116
78129
78135
78137
78139
78142
78159
78162
78178
78217
78220
78240
78240
78244
78247
78275
78294
78309
78313
78322
78333
78350
78351
78367
78368
78372
78378
78394
78402
78403
78427
78432
78433
78443
78447
78453
78468
78473
78477
78483
78484
78491
78505
78542
78547
78554
78580
78580
78583
78611
78616
78628
78644
78653
78655
78674
78678
78694
78701
78720
78744
78744
78744
78748
78754
78757
78774
78812
78847
78858
78866
78870
78875
78878
78880
78888
78893
78927
78928
78940
78941
78947
78973
78978
78987
78988
78992
79022
79028
79029
79034
79047
79061
79080
79093
79094
79100
79110
79145
79153
79166
79169
79170
79174
79186
79193
79201
79205
79210
79211
79212
79242
79245
79257
79258
79280
79288
79300
79303
79324
79338
79358
79363
79368
79376
79378
79389
79395
79395
79403
79425
79430
79458
79461
79479
79498
79522
79527
79532
79534
79537
79549
79565
79573
79582
79588
79594
79600
79639
79641
79644
79652
79653
79667
79667
79668
79678
79696
79710
79721
79760
79760
79781
79785
79790
79793
79805
79813
79821
79822
79825
79839
79841
79845
79859
79864
79880
79882
79886
79889
79892
79893
79903
79911
79959
79962
79966
79970
79971
79974
79978
79981
79999
80007
80007
80037
80040
80050
80058
80064
80064
80065
80080
80085
80090
80096
80098
80107
80118
80119
80123
80148
80150
80162
80165
80169
80178
80184
80216
80224
80276
80280
80285
80296
80300
80303
80308
80308
80317
80318
80372
80392
80398
80398
80403
80420
80422
80428
80441
80459
80461
80464
80490
80491
80497
80498
80507
80541
80552
80558
80575
80576
80580
80580
80599
80605
80625
80625
80638
80659
80666
80670
80673
80675
80681
80681
80690
80697
80709
80734
80739
80744
80747
80757
80774
80775
80778
80789
80794
80829
80833
80837
80854
80859
80880
80884
80885
80886
80891
80903
80903
80904
80931
80943
80964
80965
81000
81010
81024
81045
81061
81073
81082
81085
81123
81123
81138
81145
81146
81173
81178
81191
81200
81203
81226
81250
81252
81263
81270
81281
81282
81284
81284
81286
81292
81294
81321
81326
81351
81377
81377
81389
81420
81428
81447
81458
81468
81485
81490
81500
81501
81506
81518
81522
81525
81527
81535
81545
81550
81553
81570
81578
81579
81582
81587
81599
81615
81648
81649
81654
81674
81678
81680
81685
81690
81702
81706
81708
81726
81727
81736
81754
81760
81775
81803
81818
81824
81830
81833
81836
81838
81862
81894
81931
81939
81941
81943
81959
81959
81967
81974
81980
81988
81994
82009
82030
82092
82098
82099
82115
82128
82130
82154
82169
82196
82203
82207
82210
82222
82233
82236
82241
82272
82278
82294
82296
82302
82308
82332
82337
82350
82351
82369
82370
82379
82384
82394
82397
82407
82409
82418
82419
82423
82423
82433
82435
82447
82451
82470
82474
82475
82515
82551
82551
82555
82561
82573
82591
82672
82679
82694
82696
82699
82702
82707
82707
82707
82708
82717
82719
82722
82722
82735
82746
82749
82761
82764
82764
82772
82778
82778
82789
82798
82822
82834
82843
82845
82856
82871
82876
82888
82905
82911
82920
82927
82928
82942
82967
82968
82985
83003
83008
83013
83024
83044
83050
83060
83062
83071
83074
83080
83096
83107
83140
83143
83150
83153
83158
83177
83177
83195
83196
83207
83209
83219
83250
83256
83261
83269
83269
83272
83274
83278
83279
83281
83286
83287
83309
83324
83325
83333
83334
83341
83349
83356
83370
83371
83377
83378
83388
83390
83401
83401
83405
83412
83436
83447
83456
83465
83475
83514
83536
83549
83557
83559
83574
83574
83574
83594
83596
83598
83602
83610
83658
83687
83688
83696
83705
83738
83751
83757
83760
83765
83787
83803
83805
83810
83812
83813
83829
83831
83851
83868
83900
83901
83919
83919
83931
83932
83938
83940
83946
83953
83975
83984
83991
83991
84002
84013
84018
84024
84031
84032
84039
84050
84083
84087
84091
84101
84112
84120
84147
84165
84202
84217
84233
84264
84274
84284
84287
84287
84290
84303
84319
84324
84328
84335
84338
84341
84344
84352
84361
84362
84366
84376
84389
84397
84414
84416
84424
84435
84436
84446
84451
84481
84481
84484
84522
84528
84533
84535
84565
84578
84608
84610
84621
84630
84631
84652
84654
84674
84679
84696
84717
84720
84727
84736
84748
84769
84778
84782
84790
84793
84814
84825
84830
84845
84856
84858
84859
84863
84879
84903
84910
84911
84915
84917
84931
84931
84940
84944
84948
84953
84959
84964
84964
84966
84969
84974
84990
84993
85011
85020
85022
85029
85040
85047
85051
85057
85064
85067
85074
85079
85080
85110
85118
85125
85138
85143
85157
85164
85174
85186
85200
85204
85212
85229
85231
85255
85279
85308
85310
85348
85360
85366
85376
85382
85417
85419
85424
85426
85458
85475
85476
85500
85502
85518
85518
85527
85542
85547
85552
85568
85570
85577
85585
85595
85603
85607
85616
85636
85638
85658
85660
85663
85666
85673
85688
85699
85735
85742
85753
85754
85779
85780
85789
85803
85803
85829
85850
85852
85855
85900
85907
85909
85938
85943
85947
85978
85983
85994
86017
86060
86109
86122
86132
86143
86143
86149
86149
86154
86177
86193
86199
86205
86216
86220
86221
86223
86237
86241
86249
86275
86290
86298
86298
86311
86311
86315
86336
86348
86354
86355
86356
86356
86363
86373
86393
86465
86475
86479
86481
86487
86499
86500
86503
86515
86528
86532
86532
86533
86549
86556
86559
86561
86575
86577
86584
86585
86586
86591
86614
86635
86639
86644
86656
86665
86697
86701
86704
86713
86714
86732
86733
86737
86744
86747
86762
86771
86775
86782
86788
86793
86796
86802
86803
86812
86851
86852
86880
86920
86922
86942
86945
86948
86948
86954
86957
86980
87001
87002
87011
87016
87021
87034
87043
87047
87050
87052
87053
87061
87072
87083
87088
87117
87131
87133
87145
87161
87171
87176
87176
87187
87189
87191
87221
87222
87232
87241
87244
87268
87268
87292
87295
87315
87341
87358
87364
87376
87421
87431
87439
87459
87467
87476
87484
87485
87487
87490
87499
87503
87508
87526
87531
87535
87538
87550
87555
87567
87573
87603
87609
87611
87620
87620
87626
87627
87640
87651
87657
87659
87666
87684
87696
87709
87711
87721
87735
87745
87769
87774
87812
87816
87822
87851
87861
87889
87893
87894
87899
87908
87921
87976
87995
87998
88006
88018
88018
88019
88036
88036
88055
88066
88069
88080
88089
88092
88097
88107
88113
88119
88167
88171
88172
88176
88178
88184
88188
88192
88207
88213
88220
88227
88248
88252
88256
88259
88261
88268
88270
88277
88277
88280
88286
88288
88289
88297
88299
88301
88316
88331
88364
88369
88369
88372
88376
88396
88401
88404
88413
88450
88450
88451
88462
88470
88477
88481
88490
88492
88492
88499
88503
88506
88526
88568
88572
88584
88627
88644
88658
88690
88694
88699
88712
88716
88732
88735
88743
88748
88757
88760
88772
88786
88788
88795
88796
88797
88809
88816
88819
88822
88826
88826
88829
88831
88840
88858
88875
88914
88928
88931
88956
88991
88992
89008
89028
89032
89040
89041
89045
89053
89065
89067
89067
89069
89086
89101
89144
89149
89150
89154
89154
89210
89239
89240
89275
89278
89280
89297
89348
89352
89353
89368
89396
89399
89400
89413
89433
89445
89452
89455
89463
89473
89476
89485
89486
89494
89506
89523
89530
89538
89539
89555
89555
89559
89564
89564
89573
89589
89589
89643
89645
89669
89697
89734
89735
89778
89779
89803
89816
89818
89820
89824
89824
89829
89835
89836
89852
89880
89897
89901
89909
89920
89933
89952
89957
89962
89963
89966
89970
89974
89982
90003
90005
90008
90008
90009
90010
90017
90019
90031
90049
90051
90053
90089
90089
90114
90144
90146
90147
90175
90176
90185
90203
90220
90220
90227
90239
90246
90247
90274
90277
90288
90299
90313
90334
90336
90343
90360
90362
90377
90387
90392
90394
90406
90467
90468
90484
90485
90496
90516
90520
90529
90543
90550
90550
90564
90564
90570
90574
90581
90586
90587
90589
90592
90599
90605
90614
90619
90619
90622
90637
90647
90651
90655
90660
90662
90690
90698
90699
90705
90716
90731
90734
90745
90749
90756
90763
90765
90777
90786
90812
90825
90836
90843
90852
90853
90861
90901
90917
90920
90921
90921
90922
90926
90942
90948
90951
90953
90955
90970
90973
90976
91009
91024
91026
91043
91049
91057
91078
91081
91086
91087
91092
91096
91097
91102
91114
91122
91126
91128
91140
91165
91173
91174
91184
91200
91216
91229
91250
91250
91255
91258
91261
91261
91262
91270
91274
91278
91286
91291
91306
91326
91328
91344
91344
91350
91379
91385
91387
91405
91412
91417
91435
91436
91454
91479
91481
91482
91498
91518
91519
91556
91582
91593
91603
91629
91632
91643
91679
91685
91699
91707
91714
91725
91738
91738
91741
91746
91749
91766
91779
91781
91791
91791
91828
91838
91848
91850
91858
91864
91878
91899
91904
91907
91909
91936
91946
91948
91949
91954
91958
91993
92017
92024
92036
92037
92046
92047
92069
92081
92118
92122
92136
92144
92158
92161
92171
92198
92217
92225
92227
92232
92249
92258
92301
92303
92307
92316
92321
92325
92330
92334
92338
92343
92360
92401
92424
92452
92482
92483
92487
92510
92514
92515
92538
92540
92564
92612
92622
92657
92659
92680
92686
92688
92707
92716
92724
92740
92740
92750
92757
92764
92766
92777
92778
92779
92785
92793
92794
92812
92833
92839
92848
92853
92854
92855
92858
92868
92891
92893
92895
92903
92916
92965
92972
92974
92975
92979
92980
92981
92994
92995
93020
93044
93061
93071
93096
93109
93116
93133
93136
93146
93151
93161
93166
93171
93182
93190
93256
93278
93288
93293
93294
93300
93315
93326
93346
93348
93353
93356
93356
93367
93395
93413
93431
93432
93439
93454
93461
93461
93478
93482
93501
93515
93518
93525
93526
93544
93558
93565
93566
93568
93582
93612
93643
93643
93647
93650
93652
93652
93664
93665
93700
93711
93723
93737
93740
93770
93776
93817
93832
93843
93843
93845
93846
93854
93868
93892
93904
93910
93917
93943
93947
93952
93952
93960
93963
93970
93972
93980
93981
93981
93990
94007
94019
94032
94046
94055
94088
94103
94128
94136
94140
94144
94144
94153
94170
94176
94197
94212
94213
94220
94225
94225
94232
94234
94263
94272
94274
94286
94288
94319
94329
94341
94343
94359
94366
94370
94424
94424
94424
94441
94446
94448
94465
94472
94482
94497
94497
94501
94507
94516
94521
94527
94530
94571
94572
94582
94595
94598
94602
94624
94627
94633
94638
94645
94653
94659
94669
94671
94682
94688
94688
94691
94698
94700
94705
94711
94726
94756
94761
94766
94771
94781
94784
94810
94815
94816
94836
94846
94872
94890
94894
94907
94927
94962
94973
94987
94990
94998
95006
95020
95024
95026
95045
95060
95069
95074
95080
95091
95093
95094
95094
95109
95110
95110
95119
95137
95140
95141
95152
95164
95181
95182
95188
95189
95192
95192
95209
95220
95232
95242
95245
95246
95261
95261
95264
95265
95268
95269
95270
95271
95280
95285
95288
95291
95333
95368
95370
95416
95421
95431
95437
95464
95506
95525
95532
95559
95574
95580
95601
95607
95636
95640
95644
95663
95665
95669
95675
95676
95692
95695
95708
95721
95725
95741
95741
95758
95773
95789
95794
95807
95808
95816
95817
95826
95844
95853
95866
95876
95877
95891
95901
95907
95909
95920
95925
95932
95935
95939
95942
95942
95955
95973
95985
95987
96000
96002
96032
96121
96126
96135
96140
96144
96156
96157
96164
96170
96188
96214
96220
96220
96220
96227
96252
96283
96286
96325
96326
96330
96342
96343
96350
96356
96366
96373
96379
96402
96421
96425
96429
96442
96446
96460
96466
96468
96473
96476
96487
96487
96514
96532
96535
96536
96538
96541
96579
96589
96597
96597
96609
96630
96647
96653
96682
96712
96725
96736
96737
96771
96772
96776
96776
96781
96794
96806
96819
96828
96840
96846
96863
96876
96886
96903
96905
96935
96938
96942
96942
96945
96952
96973
96980
96983
96987
96990
97003
97015
97021
97026
97029
97037
97043
97063
97072
97083
97091
97097
97104
97105
97119
97127
97132
97134
97163
97164
97172
97187
97207
97208
97209
97248
97265
97301
97302
97302
97305
97318
97350
97351
97387
97387
97397
97401
97416
97423
97424
97461
97466
97467
97478
97484
97487
97496
97538
97548
97548
97550
97554
97597
97604
97607
97611
97628
97638
97648
97652
97696
97710
97715
97724
97732
97741
97742
97742
97751
97754
97755
97763
97776
97777
97786
97788
97797
97812
97822
97823
97831
97853
97853
97858
97862
97862
97891
97895
97896
97901
97902
97902
97904
97910
97935
97960
97965
97970
97981
97985
97988
98012
98022
98023
98024
98024
98032
98040
98050
98059
98061
98066
98076
98100
98111
98115
98119
98127
98131
98135
98146
98151
98151
98159
98167
98177
98208
98208
98226
98238
98255
98258
98290
98295
98316
98331
98349
98352
98356
98356
98367
98388
98391
98400
98400
98424
98434
98435
98437
98445
98445
98449
98453
98456
98456
98474
98483
98495
98507
98526
98527
98545
98565
98566
98567
98570
98580
98607
98630
98632
98638
98653
98653
98660
98662
98663
98685
98699
98701
98712
98723
98724
98728
98753
98762
98779
98782
98785
98819
98822
98823
98853
98860
98881
98907
98916
98945
98964
98980
98985
98996
99002
99006
99015
99026
99037
99051
99052
99058
99059
99060
99063
99079
99095
99097
99111
99114
99117
99122
99136
99149
99158
99180
99182
99183
99190
99201
99202
99215
99215
99217
99242
99252
99262
99264
99289
99315
99321
99322
99353
99355
99428
99441
99462
99493
99510
99526
99529
99549
99558
99573
99587
99609
99624
99632
99637
99646
99657
99680
99688
99689
99693
99696
99713
99719
99719
99731
99740
99744
99763
99767
99770
99772
99774
99785
99792
99810
99850
99887
99896
99920
99925
99925
99931
99941
99963
99968
99997
