32
38
41
94
98
110
119
140
142
154
156
162
163
167
209
209
213
216
226
227
227
235
238
240
266
275
279
288
298
328
328
328
354
391
406
413
427
431
432
434
440
441
453
471
476
476
479
485
486
486
512
514
523
526
534
556
602
612
614
614
628
638
638
662
664
667
669
672
673
675
680
683
691
726
736
761
769
805
810
811
815
820
821
855
858
863
871
874
887
894
895
923
931
948
953
980
987
990
993
1011
1018
1036
1037
1060
1067
1071
1078
1083
1115
1118
1120
1123
1128
1135
1138
1149
1152
1178
1195
1204
1206
1208
1216
1217
1225
1227
1240
1246
1271
1274
1284
1295
1320
1322
1325
1340
1350
1358
1397
1417
1424
1431
1432
1444
1448
1461
1462
1462
1465
1474
1478
1491
1494
1513
1518
1520
1526
1534
1544
1549
1550
1556
1557
1579
1583
1586
1586
1598
1600
1603
1610
1616
1633
1672
1679
1695
1706
1710
1718
1750
1770
1785
1789
1789
1822
1827
1828
1835
1847
1860
1873
1875
1885
1914
1916
1929
1932
1945
1961
1962
1971
2005
2017
2024
2030
2045
2049
2053
2065
2080
2080
2095
2101
2103
2103
2107
2110
2121
2123
2143
2150
2166
2170
2170
2188
2200
2204
2213
2214
2217
2222
2225
2240
2249
2261
2265
2266
2268
2299
2317
2322
2326
2332
2351
2358
2359
2378
2407
2444
2450
2451
2451
2454
2456
2465
2475
2480
2495
2498
2501
2507
2554
2565
2578
2589
2596
2601
2620
2624
2631
2633
2633
2665
2671
2691
2694
2727
2732
2764
2765
2776
2776
2795
2814
2815
2822
2848
2854
2864
2867
2875
2876
2923
2924
2925
2936
2938
2959
2963
2971
2972
2976
2981
2981
3001
3011
3031
3042
3043
3044
3063
3068
3094
3130
3134
3140
3140
3143
3150
3175
3184
3200
3219
3229
3245
3245
3246
3256
3256
3259
3268
3272
3277
3315
3354
3357
3361
3379
3392
3393
3406
3409
3412
3415
3428
3429
3454
3457
3458
3463
3464
3476
3492
3492
3498
3500
3505
3507
3510
3512
3529
3537
3541
3579
3584
3590
3609
3612
3620
3636
3645
3649
3650
3653
3662
3668
3672
3707
3739
3742
3754
3781
3804
3810
3819
3834
3839
3840
3857
3859
3860
3881
3890
3890
3898
3899
3905
3914
3920
3922
3922
3939
3963
3968
3974
3977
3978
3992
4001
4004
4007
4021
4044
4053
4063
4063
4067
4090
4093
4106
4112
4114
4119
4143
4147
4161
4162
4166
4167
4171
4183
4192
4196
4202
4204
4214
4216
4229
4232
4244
4248
4252
4264
4278
4308
4322
4342
4352
4360
4362
4363
4392
4395
4435
4437
4437
4462
4463
4469
4476
4481
4496
4544
4560
4567
4590
4607
4619
4644
4649
4651
4654
4661
4669
4670
4688
4695
4703
4713
4732
4741
4750
4760
4766
4794
4821
4824
4827
4834
4839
4859
4871
4883
4942
4986
5010
5015
5031
5064
5074
5084
5095
5103
5107
5114
5116
5147
5149
5164
5177
5201
5208
5211
5216
5218
5222
5224
5242
5258
5260
5261
5274
5281
5295
5342
5343
5351
5351
5365
5369
5376
5384
5398
5407
5408
5415
5432
5434
5446
5446
5449
5473
5509
5516
5520
5524
5545
5554
5563
5566
5611
5618
5624
5635
5643
5644
5646
5652
5659
5678
5685
5695
5703
5710
5731
5739
5745
5750
5766
5774
5775
5788
5789
5792
5795
5798
5808
5812
5839
5850
5868
5868
5878
5894
5901
5902
5903
5925
5945
5957
5983
5995
6014
6023
6029
6031
6051
6058
6059
6059
6062
6075
6077
6079
6081
6084
6091
6093
6094
6113
6117
6119
6124
6135
6139
6179
6181
6190
6201
6208
6214
6232
6233
6256
6264
6273
6275
6313
6321
6348
6372
6377
6385
6388
6406
6422
6444
6453
6456
6459
6475
6476
6481
6483
6483
6489
6497
6507
6517
6523
6525
6531
6531
6537
6543
6551
6573
6584
6586
6592
6602
6603
6616
6618
6666
6674
6684
6689
6711
6719
6725
6744
6744
6748
6767
6779
6793
6794
6804
6818
6820
6834
6843
6864
6871
6887
6894
6900
6902
6903
6905
6929
6930
6935
6944
6957
6957
6959
6975
7000
7021
7025
7026
7063
7066
7068
7071
7090
7117
7118
7120
7122
7126
7128
7129
7157
7168
7168
7181
7181
7190
7191
7197
7212
7212
7217
7221
7242
7251
7268
7273
7278
7303
7305
7318
7327
7337
7338
7341
7347
7347
7350
7350
7360
7397
7405
7407
7409
7414
7414
7417
7427
7461
7463
7464
7471
7491
7492
7511
7512
7516
7527
7532
7540
7549
7563
7566
7573
7599
7611
7613
7616
7623
7630
7634
7640
7643
7647
7668
7680
7693
7696
7699
7718
7718
7719
7728
7732
7737
7737
7757
7764
7771
7775
7786
7786
7788
7799
7812
7853
7866
7868
7877
7887
7887
7894
7920
7927
7929
7947
7948
7958
7968
7986
7988
7991
7997
8018
8023
8024
8024
8027
8045
8056
8057
8060
8079
8110
8124
8125
8130
8130
8132
8134
8135
8141
8144
8149
8154
8167
8201
8211
8213
8239
8251
8252
8252
8254
8265
8275
8277
8288
8306
8316
8323
8325
8346
8350
8362
8371
8392
8404
8430
8462
8471
8478
8487
8487
8497
8512
8515
8520
8525
8532
8534
8544
8559
8589
8597
8601
8606
8628
8643
8645
8647
8650
8651
8656
8657
8660
8660
8665
8673
8677
8718
8737
8737
8752
8770
8782
8787
8806
8826
8841
8843
8846
8855
8856
8897
8900
8924
8936
8963
8972
8973
9006
9021
9044
9057
9058
9100
9118
9138
9142
9155
9156
9160
9168
9172
9175
9184
9202
9218
9229
9238
9240
9269
9271
9272
9282
9283
9292
9296
9303
9318
9330
9330
9339
9345
9350
9350
9351
9353
9356
9362
9391
9422
9451
9451
9477
9488
9494
9499
9508
9518
9519
9523
9524
9526
9532
9540
9591
9594
9606
9606
9617
9624
9643
9645
9650
9656
9676
9686
9693
9722
9731
9732
9745
9749
9765
9773
9786
9787
9787
9824
9836
9845
9846
9850
9855
9867
9870
9875
9887
9894
9896
9902
9917
9918
9927
9935
9942
9972
10017
10050
10050
10051
10052
10061
10063
10066
10077
10097
10104
10117
10119
10140
10150
10163
10177
10183
10189
10234
10236
10293
10301
10314
10348
10366
10372
10374
10382
10388
10399
10407
10414
10476
10481
10484
10490
10493
10505
10513
10526
10527
10538
10538
10570
10572
10577
10580
10597
10600
10604
10608
10633
10635
10637
10639
10655
10704
10705
10708
10776
10789
10812
10827
10841
10846
10848
10851
10869
10872
10880
10881
10882
10891
10892
10914
10943
10950
10968
10971
10994
11009
11011
11047
11061
11074
11076
11084
11089
11093
11096
11103
11115
11117
11133
11138
11149
11150
11151
11151
11169
11188
11206
11225
11228
11237
11244
11257
11270
11275
11296
11298
11310
11311
11333
11338
11341
11344
11361
11372
11377
11379
11391
11397
11400
11420
11421
11422
11422
11432
11440
11447
11448
11453
11459
11470
11473
11474
11512
11525
11544
11554
11555
11557
11565
11576
11580
11588
11589
11593
11600
11627
11634
11638
11649
11652
11654
11655
11660
11672
11682
11685
11698
11702
11715
11731
11736
11742
11743
11753
11754
11762
11772
11774
11774
11780
11786
11793
11802
11814
11831
11834
11840
11853
11855
11891
11906
11934
11947
11959
11976
11990
12000
12003
12008
12010
12013
12017
12049
12072
12079
12084
12087
12103
12103
12107
12126
12127
12130
12139
12154
12167
12176
12190
12195
12222
12224
12233
12241
12243
12250
12278
12281
12295
12303
12309
12310
12331
12331
12335
12337
12347
12352
12353
12369
12371
12379
12387
12393
12397
12403
12415
12436
12438
12454
12463
12464
12470
12508
12522
12528
12533
12544
12546
12562
12577
12585
12591
12609
12612
12619
12623
12628
12638
12639
12679
12679
12682
12689
12690
12692
12710
12712
12713
12727
12729
12753
12780
12795
12815
12822
12827
12833
12863
12864
12867
12884
12886
12889
12892
12892
12896
12897
12897
12900
12910
12920
12935
12950
12973
12975
12987
13003
13003
13008
13014
13017
13033
13040
13069
13075
13082
13103
13119
13124
13136
13139
13156
13158
13164
13164
13169
13171
13174
13220
13224
13242
13246
13250
13257
13259
13269
13271
13276
13278
13297
13309
13325
13335
13350
13359
13361
13367
13372
13385
13392
13402
13420
13438
13440
13442
13485
13487
13498
13499
13502
13512
13514
13515
13518
13529
13533
13537
13564
13579
13580
13599
13626
13643
13659
13665
13672
13679
13687
13752
13761
13762
13776
13785
13803
13819
13823
13824
13831
13838
13840
13855
13862
13870
13872
13877
13887
13900
13930
13935
13940
13944
13973
13974
13984
13992
14032
14038
14040
14061
14068
14084
14085
14097
14098
14107
14109
14110
14171
14178
14190
14205
14241
14244
14257
14261
14274
14284
14286
14294
14301
14302
14307
14308
14315
14324
14334
14358
14371
14377
14391
14408
14413
14430
14433
14436
14440
14454
14459
14463
14475
14495
14513
14520
14532
14538
14560
14566
14567
14574
14601
14617
14617
14619
14625
14666
14669
14671
14676
14682
14696
14714
14728
14734
14739
14746
14768
14770
14770
14771
14784
14790
14853
14857
14860
14867
14867
14898
14902
14921
14924
14926
14928
14932
14948
14948
14950
14958
14982
14984
14993
14999
15001
15022
15023
15032
15073
15081
15082
15102
15102
15108
15116
15137
15149
15162
15167
15170
15176
15190
15190
15197
15219
15237
15238
15239
15246
15257
15260
15266
15272
15277
15279
15289
15295
15303
15308
15318
15325
15329
15336
15345
15348
15368
15373
15379
15382
15393
15407
15420
15421
15422
15443
15443
15448
15451
15454
15458
15472
15491
15497
15497
15515
15576
15598
15623
15624
15640
15641
15652
15659
15667
15667
15672
15676
15688
15696
15701
15711
15714
15722
15742
15767
15767
15802
15807
15808
15811
15817
15821
15828
15833
15841
15845
15853
15871
15878
15885
15894
15916
15920
15924
15925
15928
15930
15944
16001
16002
16018
16028
16068
16115
16117
16123
16131
16132
16133
16138
16151
16156
16160
16177
16222
16223
16228
16234
16246
16250
16252
16257
16264
16279
16290
16294
16298
16311
16322
16367
16372
16377
16379
16385
16391
16395
16398
16400
16400
16406
16415
16416
16417
16425
16434
16435
16436
16451
16456
16459
16469
16479
16490
16504
16506
16507
16507
16508
16530
16531
16532
16542
16553
16554
16565
16582
16592
16602
16606
16630
16638
16641
16653
16654
16666
16667
16668
16689
16691
16697
16698
16719
16721
16726
16751
16761
16762
16768
16778
16778
16787
16841
16854
16872
16881
16892
16902
16913
16916
16940
16946
16954
16956
16958
16964
16976
16977
17005
17015
17022
17029
17043
17049
17066
17074
17078
17115
17122
17128
17133
17135
17138
17143
17160
17181
17216
17231
17234
17245
17245
17250
17253
17257
17260
17267
17267
17272
17272
17288
17291
17294
17309
17311
17312
17314
17328
17348
17355
17364
17391
17395
17396
17400
17421
17430
17435
17464
17468
17477
17479
17499
17508
17514
17519
17525
17529
17562
17586
17588
17596
17603
17605
17610
17637
17656
17685
17686
17701
17710
17718
17718
17720
17727
17735
17739
17742
17758
17771
17773
17784
17788
17809
17814
17818
17827
17827
17835
17851
17856
17857
17860
17865
17870
17874
17888
17895
17896
17900
17913
17924
17936
17965
17967
17972
17973
17987
17990
17998
17999
18008
18014
18021
18024
18025
18052
18056
18058
18063
18069
18074
18136
18165
18167
18169
18171
18184
18197
18200
18201
18211
18239
18249
18253
18254
18257
18260
18267
18278
18283
18283
18323
18344
18350
18356
18363
18378
18384
18386
18386
18392
18406
18407
18413
18417
18421
18436
18441
18445
18450
18456
18464
18487
18499
18514
18526
18544
18553
18555
18560
18572
18573
18589
18593
18607
18612
18616
18620
18622
18643
18652
18667
18667
18698
18702
18704
18711
18719
18732
18755
18758
18760
18766
18780
18788
18790
18795
18821
18833
18853
18856
18864
18866
18875
18875
18885
18904
18906
18906
18909
18911
18925
18925
18939
18946
18951
18961
18972
18991
19002
19012
19014
19025
19039
19061
19062
19098
19127
19129
19130
19151
19159
19165
19167
19173
19178
19186
19204
19205
19222
19240
19244
19247
19254
19257
19259
19299
19306
19329
19330
19336
19337
19355
19390
19484
19488
19496
19507
19510
19518
19552
19563
19569
19584
19585
19607
19614
19619
19640
19649
19653
19656
19659
19663
19671
19676
19687
19689
19699
19704
19708
19708
19709
19712
19716
19727
19740
19742
19766
19770
19787
19787
19850
19855
19858
19864
19868
19871
19874
19875
19883
19887
19887
19888
19889
19891
19903
19908
19909
19922
19924
19930
19933
19952
19962
19971
19986
19988
19991
19999
20015
20018
20029
20031
20042
20065
20074
20092
20100
20124
20132
20137
20142
20142
20148
20151
20161
20184
20191
20194
20201
20204
20223
20223
20226
20252
20266
20267
20271
20276
20287
20338
20350
20367
20369
20381
20384
20410
20436
20454
20473
20486
20496
20498
20500
20505
20507
20517
20532
20565
20567
20571
20574
20587
20593
20607
20618
20654
20657
20672
20674
20681
20688
20693
20697
20706
20717
20741
20755
20757
20765
20769
20775
20778
20783
20784
20785
20808
20826
20848
20852
20856
20870
20885
20892
20898
20899
20930
20974
20981
20983
20988
21004
21006
21024
21034
21057
21061
21070
21079
21084
21084
21085
21094
21101
21101
21113
21122
21126
21131
21146
21148
21150
21161
21176
21190
21195
21196
21200
21208
21222
21225
21228
21239
21261
21274
21278
21325
21344
21359
21383
21384
21397
21399
21401
21420
21422
21426
21430
21431
21433
21448
21452
21460
21461
21478
21504
21527
21561
21568
21575
21584
21610
21610
21610
21623
21640
21654
21661
21678
21684
21692
21693
21698
21705
21712
21726
21730
21731
21738
21759
21796
21799
21814
21823
21829
21834
21836
21837
21865
21880
21886
21897
21921
21922
21929
21933
21933
21944
21947
21962
21967
21972
22005
22007
22027
22043
22049
22054
22059
22078
22089
22091
22099
22105
22105
22140
22148
22154
22161
22184
22202
22207
22230
22232
22248
22263
22268
22270
22279
22289
22290
22293
22310
22312
22326
22326
22335
22369
22376
22388
22398
22405
22405
22407
22408
22412
22422
22432
22434
22445
22456
22468
22476
22490
22498
22500
22504
22511
22552
22561
22600
22606
22609
22610
22630
22632
22633
22646
22658
22672
22689
22725
22726
22726
22726
22730
22735
22752
22752
22756
22768
22776
22781
22782
22790
22791
22806
22817
22825
22826
22831
22835
22841
22864
22898
22902
22915
22920
22947
22969
22979
22982
22984
22986
23026
23035
23041
23047
23088
23090
23106
23156
23157
23168
23180
23190
23205
23212
23271
23290
23308
23308
23317
23318
23320
23326
23330
23337
23365
23374
23386
23390
23393
23394
23400
23402
23426
23437
23446
23461
23461
23474
23479
23485
23493
23495
23521
23533
23547
23569
23593
23596
23606
23627
23635
23656
23671
23681
23686
23705
23705
23708
23708
23712
23723
23730
23759
23784
23832
23832
23849
23856
23859
23878
23882
23900
23905
23924
23937
23952
23963
23980
24000
24007
24020
24026
24033
24039
24055
24065
24072
24103
24104
24116
24137
24139
24146
24180
24185
24187
24191
24193
24198
24201
24211
24216
24229
24235
24252
24263
24265
24281
24289
24317
24317
24318
24331
24345
24378
24400
24410
24414
24421
24423
24424
24430
24431
24452
24474
24486
24495
24498
24506
24507
24526
24531
24533
24544
24547
24558
24582
24599
24603
24619
24643
24648
24651
24651
24656
24657
24667
24678
24694
24698
24707
24709
24758
24764
24776
24788
24820
24850
24871
24879
24898
24904
24908
24920
24921
24924
24932
24933
24941
24948
24948
24955
24965
24971
24971
24974
24976
24983
24990
25001
25009
25022
25034
25045
25063
25075
25075
25081
25086
25088
25096
25107
25118
25122
25128
25131
25134
25150
25151
25163
25183
25196
25207
25217
25225
25227
25227
25228
25236
25239
25241
25244
25268
25269
25291
25304
25324
25337
25352
25355
25358
25381
25385
25396
25405
25431
25435
25442
25443
25445
25445
25447
25450
25467
25483
25495
25544
25547
25548
25550
25553
25554
25566
25576
25587
25588
25611
25616
25628
25629
25638
25654
25665
25665
25674
25674
25676
25687
25688
25698
25711
25727
25764
25770
25774
25779
25781
25787
25809
25835
25839
25864
25864
25866
25868
25887
25892
25896
25919
25934
25941
25944
25946
25951
25954
25960
25974
25977
25979
25988
25990
25994
25995
26014
26016
26030
26036
26039
26040
26060
26080
26082
26086
26107
26108
26125
26127
26144
26147
26151
26161
26164
26167
26187
26211
26214
26218
26223
26230
26244
26298
26298
26322
26344
26379
26379
26385
26388
26407
26500
26505
26515
26521
26522
26524
26526
26531
26539
26539
26540
26553
26568
26574
26576
26577
26578
26588
26592
26596
26603
26610
26619
26622
26642
26652
26659
26661
26666
26670
26672
26686
26696
26698
26699
26704
26705
26712
26713
26731
26731
26735
26738
26756
26758
26787
26792
26798
26807
26810
26810
26838
26850
26868
26880
26916
26927
26944
26977
26980
27000
27001
27001
27009
27014
27032
27041
27049
27080
27094
27095
27111
27120
27128
27145
27151
27172
27207
27234
27272
27285
27291
27292
27299
27317
27347
27376
27388
27397
27397
27401
27423
27430
27458
27459
27460
27475
27482
27494
27505
27518
27534
27537
27541
27559
27564
27567
27573
27578
27578
27579
27582
27604
27611
27615
27624
27628
27642
27644
27650
27650
27667
27669
27687
27687
27689
27691
27701
27702
27717
27725
27749
27751
27759
27768
27773
27801
27802
27812
27815
27823
27827
27840
27861
27876
27879
27882
27885
27886
27890
27894
27900
27901
27901
27912
27916
27920
27921
27923
27930
27942
27962
27967
27976
27987
27989
27995
27997
27999
28015
28020
28021
28057
28078
28079
28090
28092
28117
28118
28124
28136
28140
28155
28160
28160
28189
28200
28205
28215
28216
28222
28244
28261
28269
28281
28288
28288
28313
28315
28320
28333
28370
28373
28376
28379
28381
28392
28393
28401
28402
28419
28425
28457
28461
28466
28470
28471
28474
28481
28483
28489
28492
28503
28506
28528
28534
28534
28542
28544
28548
28551
28553
28570
28576
28576
28585
28591
28594
28603
28608
28612
28647
28653
28657
28669
28679
28693
28695
28696
28704
28709
28718
28724
28730
28731
28742
28771
28778
28785
28786
28792
28829
28847
28851
28857
28861
28877
28912
28921
28927
28930
28933
28936
28960
28966
28973
28981
28983
28996
28998
29010
29023
29028
29032
29034
29037
29039
29040
29041
29088
29101
29117
29142
29147
29147
29150
29154
29179
29193
29213
29219
29229
29231
29251
29301
29303
29311
29314
29346
29361
29380
29400
29402
29416
29422
29430
29442
29455
29457
29459
29483
29494
29519
29527
29543
29551
29565
29571
29590
29598
29606
29608
29611
29627
29637
29639
29646
29650
29651
29653
29656
29664
29691
29692
29700
29705
29708
29718
29726
29742
29757
29762
29776
29794
29825
29834
29839
29843
29844
29866
29883
29892
29928
29932
29937
29943
29947
29951
29963
29971
29974
29977
29985
29991
29994
29997
30002
30026
30026
30031
30044
30058
30058
30068
30069
30080
30083
30143
30156
30159
30159
30159
30165
30178
30181
30188
30189
30203
30204
30221
30228
30230
30232
30238
30244
30253
30262
30268
30277
30280
30286
30307
30307
30309
30312
30319
30321
30329
30344
30348
30354
30364
30376
30385
30390
30392
30397
30398
30400
30405
30420
30434
30436
30442
30450
30477
30499
30505
30510
30571
30578
30584
30608
30609
30610
30611
30621
30625
30631
30641
30658
30666
30687
30716
30716
30731
30732
30735
30737
30741
30749
30754
30757
30760
30781
30782
30791
30804
30809
30812
30816
30817
30826
30855
30857
30863
30872
30873
30892
30897
30902
30953
30959
30966
30995
30996
30999
31005
31019
31023
31040
31044
31046
31073
31094
31106
31110
31127
31128
31137
31152
31158
31177
31179
31206
31216
31219
31258
31266
31270
31276
31276
31280
31283
31294
31314
31319
31326
31332
31333
31339
31340
31348
31352
31362
31387
31402
31403
31436
31442
31446
31458
31463
31465
31499
31501
31519
31519
31540
31556
31559
31560
31594
31602
31617
31635
31642
31645
31647
31653
31658
31676
31680
31688
31730
31732
31734
31745
31746
31756
31758
31788
31791
31792
31797
31800
31811
31811
31821
31840
31848
31854
31873
31875
31879
31881
31887
31889
31945
31947
31948
31949
31961
31975
31986
31989
31998
32000
32002
32016
32018
32022
32038
32041
32052
32055
32055
32060
32064
32069
32090
32092
32092
32101
32101
32102
32112
32119
32120
32126
32148
32163
32166
32203
32212
32215
32223
32229
32240
32243
32247
32261
32275
32297
32316
32319
32323
32334
32389
32398
32405
32421
32429
32429
32468
32479
32490
32496
32511
32530
32533
32545
32545
32550
32568
32576
32581
32594
32605
32605
32619
32638
32694
32699
32704
32710
32716
32720
32728
32748
32756
32761
32765
32769
32784
32805
32807
32811
32822
32825
32829
32831
32834
32848
32850
32873
32884
32904
32905
32907
32913
32915
32925
32937
32946
32947
32959
32993
33034
33034
33037
33084
33102
33105
33123
33157
33163
33168
33177
33178
33192
33198
33212
33213
33214
33216
33235
33247
33249
33254
33260
33267
33283
33283
33291
33293
33307
33314
33332
33336
33339
33339
33360
33378
33379
33388
33389
33402
33408
33427
33439
33448
33457
33461
33462
33474
33500
33506
33518
33525
33529
33529
33542
33569
33593
33606
33609
33614
33634
33637
33686
33696
33704
33717
33721
33723
33754
33756
33756
33759
33774
33778
33794
33796
33796
33796
33797
33808
33809
33813
33814
33831
33864
33881
33890
33891
33892
33894
33906
33907
33919
33945
33962
33980
33981
33991
34005
34006
34007
34034
34045
34047
34056
34081
34085
34092
34104
34123
34130
34147
34148
34164
34168
34173
34187
34193
34199
34213
34218
34219
34237
34245
34247
34264
34275
34299
34299
34312
34335
34353
34354
34369
34370
34377
34377
34386
34399
34409
34416
34417
34427
34436
34437
34439
34442
34458
34463
34465
34485
34488
34520
34526
34535
34552
34558
34561
34572
34574
34608
34643
34657
34660
34662
34694
34697
34717
34744
34753
34761
34767
34773
34788
34800
34807
34816
34817
34821
34822
34823
34830
34834
34851
34895
34902
34908
34929
34929
34938
34952
34962
34972
34978
34980
35006
35007
35013
35019
35024
35025
35030
35050
35054
35093
35096
35101
35123
35153
35156
35160
35161
35178
35179
35184
35187
35215
35225
35231
35236
35241
35256
35256
35262
35269
35269
35273
35289
35318
35322
35325
35334
35342
35365
35383
35401
35420
35437
35475
35487
35487
35501
35507
35513
35538
35543
35551
35560
35565
35587
35606
35648
35664
35665
35666
35675
35690
35720
35720
35720
35729
35734
35750
35753
35754
35762
35762
35804
35831
35832
35839
35889
35894
35899
35904
35905
35908
35913
35926
35937
35937
35949
35957
35959
35981
35987
35996
36000
36010
36023
36025
36032
36049
36052
36057
36071
36092
36103
36104
36104
36110
36111
36112
36121
36130
36137
36147
36162
36163
36177
36197
36207
36226
36241
36253
36256
36273
36284
36311
36330
36333
36364
36370
36371
36399
36415
36417
36437
36446
36455
36470
36475
36503
36510
36511
36512
36527
36533
36555
36561
36562
36568
36593
36593
36596
36604
36643
36674
36675
36684
36688
36694
36705
36724
36725
36732
36744
36750
36756
36758
36767
36776
36780
36815
36822
36824
36832
36834
36867
36871
36871
36886
36899
36899
36907
36907
36920
36940
36949
36953
36953
36968
36970
36981
36986
36992
36995
36999
37027
37041
37075
37085
37087
37094
37109
37112
37113
37135
37145
37164
37183
37184
37203
37221
37230
37233
37234
37256
37261
37267
37282
37290
37294
37314
37314
37319
37347
37348
37353
37362
37382
37397
37401
37407
37408
37432
37468
37475
37495
37496
37510
37536
37555
37563
37565
37623
37632
37650
37676
37684
37691
37697
37697
37700
37705
37711
37712
37728
37729
37730
37739
37739
37752
37756
37772
37779
37801
37812
37816
37828
37829
37847
37847
37858
37879
37880
37893
37894
37905
37907
37909
37914
37915
37919
37924
37925
37927
37933
37944
37964
37971
37975
37979
38003
38008
38008
38016
38019
38042
38044
38055
38072
38092
38098
38109
38115
38117
38129
38138
38149
38151
38156
38161
38162
38182
38187
38191
38201
38204
38227
38233
38237
38243
38252
38267
38272
38277
38279
38282
38298
38309
38321
38322
38324
38331
38331
38343
38345
38359
38367
38392
38410
38426
38429
38457
38462
38487
38498
38507
38536
38551
38587
38588
38609
38612
38632
38638
38652
38655
38669
38670
38681
38683
38687
38688
38694
38695
38711
38718
38746
38761
38761
38764
38799
38807
38807
38816
38817
38819
38842
38842
38851
38863
38871
38883
38888
38906
38909
38939
38951
38953
38954
38961
38961
38965
39002
39015
39039
39044
39055
39058
39086
39090
39096
39097
39109
39120
39122
39128
39131
39133
39138
39159
39173
39185
39210
39214
39225
39240
39242
39247
39253
39255
39259
39288
39300
39313
39313
39323
39325
39348
39381
39383
39389
39392
39405
39407
39413
39432
39443
39480
39485
39495
39500
39507
39507
39512
39516
39537
39539
39545
39546
39554
39616
39628
39640
39649
39669
39679
39687
39691
39698
39701
39707
39707
39711
39717
39753
39757
39759
39760
39761
39762
39783
39793
39798
39806
39808
39813
39820
39824
39828
39843
39847
39848
39864
39876
39892
39898
39923
39949
39954
39964
39974
39986
39997
40006
40012
40014
40014
40015
40028
40042
40046
40049
40052
40052
40057
40061
40068
40088
40095
40096
40109
40118
40128
40128
40144
40152
40168
40181
40187
40194
40209
40210
40215
40225
40278
40283
40288
40292
40293
40307
40309
40321
40321
40325
40339
40344
40350
40358
40369
40373
40383
40394
40394
40400
40405
40406
40439
40461
40474
40482
40487
40495
40495
40531
40558
40565
40582
40582
40583
40597
40623
40628
40634
40643
40647
40648
40649
40653
40657
40658
40661
40662
40666
40671
40677
40703
40718
40744
40771
40777
40794
40795
40858
40860
40871
40871
40882
40887
40893
40906
40908
40909
40916
40925
40931
40935
40942
40947
40947
40975
40984
41026
41026
41032
41044
41066
41075
41076
41086
41093
41096
41096
41100
41104
41115
41140
41147
41160
41173
41174
41176
41189
41189
41191
41202
41213
41215
41227
41240
41245
41249
41249
41303
41330
41336
41343
41352
41353
41395
41408
41434
41444
41474
41501
41506
41521
41535
41547
41566
41582
41582
41583
41588
41594
41595
41602
41605
41618
41625
41636
41650
41653
41660
41676
41679
41715
41753
41756
41767
41768
41791
41807
41810
41814
41823
41823
41829
41848
41887
41899
41902
41914
41916
41927
41928
41933
41936
41941
41954
41957
41969
41980
41996
42008
42012
42019
42034
42046
42057
42058
42120
42126
42139
42147
42158
42166
42168
42171
42182
42205
42217
42232
42239
42245
42245
42256
42264
42285
42317
42318
42327
42331
42357
42358
42359
42373
42374
42386
42392
42394
42402
42413
42416
42427
42434
42436
42451
42457
42463
42464
42466
42468
42491
42501
42514
42514
42516
42528
42536
42540
42542
42575
42580
42583
42609
42609
42609
42610
42635
42639
42639
42662
42688
42710
42726
42727
42738
42740
42758
42763
42779
42785
42848
42854
42863
42863
42871
42878
42883
42883
42886
42898
42905
42916
42918
42928
42932
42941
42942
42945
42953
42957
42974
42979
42997
42998
43005
43012
43012
43027
43030
43034
43035
43036
43044
43056
43058
43067
43067
43071
43074
43079
43083
43093
43097
43111
43117
43142
43145
43167
43187
43200
43210
43222
43225
43227
43248
43261
43273
43289
43321
43322
43324
43326
43327
43328
43332
43350
43351
43360
43367
43400
43405
43444
43445
43450
43457
43464
43470
43483
43497
43544
43548
43548
43575
43577
43584
43594
43603
43604
43607
43608
43614
43617
43659
43665
43667
43697
43701
43702
43703
43707
43711
43725
43730
43774
43782
43815
43818
43834
43841
43843
43844
43848
43851
43882
43902
43908
43919
43932
43932
43937
43943
43953
43964
43967
43968
44000
44023
44039
44039
44054
44063
44075
44093
44103
44105
44135
44139
44144
44145
44163
44178
44184
44204
44206
44206
44228
44230
44236
44252
44253
44271
44272
44283
44296
44306
44314
44315
44331
44345
44376
44388
44392
44403
44404
44417
44424
44435
44437
44443
44447
44452
44459
44462
44481
44494
44504
44528
44540
44554
44561
44565
44571
44585
44592
44599
44602
44633
44640
44648
44654
44662
44663
44678
44683
44691
44695
44698
44699
44708
44712
44712
44751
44754
44762
44775
44813
44827
44835
44839
44842
44856
44858
44872
44902
44916
44928
44931
44931
44942
44944
44948
44957
44959
44960
44966
44977
44984
45002
45018
45019
45027
45051
45056
45067
45073
45076
45090
45103
45119
45122
45133
45143
45143
45161
45166
45168
45173
45181
45184
45200
45207
45213
45223
45238
45242
45242
45247
45263
45268
45273
45278
45282
45290
45292
45298
45303
45314
45339
45341
45346
45355
45360
45363
45364
45377
45379
45379
45397
45397
45454
45459
45459
45464
45466
45468
45484
45496
45502
45522
45527
45528
45533
45535
45545
45554
45554
45554
45558
45574
45577
45583
45586
45599
45607
45611
45619
45629
45655
45655
45659
45671
45677
45681
45684
45704
45707
45713
45725
45747
45779
45782
45790
45815
45818
45822
45827
45833
45835
45836
45840
45856
45858
45864
45885
45915
45930
45931
45931
45936
45938
45942
45954
45959
45959
45976
46009
46013
46025
46028
46033
46035
46041
46060
46063
46065
46067
46075
46083
46101
46109
46111
46119
46127
46131
46138
46140
46147
46153
46164
46233
46237
46242
46248
46251
46255
46257
46262
46270
46288
46310
46316
46320
46331
46333
46334
46335
46338
46339
46342
46345
46351
46354
46385
46387
46394
46402
46412
46421
46425
46429
46430
46440
46448
46450
46465
46471
46473
46498
46505
46506
46509
46515
46520
46533
46535
46538
46548
46550
46576
46589
46596
46605
46612
46618
46642
46645
46662
46674
46714
46719
46719
46726
46729
46729
46743
46768
46784
46793
46804
46816
46818
46851
46860
46867
46876
46880
46885
46893
46905
46909
46917
46928
46942
46947
46951
46956
46961
46969
47029
47036
47038
47042
47044
47054
47068
47070
47070
47090
47094
47103
47117
47163
47179
47180
47183
47183
47185
47188
47233
47237
47261
47272
47281
47297
47298
47299
47305
47332
47345
47347
47365
47369
47380
47384
47401
47417
47420
47423
47428
47431
47433
47439
47447
47458
47459
47461
47475
47505
47516
47535
47567
47580
47585
47592
47594
47603
47613
47613
47621
47646
47668
47679
47687
47701
47706
47721
47723
47750
47753
47760
47761
47778
47807
47818
47822
47840
47840
47850
47850
47870
47871
47875
47877
47884
47914
47917
47933
47941
47943
47949
47981
47987
47987
47993
48011
48016
48027
48050
48052
48066
48067
48068
48073
48109
48117
48123
48128
48130
48137
48139
48140
48149
48149
48183
48190
48206
48220
48228
48236
48246
48260
48270
48272
48274
48281
48284
48284
48284
48295
48295
48306
48310
48311
48311
48317
48322
48326
48331
48336
48340
48344
48356
48357
48359
48381
48395
48407
48412
48447
48475
48475
48476
48483
48489
48490
48491
48493
48500
48515
48522
48523
48524
48527
48546
48557
48566
48572
48575
48593
48597
48657
48663
48665
48669
48685
48692
48694
48716
48719
48731
48738
48745
48750
48777
48783
48784
48793
48803
48831
48834
48849
48850
48865
48901
48902
48918
48927
48939
48952
48961
48966
48984
49004
49008
49015
49026
49033
49037
49052
49057
49058
49094
49114
49141
49149
49161
49163
49163
49168
49169
49176
49177
49181
49190
49197
49213
49216
49225
49227
49236
49246
49253
49277
49281
49284
49293
49294
49318
49320
49360
49368
49368
49378
49386
49396
49399
49414
49433
49434
49438
49446
49447
49449
49466
49469
49471
49472
49477
49503
49506
49507
49507
49554
49565
49568
49581
49604
49608
49611
49614
49619
49619
49629
49651
49652
49656
49671
49676
49683
49684
49693
49699
49714
49719
49720
49737
49751
49760
49761
49770
49794
49805
49808
49822
49829
49869
49897
49909
49937
49939
49967
49969
49978
49979
49982
49999
50001
50032
50043
50044
50074
50078
50109
50112
50120
50126
50130
50132
50138
50141
50147
50149
50152
50153
50169
50177
50182
50193
50199
50205
50217
50219
50222
50223
50237
50250
50270
50286
50290
50307
50319
50322
50337
50337
50365
50372
50372
50374
50377
50381
50403
50422
50437
50463
50468
50500
50502
50512
50515
50520
50538
50545
50554
50557
50560
50560
50563
50586
50616
50616
50629
50629
50632
50638
50648
50650
50661
50663
50676
50682
50684
50689
50693
50693
50699
50700
50700
50761
50762
50763
50780
50785
50786
50801
50801
50806
50814
50817
50820
50821
50821
50825
50839
50847
50865
50866
50879
50903
50907
50910
50915
50935
50939
50965
50970
50999
51008
51015
51032
51056
51060
51085
51094
51105
51108
51112
51128
51130
51130
51131
51132
51134
51163
51169
51185
51187
51193
51208
51217
51218
51224
51228
51241
51247
51251
51305
51306
51310
51317
51336
51343
51343
51347
51378
51394
51420
51427
51447
51458
51473
51478
51478
51515
51526
51528
51541
51577
51592
51594
51595
51601
51601
51606
51608
51611
51611
51637
51647
51653
51666
51681
51681
51702
51708
51708
51711
51714
51736
51752
51757
51760
51772
51806
51816
51823
51835
51835
51839
51840
51853
51854
51870
51870
51871
51874
51889
51930
51935
51936
51943
51943
51967
51978
51989
51989
51998
52030
52033
52035
52043
52056
52056
52062
52063
52072
52078
52080
52084
52092
52104
52105
52116
52130
52137
52139
52150
52155
52165
52166
52172
52177
52180
52184
52202
52226
52232
52237
52241
52256
52263
52281
52281
52311
52313
52325
52328
52337
52341
52352
52366
52369
52378
52390
52396
52400
52412
52439
52443
52451
52455
52457
52465
52492
52514
52519
52556
52567
52592
52595
52603
52616
52618
52626
52630
52644
52656
52675
52675
52677
52681
52726
52736
52743
52743
52762
52767
52796
52796
52800
52809
52816
52857
52861
52862
52882
52887
52892
52896
52905
52907
52908
52913
52920
52928
52949
52957
52972
52972
52986
53006
53056
53073
53077
53113
53119
53143
53149
53152
53166
53166
53185
53190
53207
53211
53228
53235
53237
53252
53252
53265
53272
53288
53292
53301
53302
53325
53341
53357
53361
53372
53377
53384
53393
53396
53396
53397
53406
53415
53427
53460
53469
53476
53477
53486
53488
53499
53507
53510
53523
53524
53533
53537
53547
53548
53554
53557
53562
53565
53566
53596
53600
53612
53620
53623
53625
53632
53641
53644
53645
53660
53662
53675
53697
53716
53720
53721
53721
53725
53734
53735
53736
53741
53743
53746
53752
53758
53779
53794
53801
53818
53827
53834
53839
53848
53857
53863
53876
53880
53883
53886
53900
53919
53921
53933
53943
53946
53953
53957
53965
53983
53990
53992
54001
54001
54008
54026
54030
54034
54036
54049
54055
54065
54065
54083
54088
54100
54101
54103
54117
54133
54141
54147
54150
54152
54165
54171
54208
54212
54221
54223
54227
54257
54267
54271
54286
54292
54311
54313
54328
54332
54337
54344
54359
54378
54381
54387
54387
54393
54398
54422
54449
54451
54463
54473
54479
54481
54483
54488
54493
54496
54498
54510
54516
54548
54575
54591
54617
54618
54618
54643
54647
54655
54701
54701
54712
54712
54730
54734
54738
54750
54754
54757
54801
54802
54812
54841
54844
54845
54847
54848
54850
54869
54871
54883
54885
54937
54968
54969
54970
54985
54988
54992
54993
55013
55022
55035
55035
55059
55065
55066
55074
55075
55075
55082
55083
55091
55117
55146
55158
55172
55173
55198
55209
55222
55225
55237
55240
55240
55264
55265
55276
55282
55282
55285
55294
55300
55308
55308
55318
55320
55337
55342
55344
55349
55360
55369
55376
55378
55381
55383
55403
55407
55439
55450
55457
55462
55462
55463
55473
55474
55486
55494
55496
55500
55502
55502
55524
55525
55540
55555
55571
55577
55630
55633
55634
55644
55651
55665
55669
55669
55675
55684
55688
55705
55715
55724
55729
55753
55760
55762
55767
55769
55782
55819
55833
55840
55843
55858
55860
55865
55872
55889
55892
55896
55905
55920
55936
55960
55972
55974
55980
55988
56014
56034
56038
56082
56090
56096
56105
56119
56121
56139
56142
56158
56173
56179
56191
56214
56219
56229
56235
56248
56248
56250
56283
56289
56290
56316
56333
56336
56340
56346
56349
56374
56378
56381
56381
56384
56389
56400
56416
56420
56436
56454
56463
56480
56482
56487
56491
56498
56508
56519
56568
56595
56599
56610
56618
56653
56655
56675
56677
56697
56699
56744
56747
56748
56753
56773
56786
56797
56806
56834
56854
56861
56867
56867
56869
56874
56875
56883
56892
56920
56923
56926
56932
56940
56941
56951
56952
56961
56963
56973
56974
57010
57010
57013
57051
57052
57053
57062
57072
57083
57084
57089
57092
57112
57120
57126
57128
57135
57138
57151
57160
57191
57197
57203
57210
57217
57245
57248
57257
57266
57268
57273
57273
57280
57282
57287
57292
57293
57293
57300
57321
57327
57330
57336
57349
57366
57368
57384
57386
57392
57399
57409
57419
57430
57445
57454
57460
57470
57492
57500
57501
57509
57512
57515
57527
57531
57535
57543
57549
57574
57600
57610
57614
57624
57626
57634
57643
57664
57669
57690
57692
57692
57706
57710
57720
57728
57733
57741
57750
57776
57777
57780
57784
57791
57802
57803
57823
57832
57841
57859
57867
57873
57886
57900
57903
57936
57940
57942
57962
57971
57978
57986
57996
58011
58012
58016
58017
58017
58027
58038
58040
58047
58049
58051
58060
58063
58065
58068
58070
58077
58099
58108
58117
58117
58142
58153
58165
58170
58171
58174
58183
58204
58205
58219
58242
58260
58277
58294
58303
58306
58315
58319
58327
58327
58329
58330
58362
58389
58391
58393
58396
58402
58403
58409
58412
58415
58422
58445
58454
58471
58483
58493
58496
58510
58511
58519
58521
58531
58535
58550
58559
58568
58584
58587
58587
58590
58590
58592
58595
58596
58596
58602
58602
58607
58617
58618
58627
58636
58638
58647
58652
58666
58671
58707
58711
58717
58729
58731
58731
58737
58747
58749
58751
58756
58763
58781
58789
58806
58814
58824
58837
58857
58871
58891
58893
58897
58899
58901
58907
58912
58916
58943
58997
59008
59015
59017
59039
59043
59051
59059
59063
59070
59097
59099
59121
59138
59146
59170
59181
59194
59200
59203
59222
59231
59231
59261
59280
59317
59319
59326
59327
59340
59352
59353
59378
59389
59430
59467
59485
59525
59551
59580
59580
59581
59582
59591
59592
59612
59626
59626
59626
59631
59642
59660
59675
59709
59718
59720
59733
59735
59747
59747
59758
59781
59786
59801
59806
59809
59841
59870
59876
59901
59914
59922
59940
59948
59952
59958
59960
59995
60002
60022
60041
60044
60087
60098
60107
60118
60120
60154
60174
60175
60218
60221
60229
60232
60235
60242
60253
60253
60263
60266
60267
60277
60285
60285
60293
60294
60296
60302
60308
60318
60320
60338
60339
60347
60358
60362
60362
60400
60402
60406
60418
60425
60429
60451
60459
60472
60477
60505
60516
60517
60520
60528
60570
60575
60583
60584
60598
60600
60608
60644
60676
60686
60734
60743
60749
60762
60767
60767
60772
60775
60776
60806
60823
60825
60826
60835
60836
60840
60842
60849
60853
60857
60885
60898
60902
60937
60950
60951
60953
60961
60989
61001
61012
61061
61081
61082
61084
61088
61091
61098
61105
61105
61124
61134
61158
61190
61200
61205
61209
61246
61246
61262
61264
61274
61285
61305
61310
61315
61317
61321
61328
61359
61362
61375
61401
61403
61403
61424
61436
61441
61444
61452
61464
61478
61497
61498
61505
61512
61526
61539
61550
61563
61565
61578
61590
61590
61598
61608
61615
61617
61625
61630
61642
61650
61664
61665
61673
61684
61692
61698
61700
61702
61715
61720
61725
61741
61743
61755
61790
61802
61813
61824
61835
61853
61859
61860
61866
61888
61890
61905
61908
61910
61910
61917
61921
61932
61946
61948
61961
61962
61970
61982
61984
61987
61993
61993
62000
62014
62016
62016
62031
62035
62039
62046
62050
62058
62073
62085
62099
62104
62108
62110
62112
62115
62138
62153
62159
62161
62200
62208
62209
62235
62245
62249
62252
62263
62264
62272
62286
62287
62292
62293
62297
62328
62331
62336
62341
62350
62354
62358
62370
62379
62380
62380
62385
62388
62394
62397
62417
62435
62441
62441
62444
62473
62485
62493
62501
62502
62507
62512
62526
62559
62568
62570
62572
62580
62606
62611
62625
62635
62641
62680
62686
62687
62697
62713
62723
62734
62738
62749
62751
62777
62781
62788
62797
62807
62811
62852
62902
62908
62909
62913
62917
62923
62935
62938
62944
62946
62948
62952
62956
62957
62980
63001
63020
63042
63046
63065
63081
63082
63126
63127
63131
63131
63135
63137
63144
63149
63152
63152
63156
63200
63203
63221
63223
63227
63231
63238
63242
63253
63262
63272
63287
63300
63302
63308
63318
63318
63323
63339
63348
63371
63382
63383
63396
63427
63430
63440
63466
63471
63477
63480
63489
63489
63501
63506
63518
63540
63552
63566
63566
63579
63626
63641
63651
63659
63664
63668
63672
63678
63679
63688
63697
63704
63711
63714
63718
63720
63723
63733
63747
63753
63769
63784
63819
63824
63828
63857
63898
63917
63932
63938
63944
63953
63957
63963
63976
63980
63984
63989
64018
64041
64045
64089
64103
64112
64129
64129
64148
64163
64169
64191
64192
64192
64205
64210
64227
64248
64249
64250
64270
64276
64276
64287
64292
64292
64298
64303
64317
64337
64343
64351
64351
64389
64400
64420
64425
64437
64449
64481
64489
64491
64497
64509
64510
64545
64561
64577
64610
64636
64656
64657
64676
64680
64686
64699
64699
64702
64717
64718
64732
64732
64736
64748
64751
64756
64770
64771
64772
64789
64794
64802
64814
64818
64822
64823
64823
64831
64837
64841
64879
64897
64898
64913
64917
64933
64938
64945
64967
64972
64976
64981
64996
65000
65006
65036
65042
65042
65046
65097
65108
65140
65170
65175
65180
65182
65184
65202
65210
65220
65220
65238
65252
65270
65286
65287
65319
65345
65354
65365
65376
65377
65377
65391
65392
65399
65435
65441
65471
65480
65490
65498
65499
65512
65516
65541
65545
65557
65572
65579
65585
65604
65616
65622
65623
65632
65671
65695
65724
65746
65755
65769
65792
65798
65800
65824
65825
65826
65833
65835
65852
65895
65898
65909
65911
65915
65936
65936
65942
65943
65944
65947
65954
65961
65969
65982
65984
65985
66001
66037
66041
66048
66049
66058
66071
66101
66166
66176
66187
66191
66204
66220
66225
66227
66248
66251
66259
66259
66265
66272
66274
66290
66301
66311
66312
66318
66328
66330
66347
66374
66383
66403
66403
66403
66405
66406
66408
66408
66409
66462
66478
66500
66506
66516
66537
66561
66563
66567
66568
66573
66581
66581
66583
66592
66605
66607
66629
66636
66639
66640
66641
66651
66661
66675
66687
66688
66695
66708
66712
66721
66723
66725
66748
66749
66764
66775
66775
66780
66782
66787
66803
66803
66821
66821
66832
66835
66835
66841
66852
66870
66906
66918
66925
66933
66949
66951
66954
66966
66977
66980
66980
66983
66998
67004
67013
67016
67023
67026
67030
67050
67061
67061
67075
67083
67085
67088
67092
67114
67118
67141
67147
67157
67190
67197
67205
67226
67234
67239
67240
67243
67247
67269
67271
67273
67279
67280
67288
67294
67298
67305
67311
67312
67324
67334
67340
67359
67367
67391
67394
67396
67399
67408
67410
67412
67413
67425
67432
67437
67450
67463
67479
67483
67500
67507
67522
67538
67581
67588
67596
67597
67599
67601
67602
67603
67644
67656
67657
67662
67700
67703
67716
67716
67717
67721
67740
67742
67750
67758
67765
67766
67780
67789
67799
67808
67808
67829
67854
67855
67857
67871
67880
67887
67888
67910
67920
67920
67935
67938
67941
67947
67953
67969
67971
67982
67989
67994
68019
68028
68028
68043
68058
68067
68071
68091
68091
68105
68111
68115
68123
68146
68159
68159
68166
68168
68171
68179
68181
68194
68211
68215
68227
68228
68230
68263
68275
68280
68280
68285
68310
68311
68319
68321
68343
68377
68381
68385
68405
68407
68419
68434
68436
68469
68472
68484
68504
68507
68519
68525
68527
68533
68554
68558
68561
68563
68572
68585
68611
68626
68629
68632
68643
68646
68649
68653
68667
68671
68684
68686
68686
68693
68696
68708
68723
68725
68728
68730
68749
68795
68810
68812
68829
68842
68858
68875
68887
68890
68894
68894
68902
68907
68911
68916
68927
68928
68931
68933
68939
68945
68947
68949
68960
68962
68972
68979
68990
69000
69007
69017
69022
69023
69039
69050
69054
69074
69082
69087
69088
69101
69104
69123
69127
69144
69157
69158
69160
69163
69165
69169
69172
69204
69223
69266
69267
69269
69275
69280
69282
69287
69297
69311
69322
69337
69340
69353
69385
69386
69389
69396
69419
69424
69439
69447
69449
69454
69455
69458
69473
69486
69488
69508
69523
69529
69540
69541
69559
69566
69581
69583
69589
69637
69645
69656
69661
69684
69707
69741
69758
69765
69782
69795
69805
69831
69850
69876
69889
69901
69905
69907
69923
69923
69928
69933
69941
69941
69941
69946
69954
69963
69976
69986
69995
70024
70025
70027
70032
70041
70044
70055
70061
70083
70102
70108
70117
70130
70156
70166
70180
70192
70199
70213
70216
70227
70233
70239
70252
70260
70271
70290
70298
70303
70322
70330
70342
70344
70363
70377
70379
70384
70386
70389
70394
70403
70416
70419
70419
70419
70423
70433
70455
70468
70472
70482
70486
70486
70511
70511
70522
70528
70535
70539
70550
70579
70602
70627
70633
70652
70654
70657
70659
70664
70669
70691
70707
70709
70729
70730
70733
70739
70774
70775
70776
70784
70786
70807
70810
70822
70824
70864
70872
70876
70881
70907
70910
70919
70928
70954
70974
70976
70976
70977
70978
70993
70994
71013
71068
71091
71103
71106
71128
71129
71129
71139
71150
71154
71171
71172
71176
71179
71187
71238
71247
71248
71263
71282
71286
71294
71329
71331
71353
71388
71389
71406
71424
71432
71447
71464
71465
71482
71497
71510
71510
71528
71532
71535
71544
71546
71555
71567
71568
71569
71572
71573
71580
71601
71603
71607
71616
71630
71633
71634
71635
71643
71669
71685
71704
71708
71711
71714
71715
71716
71739
71740
71742
71742
71748
71757
71761
71761
71765
71769
71821
71822
71831
71832
71835
71848
71851
71867
71885
71901
71906
71909
71928
71935
71952
71960
71996
72018
72018
72030
72034
72041
72042
72044
72055
72077
72078
72079
72090
72094
72098
72111
72115
72129
72133
72156
72169
72182
72187
72192
72196
72210
72213
72215
72224
72234
72234
72236
72241
72267
72283
72288
72291
72302
72305
72313
72325
72328
72336
72337
72349
72356
72358
72381
72395
72396
72407
72412
72422
72422
72429
72429
72431
72441
72442
72451
72485
72486
72494
72499
72523
72527
72534
72544
72551
72568
72570
72581
72582
72592
72597
72617
72648
72663
72677
72679
72679
72680
72686
72714
72749
72755
72765
72788
72795
72808
72825
72831
72832
72837
72839
72842
72853
72854
72854
72886
72917
72928
72942
72959
72971
72976
73004
73008
73038
73042
73047
73055
73057
73058
73068
73074
73087
73087
73093
73097
73099
73099
73106
73122
73138
73187
73201
73208
73208
73212
73215
73226
73231
73234
73244
73273
73341
73367
73382
73408
73411
73415
73435
73439
73463
73472
73478
73493
73505
73508
73522
73525
73526
73547
73553
73569
73585
73598
73642
73651
73663
73667
73669
73673
73675
73685
73693
73707
73707
73716
73723
73739
73742
73750
73755
73759
73762
73769
73836
73849
73883
73885
73897
73898
73904
73910
73913
73916
73917
73925
73934
73934
73936
73938
73990
73991
73997
74011
74032
74042
74043
74048
74056
74063
74067
74072
74073
74075
74102
74106
74117
74123
74128
74134
74142
74146
74149
74150
74154
74168
74172
74185
74202
74205
74243
74244
74250
74264
74270
74275
74306
74306
74336
74352
74392
74419
74425
74431
74442
74457
74458
74460
74461
74465
74466
74466
74475
74482
74483
74489
74510
74515
74533
74551
74553
74556
74560
74590
74594
74595
74595
74606
74613
74635
74651
74661
74664
74669
74672
74675
74686
74688
74708
74709
74719
74734
74735
74757
74759
74759
74768
74786
74801
74805
74810
74812
74833
74854
74863
74889
74910
74930
74952
74968
74970
74984
74998
75011
75032
75035
75037
75039
75046
75048
75062
75069
75104
75110
75112
75116
75142
75148
75152
75152
75158
75176
75217
75219
75222
75235
75240
75257
75257
75278
75289
75313
75318
75341
75344
75349
75358
75360
75371
75380
75388
75389
75389
75394
75404
75423
75428
75433
75438
75460
75470
75476
75477
75494
75497
75497
75507
75511
75518
75521
75523
75547
75555
75559
75569
75573
75607
75661
75669
75670
75680
75688
75705
75708
75713
75715
75744
75747
75750
75752
75756
75761
75776
75784
75800
75803
75807
75811
75815
75817
75835
75838
75841
75867
75890
75892
75895
75896
75902
75904
75909
75911
75912
75914
75914
75914
75926
75928
75933
75977
75981
75989
76006
76014
76019
76027
76034
76034
76038
76053
76056
76062
76073
76079
76082
76086
76096
76127
76138
76143
76144
76153
76164
76170
76194
76209
76225
76245
76262
76274
76275
76292
76296
76301
76322
76331
76352
76355
76376
76389
76398
76415
76429
76432
76433
76448
76454
76458
76487
76487
76490
76496
76505
76517
76519
76544
76545
76549
76594
76631
76635
76642
76643
76652
76659
76672
76682
76683
76692
76698
76715
76716
76719
76720
76721
76734
76740
76750
76751
76759
76761
76761
76767
76769
76785
76793
76804
76809
76810
76828
76832
76836
76854
76856
76856
76869
76882
76896
76908
76934
76936
76947
76974
76981
77002
77019
77041
77072
77078
77086
77116
77117
77123
77135
77137
77146
77153
77165
77167
77195
77203
77207
77208
77211
77217
77230
77231
77233
77234
77244
77269
77274
77275
77312
77325
77331
77335
77351
77405
77408
77430
77436
77451
77453
77470
77476
77477
77508
77519
77529
77534
77535
77538
77540
77545
77548
77549
77554
77568
77569
77580
77640
77644
77660
77670
77683
77686
77713
77738
77740
77754
77757
77766
77791
77792
77822
77837
77844
77866
77868
77888
77893
77894
77917
77922
77931
77936
77943
77943
77972
78013
78015
78018
78023
78038
78042
78056
78061
78066
78066
78067
78083
78110
78113
78128
78138
78144
78145
78161
78161
78191
78206
78221
78228
78238
78247
78247
78253
78266
78268
78295
78302
78305
78319
78323
78348
78362
78372
78373
78376
78380
78385
78394
78395
78398
78400
78405
78410
78411
78418
78418
78422
78423
78423
78424
78428
78437
78458
78466
78472
78472
78480
78497
78497
78514
78554
78571
78573
78592
78601
78605
78607
78653
78654
78667
78704
78729
78758
78764
78775
78777
78782
78805
78814
78814
78842
78852
78853
78859
78863
78865
78874
78875
78882
78903
78920
78922
78934
78952
78967
78970
78985
79026
79036
79042
79069
79086
79098
79115
79122
79126
79169
79192
79194
79201
79202
79204
79208
79215
79243
79255
79258
79279
79281
79283
79291
79304
79311
79327
79328
79336
79348
79351
79355
79364
79381
79404
79413
79416
79462
79478
79480
79485
79500
79520
79521
79525
79531
79563
79569
79577
79577
79595
79595
79611
79622
79623
79642
79656
79670
79680
79685
79716
79727
79739
79742
79767
79771
79772
79786
79790
79792
79796
79817
79827
79838
79838
79838
79843
79851
79871
79873
79877
79915
79936
79937
79938
79952
79954
79966
79981
79981
79983
79984
79989
80014
80023
80032
80041
80042
80042
80046
80064
80084
80096
80101
80139
80150
80176
80178
80185
80185
80200
80200
80201
80213
80213
80235
80243
80245
80247
80261
80292
80302
80318
80331
80341
80350
80365
80375
80379
80380
80384
80393
80394
80426
80433
80434
80455
80460
80476
80498
80499
80502
80504
80507
80510
80512
80513
80513
80525
80531
80532
80549
80555
80581
80594
80599
80612
80624
80632
80639
80643
80649
80652
80663
80679
80709
80709
80710
80720
80743
80771
80777
80787
80789
80790
80791
80792
80804
80818
80845
80852
80853
80870
80870
80882
80883
80898
80900
80905
80915
80969
80981
81000
81008
81020
81026
81026
81036
81043
81044
81052
81058
81091
81091
81099
81103
81105
81106
81125
81135
81140
81147
81158
81163
81182
81187
81192
81221
81223
81230
81248
81260
81276
81279
81286
81300
81305
81309
81348
81348
81357
81363
81371
81374
81376
81381
81387
81420
81428
81447
81466
81482
81490
81515
81531
81544
81603
81611
81612
81614
81651
81655
81661
81662
81664
81713
81717
81742
81748
81760
81763
81763
81772
81773
81793
81795
81806
81806
81808
81809
81809
81817
81831
81849
81855
81864
81873
81886
81890
81906
81922
81931
81934
81943
81958
81981
81987
81990
81994
82010
82029
82031
82057
82065
82077
82100
82102
82106
82135
82135
82149
82165
82191
82210
82223
82241
82257
82259
82264
82288
82294
82302
82327
82355
82366
82395
82406
82406
82429
82440
82463
82464
82464
82471
82474
82495
82496
82513
82545
82546
82559
82579
82585
82586
82638
82640
82645
82646
82659
82681
82696
82710
82718
82731
82734
82752
82767
82795
82796
82821
82834
82840
82842
82857
82865
82874
82884
82903
82904
82926
82938
82944
82947
82974
82975
82991
82992
82998
83027
83029
83047
83047
83061
83072
83072
83082
83082
83083
83090
83117
83130
83144
83156
83157
83158
83164
83164
83178
83183
83186
83189
83196
83208
83221
83222
83229
83244
83263
83269
83276
83281
83284
83291
83316
83321
83324
83329
83343
83345
83346
83348
83360
83360
83360
83367
83375
83378
83379
83390
83399
83426
83437
83458
83461
83462
83468
83487
83495
83500
83528
83534
83563
83577
83588
83590
83594
83597
83608
83633
83643
83646
83675
83679
83689
83698
83703
83709
83712
83743
83747
83759
83763
83767
83778
83782
83814
83820
83826
83828
83844
83878
83895
83909
83913
83926
83956
83968
83970
83970
83980
83986
83996
83997
84015
84023
84030
84046
84072
84072
84084
84100
84121
84154
84161
84183
84197
84204
84218
84225
84247
84252
84255
84278
84305
84305
84314
84334
84349
84387
84387
84407
84425
84440
84441
84445
84481
84508
84525
84531
84553
84558
84567
84581
84584
84611
84621
84634
84638
84643
84665
84672
84678
84695
84709
84721
84726
84728
84749
84756
84787
84810
84843
84857
84870
84873
84873
84887
84891
84899
84908
84919
84934
84936
84946
84960
84961
84963
84980
84981
84986
84987
84997
84997
85008
85014
85016
85019
85032
85054
85054
85054
85056
85059
85080
85106
85130
85140
85146
85151
85153
85164
85165
85181
85204
85214
85242
85243
85249
85277
85296
85304
85309
85317
85322
85323
85331
85344
85383
85383
85386
85396
85417
85469
85470
85481
85485
85487
85490
85494
85505
85513
85519
85522
85525
85527
85535
85537
85544
85557
85559
85562
85579
85580
85611
85614
85624
85630
85631
85639
85645
85649
85658
85667
85668
85669
85677
85679
85680
85712
85715
85723
85738
85747
85747
85775
85778
85782
85786
85789
85797
85810
85815
85843
85864
85868
85872
85882
85884
85889
85932
85944
85982
85991
86006
86024
86039
86044
86044
86047
86047
86069
86084
86093
86116
86133
86133
86151
86161
86181
86186
86191
86200
86210
86223
86226
86243
86247
86269
86294
86319
86329
86336
86364
86437
86452
86452
86458
86465
86495
86495
86499
86510
86513
86540
86552
86553
86557
86569
86590
86604
86615
86620
86652
86654
86655
86667
86684
86698
86704
86712
86730
86735
86738
86763
86766
86774
86776
86789
86790
86816
86821
86831
86838
86842
86845
86846
86852
86853
86859
86879
86897
86898
86900
86907
86913
86933
86972
86977
86987
86989
87003
87005
87010
87022
87033
87052
87055
87065
87072
87072
87100
87104
87113
87147
87165
87169
87184
87198
87208
87213
87227
87241
87246
87253
87265
87266
87267
87292
87299
87303
87340
87348
87351
87352
87357
87362
87364
87386
87390
87397
87421
87427
87443
87479
87482
87513
87524
87547
87551
87554
87567
87571
87617
87631
87667
87668
87675
87695
87715
87744
87758
87758
87761
87766
87778
87846
87868
87887
87917
87922
87922
87933
87950
87964
87973
87982
87988
88004
88034
88051
88052
88055
88059
88063
88078
88080
88081
88083
88096
88121
88139
88145
88156
88177
88180
88201
88208
88217
88218
88241
88282
88286
88293
88296
88306
88360
88364
88368
88397
88408
88423
88434
88452
88458
88465
88488
88496
88497
88499
88502
88504
88505
88512
88518
88518
88522
88533
88541
88541
88553
88557
88568
88599
88600
88602
88608
88624
88624
88640
88663
88669
88675
88692
88701
88711
88718
88725
88728
88791
88792
88823
88835
88860
88861
88869
88875
88892
88896
88907
88916
88919
88956
88959
88962
88963
88966
88978
88980
88982
88984
88994
88997
89002
89009
89035
89048
89060
89073
89080
89085
89132
89138
89154
89170
89210
89217
89223
89244
89251
89257
89261
89264
89282
89284
89297
89310
89321
89328
89336
89345
89349
89359
89370
89382
89397
89423
89425
89431
89449
89464
89469
89471
89500
89507
89515
89533
89540
89543
89543
89562
89565
89571
89572
89573
89580
89586
89596
89606
89607
89613
89632
89642
89651
89672
89688
89698
89708
89749
89763
89767
89772
89776
89776
89788
89812
89817
89818
89821
89843
89855
89860
89865
89882
89884
89886
89898
89940
89943
89949
89958
89961
89983
89983
89986
90005
90009
90023
90039
90044
90055
90058
90078
90081
90085
90106
90109
90121
90123
90123
90130
90133
90135
90138
90146
90148
90164
90197
90198
90206
90216
90224
90240
90245
90258
90266
90307
90308
90312
90316
90326
90327
90333
90347
90353
90370
90383
90401
90411
90419
90423
90425
90425
90489
90492
90493
90493
90500
90518
90533
90541
90550
90557
90559
90569
90579
90582
90596
90600
90603
90614
90637
90638
90642
90655
90659
90663
90674
90674
90684
90690
90695
90698
90729
90767
90771
90776
90777
90784
90784
90795
90807
90815
90840
90851
90854
90859
90865
90902
90917
90938
90941
90967
90972
90978
90981
90985
90987
91007
91014
91018
91023
91023
91024
91033
91034
91037
91037
91061
91064
91070
91082
91092
91094
91120
91148
91157
91168
91182
91182
91182
91187
91192
91207
91218
91223
91250
91255
91261
91261
91286
91293
91300
91307
91353
91360
91362
91384
91388
91415
91416
91420
91463
91470
91473
91481
91492
91504
91512
91517
91523
91525
91549
91564
91613
91620
91642
91644
91645
91648
91676
91680
91683
91740
91743
91751
91756
91757
91758
91761
91789
91794
91802
91808
91819
91820
91823
91831
91837
91850
91851
91854
91868
91869
91871
91885
91886
91903
91909
91945
91949
91952
91956
91962
91983
91999
92002
92003
92006
92009
92020
92038
92042
92054
92077
92087
92111
92111
92137
92141
92142
92151
92161
92177
92187
92203
92216
92224
92228
92231
92239
92242
92244
92246
92265
92272
92274
92276
92286
92290
92293
92309
92313
92335
92338
92357
92365
92367
92378
92382
92385
92402
92411
92411
92424
92430
92462
92463
92467
92497
92504
92506
92507
92510
92538
92541
92541
92542
92549
92551
92559
92566
92567
92583
92596
92609
92618
92628
92639
92645
92654
92658
92671
92675
92683
92684
92685
92696
92699
92721
92726
92730
92738
92746
92759
92761
92771
92775
92799
92807
92840
92850
92862
92871
92873
92886
92910
92914
92918
92935
92948
92983
93008
93012
93020
93025
93031
93038
93057
93075
93076
93077
93081
93088
93090
93090
93106
93109
93111
93117
93126
93136
93157
93162
93167
93176
93186
93206
93212
93220
93227
93228
93231
93242
93256
93257
93278
93279
93281
93293
93302
93303
93304
93306
93311
93315
93330
93337
93340
93346
93398
93403
93430
93438
93451
93463
93472
93476
93477
93485
93500
93504
93509
93514
93526
93560
93575
93589
93600
93608
93613
93623
93638
93655
93664
93667
93697
93724
93725
93739
93755
93765
93781
93795
93796
93807
93807
93831
93838
93844
93864
93873
93882
93887
93888
93907
93910
93923
93944
93954
93958
93964
93996
93999
94000
94004
94006
94008
94038
94042
94045
94048
94054
94068
94080
94087
94099
94115
94117
94120
94133
94134
94137
94139
94154
94167
94194
94201
94220
94221
94246
94246
94264
94267
94278
94293
94297
94307
94329
94332
94345
94355
94357
94362
94375
94375
94381
94426
94438
94460
94463
94470
94473
94489
94513
94515
94516
94525
94531
94548
94554
94554
94557
94560
94585
94585
94599
94601
94609
94615
94630
94645
94656
94668
94669
94674
94699
94711
94726
94753
94758
94774
94775
94783
94814
94825
94838
94843
94863
94879
94896
94901
94901
94910
94912
94927
94934
94941
94942
94951
94965
94973
94988
94990
94992
94995
95020
95023
95032
95042
95046
95059
95062
95071
95072
95072
95074
95076
95085
95107
95118
95121
95144
95157
95164
95170
95174
95178
95188
95243
95252
95255
95264
95265
95268
95270
95285
95300
95305
95307
95308
95320
95321
95336
95351
95376
95388
95388
95396
95401
95413
95413
95417
95428
95437
95437
95470
95487
95506
95513
95546
95550
95556
95591
95616
95634
95645
95668
95669
95670
95672
95704
95711
95718
95721
95735
95744
95758
95766
95768
95790
95795
95816
95820
95823
95831
95833
95858
95868
95873
95879
95924
95937
95940
95941
95945
95961
95970
95988
95991
95995
96007
96024
96047
96050
96078
96085
96086
96096
96101
96104
96106
96106
96138
96151
96161
96222
96230
96246
96256
96281
96284
96287
96297
96322
96326
96329
96341
96353
96357
96388
96391
96393
96415
96420
96448
96451
96461
96469
96478
96496
96497
96501
96527
96539
96544
96545
96548
96553
96562
96564
96606
96609
96617
96629
96629
96643
96656
96674
96695
96699
96707
96711
96713
96721
96727
96729
96734
96734
96737
96766
96786
96807
96817
96821
96823
96832
96841
96857
96868
96883
96892
96900
96901
96907
96912
96913
96914
96915
96916
96951
96957
96963
96970
96999
97009
97013
97046
97058
97087
97096
97105
97110
97116
97135
97140
97154
97172
97195
97197
97226
97228
97230
97241
97244
97252
97266
97274
97279
97285
97286
97341
97347
97367
97389
97395
97401
97406
97412
97415
97435
97436
97443
97459
97462
97474
97494
97506
97509
97518
97522
97533
97538
97548
97556
97561
97564
97570
97579
97585
97588
97605
97610
97613
97620
97622
97633
97669
97673
97674
97705
97707
97708
97714
97722
97724
97740
97747
97758
97802
97806
97829
97835
97840
97842
97910
97918
97931
97976
97988
97996
97999
98002
98025
98031
98049
98062
98074
98079
98082
98120
98123
98126
98126
98135
98148
98154
98165
98174
98178
98187
98188
98193
98194
98198
98198
98215
98223
98224
98236
98255
98256
98269
98289
98294
98304
98343
98363
98363
98364
98367
98384
98395
98441
98448
98457
98460
98460
98474
98476
98476
98479
98481
98488
98506
98518
98526
98534
98536
98577
98606
98613
98618
98620
98649
98679
98686
98686
98696
98698
98699
98711
98714
98720
98721
98738
98768
98769
98797
98800
98805
98805
98819
98824
98834
98845
98861
98862
98904
98910
98928
98933
98947
98969
98974
98978
98985
98997
98999
99005
99012
99044
99068
99068
99073
99121
99130
99150
99150
99154
99170
99182
99184
99223
99232
99256
99256
99258
99259
99281
99288
99294
99310
99317
99337
99354
99382
99382
99385
99392
99433
99444
99468
99502
99507
99511
99513
99518
99549
99564
99587
99589
99598
99599
99606
99616
99619
99619
99632
99635
99654
99657
99667
99697
99700
99705
99707
99713
99718
99718
99738
99753
99755
99766
99769
99782
99789
99794
99812
99817
99818
99824
99824
99829
99835
99845
99869
99888
99891
99892
99901
99911
99916
99923
99926
99927
99927
99946
99979
99980
99994
99999
99999
