7
14
15
32
36
55
62
63
67
83
83
85
86
90
104
115
136
136
140
142
149
151
153
161
167
172
174
175
179
183
200
218
221
262
275
281
281
283
287
295
296
304
310
322
329
360
367
372
392
394
423
428
444
459
474
489
489
497
499
504
506
506
521
524
545
550
560
564
594
596
603
613
616
619
624
624
651
666
678
678
687
690
698
700
705
721
731
739
741
746
748
764
769
779
788
820
851
879
883
884
884
892
897
899
909
923
931
933
944
950
951
953
958
999
1008
1008
1017
1029
1037
1045
1047
1055
1059
1060
1060
1063
1070
1074
1082
1094
1104
1117
1128
1132
1143
1152
1159
1165
1174
1189
1192
1202
1214
1220
1228
1237
1259
1269
1275
1279
1285
1303
1304
1320
1330
1331
1357
1366
1375
1376
1384
1396
1396
1446
1465
1474
1493
1499
1500
1505
1506
1508
1513
1526
1555
1558
1576
1602
1602
1607
1646
1667
1689
1690
1705
1715
1715
1721
1731
1744
1753
1758
1760
1772
1779
1784
1795
1808
1819
1844
1845
1863
1879
1887
1902
1921
1928
1940
1943
1953
1956
1978
1987
1990
1992
1992
1997
2002
2005
2005
2012
2025
2027
2044
2044
2047
2047
2068
2080
2091
2091
2098
2103
2106
2114
2125
2132
2134
2145
2148
2159
2162
2170
2174
2182
2184
2194
2197
2201
2249
2266
2286
2291
2298
2307
2317
2319
2344
2350
2362
2362
2362
2367
2367
2370
2381
2406
2446
2462
2478
2481
2496
2499
2505
2516
2523
2537
2538
2538
2544
2546
2547
2568
2576
2585
2598
2619
2623
2632
2640
2672
2684
2701
2727
2731
2743
2781
2781
2786
2788
2792
2794
2810
2814
2832
2837
2839
2842
2852
2863
2870
2870
2880
2885
2887
2890
2891
2899
2900
2922
2938
2940
2971
3005
3005
3007
3010
3045
3050
3067
3077
3082
3096
3102
3106
3163
3166
3171
3183
3190
3196
3203
3206
3210
3211
3214
3217
3220
3239
3251
3257
3270
3279
3287
3287
3306
3312
3322
3328
3342
3352
3376
3394
3415
3416
3417
3425
3433
3437
3453
3457
3473
3484
3490
3500
3504
3509
3511
3513
3516
3519
3523
3534
3535
3544
3546
3555
3562
3577
3581
3591
3640
3642
3657
3685
3688
3696
3698
3704
3704
3709
3716
3728
3733
3752
3758
3762
3762
3765
3775
3813
3817
3840
3874
3888
3897
3907
3918
3942
3943
3965
3984
3984
4012
4027
4046
4061
4063
4079
4083
4085
4088
4121
4129
4138
4140
4145
4148
4185
4187
4193
4204
4215
4239
4242
4242
4247
4253
4254
4275
4321
4321
4341
4342
4344
4363
4365
4379
4425
4438
4460
4497
4504
4531
4535
4537
4547
4571
4578
4580
4600
4604
4607
4621
4642
4649
4674
4678
4679
4680
4681
4683
4683
4685
4685
4701
4749
4751
4754
4774
4781
4790
4795
4797
4800
4805
4824
4833
4841
4850
4856
4866
4872
4874
4877
4887
4888
4912
4920
4924
4935
4936
4955
4958
4983
4991
4994
5015
5016
5023
5025
5027
5028
5031
5032
5059
5061
5071
5073
5079
5082
5094
5100
5126
5136
5152
5179
5195
5202
5216
5216
5229
5231
5233
5269
5279
5286
5288
5314
5316
5322
5331
5342
5393
5416
5431
5450
5461
5476
5479
5490
5491
5505
5517
5540
5556
5556
5582
5589
5599
5604
5614
5616
5616
5622
5630
5635
5667
5678
5679
5720
5726
5738
5741
5747
5752
5776
5780
5782
5785
5787
5788
5799
5800
5809
5821
5834
5843
5867
5904
5908
5914
5920
5921
5923
5944
5944
5948
5952
5960
5963
5964
5987
5991
5998
6014
6036
6037
6039
6041
6053
6055
6064
6074
6101
6109
6111
6119
6131
6153
6153
6173
6181
6190
6207
6212
6220
6221
6232
6249
6250
6264
6268
6296
6299
6300
6304
6308
6313
6314
6322
6364
6392
6392
6401
6405
6407
6416
6417
6424
6425
6444
6446
6451
6469
6497
6501
6501
6514
6538
6547
6569
6580
6585
6614
6649
6649
6654
6655
6657
6666
6681
6686
6689
6707
6713
6726
6735
6750
6753
6756
6764
6765
6795
6797
6806
6815
6835
6867
6872
6874
6882
6892
6898
6903
6907
6908
6913
6915
6917
6938
6940
6949
6954
6955
6958
6959
6974
6977
6978
6980
6983
7019
7025
7031
7045
7046
7064
7082
7099
7109
7124
7132
7150
7164
7168
7169
7170
7172
7174
7194
7210
7213
7230
7231
7241
7252
7271
7274
7280
7282
7315
7323
7334
7337
7347
7360
7361
7395
7418
7431
7433
7437
7451
7452
7455
7456
7469
7476
7478
7497
7497
7498
7499
7505
7511
7512
7514
7537
7538
7556
7572
7576
7601
7602
7607
7610
7613
7618
7618
7637
7646
7647
7658
7659
7662
7699
7699
7704
7712
7728
7757
7784
7788
7791
7792
7792
7793
7794
7804
7807
7812
7812
7829
7835
7843
7851
7858
7881
7890
7894
7915
7925
7938
7961
7967
7976
7988
7999
8007
8015
8018
8024
8039
8039
8059
8066
8090
8154
8167
8171
8191
8201
8201
8205
8213
8215
8219
8227
8240
8243
8255
8259
8281
8286
8302
8311
8311
8330
8365
8378
8392
8404
8429
8438
8440
8484
8491
8501
8502
8505
8506
8509
8529
8546
8589
8591
8595
8619
8653
8662
8662
8673
8681
8688
8693
8700
8722
8744
8745
8758
8788
8822
8831
8834
8862
8863
8883
8897
8902
8906
8916
8919
8958
8958
8964
8969
8978
9011
9022
9026
9028
9070
9086
9105
9111
9115
9118
9124
9127
9145
9150
9152
9159
9166
9167
9177
9190
9192
9212
9244
9274
9276
9278
9278
9289
9305
9324
9337
9346
9348
9353
9371
9376
9399
9400
9400
9402
9404
9409
9419
9426
9427
9466
9466
9485
9487
9505
9508
9521
9543
9573
9593
9599
9599
9606
9607
9608
9636
9639
9645
9653
9671
9671
9682
9701
9710
9714
9739
9748
9750
9751
9764
9770
9771
9775
9778
9778
9792
9801
9806
9822
9828
9834
9839
9850
9861
9862
9872
9880
9889
9893
9910
9912
9919
9942
9949
9956
9999
10002
10003
10007
10016
10021
10049
10052
10061
10068
10070
10075
10086
10091
10099
10116
10125
10157
10159
10159
10169
10170
10172
10173
10221
10230
10234
10241
10269
10286
10292
10298
10309
10320
10323
10331
10331
10332
10340
10355
10356
10380
10444
10456
10457
10465
10478
10479
10487
10490
10495
10502
10514
10525
10539
10540
10543
10568
10573
10582
10592
10601
10642
10657
10661
10665
10666
10687
10689
10696
10698
10706
10707
10721
10729
10756
10760
10768
10772
10785
10811
10817
10840
10841
10845
10846
10846
10859
10888
10907
10977
10982
10985
10988
10989
10993
10994
11004
11007
11044
11048
11069
11074
11084
11086
11087
11092
11113
11129
11131
11134
11141
11167
11178
11180
11182
11254
11274
11275
11275
11276
11289
11298
11300
11306
11320
11333
11366
11369
11378
11383
11393
11399
11407
11420
11454
11464
11466
11470
11471
11478
11489
11490
11493
11500
11501
11507
11526
11531
11539
11552
11556
11571
11588
11590
11593
11608
11609
11610
11617
11629
11634
11637
11663
11681
11692
11695
11702
11708
11725
11727
11729
11730
11761
11779
11801
11802
11813
11834
11836
11842
11849
11851
11860
11868
11878
11881
11887
11904
11906
11908
11913
11922
11934
11986
11995
12015
12041
12045
12046
12058
12096
12101
12110
12112
12116
12129
12139
12159
12173
12181
12183
12198
12212
12245
12249
12254
12277
12284
12296
12326
12326
12338
12338
12353
12377
12393
12398
12398
12437
12438
12450
12455
12457
12458
12463
12463
12463
12468
12486
12494
12499
12515
12540
12550
12551
12557
12587
12597
12601
12605
12612
12618
12624
12626
12630
12633
12634
12666
12668
12677
12690
12691
12702
12705
12734
12744
12755
12772
12775
12779
12783
12792
12815
12824
12829
12832
12837
12854
12872
12880
12891
12896
12897
12901
12911
12915
12953
12989
13002
13005
13022
13027
13040
13054
13061
13071
13092
13133
13140
13152
13173
13185
13196
13215
13225
13238
13241
13249
13261
13268
13287
13297
13305
13331
13336
13366
13373
13376
13384
13394
13413
13413
13440
13467
13485
13485
13498
13511
13520
13520
13540
13566
13566
13575
13578
13598
13599
13603
13607
13616
13632
13641
13644
13647
13652
13659
13687
13689
13690
13716
13730
13734
13741
13749
13753
13772
13778
13788
13799
13830
13834
13834
13856
13885
13892
13898
13899
13912
13925
13942
13944
13968
13998
14020
14020
14021
14036
14049
14056
14065
14070
14087
14088
14093
14102
14120
14125
14127
14129
14129
14134
14145
14146
14150
14152
14182
14188
14192
14207
14210
14214
14216
14232
14240
14254
14255
14270
14292
14308
14312
14348
14368
14379
14382
14394
14410
14432
14436
14440
14451
14455
14472
14473
14473
14477
14480
14486
14494
14498
14499
14500
14509
14523
14536
14545
14546
14548
14550
14582
14582
14584
14584
14602
14607
14611
14623
14630
14637
14640
14644
14668
14669
14708
14727
14728
14731
14750
14753
14819
14820
14822
14832
14873
14878
14878
14881
14892
14895
14898
14901
14913
14962
14983
15019
15020
15026
15034
15048
15058
15060
15066
15067
15077
15091
15095
15101
15115
15127
15166
15171
15180
15209
15210
15216
15246
15259
15268
15274
15284
15294
15306
15309
15314
15319
15329
15332
15333
15335
15356
15365
15367
15387
15397
15403
15407
15408
15410
15423
15435
15449
15451
15452
15453
15460
15462
15467
15493
15496
15496
15524
15558
15587
15597
15602
15602
15629
15631
15647
15664
15675
15677
15688
15696
15708
15708
15719
15721
15722
15737
15756
15757
15779
15790
15811
15825
15831
15843
15849
15862
15870
15878
15881
15894
15895
15906
15915
15922
15949
15962
15964
16001
16001
16006
16022
16041
16050
16079
16083
16086
16087
16090
16093
16125
16129
16151
16153
16155
16158
16165
16174
16179
16181
16186
16187
16189
16190
16192
16210
16223
16228
16232
16240
16241
16243
16250
16259
16264
16277
16285
16325
16330
16331
16333
16340
16377
16385
16390
16390
16392
16405
16408
16410
16429
16451
16474
16475
16475
16496
16504
16509
16521
16524
16531
16542
16558
16573
16591
16594
16611
16620
16621
16637
16664
16667
16674
16677
16681
16704
16704
16714
16718
16725
16728
16739
16750
16753
16755
16782
16786
16800
16803
16813
16837
16839
16842
16858
16861
16874
16878
16908
16912
16935
16941
16945
16949
17003
17007
17008
17016
17061
17068
17068
17072
17079
17087
17095
17124
17154
17157
17163
17164
17178
17179
17191
17201
17203
17208
17208
17231
17240
17242
17269
17273
17276
17276
17277
17288
17299
17329
17333
17335
17345
17361
17369
17374
17377
17382
17416
17426
17470
17484
17496
17503
17509
17520
17522
17527
17533
17548
17557
17558
17562
17563
17587
17617
17623
17643
17646
17647
17666
17678
17684
17701
17727
17734
17754
17762
17766
17775
17790
17794
17817
17837
17851
17858
17859
17871
17895
17914
17950
17962
17964
17964
17965
17965
17975
17998
18008
18018
18059
18077
18107
18134
18136
18150
18151
18152
18178
18188
18191
18197
18200
18205
18227
18251
18259
18268
18288
18301
18303
18308
18311
18316
18316
18317
18319
18328
18350
18362
18364
18374
18375
18396
18404
18409
18433
18441
18444
18455
18482
18488
18505
18517
18539
18541
18548
18557
18576
18579
18580
18606
18612
18616
18643
18652
18669
18672
18674
18686
18694
18707
18725
18725
18738
18741
18756
18757
18767
18770
18774
18783
18788
18812
18828
18829
18837
18840
18843
18847
18861
18868
18884
18885
18912
18914
18932
18939
18946
18999
19005
19027
19031
19050
19051
19061
19070
19074
19087
19127
19130
19141
19170
19201
19201
19202
19203
19206
19223
19225
19226
19242
19254
19254
19263
19265
19282
19286
19300
19306
19310
19315
19317
19318
19321
19329
19331
19335
19358
19365
19371
19378
19381
19386
19390
19391
19400
19405
19424
19429
19445
19453
19455
19455
19472
19475
19480
19485
19512
19513
19529
19531
19549
19557
19559
19561
19569
19571
19577
19593
19608
19630
19642
19642
19671
19672
19717
19719
19744
19754
19763
19770
19795
19801
19818
19827
19833
19836
19841
19860
19862
19871
19897
19901
19914
19916
19919
19919
19940
19940
19943
19950
19955
19993
19993
19996
19998
20024
20031
20038
20042
20056
20060
20070
20092
20097
20104
20120
20130
20144
20183
20190
20193
20194
20195
20200
20205
20206
20222
20226
20240
20242
20246
20272
20295
20302
20309
20313
20314
20331
20338
20343
20379
20402
20413
20444
20451
20455
20456
20478
20485
20517
20538
20539
20545
20578
20582
20589
20591
20594
20594
20603
20605
20610
20612
20613
20623
20628
20635
20671
20674
20688
20708
20719
20720
20735
20738
20746
20751
20753
20776
20785
20793
20805
20815
20829
20836
20840
20852
20853
20858
20858
20861
20866
20869
20874
20882
20884
20887
20893
20901
20903
20907
20909
20911
20915
20937
20942
20953
20957
20971
20974
20986
20990
20992
20999
21005
21008
21008
21012
21017
21024
21035
21037
21039
21045
21046
21065
21069
21070
21074
21082
21089
21091
21102
21124
21125
21158
21166
21169
21174
21193
21217
21224
21248
21255
21265
21277
21283
21290
21311
21312
21320
21330
21340
21341
21349
21350
21361
21383
21391
21397
21404
21405
21409
21410
21424
21430
21446
21447
21451
21452
21453
21460
21473
21475
21487
21487
21494
21496
21514
21520
21523
21526
21553
21558
21561
21566
21569
21571
21575
21597
21601
21605
21610
21611
21616
21635
21649
21674
21708
21712
21745
21751
21776
21784
21786
21801
21819
21830
21834
21849
21851
21856
21858
21860
21861
21870
21885
21903
21917
21917
21923
21940
21964
21975
21982
21988
21992
22004
22005
22008
22020
22023
22046
22046
22048
22053
22072
22076
22088
22089
22096
22107
22115
22119
22124
22137
22168
22177
22183
22199
22202
22211
22256
22256
22273
22276
22288
22299
22313
22328
22332
22346
22349
22355
22404
22444
22449
22475
22477
22490
22491
22497
22509
22514
22537
22540
22547
22550
22554
22568
22575
22575
22578
22584
22603
22603
22626
22635
22641
22646
22655
22681
22700
22705
22709
22711
22735
22738
22747
22758
22777
22791
22805
22818
22828
22855
22861
22862
22868
22898
22907
22908
22936
22948
22957
22967
22992
22992
22997
23012
23040
23041
23042
23051
23056
23067
23072
23103
23104
23108
23144
23148
23150
23156
23165
23179
23184
23188
23196
23199
23204
23207
23223
23232
23259
23273
23278
23297
23321
23324
23325
23335
23353
23358
23359
23359
23375
23386
23390
23391
23398
23398
23403
23408
23417
23421
23421
23426
23435
23440
23450
23477
23480
23487
23489
23498
23505
23509
23512
23538
23549
23562
23568
23569
23578
23611
23614
23621
23641
23645
23646
23654
23668
23671
23684
23688
23714
23732
23736
23749
23755
23758
23769
23769
23772
23784
23791
23792
23793
23796
23811
23825
23832
23832
23833
23835
23839
23849
23861
23878
23891
23911
23931
23936
23943
23954
23955
23963
24030
24038
24062
24072
24073
24077
24111
24114
24121
24122
24139
24144
24146
24159
24185
24186
24202
24215
24223
24241
24253
24255
24256
24258
24290
24315
24334
24338
24351
24358
24368
24376
24403
24409
24454
24458
24474
24476
24506
24515
24520
24541
24554
24559
24567
24594
24602
24611
24633
24646
24654
24663
24696
24697
24723
24731
24759
24760
24774
24786
24787
24800
24821
24825
24860
24900
24923
24931
24933
24952
24959
24972
24977
24980
24988
24994
25009
25036
25050
25057
25061
25067
25083
25088
25094
25102
25116
25130
25142
25142
25168
25185
25187
25193
25198
25204
25226
25228
25229
25230
25248
25254
25260
25269
25276
25279
25291
25296
25314
25351
25353
25357
25369
25369
25387
25387
25387
25407
25419
25441
25457
25477
25478
25482
25486
25489
25497
25514
25540
25543
25543
25556
25591
25591
25602
25634
25652
25666
25674
25681
25686
25763
25768
25796
25809
25819
25831
25847
25851
25855
25864
25905
25919
25922
25937
25941
25969
25983
26000
26005
26013
26018
26018
26024
26058
26062
26063
26067
26075
26087
26093
26093
26120
26128
26160
26182
26182
26206
26225
26234
26252
26255
26261
26275
26305
26306
26307
26320
26322
26327
26339
26344
26350
26355
26369
26374
26376
26433
26434
26440
26442
26445
26446
26448
26482
26483
26485
26485
26513
26520
26532
26584
26594
26602
26624
26637
26661
26669
26677
26683
26692
26693
26720
26725
26728
26747
26754
26754
26772
26773
26777
26778
26785
26792
26796
26813
26836
26862
26863
26893
26895
26906
26907
26911
26929
26935
26947
26951
26979
26984
26995
26998
27012
27045
27049
27052
27052
27055
27055
27056
27063
27069
27084
27092
27097
27099
27104
27105
27107
27109
27114
27123
27130
27135
27137
27161
27168
27170
27187
27188
27189
27202
27203
27211
27214
27214
27225
27237
27237
27244
27265
27272
27286
27299
27306
27310
27321
27339
27363
27367
27376
27395
27398
27398
27419
27426
27438
27442
27444
27447
27455
27461
27509
27517
27521
27532
27533
27540
27556
27558
27569
27579
27611
27621
27627
27637
27651
27674
27688
27696
27699
27712
27724
27750
27750
27769
27779
27789
27798
27803
27806
27808
27812
27814
27820
27825
27828
27838
27839
27855
27892
27914
27916
27920
27930
27932
27934
27951
27963
27966
27973
27988
27995
27995
27999
28005
28015
28024
28034
28044
28047
28049
28056
28080
28084
28084
28092
28094
28110
28114
28117
28117
28163
28165
28193
28202
28208
28267
28298
28307
28310
28323
28326
28353
28357
28389
28403
28431
28431
28433
28440
28463
28469
28471
28472
28474
28478
28482
28483
28490
28493
28497
28502
28502
28515
28523
28524
28526
28537
28567
28568
28584
28596
28618
28633
28642
28643
28667
28670
28690
28692
28694
28709
28720
28727
28746
28761
28770
28787
28789
28793
28794
28795
28799
28804
28806
28832
28833
28842
28845
28851
28855
28859
28859
28914
28915
28929
28932
28942
28947
28948
28960
28962
28965
28966
28968
28971
28974
28984
28992
28999
29016
29029
29037
29041
29044
29061
29114
29117
29120
29132
29132
29135
29153
29156
29158
29167
29175
29192
29201
29202
29205
29213
29221
29228
29276
29283
29291
29295
29300
29312
29337
29385
29385
29390
29413
29418
29427
29436
29442
29444
29451
29455
29464
29475
29477
29483
29504
29504
29507
29507
29508
29518
29528
29551
29567
29577
29595
29598
29606
29613
29641
29642
29655
29672
29686
29698
29713
29715
29716
29717
29721
29722
29722
29770
29776
29790
29809
29820
29829
29831
29859
29860
29862
29872
29883
29887
29891
29895
29908
29915
29948
29956
29963
29971
29983
29986
30003
30021
30038
30041
30041
30048
30053
30070
30072
30100
30101
30118
30119
30133
30153
30166
30170
30240
30242
30244
30260
30264
30270
30300
30301
30313
30350
30351
30357
30361
30371
30387
30420
30421
30423
30433
30441
30445
30483
30487
30490
30493
30501
30508
30517
30520
30523
30551
30555
30558
30606
30610
30624
30637
30658
30661
30662
30665
30676
30682
30697
30705
30709
30717
30718
30724
30759
30761
30790
30823
30872
30878
30879
30883
30886
30918
30920
30932
30940
30941
30949
30961
30974
30995
31007
31014
31023
31025
31042
31053
31066
31083
31088
31091
31100
31152
31163
31168
31194
31195
31219
31223
31228
31231
31235
31238
31240
31246
31250
31251
31263
31266
31290
31299
31303
31309
31311
31317
31333
31350
31350
31372
31375
31375
31402
31408
31412
31413
31414
31415
31419
31430
31441
31446
31455
31462
31479
31486
31512
31515
31515
31527
31529
31553
31576
31577
31594
31613
31621
31625
31645
31650
31655
31664
31672
31689
31706
31709
31716
31723
31731
31752
31758
31767
31778
31784
31787
31805
31834
31834
31836
31843
31864
31867
31882
31892
31904
31930
31939
31958
31958
31989
32013
32020
32028
32051
32074
32082
32096
32122
32125
32132
32140
32152
32157
32158
32172
32173
32175
32189
32193
32196
32198
32201
32212
32220
32228
32241
32243
32264
32266
32273
32276
32277
32285
32288
32288
32291
32299
32299
32300
32310
32324
32372
32378
32383
32385
32388
32392
32428
32445
32448
32453
32462
32536
32537
32550
32566
32579
32615
32626
32633
32650
32654
32654
32655
32660
32670
32682
32692
32697
32738
32739
32740
32742
32748
32757
32790
32793
32819
32839
32888
32892
32900
32911
32912
32918
32931
32947
32976
32986
32991
32993
33000
33001
33003
33005
33009
33038
33062
33068
33069
33072
33076
33081
33101
33103
33108
33112
33118
33124
33132
33135
33158
33170
33176
33185
33190
33192
33193
33199
33203
33216
33233
33239
33262
33264
33270
33272
33273
33286
33295
33338
33352
33380
33386
33399
33401
33429
33437
33441
33453
33455
33455
33483
33525
33526
33529
33529
33533
33543
33552
33555
33555
33562
33572
33574
33582
33590
33607
33627
33649
33653
33654
33667
33675
33677
33682
33696
33700
33705
33715
33736
33737
33743
33781
33809
33815
33820
33823
33824
33826
33828
33833
33841
33843
33858
33873
33878
33883
33890
33901
33956
33958
33959
33962
33976
33988
33991
33995
34002
34012
34037
34044
34065
34082
34087
34088
34110
34124
34129
34138
34142
34179
34183
34184
34196
34214
34214
34219
34224
34229
34234
34246
34258
34269
34279
34281
34283
34325
34354
34368
34371
34373
34385
34400
34418
34419
34428
34431
34438
34440
34446
34466
34468
34490
34492
34505
34516
34532
34545
34548
34558
34560
34565
34570
34585
34588
34589
34596
34604
34604
34630
34631
34631
34646
34657
34659
34676
34698
34702
34724
34739
34743
34745
34755
34760
34761
34765
34772
34800
34812
34812
34814
34825
34825
34827
34833
34864
34866
34879
34880
34913
34927
34951
34960
35015
35022
35030
35032
35038
35042
35042
35046
35048
35054
35056
35061
35076
35079
35115
35122
35126
35134
35136
35148
35198
35211
35219
35220
35221
35228
35235
35243
35254
35254
35269
35295
35301
35313
35329
35336
35345
35349
35351
35365
35368
35373
35381
35391
35407
35410
35428
35431
35432
35469
35481
35485
35489
35493
35502
35507
35515
35527
35527
35533
35551
35562
35586
35589
35611
35619
35636
35671
35682
35683
35695
35719
35721
35725
35750
35766
35800
35809
35815
35831
35840
35860
35872
35910
35922
35952
35953
35968
35999
36008
36011
36015
36016
36034
36059
36073
36074
36078
36085
36090
36090
36092
36092
36096
36106
36107
36124
36126
36130
36130
36148
36149
36156
36188
36205
36230
36235
36250
36254
36254
36258
36259
36276
36278
36283
36310
36315
36320
36340
36348
36350
36352
36361
36369
36370
36387
36389
36398
36400
36419
36422
36437
36460
36467
36470
36473
36486
36494
36497
36504
36529
36543
36557
36571
36579
36584
36596
36607
36620
36668
36680
36680
36686
36690
36694
36702
36723
36725
36748
36785
36803
36814
36819
36824
36827
36836
36837
36852
36861
36864
36869
36899
36913
36948
36955
36959
36970
36974
36982
36983
37001
37009
37014
37040
37067
37068
37077
37087
37095
37111
37153
37156
37158
37181
37182
37207
37209
37232
37253
37264
37284
37296
37298
37300
37317
37347
37365
37367
37385
37403
37421
37438
37442
37442
37460
37462
37462
37465
37474
37476
37476
37478
37494
37513
37514
37514
37525
37532
37533
37543
37545
37549
37566
37571
37575
37576
37583
37592
37595
37603
37605
37649
37653
37662
37666
37668
37684
37684
37686
37697
37706
37722
37726
37729
37744
37764
37770
37774
37776
37780
37782
37791
37795
37796
37798
37810
37822
37833
37835
37836
37839
37861
37867
37870
37875
37877
37881
37886
37887
37891
37894
37898
37903
37906
37913
37917
37934
37942
37956
37961
37965
37966
37967
37982
38007
38066
38071
38095
38097
38104
38105
38130
38142
38165
38177
38190
38192
38206
38210
38215
38243
38248
38259
38273
38281
38289
38302
38311
38320
38321
38327
38329
38338
38371
38373
38389
38399
38400
38411
38414
38415
38430
38433
38436
38442
38446
38446
38458
38486
38489
38496
38499
38500
38505
38523
38567
38585
38588
38599
38628
38634
38642
38648
38655
38657
38665
38666
38681
38687
38688
38716
38727
38733
38734
38753
38762
38762
38764
38771
38786
38796
38810
38814
38817
38819
38840
38841
38854
38865
38872
38872
38883
38896
38899
38903
38907
38917
38923
38936
38943
38957
38957
38966
38971
38987
39003
39019
39025
39026
39039
39046
39048
39057
39060
39069
39074
39088
39133
39141
39158
39169
39171
39172
39173
39179
39180
39187
39193
39198
39201
39247
39260
39265
39290
39294
39303
39316
39358
39375
39387
39397
39400
39402
39406
39410
39435
39448
39464
39472
39481
39485
39505
39533
39535
39549
39566
39575
39578
39579
39588
39596
39625
39628
39629
39644
39660
39662
39674
39695
39696
39700
39709
39715
39741
39759
39764
39765
39775
39777
39789
39797
39800
39807
39807
39857
39858
39863
39876
39877
39899
39915
39918
39932
39937
39981
39984
40001
40007
40009
40014
40021
40024
40027
40073
40079
40086
40094
40117
40121
40124
40132
40136
40176
40193
40213
40230
40260
40261
40288
40314
40315
40317
40372
40372
40375
40393
40397
40406
40420
40434
40436
40436
40439
40452
40459
40465
40489
40491
40498
40515
40561
40562
40584
40586
40601
40613
40618
40624
40626
40639
40644
40653
40679
40690
40701
40703
40709
40719
40732
40735
40737
40760
40771
40794
40804
40828
40829
40831
40840
40848
40867
40871
40874
40876
40876
40887
40890
40899
40902
40930
40932
40941
40942
40944
40955
40958
40962
40986
40988
40999
41001
41014
41021
41025
41032
41038
41039
41044
41065
41066
41068
41068
41071
41085
41090
41098
41133
41136
41136
41144
41144
41145
41151
41167
41178
41181
41189
41197
41202
41202
41215
41219
41259
41259
41262
41263
41273
41289
41304
41322
41330
41339
41342
41374
41375
41378
41380
41382
41383
41386
41386
41404
41410
41418
41442
41443
41454
41472
41504
41507
41511
41519
41544
41550
41557
41583
41589
41612
41628
41629
41639
41640
41646
41652
41662
41672
41676
41682
41688
41692
41707
41719
41726
41728
41740
41741
41767
41786
41798
41819
41821
41827
41833
41838
41850
41852
41862
41867
41886
41894
41913
41926
41943
41943
41949
41986
41989
41991
42037
42056
42070
42073
42075
42077
42079
42081
42087
42093
42094
42096
42103
42105
42108
42117
42133
42134
42146
42149
42184
42188
42202
42243
42249
42254
42254
42261
42262
42279
42280
42294
42301
42330
42338
42354
42365
42366
42375
42384
42412
42421
42437
42440
42452
42452
42477
42494
42506
42565
42579
42594
42609
42609
42613
42633
42654
42662
42672
42678
42685
42689
42707
42709
42719
42726
42729
42735
42760
42773
42785
42795
42796
42799
42827
42840
42858
42863
42873
42876
42900
42901
42904
42906
42921
42941
42960
42974
42982
42994
42996
43001
43032
43049
43054
43084
43094
43111
43115
43133
43182
43184
43193
43203
43213
43213
43221
43222
43225
43233
43265
43293
43314
43317
43328
43351
43369
43383
43386
43397
43406
43426
43466
43467
43480
43483
43513
43529
43530
43556
43557
43568
43568
43595
43600
43619
43620
43624
43632
43643
43650
43680
43687
43734
43739
43748
43750
43773
43774
43775
43782
43798
43806
43811
43817
43817
43829
43834
43849
43878
43885
43893
43896
43905
43922
43924
43936
43937
43942
43948
43948
43972
43973
43987
43991
44002
44004
44016
44038
44048
44049
44054
44058
44062
44064
44067
44067
44076
44085
44092
44093
44106
44108
44139
44146
44166
44171
44184
44186
44192
44193
44197
44198
44202
44215
44225
44247
44253
44256
44279
44280
44305
44308
44314
44316
44328
44329
44333
44348
44349
44357
44368
44378
44380
44388
44411
44416
44419
44423
44438
44445
44464
44467
44471
44480
44484
44495
44517
44519
44557
44569
44569
44569
44575
44581
44586
44613
44622
44628
44631
44638
44654
44690
44697
44730
44742
44749
44760
44775
44776
44783
44793
44806
44824
44831
44832
44833
44834
44840
44842
44842
44856
44884
44893
44896
44906
44924
44925
44944
44968
44984
44988
45006
45024
45029
45040
45041
45064
45074
45075
45079
45084
45100
45103
45107
45109
45111
45130
45137
45159
45162
45169
45175
45177
45186
45190
45194
45198
45209
45273
45274
45277
45279
45290
45300
45314
45332
45335
45337
45337
45342
45361
45373
45379
45381
45389
45390
45392
45414
45422
45435
45437
45441
45445
45448
45457
45481
45482
45483
45497
45507
45512
45515
45537
45543
45555
45563
45566
45570
45572
45575
45577
45580
45612
45640
45646
45653
45663
45671
45681
45712
45713
45715
45729
45734
45739
45743
45743
45748
45752
45771
45772
45776
45776
45784
45797
45798
45799
45832
45845
45850
45861
45874
45878
45884
45898
45916
45917
45935
45967
45979
45996
45998
46013
46029
46036
46040
46070
46077
46078
46091
46093
46105
46126
46136
46136
46136
46137
46145
46161
46170
46173
46175
46189
46195
46196
46207
46237
46243
46275
46284
46290
46290
46293
46301
46311
46320
46334
46335
46344
46357
46368
46374
46376
46380
46412
46424
46427
46444
46452
46463
46497
46498
46515
46521
46522
46525
46535
46547
46560
46574
46586
46600
46622
46625
46626
46642
46643
46643
46658
46662
46663
46674
46678
46688
46690
46698
46717
46723
46731
46748
46750
46757
46783
46786
46810
46821
46831
46833
46868
46868
46870
46874
46878
46885
46885
46893
46894
46897
46901
46905
46905
46906
46908
46919
46928
46929
46944
46961
47028
47031
47034
47035
47044
47046
47056
47060
47089
47095
47103
47120
47137
47138
47141
47143
47145
47149
47179
47180
47187
47190
47191
47194
47198
47211
47217
47217
47217
47224
47233
47235
47238
47259
47261
47268
47277
47278
47280
47296
47302
47322
47327
47329
47331
47336
47339
47340
47353
47358
47359
47367
47377
47394
47412
47418
47456
47459
47504
47524
47524
47546
47552
47559
47560
47563
47572
47588
47592
47598
47600
47628
47630
47631
47634
47635
47638
47639
47641
47661
47668
47674
47692
47702
47710
47714
47721
47729
47732
47734
47735
47739
47739
47743
47748
47760
47761
47774
47798
47805
47842
47847
47869
47870
47894
47897
47907
47908
47910
47914
47924
47933
47947
47950
47950
47959
47977
47986
47988
48000
48017
48025
48030
48032
48044
48054
48057
48065
48066
48071
48088
48102
48107
48123
48135
48143
48163
48163
48183
48188
48196
48208
48236
48250
48251
48252
48257
48273
48281
48283
48308
48315
48347
48349
48350
48354
48355
48359
48364
48368
48376
48382
48386
48391
48401
48405
48442
48442
48446
48457
48472
48474
48484
48511
48524
48534
48540
48542
48568
48576
48578
48592
48602
48605
48607
48638
48639
48639
48643
48663
48669
48704
48720
48737
48762
48764
48773
48787
48792
48813
48815
48818
48833
48840
48844
48848
48868
48872
48882
48890
48907
48908
48928
48930
48940
48942
48955
48959
48991
48992
48996
49001
49009
49037
49037
49051
49054
49055
49056
49057
49059
49066
49069
49071
49080
49086
49094
49102
49121
49123
49123
49125
49126
49144
49170
49189
49203
49214
49220
49228
49232
49235
49237
49282
49284
49286
49299
49300
49312
49313
49317
49321
49326
49328
49348
49352
49365
49371
49375
49391
49409
49435
49436
49443
49447
49449
49455
49462
49473
49474
49482
49482
49492
49495
49496
49500
49515
49515
49536
49538
49549
49550
49560
49603
49653
49663
49663
49669
49697
49718
49719
49720
49726
49744
49750
49753
49759
49773
49781
49809
49836
49844
49846
49849
49863
49875
49880
49892
49896
49909
49949
49989
49996
49999
50002
50024
50040
50041
50052
50052
50057
50062
50068
50071
50077
50083
50089
50093
50094
50105
50107
50112
50136
50140
50140
50148
50168
50169
50190
50194
50203
50207
50217
50220
50245
50249
50257
50257
50261
50273
50288
50289
50321
50324
50354
50377
50389
50392
50401
50401
50407
50421
50422
50444
50444
50447
50450
50456
50458
50474
50476
50482
50490
50494
50496
50504
50510
50513
50514
50526
50541
50554
50575
50580
50591
50599
50606
50627
50644
50649
50654
50654
50659
50677
50692
50696
50702
50713
50719
50740
50741
50756
50756
50777
50785
50795
50795
50805
50849
50857
50876
50897
50904
50905
50905
50910
50912
50916
50919
50919
50956
50964
50974
50979
50983
50987
50991
51007
51008
51009
51016
51020
51026
51046
51047
51070
51073
51080
51080
51109
51112
51114
51118
51119
51127
51153
51159
51172
51176
51191
51193
51203
51208
51210
51224
51242
51257
51260
51260
51261
51266
51274
51276
51279
51280
51303
51322
51323
51350
51377
51378
51383
51405
51419
51424
51432
51437
51439
51452
51464
51467
51469
51470
51476
51499
51504
51540
51545
51551
51557
51572
51590
51602
51639
51641
51643
51645
51646
51705
51707
51719
51728
51737
51762
51774
51788
51805
51824
51847
51860
51864
51872
51879
51880
51882
51900
51902
51927
51930
51956
51961
51970
51978
51983
51991
51993
52003
52004
52011
52017
52025
52029
52037
52046
52054
52070
52090
52105
52106
52108
52112
52125
52128
52130
52150
52152
52160
52163
52175
52186
52196
52196
52197
52199
52201
52206
52232
52235
52238
52239
52256
52270
52280
52294
52306
52327
52339
52343
52353
52357
52371
52376
52406
52409
52416
52416
52443
52468
52473
52487
52495
52521
52521
52535
52584
52593
52594
52596
52597
52600
52601
52619
52620
52625
52650
52673
52675
52690
52699
52708
52712
52714
52715
52727
52732
52739
52763
52764
52784
52800
52814
52818
52825
52833
52834
52834
52852
52858
52863
52864
52872
52882
52886
52920
52921
52935
52952
52956
52959
52994
53014
53015
53017
53025
53036
53044
53054
53057
53061
53062
53066
53069
53078
53085
53097
53139
53143
53144
53178
53182
53193
53193
53207
53213
53220
53221
53231
53236
53248
53250
53267
53277
53282
53297
53300
53300
53306
53307
53310
53332
53353
53360
53376
53388
53397
53401
53415
53417
53444
53471
53480
53499
53512
53521
53526
53529
53531
53542
53546
53551
53570
53579
53580
53590
53594
53594
53599
53606
53615
53626
53635
53636
53637
53649
53650
53658
53663
53666
53700
53733
53739
53746
53764
53790
53791
53804
53806
53828
53855
53858
53864
53865
53867
53879
53885
53889
53891
53898
53908
53917
53929
53939
53940
53952
53953
53978
53995
53999
53999
54005
54007
54019
54025
54038
54043
54071
54079
54084
54101
54107
54114
54115
54124
54124
54130
54130
54165
54178
54192
54199
54205
54216
54218
54222
54233
54234
54241
54260
54263
54273
54274
54276
54288
54300
54301
54350
54356
54360
54376
54381
54406
54408
54416
54443
54474
54476
54482
54482
54491
54491
54502
54512
54516
54516
54538
54539
54565
54577
54592
54597
54597
54607
54608
54635
54665
54665
54668
54691
54708
54716
54719
54745
54766
54771
54772
54777
54781
54802
54809
54820
54834
54838
54839
54845
54847
54848
54849
54853
54854
54872
54898
54908
54948
54960
54965
54974
54991
55002
55042
55051
55075
55079
55082
55082
55090
55090
55098
55103
55108
55135
55136
55152
55166
55174
55175
55175
55176
55179
55182
55186
55195
55224
55227
55229
55232
55255
55257
55283
55295
55306
55311
55313
55350
55381
55392
55400
55402
55428
55435
55438
55442
55442
55443
55450
55456
55458
55465
55497
55507
55509
55536
55548
55549
55555
55584
55584
55587
55593
55598
55599
55602
55623
55643
55645
55665
55673
55688
55698
55699
55705
55706
55713
55749
55754
55755
55763
55778
55795
55808
55812
55832
55845
55846
55852
55860
55867
55876
55877
55898
55914
55932
55933
55934
55945
55948
55967
55972
55978
55983
55996
56021
56025
56039
56040
56041
56047
56051
56057
56060
56081
56082
56098
56132
56172
56174
56176
56176
56206
56231
56240
56259
56274
56280
56281
56292
56297
56300
56300
56312
56320
56321
56323
56334
56340
56348
56348
56367
56372
56376
56378
56381
56382
56395
56397
56409
56434
56470
56482
56494
56503
56515
56527
56536
56537
56542
56573
56577
56577
56585
56625
56633
56634
56643
56657
56669
56694
56712
56725
56732
56743
56746
56766
56772
56779
56780
56804
56886
56888
56888
56895
56896
56901
56903
56905
56909
56919
56927
56941
56951
56953
56962
56980
56987
56992
57015
57022
57028
57061
57061
57062
57065
57067
57067
57072
57073
57126
57129
57130
57132
57163
57171
57172
57202
57206
57224
57233
57257
57260
57261
57264
57272
57275
57292
57302
57303
57314
57333
57334
57345
57358
57379
57399
57409
57410
57411
57417
57419
57419
57430
57432
57444
57449
57456
57478
57485
57488
57497
57499
57503
57505
57524
57536
57543
57558
57564
57566
57569
57571
57580
57592
57598
57606
57616
57617
57624
57625
57628
57643
57643
57647
57649
57651
57653
57657
57674
57680
57683
57684
57689
57696
57701
57718
57739
57764
57765
57768
57769
57789
57825
57827
57833
57841
57849
57862
57866
57879
57881
57886
57907
57931
57949
57950
57956
57958
57961
57962
57978
58004
58005
58006
58008
58039
58040
58047
58054
58066
58071
58080
58090
58099
58105
58129
58138
58194
58198
58199
58209
58216
58222
58229
58233
58234
58238
58246
58249
58267
58272
58276
58280
58292
58295
58311
58312
58314
58341
58344
58348
58371
58379
58386
58390
58419
58425
58425
58458
58466
58476
58488
58510
58530
58532
58541
58556
58578
58604
58605
58622
58636
58665
58679
58701
58704
58706
58719
58728
58733
58743
58745
58764
58774
58791
58798
58805
58817
58820
58826
58832
58861
58865
58868
58868
58877
58880
58913
58914
58945
58945
58958
58962
58967
58998
59005
59036
59040
59060
59073
59077
59079
59098
59107
59121
59142
59164
59167
59169
59185
59191
59202
59220
59227
59234
59248
59258
59266
59268
59272
59272
59301
59305
59309
59347
59349
59353
59367
59369
59371
59380
59396
59398
59408
59418
59428
59452
59452
59455
59455
59459
59469
59475
59479
59487
59517
59543
59549
59552
59569
59579
59593
59612
59623
59642
59652
59653
59662
59669
59671
59671
59690
59709
59717
59724
59727
59730
59741
59743
59744
59745
59748
59751
59773
59774
59776
59778
59780
59790
59793
59800
59841
59847
59849
59856
59858
59877
59883
59888
59905
59927
59929
59940
59944
59949
59967
59971
59978
59982
59991
59997
60011
60012
60039
60057
60058
60065
60065
60074
60084
60094
60095
60101
60113
60115
60118
60124
60127
60131
60133
60160
60161
60171
60172
60176
60191
60193
60194
60199
60201
60202
60216
60218
60220
60228
60257
60272
60274
60281
60325
60327
60330
60339
60355
60361
60369
60392
60395
60406
60414
60485
60488
60504
60506
60517
60541
60544
60558
60600
60610
60646
60650
60668
60681
60710
60755
60756
60762
60780
60794
60796
60809
60814
60815
60822
60827
60830
60845
60851
60856
60882
60891
60899
60902
60915
60927
60934
60937
60946
60965
60974
60975
60977
60982
60989
60995
61019
61019
61025
61051
61079
61079
61085
61094
61104
61105
61115
61150
61159
61161
61172
61179
61198
61199
61201
61231
61237
61238
61246
61252
61264
61302
61306
61334
61347
61359
61365
61414
61432
61458
61468
61489
61494
61496
61518
61523
61524
61540
61543
61547
61565
61566
61584
61592
61603
61614
61617
61633
61634
61637
61647
61647
61652
61665
61667
61670
61689
61692
61697
61703
61708
61709
61722
61729
61736
61756
61764
61769
61787
61804
61811
61823
61831
61831
61837
61876
61889
61897
61907
61908
61914
61940
61973
61985
61987
61996
62000
62005
62013
62028
62044
62049
62060
62071
62090
62094
62102
62103
62124
62151
62155
62160
62178
62181
62204
62213
62214
62224
62235
62238
62260
62271
62272
62276
62278
62284
62288
62296
62311
62316
62346
62346
62362
62374
62377
62385
62408
62408
62416
62442
62445
62451
62453
62465
62476
62497
62521
62522
62542
62568
62570
62575
62580
62581
62581
62596
62627
62636
62639
62655
62671
62682
62687
62687
62694
62707
62708
62711
62716
62723
62743
62755
62765
62793
62813
62826
62826
62827
62839
62847
62849
62906
62907
62911
62912
62948
62963
62966
62975
62979
62980
62995
63016
63020
63027
63041
63083
63094
63095
63128
63144
63151
63155
63156
63163
63188
63188
63188
63222
63226
63228
63230
63248
63252
63261
63265
63266
63272
63291
63298
63305
63322
63323
63323
63323
63351
63353
63355
63359
63367
63368
63375
63382
63388
63396
63415
63415
63421
63433
63433
63457
63461
63468
63470
63473
63483
63484
63487
63487
63500
63522
63557
63560
63569
63572
63582
63626
63635
63640
63641
63647
63648
63653
63656
63669
63670
63675
63692
63696
63702
63708
63709
63716
63750
63752
63764
63767
63777
63778
63799
63810
63812
63822
63827
63829
63831
63834
63855
63864
63868
63891
63895
63902
63930
63935
63938
63944
63945
63948
64005
64014
64038
64040
64045
64071
64083
64088
64089
64102
64127
64149
64158
64176
64190
64191
64208
64219
64225
64233
64244
64252
64254
64260
64270
64278
64291
64296
64306
64320
64354
64354
64355
64356
64358
64363
64367
64370
64410
64413
64415
64432
64440
64447
64447
64450
64453
64454
64454
64456
64462
64482
64501
64511
64525
64529
64531
64540
64546
64554
64559
64580
64583
64590
64591
64604
64606
64613
64645
64662
64666
64669
64673
64675
64709
64749
64752
64760
64794
64798
64803
64817
64826
64828
64836
64837
64838
64847
64867
64870
64888
64900
64907
64908
64916
64922
64924
64928
64930
64943
64945
64948
64958
64969
64972
64986
64987
64995
65002
65013
65013
65014
65026
65050
65069
65113
65114
65155
65164
65173
65173
65184
65193
65198
65203
65211
65220
65224
65226
65229
65235
65266
65266
65275
65280
65283
65291
65298
65303
65321
65329
65341
65348
65358
65364
65372
65383
65388
65393
65398
65427
65428
65436
65465
65474
65495
65496
65514
65536
65536
65542
65554
65563
65564
65585
65591
65642
65654
65682
65685
65691
65697
65710
65714
65716
65721
65731
65741
65741
65764
65778
65780
65785
65800
65802
65807
65810
65817
65819
65825
65856
65857
65859
65862
65879
65879
65899
65904
65949
65953
65963
65973
65981
65990
65998
66000
66019
66024
66070
66092
66108
66115
66118
66133
66139
66156
66156
66167
66171
66186
66189
66197
66240
66245
66256
66260
66265
66269
66276
66277
66277
66285
66285
66286
66292
66295
66316
66365
66370
66381
66411
66416
66421
66430
66442
66456
66460
66468
66468
66489
66496
66497
66499
66504
66522
66541
66543
66547
66559
66585
66593
66598
66623
66647
66650
66671
66680
66685
66685
66693
66694
66695
66705
66711
66718
66732
66733
66734
66739
66745
66768
66777
66810
66822
66826
66835
66844
66849
66855
66883
66886
66888
66895
66900
66901
66913
66916
66916
66922
66929
66929
66935
66939
66939
66949
66952
66967
66985
66997
67033
67056
67058
67070
67076
67098
67103
67105
67109
67117
67120
67134
67135
67136
67147
67154
67164
67166
67169
67174
67188
67216
67232
67242
67257
67266
67267
67268
67275
67286
67300
67301
67303
67320
67322
67335
67336
67337
67341
67351
67364
67379
67380
67391
67394
67424
67429
67434
67437
67446
67457
67467
67488
67503
67540
67541
67569
67575
67576
67602
67606
67631
67656
67657
67659
67666
67674
67731
67746
67752
67763
67766
67778
67781
67802
67803
67805
67806
67821
67822
67822
67826
67841
67843
67852
67855
67869
67893
67907
67909
67921
67941
67951
67980
67982
67991
68013
68029
68036
68059
68062
68064
68092
68098
68112
68119
68129
68136
68142
68148
68149
68172
68183
68191
68214
68215
68224
68226
68236
68264
68277
68279
68306
68313
68314
68332
68341
68353
68358
68361
68365
68370
68375
68378
68382
68394
68404
68406
68414
68436
68449
68479
68486
68495
68505
68509
68521
68522
68533
68552
68552
68554
68558
68570
68582
68583
68585
68598
68598
68600
68610
68615
68634
68639
68644
68660
68665
68668
68670
68684
68692
68701
68725
68728
68729
68746
68749
68784
68786
68799
68806
68826
68831
68837
68866
68876
68877
68900
68903
68907
68927
68929
68931
68948
68955
68965
68973
68984
68987
68987
68991
68995
69018
69026
69026
69026
69031
69035
69058
69059
69069
69073
69090
69102
69108
69122
69134
69163
69178
69194
69195
69199
69215
69238
69284
69293
69294
69309
69311
69330
69343
69356
69380
69397
69400
69438
69445
69461
69463
69463
69463
69474
69512
69513
69522
69528
69533
69540
69542
69545
69549
69567
69584
69608
69610
69612
69622
69633
69642
69656
69662
69668
69686
69708
69719
69726
69738
69747
69769
69795
69797
69799
69810
69815
69818
69818
69834
69838
69850
69852
69855
69857
69859
69865
69866
69881
69907
69912
69914
69942
69943
69981
70002
70007
70007
70015
70020
70022
70027
70027
70042
70051
70071
70082
70090
70098
70102
70113
70115
70124
70124
70140
70141
70162
70162
70195
70204
70221
70224
70229
70238
70245
70257
70259
70262
70263
70270
70272
70286
70299
70299
70301
70309
70319
70323
70326
70352
70367
70373
70378
70381
70395
70402
70402
70404
70413
70413
70413
70415
70417
70436
70437
70449
70450
70467
70468
70480
70489
70504
70513
70526
70551
70569
70569
70581
70593
70599
70602
70609
70620
70620
70624
70637
70656
70665
70678
70686
70700
70706
70706
70711
70712
70716
70732
70750
70763
70764
70788
70802
70827
70831
70841
70862
70874
70875
70875
70884
70914
70926
70929
70962
70982
70999
71012
71018
71024
71033
71035
71060
71080
71090
71102
71107
71115
71119
71126
71134
71160
71177
71191
71233
71235
71254
71255
71265
71270
71283
71283
71287
71316
71322
71334
71340
71402
71407
71415
71417
71440
71442
71445
71461
71462
71477
71487
71499
71512
71559
71568
71594
71603
71610
71614
71627
71627
71632
71640
71640
71641
71644
71660
71671
71687
71702
71709
71725
71726
71735
71739
71762
71788
71808
71812
71826
71838
71856
71859
71873
71874
71906
71935
71943
71947
71964
71974
71975
72003
72007
72007
72016
72032
72034
72043
72047
72050
72058
72058
72069
72073
72091
72095
72113
72152
72169
72173
72192
72205
72208
72221
72249
72258
72293
72321
72323
72327
72349
72355
72356
72359
72370
72387
72387
72391
72406
72414
72415
72420
72420
72426
72441
72458
72461
72475
72490
72491
72495
72503
72503
72508
72517
72524
72544
72552
72558
72570
72575
72599
72620
72642
72645
72665
72669
72683
72704
72715
72722
72756
72760
72798
72808
72811
72811
72814
72815
72831
72838
72869
72888
72890
72891
72909
72913
72920
72938
72950
72950
72952
72972
72974
73007
73010
73012
73017
73020
73043
73052
73055
73058
73076
73080
73093
73096
73126
73149
73162
73208
73210
73221
73242
73243
73246
73261
73277
73277
73286
73292
73311
73325
73343
73347
73356
73359
73364
73371
73398
73405
73407
73411
73417
73432
73455
73478
73479
73485
73509
73510
73519
73530
73534
73551
73553
73554
73568
73570
73587
73596
73603
73610
73615
73617
73620
73624
73637
73649
73673
73682
73692
73698
73703
73708
73721
73723
73725
73725
73727
73741
73748
73754
73794
73797
73799
73802
73805
73838
73838
73838
73840
73858
73870
73891
73896
73902
73911
73918
73928
73931
73935
73937
73939
73954
73957
73964
73972
73972
73991
73992
74016
74016
74024
74027
74032
74048
74053
74057
74057
74064
74065
74083
74129
74134
74135
74137
74147
74152
74157
74167
74190
74190
74192
74215
74236
74242
74244
74246
74267
74271
74277
74288
74337
74338
74343
74357
74359
74365
74374
74378
74386
74386
74388
74395
74397
74399
74400
74410
74416
74417
74420
74447
74461
74474
74477
74478
74485
74485
74489
74496
74512
74539
74544
74545
74555
74573
74577
74581
74584
74597
74621
74621
74622
74634
74643
74652
74678
74685
74693
74694
74698
74730
74741
74746
74761
74766
74783
74798
74799
74819
74828
74836
74854
74905
74907
74907
74911
74912
74923
74932
74936
74936
74940
74942
74951
74959
74964
74965
74974
74974
74980
74981
74985
74987
74989
75011
75023
75031
75050
75057
75058
75082
75088
75093
75102
75110
75112
75123
75124
75149
75153
75155
75172
75174
75177
75178
75189
75191
75227
75228
75233
75249
75262
75264
75272
75300
75303
75329
75337
75341
75348
75350
75367
75375
75381
75412
75412
75414
75420
75426
75428
75429
75450
75450
75462
75471
75481
75492
75495
75504
75520
75538
75544
75555
75578
75586
75588
75595
75596
75600
75602
75603
75607
75628
75629
75644
75646
75662
75686
75695
75725
75751
75752
75781
75791
75805
75811
75816
75820
75828
75847
75852
75855
75855
75862
75870
75892
75950
75955
75959
75964
75969
75971
75987
75993
75993
75994
76009
76028
76035
76042
76044
76044
76045
76050
76055
76061
76064
76072
76078
76091
76112
76113
76122
76135
76138
76153
76161
76167
76183
76190
76200
76207
76211
76228
76231
76249
76252
76257
76257
76279
76298
76313
76319
76319
76322
76325
76326
76348
76368
76380
76398
76403
76406
76411
76418
76428
76431
76441
76442
76474
76478
76494
76507
76513
76514
76520
76521
76551
76578
76581
76582
76592
76592
76594
76603
76604
76616
76627
76642
76642
76670
76680
76681
76715
76718
76720
76723
76740
76752
76753
76753
76754
76763
76772
76795
76815
76816
76827
76844
76851
76855
76870
76874
76876
76880
76881
76883
76897
76913
76932
76934
76939
76959
76970
76988
77000
77007
77008
77048
77053
77056
77060
77065
77073
77075
77080
77085
77100
77113
77137
77151
77153
77169
77171
77185
77198
77210
77215
77224
77225
77226
77235
77242
77247
77279
77317
77319
77345
77355
77360
77372
77392
77395
77427
77460
77461
77468
77541
77575
77582
77594
77596
77601
77611
77620
77623
77627
77627
77632
77646
77665
77681
77684
77701
77702
77706
77719
77729
77733
77761
77766
77771
77775
77778
77784
77791
77793
77794
77799
77799
77805
77807
77814
77816
77818
77837
77837
77858
77861
77869
77886
77892
77899
77912
77918
77925
77929
77935
77939
77941
77948
77956
77959
77962
77962
77964
77965
77968
77986
77987
77993
77994
78009
78019
78021
78022
78025
78045
78074
78091
78092
78124
78139
78155
78163
78188
78202
78203
78227
78232
78259
78263
78296
78297
78308
78309
78319
78319
78328
78337
78337
78338
78343
78350
78371
78384
78384
78385
78393
78419
78435
78438
78446
78449
78456
78462
78463
78466
78470
78479
78481
78483
78487
78491
78498
78501
78515
78522
78530
78531
78537
78587
78608
78629
78659
78672
78683
78700
78701
78712
78716
78728
78730
78732
78765
78785
78803
78819
78820
78820
78827
78831
78838
78854
78856
78865
78872
78890
78891
78896
78907
78913
78915
78920
78937
78952
78977
78991
78994
78995
79001
79015
79032
79041
79054
79069
79074
79074
79081
79089
79092
79094
79108
79112
79129
79129
79137
79167
79168
79187
79189
79195
79205
79206
79212
79220
79232
79242
79253
79270
79292
79295
79296
79296
79309
79322
79349
79352
79353
79357
79360
79395
79404
79409
79437
79458
79471
79492
79504
79515
79546
79564
79569
79582
79583
79590
79590
79603
79604
79627
79630
79645
79672
79673
79709
79712
79714
79714
79716
79718
79722
79726
79734
79748
79750
79760
79788
79797
79798
79802
79802
79813
79825
79833
79844
79846
79846
79847
79849
79864
79879
79884
79908
79928
79928
79929
79934
79935
79939
79942
79956
79958
80002
80012
80015
80026
80028
80031
80036
80044
80050
80056
80060
80070
80083
80085
80094
80110
80111
80124
80130
80158
80168
80169
80171
80188
80204
80233
80260
80275
80287
80305
80309
80316
80320
80332
80358
80366
80390
80392
80394
80410
80433
80451
80468
80468
80470
80471
80476
80480
80497
80507
80508
80509
80513
80524
80526
80529
80537
80544
80551
80569
80571
80585
80600
80630
80633
80635
80644
80652
80659
80660
80671
80673
80690
80696
80710
80711
80716
80719
80766
80771
80777
80783
80793
80798
80812
80813
80820
80836
80842
80852
80860
80864
80865
80875
80882
80899
80899
80902
80917
80944
80982
80993
81005
81027
81034
81045
81064
81091
81095
81106
81113
81115
81118
81119
81132
81136
81136
81143
81146
81147
81155
81156
81158
81173
81188
81208
81219
81244
81246
81248
81251
81255
81260
81299
81306
81338
81340
81365
81366
81366
81388
81398
81401
81404
81407
81413
81422
81423
81441
81441
81455
81477
81487
81494
81515
81520
81529
81534
81545
81551
81555
81557
81560
81568
81570
81573
81574
81581
81600
81604
81623
81633
81661
81676
81692
81698
81714
81725
81739
81746
81752
81753
81757
81759
81763
81764
81769
81773
81784
81785
81811
81818
81820
81822
81825
81831
81835
81837
81850
81854
81877
81881
81886
81902
81945
81954
81955
81959
81961
81964
81964
81966
81974
81981
82025
82046
82057
82059
82062
82063
82067
82075
82093
82094
82104
82109
82109
82113
82120
82127
82128
82154
82158
82182
82187
82213
82220
82221
82221
82228
82228
82235
82257
82262
82274
82281
82283
82306
82316
82317
82320
82328
82333
82351
82351
82371
82372
82395
82398
82422
82426
82426
82427
82428
82438
82443
82469
82475
82476
82483
82485
82501
82518
82544
82546
82555
82615
82660
82664
82667
82671
82686
82689
82692
82694
82694
82695
82703
82737
82747
82749
82777
82783
82785
82795
82803
82819
82823
82829
82839
82869
82888
82892
82898
82921
82921
82922
82932
82937
82953
82974
82977
82980
82992
82993
83000
83013
83022
83028
83033
83057
83075
83076
83080
83106
83111
83117
83128
83141
83151
83197
83209
83214
83223
83242
83244
83246
83285
83291
83298
83302
83330
83337
83350
83357
83365
83366
83378
83384
83406
83407
83414
83416
83418
83428
83442
83452
83452
83498
83523
83529
83530
83532
83545
83557
83564
83564
83570
83574
83576
83591
83606
83610
83633
83635
83676
83701
83704
83711
83713
83756
83757
83760
83761
83764
83772
83775
83796
83797
83803
83819
83821
83828
83837
83857
83867
83875
83902
83911
83927
83932
83943
83989
83989
83996
83998
84005
84014
84030
84038
84046
84078
84087
84125
84140
84141
84158
84161
84163
84180
84196
84214
84223
84233
84252
84259
84269
84270
84291
84300
84307
84313
84346
84377
84379
84387
84389
84407
84419
84425
84451
84462
84504
84512
84522
84539
84545
84546
84558
84570
84570
84590
84592
84605
84605
84631
84647
84647
84653
84653
84654
84671
84672
84675
84687
84706
84712
84729
84731
84733
84751
84764
84765
84780
84783
84791
84803
84808
84819
84831
84832
84839
84852
84857
84863
84878
84883
84911
84917
84928
84928
84949
84950
84972
84983
84986
85012
85014
85018
85021
85022
85043
85046
85068
85078
85108
85140
85153
85164
85169
85173
85190
85208
85222
85233
85248
85279
85288
85317
85318
85319
85321
85331
85340
85345
85350
85360
85376
85378
85381
85390
85391
85393
85394
85405
85413
85420
85429
85429
85435
85439
85448
85464
85468
85471
85497
85505
85507
85509
85510
85529
85551
85565
85567
85588
85602
85604
85604
85606
85615
85625
85633
85659
85670
85671
85677
85692
85714
85720
85721
85726
85727
85728
85733
85738
85745
85750
85765
85772
85775
85784
85784
85788
85799
85801
85814
85816
85827
85838
85839
85851
85852
85954
85968
85991
85998
85998
86007
86012
86033
86048
86053
86057
86063
86076
86079
86085
86093
86099
86101
86109
86135
86137
86141
86148
86154
86158
86171
86190
86225
86239
86247
86259
86263
86268
86282
86288
86301
86304
86315
86325
86332
86334
86343
86348
86358
86391
86405
86412
86421
86428
86437
86438
86445
86471
86484
86514
86517
86521
86529
86530
86545
86559
86585
86586
86611
86617
86631
86637
86642
86644
86679
86679
86693
86697
86698
86706
86715
86719
86732
86732
86746
86748
86753
86757
86758
86760
86761
86768
86782
86786
86797
86800
86800
86810
86819
86836
86882
86882
86901
86907
86909
86916
86931
86932
86939
86958
86958
86963
86972
86978
86981
86996
87020
87024
87032
87036
87038
87046
87047
87053
87060
87096
87102
87107
87117
87127
87132
87161
87181
87182
87184
87189
87214
87221
87240
87243
87243
87249
87250
87253
87279
87284
87295
87299
87304
87306
87307
87315
87334
87341
87359
87378
87380
87381
87383
87391
87393
87423
87428
87441
87463
87484
87500
87500
87514
87518
87546
87550
87557
87558
87577
87578
87584
87588
87593
87614
87620
87630
87635
87649
87654
87660
87671
87675
87681
87686
87687
87696
87723
87725
87726
87733
87735
87739
87741
87749
87755
87774
87789
87806
87822
87854
87892
87915
87931
87947
87971
87971
87984
88008
88027
88045
88057
88092
88092
88093
88093
88131
88145
88152
88163
88168
88170
88186
88206
88207
88211
88222
88226
88227
88232
88244
88262
88266
88269
88291
88294
88302
88306
88307
88308
88314
88334
88365
88377
88390
88410
88416
88416
88427
88427
88431
88460
88464
88480
88490
88497
88507
88509
88517
88531
88536
88543
88559
88573
88619
88669
88673
88678
88682
88709
88719
88724
88740
88757
88781
88784
88796
88810
88825
88827
88850
88877
88886
88893
88901
88902
88909
88914
88955
88966
88976
88981
88990
88994
88998
89015
89026
89028
89049
89053
89060
89079
89115
89116
89118
89120
89128
89147
89149
89152
89170
89174
89214
89224
89228
89238
89240
89240
89267
89270
89271
89279
89284
89284
89302
89302
89315
89317
89338
89341
89342
89347
89351
89351
89385
89385
89389
89395
89395
89409
89415
89417
89422
89429
89438
89439
89449
89462
89467
89469
89471
89496
89498
89499
89501
89522
89527
89529
89538
89541
89544
89553
89554
89563
89573
89588
89590
89593
89595
89630
89643
89665
89672
89677
89679
89680
89683
89690
89707
89721
89733
89746
89750
89765
89790
89792
89792
89800
89819
89821
89844
89849
89850
89850
89858
89872
89877
89882
89893
89905
89913
89914
89919
89921
89931
89987
90005
90053
90087
90090
90093
90097
90101
90101
90106
90109
90143
90152
90152
90174
90182
90190
90203
90233
90235
90241
90259
90265
90268
90271
90278
90301
90306
90327
90328
90330
90344
90362
90376
90384
90391
90417
90419
90429
90436
90452
90462
90507
90518
90527
90532
90534
90536
90537
90555
90564
90566
90592
90608
90613
90631
90639
90641
90646
90649
90652
90666
90667
90676
90677
90679
90691
90708
90708
90718
90722
90763
90780
90785
90785
90793
90795
90802
90826
90831
90835
90837
90843
90855
90862
90864
90869
90874
90874
90879
90882
90885
90894
90931
90935
90936
90946
90948
90982
90988
90990
90992
91006
91008
91014
91037
91038
91049
91070
91072
91104
91119
91136
91154
91186
91188
91190
91197
91198
91203
91213
91216
91218
91258
91263
91292
91301
91306
91307
91316
91319
91320
91328
91329
91330
91351
91353
91358
91375
91417
91432
91434
91456
91464
91465
91465
91468
91485
91495
91497
91497
91514
91528
91558
91588
91599
91603
91607
91634
91639
91648
91654
91667
91674
91706
91720
91726
91759
91766
91794
91795
91806
91808
91808
91811
91834
91848
91861
91889
91890
91907
91917
91931
91967
91970
91981
92008
92047
92049
92049
92067
92071
92083
92095
92110
92126
92127
92133
92150
92192
92195
92199
92201
92215
92219
92242
92246
92249
92253
92269
92273
92278
92280
92289
92298
92305
92340
92359
92373
92381
92382
92382
92388
92388
92389
92414
92427
92431
92438
92448
92470
92480
92487
92493
92516
92517
92532
92538
92540
92547
92548
92559
92583
92589
92589
92603
92605
92634
92637
92637
92651
92658
92660
92669
92672
92679
92683
92696
92709
92715
92722
92723
92729
92749
92753
92761
92770
92771
92786
92788
92789
92806
92816
92836
92845
92853
92862
92894
92896
92904
92908
92950
92951
92980
92982
92992
92994
92995
93023
93035
93039
93040
93069
93073
93083
93095
93106
93115
93119
93128
93131
93134
93138
93176
93176
93189
93200
93235
93248
93260
93276
93306
93306
93311
93328
93329
93345
93348
93351
93352
93384
93392
93393
93401
93401
93407
93434
93470
93499
93527
93529
93544
93551
93557
93598
93630
93637
93646
93648
93654
93664
93667
93671
93676
93678
93691
93707
93708
93730
93731
93737
93744
93746
93761
93792
93797
93799
93820
93826
93852
93863
93867
93885
93896
93897
93921
93938
93953
93954
93956
93958
93975
93992
94017
94019
94030
94062
94065
94083
94097
94106
94109
94136
94151
94171
94172
94193
94206
94218
94231
94244
94245
94268
94275
94293
94316
94317
94319
94327
94333
94336
94351
94358
94370
94377
94384
94387
94406
94407
94411
94420
94455
94456
94462
94468
94494
94507
94512
94512
94517
94519
94523
94526
94526
94539
94541
94548
94585
94620
94622
94627
94669
94690
94697
94707
94707
94713
94718
94725
94726
94729
94739
94756
94759
94791
94793
94798
94819
94828
94837
94842
94847
94858
94872
94885
94893
94918
94923
94925
94929
94934
94976
94999
95000
95010
95010
95048
95051
95066
95080
95086
95103
95110
95125
95133
95134
95135
95137
95138
95152
95160
95165
95174
95188
95197
95199
95211
95227
95231
95236
95241
95244
95244
95249
95264
95269
95274
95282
95300
95306
95312
95315
95321
95341
95346
95350
95351
95366
95385
95386
95386
95401
95404
95425
95439
95450
95480
95487
95502
95508
95510
95516
95520
95542
95558
95559
95561
95563
95573
95574
95581
95581
95587
95594
95595
95599
95618
95621
95635
95644
95648
95652
95653
95654
95675
95682
95709
95709
95715
95715
95724
95731
95747
95766
95767
95771
95773
95774
95809
95810
95814
95821
95822
95831
95857
95863
95881
95889
95893
95903
95921
95925
95936
95964
95973
95983
95991
96007
96017
96024
96082
96094
96097
96097
96111
96132
96149
96168
96169
96174
96208
96212
96226
96232
96237
96243
96255
96259
96263
96265
96278
96290
96302
96325
96338
96340
96341
96357
96361
96363
96378
96384
96384
96386
96400
96401
96420
96423
96435
96453
96462
96495
96502
96512
96524
96525
96536
96587
96590
96590
96592
96602
96612
96637
96640
96656
96664
96667
96675
96681
96690
96693
96694
96701
96709
96709
96710
96710
96729
96743
96751
96766
96772
96772
96776
96783
96789
96793
96793
96805
96807
96816
96826
96840
96852
96865
96867
96872
96876
96893
96897
96916
96924
96933
96968
97009
97020
97027
97041
97047
97051
97059
97081
97089
97091
97102
97117
97129
97142
97144
97147
97156
97160
97166
97171
97195
97209
97222
97228
97234
97235
97242
97244
97251
97258
97265
97265
97267
97328
97328
97334
97360
97363
97363
97373
97375
97388
97391
97400
97410
97413
97427
97430
97433
97438
97469
97477
97483
97513
97513
97513
97514
97522
97523
97534
97539
97542
97571
97634
97647
97657
97659
97669
97677
97695
97697
97709
97710
97727
97770
97791
97805
97819
97820
97830
97836
97842
97843
97865
97865
97879
97886
97887
97890
97921
97927
97937
97949
97954
97955
97968
97971
97978
97985
97986
97992
98043
98048
98062
98062
98065
98068
98076
98090
98091
98095
98134
98138
98140
98145
98153
98162
98166
98175
98184
98184
98196
98204
98214
98250
98265
98265
98265
98268
98286
98292
98302
98320
98355
98387
98387
98395
98400
98403
98407
98430
98440
98440
98448
98448
98465
98465
98469
98490
98491
98504
98506
98521
98528
98538
98540
98557
98562
98563
98566
98579
98587
98597
98601
98631
98644
98653
98656
98672
98672
98676
98692
98701
98705
98705
98713
98717
98720
98721
98722
98729
98752
98763
98764
98774
98776
98778
98785
98788
98800
98802
98802
98811
98818
98818
98836
98836
98836
98846
98857
98870
98877
98879
98886
98896
98899
98908
98920
98924
98928
98937
98954
98968
98976
98985
98986
98991
99023
99039
99039
99045
99054
99061
99064
99082
99101
99106
99106
99113
99143
99159
99163
99170
99172
99176
99181
99188
99189
99215
99224
99224
99231
99234
99238
99240
99248
99257
99262
99280
99301
99318
99321
99323
99331
99340
99342
99350
99362
99364
99375
99389
99421
99445
99452
99455
99457
99459
99464
99465
99470
99472
99491
99497
99512
99516
99576
99581
99581
99589
99601
99612
99622
99652
99658
99668
99673
99679
99704
99747
99754
99763
99771
99773
99776
99777
99781
99787
99791
99800
99810
99813
99819
99825
99857
99860
99871
99874
99898
99916
99935
99960
99962
99976
99981
99983
99985
99988
99993
