9
58
72
77
81
85
93
93
98
104
117
134
152
175
179
181
182
182
193
200
201
229
245
250
263
282
283
293
303
321
330
337
338
375
384
392
395
410
414
414
419
420
422
423
424
432
435
436
437
446
448
452
458
466
482
484
504
520
521
522
528
529
548
550
552
554
562
568
575
577
592
631
643
653
656
661
670
675
688
693
695
723
729
733
744
747
770
776
786
792
794
813
850
851
854
864
874
889
897
897
902
905
918
925
935
940
944
951
952
957
983
984
986
987
992
1001
1006
1012
1056
1059
1066
1071
1081
1089
1091
1095
1097
1104
1109
1111
1124
1157
1181
1192
1202
1202
1207
1249
1251
1251
1266
1321
1353
1358
1366
1379
1400
1404
1409
1427
1449
1464
1468
1483
1485
1486
1514
1534
1537
1542
1543
1578
1632
1656
1667
1675
1679
1681
1693
1699
1717
1729
1757
1760
1771
1772
1809
1828
1844
1846
1852
1868
1932
1932
1932
1939
1939
1946
1946
1957
1958
1959
1962
1965
1984
2020
2024
2045
2060
2060
2062
2089
2093
2096
2107
2118
2118
2133
2136
2142
2151
2165
2169
2185
2186
2210
2221
2223
2239
2259
2297
2309
2310
2311
2315
2321
2335
2336
2345
2346
2346
2350
2374
2385
2395
2414
2424
2461
2480
2483
2487
2492
2496
2504
2504
2508
2541
2573
2581
2592
2593
2596
2600
2619
2620
2622
2628
2629
2644
2655
2657
2670
2681
2686
2703
2704
2705
2711
2724
2728
2733
2737
2742
2743
2752
2753
2761
2761
2762
2784
2811
2817
2819
2819
2827
2832
2844
2845
2848
2856
2857
2858
2864
2876
2877
2879
2891
2891
2892
2892
2895
2899
2911
2926
2952
2966
2990
2995
3009
3032
3052
3066
3067
3069
3098
3099
3103
3107
3128
3129
3141
3143
3152
3158
3172
3194
3212
3221
3242
3271
3278
3287
3292
3292
3296
3312
3316
3331
3336
3342
3353
3360
3362
3386
3401
3401
3431
3434
3459
3469
3475
3480
3481
3486
3489
3494
3504
3504
3506
3515
3528
3528
3557
3566
3577
3579
3584
3596
3603
3615
3622
3637
3646
3682
3694
3745
3748
3749
3757
3765
3767
3791
3794
3796
3838
3869
3892
3896
3930
3935
3976
3982
4001
4019
4035
4038
4048
4052
4055
4059
4069
4070
4082
4089
4105
4108
4109
4119
4135
4153
4157
4159
4160
4163
4169
4175
4190
4192
4194
4195
4196
4213
4217
4241
4246
4255
4260
4263
4269
4277
4286
4295
4316
4326
4328
4329
4333
4337
4346
4347
4353
4389
4403
4407
4427
4444
4455
4484
4491
4510
4511
4516
4516
4526
4526
4531
4541
4545
4550
4557
4569
4579
4581
4588
4643
4665
4723
4723
4740
4796
4808
4819
4821
4844
4847
4868
4876
4887
4907
4911
4921
4929
4952
4960
4962
4994
5001
5003
5016
5025
5029
5088
5102
5134
5159
5161
5180
5227
5237
5259
5260
5265
5283
5287
5295
5300
5307
5316
5342
5352
5374
5385
5467
5475
5478
5494
5509
5516
5526
5549
5558
5563
5565
5568
5569
5579
5591
5601
5630
5630
5646
5663
5688
5700
5701
5725
5730
5770
5784
5795
5801
5813
5814
5822
5830
5837
5849
5871
5872
5893
5895
5908
5922
5935
5941
5955
5968
5972
5983
6018
6019
6022
6030
6033
6037
6072
6078
6079
6084
6111
6120
6122
6130
6196
6198
6212
6221
6228
6249
6253
6268
6281
6292
6295
6297
6300
6305
6309
6317
6319
6331
6337
6351
6352
6360
6362
6366
6380
6382
6386
6398
6400
6409
6413
6416
6437
6443
6459
6468
6472
6477
6500
6508
6511
6561
6568
6569
6583
6585
6592
6598
6607
6612
6616
6618
6646
6656
6670
6672
6676
6683
6729
6740
6743
6760
6775
6778
6779
6783
6789
6815
6829
6833
6873
6886
6904
6912
6919
6936
6949
6972
6978
6985
6996
7001
7009
7041
7045
7047
7054
7057
7062
7069
7084
7084
7088
7089
7089
7093
7148
7165
7181
7209
7219
7227
7227
7234
7246
7277
7290
7295
7302
7304
7324
7328
7329
7332
7339
7344
7349
7356
7359
7373
7377
7392
7436
7447
7449
7473
7479
7484
7495
7497
7512
7517
7523
7523
7523
7530
7532
7541
7556
7557
7577
7582
7593
7610
7613
7623
7624
7638
7643
7649
7650
7657
7676
7677
7682
7692
7697
7702
7735
7751
7760
7765
7768
7772
7776
7776
7784
7786
7787
7792
7803
7831
7834
7840
7852
7862
7863
7873
7878
7887
7889
7901
7902
7907
7922
7944
7949
7954
7961
7967
7979
7996
7998
8001
8007
8014
8023
8033
8035
8066
8074
8085
8086
8087
8088
8090
8091
8105
8115
8124
8136
8141
8150
8194
8211
8212
8224
8225
8226
8263
8276
8290
8298
8308
8317
8351
8351
8361
8372
8377
8380
8382
8385
8398
8405
8415
8425
8426
8428
8435
8456
8459
8460
8474
8484
8487
8514
8537
8572
8585
8594
8615
8621
8625
8636
8641
8657
8676
8699
8700
8719
8745
8753
8761
8774
8789
8806
8809
8817
8831
8841
8849
8881
8897
8901
8903
8911
8948
8952
8957
8958
8960
8964
8998
8999
9011
9038
9053
9058
9059
9061
9075
9085
9092
9120
9120
9122
9127
9148
9154
9177
9180
9188
9207
9211
9213
9219
9221
9223
9226
9241
9271
9309
9337
9345
9359
9359
9372
9373
9400
9402
9403
9405
9416
9419
9462
9497
9507
9508
9537
9543
9550
9590
9594
9607
9609
9641
9644
9649
9652
9660
9679
9681
9699
9704
9721
9744
9749
9764
9804
9804
9809
9809
9810
9850
9857
9861
9883
9889
9892
9911
9924
9985
9987
9991
10042
10066
10093
10111
10112
10120
10121
10122
10135
10159
10164
10171
10172
10187
10275
10275
10276
10298
10350
10391
10392
10408
10414
10421
10427
10429
10432
10452
10461
10481
10482
10489
10499
10509
10511
10522
10537
10552
10571
10594
10597
10603
10606
10619
10620
10630
10646
10647
10652
10653
10656
10686
10688
10698
10739
10753
10757
10757
10762
10765
10767
10769
10771
10789
10796
10803
10808
10820
10822
10835
10842
10852
10873
10891
10901
10922
10977
10987
10992
10996
11005
11017
11049
11060
11064
11068
11069
11072
11073
11085
11093
11093
11110
11113
11122
11130
11132
11145
11149
11149
11156
11162
11193
11204
11211
11212
11213
11218
11222
11227
11236
11242
11244
11253
11261
11265
11265
11279
11313
11316
11331
11352
11367
11387
11398
11400
11437
11440
11450
11466
11480
11484
11490
11491
11519
11544
11560
11561
11563
11574
11577
11584
11585
11599
11605
11612
11623
11640
11661
11670
11678
11690
11699
11702
11702
11716
11716
11720
11733
11758
11758
11761
11776
11786
11789
11798
11799
11799
11806
11809
11823
11847
11854
11890
11918
11918
11935
11941
11972
11985
11997
12014
12031
12048
12052
12064
12069
12089
12096
12102
12128
12130
12130
12139
12145
12147
12160
12177
12180
12191
12192
12202
12213
12236
12237
12239
12244
12245
12261
12273
12275
12279
12298
12298
12301
12314
12316
12318
12333
12353
12355
12360
12362
12364
12367
12377
12379
12381
12395
12403
12416
12416
12417
12419
12440
12452
12463
12469
12470
12472
12479
12486
12509
12523
12553
12576
12588
12609
12616
12625
12639
12647
12652
12654
12655
12667
12687
12688
12691
12692
12710
12746
12753
12756
12773
12777
12778
12784
12794
12813
12817
12821
12829
12830
12833
12848
12877
12888
12903
12904
12909
12925
12926
12936
12941
12945
12946
12952
12953
12956
12959
12999
13035
13036
13043
13056
13061
13077
13086
13089
13099
13113
13136
13138
13141
13144
13147
13153
13189
13200
13206
13227
13234
13242
13246
13247
13258
13263
13270
13271
13273
13277
13277
13278
13281
13283
13293
13327
13328
13343
13344
13353
13366
13368
13368
13373
13376
13382
13387
13395
13410
13416
13418
13422
13427
13443
13475
13475
13481
13486
13503
13507
13508
13521
13526
13551
13555
13578
13581
13588
13622
13634
13640
13672
13701
13706
13708
13716
13741
13761
13772
13799
13800
13807
13809
13810
13810
13814
13822
13868
13873
13880
13888
13891
13908
13908
13908
13909
13931
13936
13939
13940
13949
13957
13962
13972
13983
13984
14001
14018
14020
14023
14027
14033
14036
14037
14041
14042
14047
14048
14088
14118
14131
14146
14147
14150
14166
14202
14207
14207
14209
14216
14224
14225
14234
14236
14242
14244
14248
14251
14253
14258
14262
14262
14262
14273
14278
14279
14291
14296
14302
14314
14317
14346
14349
14359
14364
14381
14395
14410
14412
14418
14428
14442
14458
14458
14459
14466
14481
14481
14491
14527
14528
14528
14531
14556
14557
14566
14591
14611
14624
14650
14661
14662
14665
14680
14689
14745
14753
14757
14766
14780
14789
14797
14798
14813
14821
14838
14848
14868
14926
14932
14942
14956
14958
14964
14995
14999
15012
15020
15022
15025
15025
15032
15038
15047
15053
15067
15070
15080
15091
15098
15108
15115
15128
15130
15146
15152
15152
15169
15176
15179
15195
15221
15235
15251
15265
15278
15295
15298
15315
15335
15337
15342
15342
15349
15371
15380
15390
15400
15406
15409
15411
15413
15414
15416
15422
15427
15428
15430
15450
15453
15460
15461
15478
15482
15513
15514
15516
15534
15563
15566
15569
15577
15596
15616
15631
15648
15651
15657
15663
15664
15681
15721
15732
15733
15734
15735
15735
15738
15740
15742
15760
15765
15778
15792
15795
15797
15799
15805
15811
15816
15819
15823
15838
15842
15844
15844
15846
15848
15850
15857
15862
15867
15872
15923
15955
15958
15959
15961
15983
15994
15998
16011
16035
16046
16050
16050
16087
16088
16091
16091
16092
16093
16103
16119
16119
16145
16155
16155
16156
16158
16167
16190
16193
16222
16225
16242
16259
16259
16282
16293
16299
16303
16307
16307
16307
16322
16357
16360
16365
16367
16389
16403
16406
16409
16409
16414
16429
16433
16436
16466
16470
16491
16508
16509
16513
16515
16521
16532
16534
16542
16552
16562
16573
16577
16602
16620
16635
16638
16646
16652
16668
16671
16671
16686
16693
16703
16706
16720
16737
16749
16750
16751
16753
16763
16775
16781
16809
16810
16820
16823
16828
16838
16856
16882
16900
16904
16906
16914
16916
16923
16926
16945
16953
16964
16964
16969
16969
16995
16998
17030
17041
17059
17071
17072
17103
17105
17109
17113
17133
17133
17149
17177
17182
17183
17185
17189
17191
17193
17213
17223
17228
17236
17241
17246
17254
17262
17265
17267
17273
17273
17283
17287
17297
17299
17304
17314
17314
17318
17347
17374
17410
17422
17427
17430
17436
17444
17449
17461
17463
17475
17480
17484
17489
17492
17499
17510
17522
17538
17545
17547
17559
17559
17570
17572
17575
17598
17606
17608
17609
17631
17658
17670
17689
17695
17716
17734
17742
17759
17764
17765
17773
17783
17804
17812
17825
17848
17850
17877
17879
17880
17881
17897
17920
17923
17925
17930
17933
17934
17945
17946
17951
17966
17978
17982
17984
17994
18011
18027
18039
18050
18052
18072
18081
18082
18089
18095
18100
18113
18122
18133
18134
18135
18136
18153
18153
18178
18191
18200
18203
18208
18210
18218
18219
18220
18226
18239
18243
18252
18253
18282
18283
18289
18294
18309
18311
18324
18332
18333
18342
18343
18346
18362
18378
18387
18395
18397
18452
18453
18454
18478
18480
18486
18486
18489
18501
18510
18513
18525
18528
18534
18538
18561
18564
18585
18599
18603
18603
18627
18667
18673
18687
18703
18715
18724
18729
18731
18742
18750
18754
18776
18777
18784
18809
18835
18847
18856
18873
18888
18891
18891
18908
18917
18982
19003
19015
19021
19022
19045
19071
19078
19079
19086
19097
19100
19105
19112
19113
19115
19123
19148
19151
19159
19163
19171
19173
19182
19196
19197
19204
19208
19224
19224
19226
19237
19240
19250
19259
19263
19264
19264
19290
19306
19319
19323
19339
19340
19352
19356
19367
19384
19394
19412
19445
19460
19473
19477
19478
19482
19486
19496
19504
19538
19560
19611
19616
19618
19652
19661
19663
19672
19679
19681
19686
19696
19699
19706
19709
19709
19709
19711
19729
19758
19763
19764
19769
19777
19779
19790
19811
19813
19817
19824
19826
19846
19848
19868
19872
19884
19887
19901
19905
19908
19914
19917
19922
19936
19941
19980
20023
20048
20052
20065
20070
20077
20136
20139
20154
20177
20180
20191
20209
20229
20232
20236
20237
20237
20239
20242
20249
20249
20263
20265
20270
20271
20276
20283
20298
20315
20326
20359
20385
20392
20402
20406
20410
20410
20417
20420
20424
20424
20427
20430
20465
20468
20477
20512
20512
20528
20535
20557
20560
20569
20571
20578
20594
20605
20628
20636
20648
20653
20669
20669
20672
20673
20674
20680
20682
20684
20746
20753
20757
20760
20777
20789
20796
20797
20800
20813
20825
20838
20847
20859
20904
20908
20916
20924
20937
20960
20976
20978
20978
20984
20985
20999
21010
21018
21019
21023
21028
21034
21034
21037
21039
21056
21069
21088
21105
21112
21128
21131
21135
21138
21145
21147
21149
21165
21166
21168
21175
21178
21182
21205
21208
21217
21223
21233
21240
21246
21251
21275
21278
21280
21281
21298
21302
21308
21321
21325
21369
21382
21438
21438
21459
21475
21475
21497
21501
21532
21533
21535
21549
21569
21579
21580
21588
21593
21619
21626
21655
21675
21693
21702
21719
21720
21730
21733
21741
21757
21759
21765
21775
21785
21795
21815
21816
21822
21833
21839
21860
21860
21867
21879
21948
21949
21955
21955
21975
21990
22000
22003
22021
22021
22027
22043
22051
22055
22056
22072
22076
22079
22090
22141
22143
22159
22185
22188
22189
22190
22192
22194
22218
22222
22266
22267
22280
22326
22341
22345
22365
22368
22370
22381
22393
22398
22406
22407
22424
22424
22428
22433
22443
22476
22501
22507
22512
22516
22526
22531
22534
22540
22543
22546
22565
22569
22570
22586
22597
22599
22608
22635
22657
22659
22661
22661
22666
22679
22682
22683
22702
22706
22708
22714
22719
22727
22736
22749
22761
22771
22772
22795
22805
22805
22808
22813
22814
22828
22838
22838
22871
22874
22895
22934
22949
22951
22974
22979
22989
23020
23033
23039
23055
23058
23059
23066
23078
23080
23089
23091
23092
23105
23114
23167
23184
23185
23186
23186
23192
23203
23233
23241
23280
23281
23300
23327
23329
23338
23342
23370
23372
23373
23397
23400
23402
23404
23408
23412
23414
23428
23438
23460
23474
23484
23500
23519
23573
23580
23594
23595
23611
23615
23623
23629
23641
23647
23657
23683
23691
23695
23721
23775
23800
23823
23834
23860
23860
23870
23879
23881
23886
23901
23929
23939
23947
23953
23959
23970
23985
23998
24005
24009
24021
24032
24037
24067
24081
24096
24120
24122
24131
24134
24162
24163
24163
24169
24174
24177
24177
24181
24188
24189
24212
24226
24232
24238
24238
24247
24257
24265
24269
24293
24301
24305
24322
24328
24354
24366
24375
24376
24384
24391
24395
24413
24414
24414
24436
24436
24446
24446
24454
24458
24458
24462
24489
24493
24505
24510
24514
24518
24527
24528
24547
24552
24599
24602
24613
24620
24629
24639
24640
24641
24642
24642
24657
24672
24684
24685
24692
24712
24728
24736
24741
24747
24764
24766
24788
24808
24823
24832
24832
24840
24846
24852
24907
24909
24915
24918
24921
24926
24957
24964
24968
24975
25014
25019
25025
25027
25028
25041
25045
25046
25062
25097
25099
25113
25142
25146
25158
25169
25189
25209
25216
25217
25220
25251
25290
25307
25323
25323
25327
25340
25342
25364
25365
25366
25368
25370
25371
25377
25378
25383
25402
25421
25423
25429
25445
25455
25462
25473
25473
25474
25476
25492
25510
25510
25530
25530
25531
25571
25582
25591
25604
25635
25638
25639
25653
25667
25685
25715
25724
25729
25748
25753
25798
25816
25819
25836
25858
25860
25861
25867
25872
25873
25894
25894
25926
25946
25954
25957
25958
25978
25986
25991
26002
26016
26036
26041
26059
26070
26084
26095
26098
26098
26102
26111
26117
26120
26154
26157
26162
26165
26176
26182
26198
26208
26212
26215
26220
26233
26240
26247
26265
26270
26274
26286
26316
26343
26347
26352
26375
26383
26395
26395
26398
26404
26408
26424
26428
26443
26447
26451
26495
26507
26508
26513
26514
26526
26551
26563
26566
26570
26592
26600
26602
26605
26612
26616
26624
26673
26684
26686
26693
26703
26711
26718
26727
26734
26749
26755
26761
26761
26762
26772
26781
26795
26803
26815
26823
26834
26851
26857
26863
26876
26886
26895
26928
26931
26937
26942
26945
26952
26955
26960
26976
26978
26998
27022
27038
27039
27048
27051
27055
27059
27065
27072
27079
27082
27088
27114
27119
27141
27154
27156
27180
27188
27195
27200
27219
27220
27220
27232
27244
27244
27246
27261
27265
27266
27267
27282
27289
27299
27308
27323
27354
27381
27388
27397
27442
27443
27483
27485
27504
27514
27521
27529
27533
27534
27535
27545
27547
27587
27604
27611
27619
27630
27643
27645
27650
27662
27686
27693
27696
27701
27701
27704
27728
27743
27758
27760
27768
27773
27783
27789
27798
27804
27816
27826
27830
27830
27842
27844
27846
27846
27847
27851
27886
27908
27910
27916
27924
27946
27949
27965
27972
27987
27993
27998
28002
28037
28044
28048
28052
28057
28063
28077
28083
28108
28142
28153
28174
28177
28178
28226
28286
28296
28299
28344
28372
28373
28378
28382
28395
28424
28432
28435
28442
28442
28443
28452
28453
28465
28471
28498
28504
28514
28518
28537
28556
28558
28580
28587
28594
28625
28638
28653
28661
28664
28680
28683
28688
28696
28747
28748
28769
28817
28826
28841
28843
28866
28879
28909
28919
28944
28952
28956
28965
28969
28970
28999
28999
29003
29015
29052
29060
29068
29074
29085
29086
29108
29113
29115
29124
29126
29133
29172
29180
29192
29194
29199
29200
29204
29205
29210
29219
29222
29239
29244
29245
29255
29276
29317
29346
29354
29364
29369
29372
29373
29374
29381
29382
29383
29397
29398
29401
29414
29430
29432
29432
29440
29448
29452
29463
29491
29498
29503
29505
29507
29551
29565
29572
29573
29583
29585
29588
29601
29625
29630
29656
29669
29669
29675
29676
29693
29694
29702
29715
29717
29721
29723
29726
29735
29748
29758
29775
29800
29801
29807
29812
29812
29813
29816
29816
29821
29826
29827
29829
29830
29845
29849
29850
29878
29888
29898
29915
29930
29939
29939
29941
29965
29967
29973
29978
29994
29996
30019
30019
30053
30055
30061
30073
30078
30089
30091
30097
30101
30113
30118
30127
30127
30144
30151
30152
30170
30177
30186
30197
30206
30215
30217
30228
30240
30247
30256
30260
30260
30263
30275
30280
30291
30306
30307
30312
30318
30334
30336
30344
30346
30348
30358
30365
30380
30387
30390
30392
30405
30419
30420
30423
30429
30456
30496
30497
30503
30505
30515
30522
30542
30553
30575
30579
30583
30599
30601
30610
30610
30639
30641
30650
30682
30699
30719
30723
30730
30734
30746
30755
30767
30774
30776
30780
30807
30822
30841
30841
30867
30875
30882
30887
30892
30897
30898
30908
30923
30926
30931
30953
30954
30958
30964
30969
30989
30996
31011
31018
31024
31033
31039
31058
31068
31073
31084
31095
31096
31118
31124
31154
31167
31169
31174
31186
31203
31223
31247
31268
31282
31287
31290
31296
31311
31319
31336
31336
31338
31357
31368
31375
31383
31383
31385
31389
31394
31397
31398
31399
31401
31406
31414
31443
31448
31452
31482
31492
31502
31515
31536
31562
31565
31566
31570
31574
31601
31649
31661
31667
31672
31683
31702
31719
31733
31742
31751
31769
31772
31792
31800
31815
31826
31836
31856
31859
31861
31866
31875
31894
31897
31898
31909
31931
31943
31947
31947
31949
31956
31959
31965
31968
31972
31972
31975
31983
32051
32058
32059
32072
32113
32118
32124
32130
32131
32138
32148
32150
32177
32186
32196
32217
32229
32235
32247
32262
32263
32267
32280
32283
32284
32289
32311
32312
32316
32320
32334
32367
32370
32371
32379
32401
32402
32411
32447
32462
32470
32471
32475
32481
32482
32485
32494
32502
32509
32516
32517
32522
32524
32527
32531
32538
32550
32551
32572
32592
32628
32656
32673
32692
32697
32701
32701
32713
32718
32737
32756
32760
32770
32772
32781
32787
32800
32806
32835
32866
32866
32870
32886
32886
32887
32901
32921
32934
32951
32955
32959
32984
32991
33003
33019
33024
33026
33040
33060
33073
33077
33091
33100
33102
33104
33105
33107
33129
33132
33160
33169
33177
33186
33189
33198
33198
33199
33222
33226
33235
33242
33256
33259
33268
33270
33312
33323
33326
33356
33357
33359
33367
33369
33386
33393
33397
33427
33434
33437
33441
33456
33460
33470
33479
33480
33500
33532
33556
33557
33582
33590
33610
33624
33633
33646
33649
33673
33676
33681
33683
33744
33751
33764
33765
33771
33803
33806
33814
33822
33825
33835
33837
33840
33849
33866
33870
33876
33883
33892
33897
33899
33904
33909
33913
33921
33951
33979
33981
33985
33992
33992
34007
34008
34010
34011
34024
34025
34030
34031
34040
34040
34053
34062
34079
34091
34092
34108
34122
34134
34138
34151
34157
34165
34169
34172
34190
34193
34242
34248
34279
34291
34308
34330
34331
34337
34361
34367
34383
34386
34396
34409
34412
34413
34425
34428
34432
34453
34457
34460
34476
34489
34520
34523
34571
34581
34595
34608
34614
34620
34628
34642
34649
34651
34661
34667
34670
34670
34678
34698
34707
34713
34728
34741
34745
34758
34802
34830
34838
34841
34844
34865
34872
34914
34916
34936
34937
34947
34957
34971
34992
34998
35010
35013
35056
35057
35059
35061
35064
35065
35067
35070
35071
35077
35079
35083
35105
35108
35130
35132
35139
35155
35162
35168
35177
35191
35203
35215
35227
35236
35240
35273
35297
35317
35322
35351
35361
35375
35377
35377
35410
35414
35418
35436
35456
35469
35481
35489
35492
35502
35504
35519
35528
35557
35558
35567
35584
35589
35592
35605
35609
35643
35643
35645
35653
35665
35679
35694
35751
35761
35769
35779
35796
35808
35812
35829
35835
35850
35850
35854
35859
35861
35904
35922
35942
35957
35974
35975
36028
36040
36071
36076
36080
36095
36100
36140
36146
36152
36185
36212
36216
36235
36237
36245
36252
36265
36317
36320
36334
36340
36348
36368
36369
36387
36393
36410
36419
36421
36442
36444
36470
36472
36474
36476
36479
36485
36490
36494
36502
36506
36508
36512
36529
36533
36541
36590
36598
36607
36624
36632
36642
36643
36646
36646
36655
36670
36683
36683
36688
36696
36715
36726
36730
36735
36759
36762
36813
36816
36819
36821
36828
36830
36838
36844
36848
36853
36865
36877
36906
36925
36948
36951
36959
36963
36975
36991
37034
37040
37042
37054
37056
37070
37075
37077
37087
37090
37107
37111
37118
37129
37141
37156
37170
37176
37217
37222
37243
37246
37263
37286
37300
37308
37312
37328
37342
37357
37388
37397
37410
37411
37411
37422
37430
37432
37433
37438
37444
37448
37457
37458
37460
37498
37512
37550
37561
37604
37617
37621
37649
37670
37680
37686
37687
37692
37707
37711
37732
37747
37752
37758
37760
37774
37776
37785
37787
37799
37806
37830
37836
37853
37865
37866
37870
37873
37882
37884
37892
37898
37905
37905
37908
37913
37915
37952
37966
37979
37986
37996
38014
38026
38029
38056
38061
38063
38064
38072
38077
38080
38083
38089
38096
38155
38158
38180
38183
38194
38210
38242
38259
38262
38289
38315
38336
38350
38361
38370
38383
38391
38392
38406
38406
38421
38424
38433
38435
38441
38445
38457
38477
38488
38491
38495
38501
38510
38522
38522
38528
38552
38556
38562
38580
38592
38598
38606
38609
38615
38628
38632
38635
38644
38658
38668
38671
38672
38676
38689
38693
38704
38707
38712
38744
38761
38774
38781
38783
38809
38825
38827
38831
38835
38840
38846
38848
38860
38863
38865
38868
38871
38875
38879
38891
38897
38902
38917
38919
38921
38929
38932
38956
38960
38961
38968
38985
38994
38995
39004
39017
39040
39051
39080
39099
39137
39151
39151
39159
39176
39189
39194
39200
39216
39223
39235
39255
39261
39286
39299
39301
39317
39323
39325
39334
39334
39348
39372
39383
39383
39414
39417
39426
39447
39456
39459
39468
39469
39480
39482
39506
39510
39513
39519
39527
39543
39551
39569
39573
39602
39625
39627
39649
39667
39671
39680
39694
39695
39732
39750
39755
39773
39781
39781
39785
39795
39796
39797
39805
39818
39831
39831
39834
39857
39859
39863
39882
39890
39891
39892
39910
39918
39926
39935
39940
39941
39955
39972
39997
39998
40002
40019
40020
40030
40039
40045
40050
40088
40091
40092
40096
40099
40112
40127
40129
40146
40152
40170
40189
40191
40202
40218
40218
40221
40236
40258
40269
40317
40332
40359
40364
40375
40382
40383
40386
40388
40403
40409
40413
40420
40420
40433
40446
40447
40461
40466
40483
40483
40490
40491
40492
40498
40499
40500
40503
40512
40524
40538
40539
40545
40584
40590
40593
40610
40611
40631
40639
40642
40642
40660
40673
40674
40683
40690
40692
40698
40698
40710
40719
40729
40738
40749
40755
40759
40775
40777
40787
40799
40811
40813
40842
40842
40844
40853
40856
40873
40873
40897
40917
40933
40955
40964
40984
41000
41006
41042
41051
41068
41089
41097
41098
41102
41111
41122
41136
41145
41173
41180
41188
41197
41207
41211
41222
41231
41251
41259
41263
41309
41310
41319
41324
41337
41360
41361
41381
41398
41398
41407
41408
41411
41418
41426
41431
41434
41444
41451
41455
41463
41473
41486
41493
41518
41532
41536
41554
41560
41560
41561
41564
41569
41575
41584
41593
41594
41602
41608
41610
41632
41636
41636
41652
41670
41680
41684
41684
41693
41697
41732
41747
41750
41767
41773
41778
41783
41784
41806
41809
41812
41819
41838
41838
41846
41862
41867
41869
41889
41891
41893
41896
41903
41912
41923
41943
41945
41962
41969
41978
41980
41987
42022
42026
42034
42044
42052
42055
42064
42069
42087
42095
42107
42113
42123
42144
42148
42177
42192
42210
42220
42227
42230
42230
42235
42235
42240
42241
42241
42243
42257
42271
42290
42314
42338
42340
42341
42341
42344
42364
42367
42397
42401
42436
42466
42469
42477
42490
42531
42544
42548
42554
42563
42577
42579
42582
42582
42592
42626
42657
42661
42667
42687
42712
42715
42717
42720
42726
42736
42750
42765
42768
42781
42783
42784
42792
42797
42798
42805
42816
42820
42842
42845
42852
42866
42875
42879
42895
42904
42914
42928
42960
42961
42980
42982
42984
42996
43009
43015
43044
43052
43053
43053
43060
43070
43084
43112
43123
43136
43152
43156
43209
43210
43217
43232
43237
43239
43246
43258
43262
43272
43285
43288
43306
43306
43310
43310
43313
43315
43337
43354
43368
43380
43384
43387
43400
43401
43410
43410
43412
43414
43422
43434
43435
43447
43464
43513
43518
43518
43534
43536
43539
43540
43544
43549
43561
43577
43582
43612
43636
43640
43642
43662
43663
43666
43703
43708
43711
43721
43750
43755
43804
43829
43847
43870
43888
43896
43909
43924
43929
43930
43962
43963
44005
44011
44019
44039
44044
44065
44080
44085
44141
44142
44147
44154
44158
44161
44163
44170
44180
44183
44185
44203
44226
44245
44265
44265
44271
44276
44300
44303
44304
44308
44331
44334
44336
44344
44345
44349
44353
44366
44374
44391
44416
44442
44445
44449
44459
44461
44473
44485
44486
44489
44490
44508
44512
44521
44527
44528
44534
44544
44556
44581
44592
44598
44603
44603
44616
44618
44618
44618
44621
44631
44636
44639
44663
44664
44670
44673
44674
44694
44701
44738
44744
44757
44772
44791
44791
44801
44842
44860
44874
44911
44924
44930
44933
44934
44954
44976
44978
44979
44981
44983
44985
44986
44997
45000
45012
45030
45042
45044
45047
45052
45056
45064
45071
45071
45072
45078
45100
45103
45107
45112
45115
45127
45134
45140
45144
45145
45146
45160
45163
45184
45188
45198
45200
45206
45212
45226
45260
45268
45269
45286
45294
45296
45304
45323
45339
45341
45342
45365
45366
45378
45379
45382
45389
45396
45412
45430
45462
45478
45479
45485
45486
45497
45504
45507
45509
45511
45519
45527
45546
45559
45566
45575
45579
45606
45615
45616
45620
45640
45664
45665
45683
45691
45696
45700
45704
45710
45712
45716
45724
45725
45733
45761
45761
45775
45784
45790
45841
45844
45859
45860
45864
45865
45867
45918
45930
45948
45957
45963
45975
45982
45994
45997
45997
46009
46015
46015
46032
46048
46055
46065
46071
46081
46093
46114
46117
46134
46141
46143
46148
46168
46174
46179
46201
46220
46233
46243
46267
46285
46292
46295
46295
46297
46301
46303
46306
46327
46337
46338
46338
46348
46349
46354
46356
46369
46371
46372
46382
46382
46383
46393
46394
46396
46403
46440
46446
46449
46453
46455
46459
46482
46492
46519
46525
46531
46531
46531
46534
46536
46537
46538
46546
46548
46552
46556
46558
46561
46565
46566
46569
46570
46570
46585
46588
46594
46597
46614
46631
46635
46650
46655
46662
46667
46680
46681
46712
46720
46722
46748
46771
46807
46808
46823
46835
46835
46859
46873
46897
46916
46940
46949
46982
46985
46991
46991
46998
47001
47002
47004
47024
47040
47060
47064
47066
47090
47091
47094
47114
47116
47118
47139
47144
47154
47158
47172
47192
47209
47215
47215
47217
47225
47244
47245
47260
47272
47295
47308
47312
47315
47318
47326
47359
47372
47380
47382
47412
47413
47414
47427
47454
47469
47470
47487
47487
47505
47517
47525
47526
47532
47533
47566
47568
47586
47593
47603
47604
47650
47673
47678
47741
47765
47769
47774
47777
47778
47784
47793
47798
47818
47821
47828
47832
47843
47850
47851
47889
47893
47893
47899
47905
47916
47923
47932
47935
47939
47939
47942
47952
47966
47968
47972
47973
47981
47994
48002
48003
48003
48006
48017
48025
48034
48047
48058
48060
48070
48102
48115
48120
48122
48129
48137
48152
48163
48168
48173
48181
48186
48240
48240
48277
48282
48301
48326
48355
48364
48368
48377
48387
48397
48399
48402
48404
48433
48471
48472
48475
48478
48498
48498
48507
48507
48517
48518
48521
48563
48564
48569
48575
48599
48605
48633
48642
48669
48670
48684
48708
48709
48710
48716
48718
48755
48801
48833
48853
48853
48854
48857
48857
48872
48881
48897
48897
48907
48913
48926
48933
48934
48944
48947
48964
48986
48987
48995
49006
49007
49007
49018
49029
49045
49055
49058
49064
49066
49079
49080
49101
49101
49116
49124
49134
49134
49135
49158
49159
49162
49170
49184
49209
49210
49220
49225
49250
49251
49267
49272
49274
49275
49292
49294
49311
49316
49320
49325
49341
49344
49352
49354
49359
49367
49370
49374
49386
49386
49390
49401
49434
49438
49443
49446
49452
49453
49454
49454
49470
49484
49484
49485
49487
49496
49501
49506
49513
49514
49527
49533
49536
49561
49561
49563
49564
49580
49585
49595
49607
49626
49631
49635
49642
49653
49653
49693
49696
49710
49711
49719
49720
49727
49728
49737
49750
49757
49765
49766
49771
49781
49792
49796
49806
49811
49814
49823
49831
49841
49846
49867
49885
49892
49899
49900
49901
49908
49918
49927
49972
49974
49977
49989
49993
49997
50009
50012
50019
50023
50038
50039
50065
50070
50074
50077
50078
50088
50164
50166
50184
50212
50212
50220
50225
50231
50235
50274
50287
50297
50306
50316
50329
50333
50350
50355
50366
50371
50375
50377
50377
50378
50379
50379
50393
50401
50402
50423
50445
50456
50460
50465
50473
50476
50492
50499
50501
50504
50511
50512
50527
50536
50556
50569
50577
50583
50610
50611
50624
50633
50636
50643
50668
50678
50679
50682
50695
50700
50709
50721
50725
50727
50736
50751
50753
50754
50760
50763
50775
50791
50799
50808
50814
50816
50839
50854
50873
50875
50880
50901
50949
50956
50958
50959
50971
50992
51001
51010
51022
51029
51034
51034
51056
51075
51079
51084
51094
51100
51108
51129
51138
51146
51152
51170
51197
51204
51218
51219
51233
51244
51248
51249
51252
51269
51274
51276
51279
51281
51283
51291
51293
51295
51298
51301
51302
51306
51306
51310
51327
51329
51333
51341
51347
51362
51369
51387
51404
51407
51408
51411
51414
51426
51432
51447
51449
51466
51479
51480
51485
51488
51497
51503
51529
51529
51536
51541
51567
51569
51603
51624
51625
51646
51662
51662
51664
51664
51711
51722
51744
51747
51757
51763
51777
51777
51800
51807
51811
51815
51840
51844
51847
51855
51871
51928
51939
51956
51957
51981
51983
51985
51991
52024
52032
52036
52055
52063
52069
52070
52079
52086
52110
52111
52114
52121
52126
52134
52141
52145
52163
52191
52193
52205
52206
52216
52229
52261
52266
52267
52276
52283
52284
52289
52290
52311
52330
52336
52351
52364
52385
52388
52425
52431
52432
52450
52457
52461
52491
52507
52512
52534
52565
52570
52573
52574
52584
52597
52599
52618
52629
52644
52664
52680
52699
52711
52751
52755
52766
52776
52778
52780
52784
52790
52793
52804
52805
52810
52811
52818
52832
52837
52848
52851
52857
52859
52863
52878
52904
52907
52907
52919
52920
52925
52925
52928
52944
52949
52954
52955
52960
52969
53003
53013
53026
53030
53036
53036
53039
53057
53061
53063
53064
53076
53098
53102
53149
53189
53193
53194
53218
53235
53242
53251
53263
53282
53302
53315
53330
53330
53333
53339
53345
53347
53352
53370
53382
53383
53409
53410
53428
53434
53435
53438
53440
53443
53452
53468
53478
53482
53485
53509
53551
53568
53568
53579
53595
53609
53610
53625
53637
53641
53663
53690
53695
53697
53714
53728
53732
53735
53737
53747
53747
53751
53764
53771
53774
53803
53812
53815
53821
53830
53838
53842
53855
53857
53865
53876
53889
53896
53903
53914
53931
53955
53955
53986
53990
53992
54012
54031
54040
54045
54071
54091
54093
54109
54119
54120
54140
54145
54146
54146
54150
54153
54189
54192
54197
54214
54214
54218
54221
54222
54225
54226
54234
54241
54255
54263
54271
54293
54294
54297
54305
54319
54323
54339
54339
54353
54354
54355
54370
54400
54418
54421
54445
54462
54468
54484
54488
54500
54503
54505
54527
54527
54533
54534
54554
54557
54576
54580
54586
54588
54624
54638
54641
54646
54652
54654
54662
54663
54663
54665
54681
54682
54688
54690
54691
54701
54712
54713
54717
54727
54766
54776
54788
54794
54828
54837
54877
54878
54883
54886
54916
54931
54936
54937
54975
54983
54984
54986
54993
54996
55027
55035
55067
55069
55088
55096
55097
55100
55129
55134
55138
55143
55159
55161
55168
55181
55196
55197
55214
55233
55239
55242
55245
55247
55247
55267
55273
55277
55279
55311
55329
55332
55333
55335
55336
55345
55362
55376
55389
55390
55395
55395
55399
55408
55453
55457
55461
55462
55462
55464
55468
55471
55485
55486
55492
55497
55526
55536
55548
55549
55562
55594
55604
55618
55622
55626
55633
55638
55638
55663
55694
55722
55723
55729
55736
55741
55752
55762
55790
55793
55800
55800
55808
55816
55823
55833
55845
55848
55859
55871
55873
55895
55912
55928
55942
55950
55959
55960
55982
55982
55993
56004
56036
56039
56048
56051
56053
56078
56083
56101
56102
56108
56110
56111
56116
56129
56130
56137
56141
56167
56168
56173
56179
56183
56193
56228
56231
56238
56246
56253
56254
56257
56275
56283
56287
56295
56301
56301
56315
56316
56317
56322
56323
56325
56340
56346
56353
56358
56359
56384
56389
56402
56424
56433
56484
56494
56515
56529
56536
56543
56552
56563
56563
56570
56600
56613
56617
56631
56653
56658
56664
56664
56714
56734
56740
56745
56750
56756
56778
56786
56792
56799
56858
56871
56882
56886
56891
56899
56907
56912
56922
56925
56936
56953
56971
56979
56981
57030
57036
57039
57051
57053
57058
57075
57079
57084
57109
57122
57124
57170
57177
57184
57212
57242
57254
57273
57276
57294
57296
57306
57318
57328
57341
57347
57360
57368
57385
57386
57396
57399
57403
57412
57456
57476
57479
57497
57511
57516
57517
57526
57544
57552
57554
57574
57580
57601
57601
57609
57627
57639
57653
57654
57672
57700
57706
57716
57719
57727
57728
57758
57762
57781
57787
57796
57801
57805
57808
57812
57815
57817
57822
57827
57843
57864
57877
57889
57891
57900
57900
57914
57916
57924
57925
57928
57936
57952
57963
57970
58035
58039
58045
58067
58080
58101
58101
58119
58175
58193
58203
58240
58249
58286
58300
58302
58344
58352
58360
58360
58368
58395
58397
58399
58401
58418
58419
58430
58452
58462
58474
58478
58478
58483
58490
58493
58500
58510
58512
58516
58526
58536
58549
58563
58569
58589
58594
58600
58615
58630
58642
58660
58662
58674
58675
58693
58698
58711
58717
58723
58725
58728
58743
58744
58752
58754
58759
58759
58786
58806
58813
58819
58865
58870
58870
58880
58884
58885
58887
58889
58894
58913
58921
58956
58962
58963
58975
59003
59016
59022
59025
59025
59028
59066
59072
59105
59112
59117
59132
59142
59158
59183
59192
59196
59216
59226
59226
59235
59238
59241
59247
59254
59258
59269
59308
59318
59329
59331
59340
59342
59352
59364
59389
59391
59392
59401
59402
59406
59430
59463
59473
59473
59504
59536
59537
59539
59543
59550
59559
59562
59572
59579
59602
59608
59613
59616
59617
59630
59641
59653
59659
59662
59666
59666
59666
59677
59687
59699
59701
59707
59712
59715
59744
59750
59756
59771
59776
59781
59787
59789
59797
59808
59813
59828
59838
59840
59840
59847
59854
59866
59888
59896
59907
59921
59930
59936
59937
59960
59971
59973
59974
59998
60001
60025
60033
60036
60036
60041
60049
60052
60058
60070
60083
60087
60090
60136
60139
60148
60157
60167
60172
60183
60186
60191
60193
60199
60208
60216
60218
60232
60233
60236
60242
60249
60278
60283
60304
60309
60315
60318
60323
60348
60372
60379
60400
60404
60407
60421
60421
60444
60448
60449
60462
60472
60479
60487
60496
60504
60514
60516
60539
60541
60550
60558
60558
60563
60566
60582
60588
60589
60592
60602
60617
60620
60621
60625
60631
60635
60654
60676
60678
60683
60684
60693
60693
60698
60706
60712
60718
60744
60745
60760
60763
60776
60786
60795
60797
60805
60818
60823
60827
60838
60839
60840
60841
60855
60867
60881
60882
60894
60896
60907
60907
60919
60922
60929
60935
60939
60944
60970
60975
60977
60982
61003
61003
61012
61013
61021
61026
61049
61050
61053
61058
61059
61087
61101
61103
61108
61109
61131
61158
61166
61201
61206
61211
61220
61233
61244
61249
61273
61274
61288
61291
61295
61304
61308
61311
61315
61334
61334
61347
61356
61370
61371
61378
61383
61402
61427
61429
61444
61458
61479
61518
61529
61536
61550
61551
61553
61558
61559
61564
61580
61589
61589
61619
61628
61653
61664
61670
61676
61683
61684
61691
61699
61701
61710
61731
61741
61746
61755
61761
61763
61770
61778
61782
61808
61812
61839
61851
61856
61868
61892
61898
61900
61909
61917
61926
61971
61989
61990
61996
61997
61999
62003
62005
62024
62028
62041
62047
62054
62056
62074
62074
62075
62099
62102
62126
62148
62157
62159
62184
62187
62223
62233
62239
62254
62254
62271
62273
62286
62291
62298
62306
62333
62347
62361
62380
62395
62411
62418
62422
62428
62436
62467
62513
62519
62522
62525
62530
62542
62551
62562
62570
62573
62575
62580
62585
62586
62588
62590
62592
62618
62619
62628
62633
62665
62667
62673
62688
62688
62711
62717
62730
62734
62751
62751
62756
62764
62764
62780
62801
62801
62809
62812
62815
62819
62822
62824
62835
62837
62851
62854
62863
62874
62876
62899
62915
62925
62928
62952
62956
62961
62986
62989
63003
63007
63011
63017
63029
63031
63036
63038
63042
63067
63068
63080
63086
63105
63107
63114
63123
63138
63142
63184
63192
63199
63219
63222
63225
63234
63237
63238
63244
63255
63272
63281
63290
63298
63307
63310
63320
63326
63330
63343
63345
63381
63388
63410
63417
63436
63481
63485
63505
63512
63523
63536
63541
63546
63550
63562
63567
63582
63593
63603
63610
63627
63632
63646
63647
63653
63668
63680
63696
63708
63713
63717
63730
63730
63732
63738
63768
63771
63774
63784
63790
63790
63814
63815
63818
63875
63881
63882
63889
63891
63893
63908
63911
63924
63947
63962
63972
63973
63977
63988
63989
63996
63997
63999
64001
64009
64009
64014
64036
64040
64047
64052
64058
64062
64097
64103
64104
64109
64118
64124
64131
64149
64156
64158
64171
64190
64214
64220
64236
64237
64243
64264
64275
64282
64283
64286
64290
64313
64316
64324
64326
64339
64360
64381
64391
64406
64418
64446
64451
64454
64462
64470
64501
64510
64547
64561
64564
64565
64569
64580
64582
64589
64589
64591
64596
64608
64619
64634
64648
64656
64676
64679
64680
64681
64699
64717
64726
64730
64737
64737
64756
64760
64764
64782
64826
64854
64864
64865
64879
64882
64889
64894
64898
64899
64903
64904
64905
64909
64910
64911
64936
64947
64968
64972
64985
64986
64992
65006
65015
65035
65041
65047
65054
65057
65066
65074
65078
65089
65102
65106
65114
65117
65127
65130
65133
65135
65136
65155
65155
65164
65178
65187
65196
65229
65242
65253
65255
65255
65261
65261
65268
65283
65285
65294
65332
65333
65336
65336
65338
65340
65345
65347
65358
65364
65421
65457
65464
65470
65484
65488
65490
65494
65499
65499
65505
65515
65519
65527
65527
65546
65565
65566
65566
65567
65585
65587
65601
65643
65646
65656
65656
65677
65682
65705
65731
65735
65758
65761
65773
65775
65802
65810
65836
65843
65851
65864
65878
65880
65882
65889
65891
65894
65896
65907
65911
65912
65947
65960
65971
66036
66039
66044
66066
66071
66079
66087
66108
66116
66117
66121
66124
66125
66125
66127
66151
66159
66166
66169
66173
66175
66199
66229
66234
66250
66303
66306
66308
66330
66369
66370
66380
66386
66391
66392
66406
66408
66413
66413
66430
66436
66446
66454
66465
66465
66467
66477
66482
66495
66533
66533
66540
66579
66581
66583
66593
66599
66605
66605
66633
66637
66644
66644
66654
66655
66656
66673
66674
66681
66681
66699
66716
66723
66729
66730
66731
66738
66742
66742
66754
66756
66759
66767
66768
66777
66778
66780
66790
66790
66811
66812
66813
66814
66818
66819
66851
66852
66852
66863
66863
66872
66875
66896
66899
66946
66952
66953
67017
67024
67028
67034
67045
67046
67069
67093
67118
67130
67134
67135
67148
67157
67165
67169
67183
67198
67202
67205
67213
67217
67227
67237
67239
67249
67251
67279
67307
67335
67339
67339
67347
67347
67348
67361
67362
67367
67368
67406
67433
67434
67441
67444
67462
67467
67482
67490
67502
67519
67543
67560
67561
67580
67587
67598
67614
67623
67623
67628
67633
67634
67639
67640
67641
67652
67674
67675
67676
67691
67708
67721
67743
67757
67760
67788
67800
67801
67805
67812
67835
67837
67838
67889
67895
67907
67910
67921
67923
67931
67934
67940
67953
67958
67969
67970
67980
67993
68007
68011
68016
68026
68026
68029
68030
68050
68060
68068
68072
68074
68079
68083
68123
68161
68163
68165
68169
68175
68178
68179
68180
68184
68188
68211
68232
68238
68239
68267
68282
68283
68293
68306
68326
68331
68333
68351
68353
68362
68371
68388
68396
68407
68439
68447
68451
68454
68459
68486
68490
68495
68496
68522
68530
68557
68559
68564
68566
68593
68594
68597
68602
68602
68603
68612
68612
68641
68642
68647
68649
68656
68661
68665
68682
68693
68697
68701
68701
68706
68709
68716
68730
68732
68746
68748
68772
68805
68805
68809
68828
68847
68848
68867
68886
68897
68911
68924
68943
68954
68959
68960
68964
68965
68969
68979
68987
68991
68999
69003
69018
69031
69039
69059
69068
69098
69105
69110
69135
69140
69155
69162
69172
69174
69190
69193
69200
69211
69211
69221
69230
69244
69250
69267
69270
69276
69278
69284
69303
69308
69346
69353
69354
69359
69386
69403
69411
69433
69448
69448
69453
69457
69457
69468
69478
69481
69488
69515
69520
69529
69530
69545
69548
69555
69556
69569
69571
69578
69588
69589
69592
69594
69596
69628
69644
69647
69650
69663
69671
69672
69675
69679
69685
69712
69730
69738
69757
69762
69776
69795
69804
69816
69816
69822
69824
69830
69841
69860
69878
69881
69884
69900
69934
69935
69942
69947
69952
69952
69953
69963
69975
69979
69979
69989
69994
70010
70010
70016
70022
70026
70035
70037
70040
70040
70048
70050
70053
70067
70071
70078
70101
70109
70110
70127
70131
70137
70138
70138
70147
70167
70168
70195
70210
70218
70225
70225
70231
70233
70250
70268
70294
70298
70305
70306
70314
70326
70327
70331
70367
70380
70403
70424
70427
70438
70483
70488
70495
70504
70506
70512
70515
70519
70532
70554
70556
70565
70591
70596
70598
70623
70626
70646
70653
70656
70662
70668
70681
70690
70692
70703
70710
70715
70725
70727
70729
70743
70747
70748
70757
70765
70769
70773
70786
70798
70801
70820
70825
70826
70826
70837
70840
70863
70866
70867
70878
70882
70898
70898
70901
70908
70915
70930
70931
70935
70937
70951
70962
70974
70981
70986
71004
71016
71017
71039
71058
71085
71090
71092
71100
71105
71125
71126
71157
71160
71175
71214
71226
71227
71242
71268
71278
71279
71292
71292
71293
71297
71304
71305
71306
71310
71312
71314
71336
71339
71344
71358
71374
71394
71407
71424
71425
71427
71427
71461
71473
71473
71478
71482
71503
71519
71522
71533
71554
71566
71567
71574
71574
71579
71589
71595
71596
71602
71614
71615
71633
71634
71650
71653
71664
71682
71689
71700
71750
71758
71793
71811
71829
71833
71843
71859
71867
71874
71907
71917
71937
71947
71948
71949
71950
71950
71958
71967
71980
71989
71989
71992
72005
72005
72006
72014
72017
72028
72029
72031
72034
72055
72064
72066
72072
72081
72088
72095
72098
72108
72120
72128
72129
72163
72194
72199
72205
72220
72220
72238
72242
72242
72258
72258
72261
72272
72273
72278
72280
72302
72336
72344
72344
72364
72384
72388
72396
72402
72406
72422
72434
72445
72453
72453
72462
72477
72485
72492
72511
72511
72558
72585
72597
72602
72604
72628
72631
72651
72652
72673
72676
72687
72689
72701
72709
72727
72780
72781
72793
72803
72825
72847
72848
72851
72866
72868
72869
72875
72890
72920
72920
72926
72927
72941
72947
72950
72985
72989
73017
73021
73022
73027
73029
73049
73060
73064
73072
73080
73085
73085
73108
73108
73109
73113
73114
73118
73143
73148
73167
73170
73179
73195
73195
73204
73209
73222
73228
73229
73234
73259
73301
73309
73344
73371
73392
73411
73418
73437
73440
73447
73448
73449
73457
73495
73497
73498
73507
73513
73515
73526
73528
73530
73536
73537
73538
73541
73560
73563
73564
73567
73584
73599
73607
73612
73619
73635
73665
73671
73672
73677
73700
73706
73710
73718
73740
73751
73757
73759
73761
73769
73783
73791
73797
73799
73802
73804
73805
73805
73807
73808
73817
73823
73828
73837
73848
73862
73869
73875
73883
73897
73912
73913
73913
73917
73936
73944
73948
73959
73977
73991
74010
74016
74023
74046
74080
74110
74117
74121
74121
74121
74147
74152
74157
74171
74182
74226
74228
74251
74251
74259
74260
74265
74267
74273
74306
74309
74330
74338
74358
74366
74368
74370
74382
74397
74414
74415
74418
74427
74434
74439
74443
74451
74459
74482
74488
74488
74499
74507
74513
74518
74540
74552
74561
74584
74590
74605
74610
74614
74618
74620
74625
74663
74671
74682
74700
74706
74716
74724
74728
74739
74756
74764
74775
74782
74783
74784
74796
74836
74838
74849
74859
74874
74881
74910
74917
74920
74922
74927
74935
74944
74946
74953
74975
74982
74984
74987
74990
75003
75012
75030
75031
75032
75063
75075
75080
75083
75092
75093
75100
75102
75104
75121
75125
75131
75133
75143
75146
75207
75226
75230
75257
75259
75273
75312
75313
75315
75325
75331
75334
75350
75356
75359
75368
75393
75396
75401
75404
75407
75430
75433
75437
75439
75440
75458
75484
75495
75497
75517
75519
75536
75542
75548
75561
75567
75571
75572
75583
75593
75595
75623
75634
75637
75644
75656
75663
75690
75721
75739
75773
75787
75788
75794
75800
75807
75812
75812
75817
75840
75853
75857
75859
75872
75877
75878
75902
75909
75911
75917
75924
75926
75930
75932
75940
75953
75970
75977
75981
75988
76031
76039
76057
76078
76088
76092
76102
76116
76134
76145
76154
76154
76157
76158
76164
76169
76176
76225
76255
76294
76297
76306
76308
76320
76322
76335
76343
76349
76357
76383
76387
76393
76397
76410
76414
76416
76423
76427
76453
76459
76459
76470
76481
76486
76489
76491
76493
76500
76505
76520
76526
76538
76548
76559
76565
76575
76578
76607
76614
76627
76636
76647
76653
76662
76662
76665
76668
76671
76678
76682
76682
76695
76705
76715
76718
76718
76731
76735
76764
76766
76775
76791
76802
76811
76821
76855
76861
76882
76893
76897
76898
76903
76910
76917
76922
76925
76926
76971
76983
76984
76987
76987
76989
76997
76999
77024
77035
77036
77039
77041
77056
77058
77075
77090
77102
77108
77111
77114
77118
77138
77138
77141
77151
77152
77172
77213
77217
77225
77230
77237
77250
77250
77254
77255
77258
77259
77266
77275
77293
77308
77338
77339
77353
77355
77382
77386
77395
77398
77404
77408
77433
77438
77449
77468
77484
77493
77513
77515
77527
77539
77540
77561
77569
77571
77580
77594
77606
77612
77621
77622
77623
77668
77676
77686
77711
77730
77732
77743
77743
77743
77745
77764
77768
77770
77786
77798
77805
77823
77824
77831
77876
77880
77885
77891
77893
77893
77895
77907
77912
77916
77918
77933
77936
77943
77954
77959
77989
77997
77999
77999
78000
78003
78021
78029
78054
78063
78067
78069
78074
78079
78083
78095
78125
78135
78139
78143
78146
78149
78166
78168
78175
78205
78209
78211
78214
78217
78220
78220
78244
78245
78253
78259
78281
78281
78291
78301
78320
78345
78353
78379
78380
78381
78389
78391
78410
78422
78442
78467
78469
78471
78489
78492
78502
78505
78526
78529
78548
78555
78567
78568
78586
78588
78607
78613
78624
78625
78654
78670
78673
78674
78686
78702
78705
78721
78735
78739
78770
78780
78788
78793
78806
78807
78846
78857
78883
78895
78905
78910
78914
78924
78963
78983
79000
79011
79018
79030
79033
79036
79038
79044
79049
79052
79055
79072
79073
79085
79085
79098
79105
79118
79141
79145
79154
79177
79186
79203
79210
79210
79212
79219
79222
79236
79270
79272
79276
79308
79309
79335
79336
79346
79347
79349
79358
79366
79371
79374
79381
79383
79390
79396
79406
79410
79427
79428
79431
79482
79492
79505
79511
79523
79536
79548
79556
79556
79587
79593
79599
79601
79608
79613
79616
79625
79630
79632
79632
79632
79633
79650
79673
79674
79690
79696
79709
79713
79713
79716
79753
79771
79784
79824
79830
79834
79836
79839
79843
79849
79882
79903
79904
79910
79916
79916
79919
79929
79930
79955
79973
79978
79984
79985
79989
80010
80019
80045
80048
80053
80058
80091
80099
80106
80110
80117
80118
80118
80126
80129
80132
80134
80138
80139
80142
80147
80166
80180
80181
80190
80192
80194
80199
80204
80218
80226
80228
80243
80258
80258
80272
80289
80290
80290
80296
80306
80317
80333
80336
80336
80337
80339
80341
80350
80350
80353
80354
80360
80382
80384
80404
80415
80416
80416
80418
80420
80429
80432
80437
80444
80459
80472
80481
80484
80496
80528
80529
80530
80541
80547
80550
80581
80598
80606
80626
80636
80642
80651
80687
80698
80707
80716
80752
80752
80758
80764
80792
80810
80824
80851
80871
80874
80875
80879
80894
80917
80922
80926
80938
80943
80994
80994
81015
81017
81029
81042
81054
81058
81058
81071
81086
81097
81101
81104
81111
81114
81116
81136
81142
81150
81158
81169
81180
81202
81213
81221
81230
81241
81246
81254
81269
81273
81290
81309
81318
81319
81333
81335
81359
81361
81376
81379
81382
81397
81398
81409
81433
81435
81476
81511
81541
81542
81545
81551
81556
81614
81627
81632
81636
81672
81679
81680
81699
81704
81710
81716
81724
81740
81751
81777
81783
81789
81791
81793
81815
81827
81841
81879
81879
81879
81881
81882
81894
81904
81915
81929
81932
81941
81948
81959
81976
81991
81991
82011
82014
82014
82038
82044
82046
82048
82049
82050
82083
82091
82132
82158
82159
82167
82169
82174
82190
82199
82201
82208
82209
82228
82233
82236
82244
82246
82271
82287
82293
82297
82305
82308
82311
82321
82324
82329
82340
82344
82352
82361
82367
82369
82391
82396
82415
82426
82452
82461
82474
82476
82484
82486
82489
82523
82524
82528
82538
82544
82568
82574
82579
82580
82587
82591
82620
82621
82646
82652
82660
82662
82676
82689
82689
82697
82699
82719
82722
82722
82723
82724
82728
82745
82782
82790
82794
82797
82813
82819
82821
82827
82834
82834
82865
82868
82882
82886
82913
82919
82932
82936
82953
82959
82964
82977
83007
83026
83040
83042
83043
83045
83052
83056
83059
83060
83066
83066
83082
83088
83092
83110
83112
83116
83120
83124
83125
83125
83133
83139
83144
83156
83176
83177
83177
83178
83193
83194
83205
83205
83209
83217
83233
83235
83263
83266
83286
83294
83297
83298
83304
83313
83334
83337
83341
83362
83367
83373
83382
83401
83421
83423
83423
83429
83432
83468
83476
83490
83511
83517
83521
83542
83549
83556
83562
83568
83596
83599
83605
83624
83635
83637
83642
83658
83660
83674
83699
83704
83764
83784
83832
83860
83869
83869
83878
83883
83890
83902
83903
83920
83921
83935
83942
83945
83947
83957
83960
83968
83988
83989
84033
84034
84057
84060
84074
84084
84087
84087
84089
84093
84094
84106
84116
84149
84153
84159
84170
84217
84229
84244
84245
84252
84256
84270
84293
84295
84303
84339
84345
84346
84350
84352
84362
84366
84368
84382
84384
84393
84395
84395
84397
84409
84411
84413
84427
84441
84442
84449
84466
84501
84506
84510
84512
84524
84531
84535
84540
84565
84565
84566
84567
84580
84603
84611
84629
84635
84637
84643
84695
84714
84729
84735
84737
84738
84740
84750
84751
84753
84771
84773
84783
84808
84823
84836
84839
84846
84851
84866
84877
84890
84891
84901
84910
84952
84990
85004
85014
85017
85021
85027
85037
85037
85038
85073
85076
85076
85080
85080
85107
85116
85116
85126
85132
85135
85153
85166
85169
85171
85172
85179
85202
85211
85237
85239
85241
85246
85261
85263
85274
85276
85280
85314
85322
85333
85335
85338
85347
85349
85378
85399
85402
85406
85407
85415
85417
85423
85444
85445
85448
85452
85454
85456
85471
85479
85485
85491
85512
85516
85545
85547
85565
85567
85567
85577
85583
85596
85604
85610
85620
85630
85636
85638
85652
85666
85675
85676
85676
85678
85684
85686
85703
85730
85740
85743
85761
85773
85776
85784
85789
85810
85811
85825
85825
85834
85843
85861
85920
85924
85926
85944
85954
85958
85965
85973
85984
85988
86006
86016
86019
86026
86026
86032
86034
86042
86044
86054
86055
86069
86097
86110
86112
86117
86128
86136
86155
86159
86163
86173
86182
86182
86195
86206
86219
86239
86245
86254
86265
86266
86269
86272
86295
86310
86328
86335
86342
86364
86405
86413
86433
86450
86459
86478
86479
86483
86509
86512
86513
86532
86539
86544
86548
86550
86560
86565
86570
86576
86586
86592
86593
86599
86600
86607
86628
86633
86671
86677
86678
86692
86694
86698
86704
86704
86711
86714
86720
86722
86729
86732
86734
86743
86748
86751
86756
86781
86783
86790
86820
86834
86845
86855
86874
86875
86879
86887
86939
86947
86952
86955
86965
86975
86977
86980
87014
87017
87028
87029
87042
87057
87087
87109
87123
87130
87176
87186
87187
87191
87192
87194
87203
87223
87229
87240
87246
87260
87271
87279
87289
87292
87301
87301
87306
87306
87321
87334
87344
87346
87359
87383
87406
87410
87429
87431
87433
87435
87480
87488
87491
87509
87513
87524
87549
87565
87565
87569
87612
87613
87630
87637
87644
87653
87656
87661
87661
87668
87668
87707
87715
87737
87745
87748
87753
87762
87779
87787
87809
87818
87837
87851
87856
87863
87866
87866
87887
87896
87908
87921
87936
87941
87952
87955
87960
87987
87989
88010
88019
88022
88052
88062
88081
88115
88134
88135
88146
88160
88163
88163
88181
88182
88184
88188
88191
88212
88218
88233
88258
88265
88281
88291
88319
88331
88358
88376
88395
88403
88404
88426
88429
88430
88486
88487
88490
88497
88504
88515
88524
88524
88528
88529
88538
88551
88552
88559
88575
88576
88589
88591
88598
88604
88614
88615
88619
88632
88645
88657
88659
88677
88694
88714
88735
88785
88804
88811
88833
88835
88849
88853
88853
88861
88866
88866
88876
88901
88909
88917
88919
88920
88926
88930
88934
88946
88963
88969
88972
88979
88984
88987
88999
89013
89024
89044
89059
89070
89076
89081
89106
89107
89113
89123
89128
89135
89135
89137
89142
89151
89152
89175
89181
89194
89202
89207
89207
89213
89225
89232
89248
89252
89267
89276
89281
89283
89283
89290
89300
89323
89327
89357
89372
89380
89380
89389
89421
89445
89448
89483
89485
89485
89487
89498
89513
89516
89517
89538
89544
89547
89572
89573
89574
89609
89614
89619
89684
89684
89693
89699
89710
89711
89717
89723
89733
89743
89744
89745
89762
89767
89770
89779
89787
89793
89795
89798
89814
89833
89834
89839
89855
89856
89865
89871
89874
89878
89893
89907
89913
89935
89952
89978
89980
89987
89988
90005
90036
90037
90043
90046
90060
90076
90081
90082
90108
90110
90125
90131
90153
90157
90181
90196
90207
90208
90219
90224
90242
90256
90259
90259
90270
90295
90299
90299
90299
90308
90313
90346
90351
90362
90365
90383
90395
90397
90401
90404
90407
90410
90413
90418
90432
90439
90447
90449
90473
90474
90491
90504
90511
90515
90521
90531
90531
90533
90543
90550
90554
90560
90561
90566
90575
90600
90610
90617
90620
90623
90628
90631
90652
90658
90673
90685
90705
90715
90745
90759
90761
90762
90763
90764
90785
90788
90788
90792
90820
90837
90840
90846
90858
90869
90878
90880
90880
90886
90895
90907
90920
90941
90966
90974
90988
91015
91021
91035
91036
91041
91065
91068
91075
91097
91105
91105
91111
91113
91130
91151
91163
91186
91188
91195
91197
91206
91209
91221
91223
91224
91231
91245
91257
91292
91344
91349
91355
91357
91372
91378
91384
91414
91419
91420
91428
91445
91451
91456
91476
91481
91490
91492
91496
91498
91502
91510
91518
91540
91546
91546
91551
91570
91607
91611
91615
91622
91643
91648
91660
91665
91669
91672
91689
91708
91731
91741
91742
91749
91755
91758
91768
91772
91772
91773
91776
91781
91785
91799
91808
91818
91819
91851
91854
91871
91885
91891
91891
91897
91911
91917
91937
91938
91948
91961
91981
91981
91981
91994
91996
92005
92034
92034
92034
92042
92051
92055
92070
92072
92128
92150
92175
92181
92198
92223
92224
92232
92232
92234
92265
92284
92289
92300
92322
92343
92347
92363
92366
92367
92369
92373
92385
92416
92417
92432
92443
92445
92461
92462
92496
92514
92514
92518
92527
92542
92562
92565
92575
92577
92579
92592
92606
92613
92615
92619
92640
92646
92659
92672
92683
92689
92689
92693
92715
92718
92739
92757
92763
92773
92775
92783
92801
92818
92847
92858
92870
92874
92891
92896
92900
92900
92913
92915
92924
92944
92944
92964
92981
92987
92990
92991
93001
93005
93017
93027
93032
93036
93037
93047
93053
93072
93082
93112
93120
93133
93137
93157
93157
93159
93165
93171
93197
93198
93222
93230
93240
93261
93274
93275
93301
93320
93326
93353
93361
93364
93372
93419
93427
93428
93431
93447
93461
93470
93477
93481
93524
93530
93532
93540
93546
93547
93551
93556
93560
93562
93572
93579
93596
93616
93630
93651
93658
93659
93666
93674
93683
93687
93687
93698
93717
93763
93765
93767
93783
93803
93804
93812
93835
93844
93863
93877
93885
93885
93887
93904
93928
93932
93932
93948
93957
93958
94004
94010
94020
94024
94027
94028
94035
94041
94049
94054
94089
94098
94099
94099
94104
94106
94119
94121
94125
94141
94148
94178
94202
94204
94213
94224
94231
94237
94241
94242
94249
94249
94258
94275
94293
94304
94314
94327
94329
94331
94338
94342
94344
94344
94354
94356
94370
94371
94407
94414
94417
94419
94426
94431
94446
94454
94471
94475
94482
94489
94494
94499
94508
94511
94516
94530
94548
94549
94569
94578
94597
94630
94632
94640
94648
94662
94680
94693
94700
94701
94707
94709
94710
94713
94717
94738
94740
94740
94756
94761
94763
94766
94771
94777
94780
94788
94792
94816
94820
94855
94871
94893
94897
94900
94952
94964
94964
94965
94971
94982
94997
95010
95010
95015
95017
95026
95027
95032
95036
95037
95041
95064
95065
95102
95127
95129
95131
95142
95154
95172
95177
95178
95183
95222
95227
95243
95249
95261
95264
95275
95291
95306
95320
95321
95327
95340
95349
95356
95362
95374
95389
95406
95407
95412
95425
95436
95439
95442
95447
95470
95472
95517
95532
95540
95565
95567
95569
95602
95607
95621
95625
95630
95631
95632
95660
95663
95671
95675
95679
95679
95683
95689
95689
95702
95713
95732
95736
95746
95747
95757
95765
95770
95785
95789
95795
95804
95812
95820
95837
95839
95856
95857
95859
95872
95885
95908
95913
95915
95928
95940
95973
95993
95994
96004
96028
96028
96035
96051
96069
96082
96087
96087
96093
96093
96108
96108
96128
96133
96133
96134
96136
96138
96139
96142
96142
96159
96159
96160
96165
96175
96180
96187
96192
96196
96201
96204
96206
96208
96240
96243
96251
96271
96309
96316
96327
96337
96344
96355
96377
96380
96382
96385
96399
96401
96421
96423
96434
96441
96449
96452
96455
96462
96494
96495
96513
96518
96533
96545
96562
96563
96564
96591
96592
96598
96603
96627
96641
96646
96656
96656
96657
96659
96668
96677
96679
96688
96691
96709
96711
96714
96720
96721
96747
96753
96754
96763
96764
96794
96795
96804
96843
96851
96861
96870
96873
96873
96880
96882
96885
96897
96900
96909
96912
96934
96935
96953
96984
96997
97002
97015
97030
97034
97037
97037
97048
97059
97170
97182
97184
97188
97212
97212
97214
97255
97269
97277
97281
97282
97291
97303
97308
97315
97322
97323
97335
97340
97340
97356
97358
97432
97434
97445
97448
97449
97456
97472
97474
97483
97488
97489
97490
97505
97510
97524
97529
97546
97549
97555
97573
97575
97583
97597
97598
97601
97634
97641
97653
97654
97662
97676
97703
97723
97730
97731
97764
97772
97778
97779
97779
97781
97791
97791
97800
97802
97805
97816
97827
97849
97874
97881
97904
97912
97915
97919
97923
97925
97941
97941
97941
97952
97963
97967
97977
97988
97988
97990
97990
97996
98002
98006
98010
98035
98037
98039
98043
98059
98069
98074
98076
98077
98078
98084
98106
98116
98139
98146
98147
98158
98162
98180
98194
98195
98224
98242
98244
98251
98256
98262
98264
98297
98301
98321
98339
98342
98360
98360
98378
98411
98423
98425
98429
98444
98448
98449
98454
98458
98469
98475
98494
98500
98502
98524
98525
98526
98527
98548
98566
98574
98575
98583
98592
98607
98608
98610
98614
98652
98653
98653
98665
98680
98680
98683
98691
98696
98720
98723
98725
98743
98752
98757
98758
98762
98773
98778
98794
98800
98801
98807
98829
98830
98841
98850
98854
98880
98901
98910
98912
98922
98923
98924
98934
98939
98948
98964
98979
98983
98993
99002
99010
99021
99035
99055
99066
99080
99085
99112
99125
99140
99141
99151
99154
99178
99195
99202
99206
99211
99245
99258
99264
99276
99288
99288
99303
99311
99330
99331
99358
99358
99377
99399
99408
99409
99425
99426
99446
99451
99451
99459
99476
99490
99502
99507
99535
99540
99541
99556
99556
99571
99571
99601
99602
99608
99624
99627
99627
99631
99638
99644
99647
99654
99661
99667
99672
99676
99707
99716
99730
99743
99744
99749
99760
99766
99766
99775
99790
99804
99807
99816
99817
99818
99834
99849
99876
99887
99899
99916
99922
99933
99936
99944
99946
99948
99961
99964
99967
99968
99973
99989
