8
12
21
28
30
37
39
40
40
47
54
71
90
95
96
122
127
158
170
181
182
202
220
233
236
239
243
244
251
255
262
276
308
318
327
336
339
353
353
377
377
391
398
400
406
406
407
411
417
419
423
434
436
478
500
508
515
531
535
537
540
547
582
587
598
608
609
655
657
665
666
671
679
704
719
737
737
744
757
758
759
801
810
811
817
846
850
856
858
861
911
913
917
918
922
934
968
982
990
995
1002
1014
1015
1033
1037
1038
1043
1080
1124
1200
1201
1232
1241
1252
1260
1295
1313
1337
1338
1340
1361
1362
1406
1418
1419
1442
1454
1473
1474
1477
1488
1490
1529
1530
1556
1573
1581
1583
1584
1599
1600
1621
1622
1632
1642
1644
1644
1668
1681
1683
1703
1704
1706
1708
1723
1729
1731
1755
1757
1758
1772
1797
1806
1807
1811
1827
1831
1837
1865
1875
1919
1923
1934
1934
1936
1936
1938
1951
1986
1995
2009
2025
2025
2030
2057
2059
2069
2071
2076
2082
2096
2104
2117
2166
2173
2185
2252
2256
2257
2258
2264
2271
2274
2288
2288
2315
2321
2332
2337
2341
2346
2356
2366
2392
2398
2406
2417
2426
2432
2447
2448
2452
2456
2457
2478
2481
2487
2493
2503
2511
2513
2516
2517
2523
2527
2535
2541
2542
2566
2579
2594
2606
2623
2630
2635
2654
2661
2663
2666
2668
2677
2699
2707
2719
2724
2726
2728
2754
2782
2798
2806
2814
2816
2831
2837
2839
2853
2863
2867
2890
2900
2903
2915
2931
2939
2941
2952
2961
2964
2972
3012
3012
3024
3025
3030
3030
3041
3053
3055
3069
3070
3079
3085
3091
3120
3140
3151
3159
3169
3170
3175
3189
3192
3198
3204
3231
3241
3245
3249
3263
3323
3324
3336
3354
3363
3375
3395
3402
3438
3448
3458
3468
3470
3483
3486
3498
3501
3502
3507
3522
3532
3533
3536
3537
3537
3552
3557
3572
3585
3586
3599
3614
3622
3630
3634
3649
3658
3669
3675
3679
3680
3716
3733
3751
3751
3756
3762
3768
3781
3782
3794
3826
3835
3844
3855
3861
3887
3888
3890
3906
3920
3928
3949
3955
3965
3989
3998
4007
4026
4038
4041
4041
4085
4093
4097
4100
4113
4116
4122
4123
4128
4133
4133
4138
4177
4180
4188
4194
4210
4213
4214
4223
4231
4260
4272
4276
4279
4306
4307
4314
4338
4339
4369
4373
4375
4388
4399
4400
4403
4405
4406
4426
4432
4433
4434
4449
4460
4492
4504
4509
4541
4542
4543
4544
4547
4549
4556
4577
4594
4634
4648
4657
4672
4673
4693
4699
4707
4715
4735
4781
4791
4795
4818
4819
4822
4831
4837
4864
4864
4866
4879
4888
4892
4915
4917
4951
4955
4971
4978
4983
4992
4995
5011
5028
5036
5059
5075
5089
5096
5121
5131
5134
5138
5139
5143
5148
5149
5157
5158
5183
5193
5196
5200
5203
5205
5212
5213
5225
5279
5294
5295
5333
5355
5395
5413
5419
5425
5441
5450
5467
5480
5482
5503
5518
5519
5524
5533
5534
5543
5576
5594
5598
5601
5608
5621
5623
5631
5633
5645
5651
5653
5662
5662
5687
5695
5697
5706
5707
5707
5763
5768
5784
5784
5791
5799
5818
5819
5822
5828
5840
5873
5893
5896
5906
5915
5946
5955
5986
6012
6037
6038
6054
6056
6060
6105
6109
6115
6121
6132
6141
6146
6159
6169
6172
6184
6187
6204
6205
6205
6214
6216
6220
6222
6228
6239
6240
6263
6269
6287
6296
6298
6329
6331
6332
6334
6366
6369
6375
6407
6424
6431
6434
6436
6483
6503
6503
6511
6519
6525
6531
6533
6539
6539
6553
6561
6571
6578
6591
6597
6610
6630
6631
6635
6635
6636
6638
6644
6644
6650
6653
6659
6664
6666
6666
6684
6707
6760
6792
6816
6821
6833
6853
6854
6872
6885
6911
6914
6924
6937
6951
6958
6961
6969
6971
6981
6982
6984
6987
6990
6993
7000
7022
7058
7060
7068
7079
7084
7092
7103
7127
7143
7148
7158
7162
7171
7172
7194
7211
7229
7247
7250
7275
7276
7283
7283
7297
7300
7310
7344
7356
7358
7390
7454
7457
7463
7492
7500
7516
7531
7551
7575
7580
7583
7593
7621
7628
7629
7636
7652
7669
7673
7678
7690
7692
7701
7721
7724
7735
7751
7770
7776
7778
7826
7838
7853
7869
7873
7885
7904
7913
7925
7932
7939
7965
7987
8008
8016
8049
8058
8077
8093
8099
8101
8102
8119
8142
8155
8156
8162
8166
8178
8178
8183
8188
8191
8199
8233
8236
8246
8271
8289
8291
8293
8298
8306
8306
8331
8347
8363
8389
8419
8422
8488
8505
8514
8515
8521
8531
8541
8547
8547
8559
8559
8574
8576
8585
8585
8597
8599
8601
8611
8619
8620
8628
8638
8640
8640
8668
8675
8683
8685
8706
8761
8765
8771
8787
8791
8796
8800
8813
8830
8851
8861
8893
8896
8902
8902
8917
8922
8925
8956
8962
8968
8969
8979
8984
9002
9006
9027
9042
9046
9057
9096
9113
9142
9157
9163
9179
9182
9192
9197
9197
9221
9230
9237
9252
9262
9278
9279
9279
9280
9283
9295
9296
9304
9309
9324
9324
9326
9335
9336
9343
9352
9360
9378
9383
9387
9399
9404
9412
9427
9437
9442
9453
9455
9468
9475
9496
9502
9515
9525
9532
9557
9558
9577
9593
9603
9604
9605
9606
9606
9610
9617
9642
9673
9686
9692
9700
9708
9720
9748
9751
9752
9774
9782
9799
9810
9822
9860
9863
9870
9870
9870
9890
9897
9905
9929
9950
9971
9973
9998
10005
10020
10022
10040
10041
10065
10066
10083
10091
10095
10105
10116
10135
10143
10144
10152
10169
10184
10194
10202
10206
10222
10244
10256
10261
10275
10277
10316
10332
10338
10343
10383
10388
10394
10402
10403
10415
10418
10419
10422
10432
10441
10446
10449
10452
10459
10470
10475
10512
10515
10521
10529
10534
10560
10572
10593
10616
10621
10631
10634
10643
10655
10665
10670
10672
10680
10722
10725
10740
10741
10742
10747
10780
10807
10821
10826
10832
10833
10837
10838
10850
10856
10877
10888
10900
10905
10908
10915
10933
10938
10953
10956
10960
10964
10979
10990
11019
11038
11058
11061
11082
11086
11108
11120
11124
11131
11139
11152
11169
11171
11180
11182
11185
11186
11196
11201
11201
11211
11216
11260
11261
11280
11282
11294
11300
11310
11336
11342
11359
11374
11385
11390
11394
11398
11414
11438
11446
11458
11476
11493
11499
11509
11511
11529
11541
11552
11556
11562
11564
11567
11578
11584
11584
11585
11600
11605
11648
11657
11660
11665
11666
11680
11693
11716
11738
11743
11756
11761
11763
11764
11807
11812
11825
11835
11845
11858
11871
11891
11899
11902
11926
11956
11962
11967
11977
11979
11997
12004
12007
12009
12022
12026
12026
12035
12039
12047
12050
12068
12107
12139
12159
12187
12213
12214
12242
12251
12251
12258
12261
12279
12282
12293
12299
12299
12309
12328
12333
12341
12348
12379
12391
12400
12404
12412
12413
12413
12422
12424
12427
12429
12437
12440
12443
12450
12466
12480
12484
12510
12510
12523
12524
12527
12529
12538
12538
12549
12551
12553
12559
12563
12565
12579
12585
12636
12641
12645
12651
12668
12672
12693
12695
12703
12703
12716
12746
12754
12755
12765
12775
12777
12787
12795
12799
12803
12813
12831
12833
12840
12844
12845
12868
12878
12879
12879
12883
12893
12895
12898
12919
12933
12939
12944
12955
12956
12957
12967
12996
12999
13001
13007
13022
13025
13034
13035
13046
13047
13055
13067
13077
13081
13087
13115
13165
13176
13185
13213
13215
13227
13237
13246
13246
13251
13269
13276
13278
13278
13280
13323
13332
13333
13336
13337
13340
13346
13354
13361
13364
13378
13388
13391
13394
13399
13407
13416
13428
13436
13440
13447
13448
13473
13486
13518
13533
13570
13576
13582
13600
13607
13627
13637
13648
13655
13668
13698
13700
13718
13720
13724
13729
13747
13752
13758
13764
13769
13779
13782
13789
13794
13803
13806
13808
13810
13811
13820
13823
13835
13838
13840
13852
13873
13890
13892
13900
13902
13903
13919
13927
13929
13937
13968
13973
13978
13984
14000
14001
14042
14059
14067
14087
14098
14100
14111
14112
14113
14133
14153
14155
14167
14173
14176
14178
14185
14186
14189
14196
14199
14203
14205
14213
14216
14217
14225
14233
14253
14254
14260
14262
14270
14278
14278
14289
14294
14298
14304
14305
14306
14307
14310
14311
14317
14357
14358
14365
14408
14411
14419
14446
14454
14460
14467
14467
14469
14501
14508
14538
14547
14570
14573
14578
14590
14596
14602
14625
14636
14663
14670
14720
14723
14723
14726
14741
14741
14748
14762
14768
14776
14789
14791
14798
14799
14812
14814
14821
14842
14856
14858
14876
14899
14905
14913
14921
14924
14924
14957
14988
14998
15011
15043
15062
15077
15086
15110
15128
15133
15164
15167
15214
15216
15219
15235
15235
15240
15243
15254
15268
15268
15275
15290
15293
15294
15306
15312
15320
15328
15331
15335
15394
15404
15417
15469
15473
15491
15500
15506
15535
15542
15565
15569
15571
15577
15581
15588
15590
15593
15602
15604
15625
15630
15631
15637
15640
15648
15666
15677
15679
15680
15683
15684
15705
15719
15735
15737
15756
15784
15794
15812
15813
15815
15836
15837
15846
15850
15852
15857
15868
15868
15869
15876
15880
15912
15927
15957
15959
15966
15978
15985
15985
16006
16007
16023
16031
16035
16044
16058
16069
16074
16075
16079
16102
16105
16108
16119
16135
16162
16169
16188
16188
16201
16230
16238
16269
16274
16276
16291
16313
16321
16322
16346
16360
16366
16386
16400
16410
16412
16419
16446
16446
16449
16451
16452
16475
16507
16508
16514
16514
16516
16523
16526
16546
16562
16567
16581
16597
16597
16604
16623
16627
16630
16654
16665
16681
16716
16738
16741
16747
16762
16768
16777
16790
16824
16828
16847
16848
16868
16876
16880
16887
16894
16898
16914
16917
16927
16936
16939
16945
16945
16951
16959
16960
16975
16994
16999
17009
17009
17016
17049
17077
17081
17088
17090
17091
17095
17099
17131
17133
17137
17140
17173
17183
17189
17191
17191
17203
17221
17225
17229
17235
17238
17242
17242
17251
17264
17275
17292
17296
17305
17306
17318
17332
17334
17335
17344
17352
17355
17371
17374
17400
17407
17410
17419
17435
17436
17439
17459
17462
17469
17471
17474
17477
17481
17487
17500
17505
17512
17515
17525
17525
17542
17559
17573
17597
17600
17609
17635
17653
17656
17665
17683
17692
17715
17716
17723
17734
17738
17742
17746
17748
17750
17757
17759
17761
17762
17774
17787
17797
17798
17804
17811
17835
17852
17898
17900
17909
17916
17924
17936
17939
17959
17960
17962
17968
17974
17987
17988
17990
18013
18025
18040
18067
18071
18077
18081
18081
18098
18124
18127
18137
18148
18174
18177
18186
18190
18197
18207
18210
18216
18254
18277
18277
18299
18310
18312
18313
18315
18318
18320
18344
18348
18351
18362
18367
18383
18395
18409
18419
18431
18450
18461
18473
18518
18530
18531
18537
18541
18554
18558
18583
18587
18592
18594
18605
18610
18618
18622
18636
18641
18670
18688
18709
18724
18724
18732
18771
18779
18799
18806
18807
18811
18844
18861
18862
18891
18945
18969
18984
18995
19046
19061
19061
19063
19096
19096
19098
19106
19109
19112
19132
19144
19146
19149
19152
19162
19174
19184
19196
19197
19211
19227
19252
19258
19259
19260
19267
19277
19282
19283
19306
19339
19347
19369
19386
19411
19415
19431
19439
19448
19462
19473
19488
19491
19502
19504
19522
19532
19577
19583
19587
19625
19631
19636
19644
19656
19661
19672
19695
19703
19707
19741
19747
19751
19759
19773
19774
19785
19790
19794
19812
19814
19820
19842
19843
19852
19855
19859
19866
19871
19894
19898
19912
19913
19919
19929
19929
19958
19976
19998
19999
20018
20026
20028
20031
20051
20066
20080
20088
20098
20114
20121
20133
20141
20173
20179
20199
20200
20205
20229
20242
20261
20265
20270
20279
20301
20309
20359
20359
20361
20363
20365
20378
20386
20395
20409
20423
20425
20432
20437
20439
20452
20468
20490
20496
20528
20548
20548
20561
20563
20565
20570
20571
20576
20579
20599
20601
20609
20617
20617
20621
20631
20639
20640
20649
20657
20657
20662
20679
20684
20696
20701
20705
20713
20714
20737
20737
20738
20766
20792
20793
20800
20823
20830
20841
20843
20843
20845
20851
20852
20857
20857
20857
20860
20867
20871
20884
20921
20928
20928
20951
20984
20987
21000
21001
21012
21017
21044
21064
21082
21096
21096
21115
21129
21136
21140
21141
21142
21144
21158
21160
21169
21192
21210
21210
21231
21248
21250
21253
21255
21256
21270
21288
21292
21292
21334
21337
21380
21381
21402
21415
21416
21422
21426
21440
21445
21469
21478
21482
21490
21491
21494
21498
21525
21538
21541
21542
21555
21562
21578
21586
21594
21595
21597
21598
21614
21617
21629
21645
21648
21648
21649
21651
21653
21677
21710
21711
21716
21729
21761
21781
21784
21803
21804
21808
21824
21825
21837
21848
21850
21857
21858
21874
21890
21893
21893
21899
21911
21911
21920
21929
21941
21942
21942
21971
21981
21982
21990
21995
22010
22030
22040
22050
22052
22056
22070
22080
22101
22103
22116
22135
22156
22171
22177
22177
22186
22188
22188
22206
22217
22222
22224
22244
22245
22264
22270
22282
22296
22305
22314
22316
22323
22324
22335
22361
22371
22376
22385
22385
22388
22388
22393
22404
22410
22435
22458
22487
22487
22494
22494
22503
22517
22524
22559
22579
22585
22590
22598
22599
22603
22611
22629
22641
22648
22651
22655
22661
22663
22664
22683
22685
22690
22696
22713
22715
22715
22742
22743
22746
22784
22795
22833
22850
22856
22870
22872
22875
22876
22891
22896
22900
22905
22916
22917
22922
22947
22973
22981
22991
23001
23002
23004
23006
23023
23025
23030
23030
23086
23092
23103
23104
23119
23120
23156
23167
23192
23194
23197
23203
23242
23245
23252
23253
23271
23282
23286
23313
23324
23330
23336
23375
23379
23382
23389
23395
23403
23407
23412
23417
23429
23452
23461
23466
23478
23488
23489
23497
23514
23523
23549
23560
23576
23581
23589
23604
23611
23611
23627
23638
23651
23657
23664
23676
23682
23701
23723
23742
23746
23778
23797
23814
23828
23830
23857
23863
23878
23886
23904
23907
23907
23914
23916
23937
23943
23961
23970
23970
23974
23984
23985
24002
24024
24029
24030
24031
24032
24046
24065
24072
24077
24103
24111
24132
24155
24168
24169
24174
24178
24187
24203
24223
24227
24241
24258
24262
24286
24291
24296
24311
24334
24364
24366
24367
24369
24396
24396
24400
24401
24410
24413
24414
24444
24452
24454
24457
24465
24470
24473
24476
24485
24492
24497
24508
24515
24528
24534
24568
24569
24577
24578
24583
24585
24593
24606
24608
24618
24622
24646
24651
24663
24672
24673
24685
24716
24738
24744
24760
24760
24764
24778
24778
24780
24780
24784
24808
24818
24823
24830
24839
24852
24861
24871
24884
24890
24891
24892
24900
24904
24906
24910
24929
24944
24953
24960
24968
24976
24977
24980
24987
25000
25009
25024
25024
25046
25070
25071
25073
25075
25114
25121
25125
25133
25143
25146
25160
25165
25213
25226
25247
25247
25249
25273
25278
25288
25292
25299
25300
25304
25309
25311
25320
25321
25323
25331
25339
25339
25342
25362
25364
25367
25371
25384
25386
25388
25389
25403
25413
25432
25434
25436
25449
25455
25466
25471
25475
25495
25501
25502
25504
25506
25512
25523
25524
25526
25537
25577
25582
25592
25621
25623
25635
25661
25681
25692
25695
25698
25713
25724
25729
25739
25740
25754
25755
25767
25773
25778
25797
25802
25807
25808
25808
25814
25830
25831
25842
25843
25846
25855
25866
25901
25905
25912
25944
25966
25970
25972
26014
26035
26049
26081
26120
26143
26186
26201
26211
26223
26249
26252
26277
26281
26314
26321
26330
26352
26361
26366
26368
26372
26387
26401
26407
26419
26420
26450
26464
26482
26489
26492
26500
26519
26522
26522
26535
26540
26547
26569
26570
26570
26572
26573
26578
26580
26641
26648
26659
26666
26671
26681
26682
26694
26711
26717
26720
26730
26749
26751
26756
26756
26768
26793
26801
26826
26828
26841
26844
26844
26850
26852
26860
26860
26862
26867
26877
26884
26889
26894
26896
26906
26909
26927
26948
26965
26965
26971
26986
27009
27018
27018
27030
27030
27031
27033
27049
27052
27059
27063
27081
27088
27092
27092
27093
27095
27107
27109
27122
27142
27146
27158
27179
27184
27204
27206
27210
27212
27224
27225
27226
27228
27232
27238
27247
27258
27261
27297
27304
27319
27344
27358
27360
27384
27385
27407
27409
27417
27429
27437
27462
27468
27483
27562
27585
27592
27595
27603
27614
27617
27618
27630
27640
27648
27648
27651
27653
27679
27679
27683
27688
27694
27721
27730
27766
27766
27791
27795
27805
27812
27812
27828
27829
27834
27837
27851
27858
27861
27872
27878
27907
27911
27912
27919
27942
27945
27948
27954
27967
27969
27972
27986
27990
28004
28006
28008
28009
28027
28029
28031
28039
28053
28059
28063
28063
28064
28065
28070
28075
28083
28093
28122
28125
28144
28145
28161
28163
28174
28181
28186
28214
28215
28236
28278
28287
28295
28311
28314
28315
28324
28335
28339
28407
28414
28427
28432
28434
28446
28446
28479
28485
28518
28520
28526
28529
28550
28550
28557
28567
28572
28583
28596
28600
28601
28603
28607
28613
28627
28631
28632
28636
28645
28646
28651
28657
28665
28686
28688
28689
28701
28734
28752
28792
28794
28795
28795
28800
28805
28815
28817
28828
28829
28832
28844
28846
28848
28848
28850
28856
28859
28863
28867
28868
28874
28876
28880
28893
28893
28899
28905
28922
28936
28943
28973
28995
29013
29021
29033
29038
29038
29056
29069
29077
29111
29147
29179
29181
29199
29207
29209
29209
29209
29227
29231
29234
29245
29253
29259
29265
29268
29270
29270
29274
29279
29279
29292
29300
29302
29309
29336
29338
29357
29360
29376
29382
29386
29389
29402
29404
29419
29419
29444
29447
29452
29460
29480
29482
29540
29544
29544
29552
29559
29567
29573
29589
29592
29610
29611
29629
29634
29643
29647
29655
29656
29657
29674
29676
29689
29696
29704
29722
29725
29739
29743
29745
29768
29768
29769
29813
29831
29832
29835
29840
29861
29864
29865
29881
29904
29909
29926
29933
29936
29942
29944
29945
29963
30004
30010
30015
30041
30047
30047
30048
30059
30060
30072
30074
30075
30075
30081
30091
30101
30115
30140
30141
30153
30167
30173
30178
30213
30238
30247
30263
30270
30272
30281
30282
30282
30289
30299
30303
30306
30326
30334
30335
30346
30365
30370
30372
30378
30396
30404
30417
30426
30432
30440
30443
30446
30446
30463
30482
30484
30485
30485
30499
30508
30510
30545
30557
30558
30587
30600
30604
30605
30610
30615
30625
30654
30655
30655
30656
30657
30681
30690
30691
30694
30712
30716
30718
30719
30734
30735
30738
30744
30754
30767
30767
30767
30780
30783
30798
30801
30807
30817
30825
30825
30841
30849
30875
30887
30895
30903
30904
30928
30930
30940
30948
30948
30996
31016
31022
31023
31049
31051
31053
31054
31055
31058
31070
31075
31100
31107
31114
31117
31121
31121
31142
31156
31190
31192
31221
31234
31276
31295
31303
31312
31333
31343
31361
31370
31370
31377
31380
31388
31394
31395
31400
31412
31426
31446
31449
31452
31469
31479
31487
31493
31505
31507
31519
31524
31524
31532
31543
31545
31546
31569
31586
31593
31620
31624
31628
31652
31653
31655
31656
31662
31663
31668
31687
31697
31723
31734
31740
31742
31746
31750
31752
31753
31761
31768
31777
31784
31787
31787
31793
31797
31822
31830
31845
31855
31890
31901
31913
31924
31929
31930
31935
31939
31956
31964
31986
32006
32013
32020
32031
32036
32050
32062
32063
32091
32116
32119
32122
32140
32167
32175
32181
32182
32192
32195
32198
32208
32208
32209
32222
32245
32249
32273
32295
32295
32303
32313
32322
32328
32336
32337
32338
32341
32345
32353
32358
32413
32438
32456
32476
32480
32498
32499
32502
32510
32533
32541
32542
32549
32550
32551
32557
32559
32560
32592
32595
32596
32614
32625
32629
32637
32649
32667
32676
32700
32782
32786
32789
32800
32805
32831
32862
32868
32869
32883
32920
32937
32942
32949
32972
32973
32975
32986
32988
32995
32996
33001
33007
33018
33022
33035
33035
33046
33051
33052
33053
33054
33055
33058
33070
33070
33085
33121
33133
33133
33140
33147
33150
33159
33163
33168
33182
33185
33197
33200
33207
33217
33233
33235
33238
33268
33270
33282
33294
33308
33323
33324
33330
33336
33345
33369
33370
33386
33403
33405
33417
33428
33430
33433
33450
33453
33467
33470
33479
33500
33500
33501
33503
33511
33512
33516
33516
33517
33558
33562
33572
33574
33581
33607
33609
33619
33643
33652
33659
33659
33707
33709
33728
33730
33744
33759
33760
33766
33772
33807
33809
33831
33840
33856
33856
33863
33865
33881
33885
33913
33914
33916
33916
33919
33933
33977
34022
34045
34059
34063
34096
34106
34106
34109
34111
34113
34114
34121
34122
34130
34131
34133
34139
34144
34149
34171
34185
34186
34188
34190
34190
34201
34215
34227
34255
34257
34276
34279
34326
34353
34365
34401
34406
34409
34409
34418
34430
34448
34476
34508
34517
34520
34538
34542
34553
34559
34562
34564
34566
34578
34584
34595
34610
34639
34648
34671
34674
34679
34683
34688
34694
34711
34718
34740
34758
34780
34781
34782
34787
34811
34823
34824
34825
34845
34848
34855
34862
34862
34866
34872
34884
34885
34887
34907
34913
34926
34937
34980
34998
35002
35006
35007
35014
35043
35063
35065
35081
35096
35102
35104
35123
35184
35186
35191
35196
35210
35211
35213
35239
35240
35250
35261
35264
35276
35300
35308
35341
35406
35414
35434
35450
35451
35453
35457
35465
35473
35476
35482
35501
35504
35506
35508
35512
35522
35539
35557
35561
35568
35572
35588
35593
35610
35629
35631
35652
35680
35686
35716
35731
35736
35737
35737
35745
35779
35783
35784
35819
35823
35826
35827
35838
35839
35854
35858
35873
35891
35901
35908
35914
35923
35925
35928
35931
35961
35972
35985
35987
36007
36013
36016
36019
36024
36027
36044
36048
36049
36059
36062
36072
36080
36094
36101
36102
36109
36117
36133
36140
36142
36142
36149
36150
36151
36152
36152
36161
36188
36217
36221
36224
36242
36247
36247
36247
36253
36272
36279
36294
36306
36316
36332
36333
36337
36345
36352
36357
36382
36383
36387
36405
36414
36418
36434
36435
36438
36446
36460
36481
36490
36499
36513
36514
36526
36527
36527
36529
36533
36535
36537
36541
36562
36569
36580
36583
36589
36593
36593
36625
36630
36661
36666
36667
36673
36674
36686
36689
36691
36701
36708
36709
36715
36719
36722
36724
36736
36740
36752
36755
36762
36766
36782
36787
36790
36803
36809
36823
36829
36835
36838
36843
36849
36853
36858
36886
36896
36899
36904
36909
36917
36923
36925
36927
36929
36968
36976
36981
36981
36993
37013
37015
37021
37033
37035
37074
37077
37112
37121
37152
37172
37197
37205
37224
37261
37277
37278
37320
37328
37329
37331
37331
37333
37337
37345
37348
37368
37378
37391
37394
37400
37405
37410
37419
37438
37455
37473
37497
37502
37507
37507
37511
37535
37540
37550
37563
37566
37582
37585
37624
37632
37633
37686
37692
37703
37711
37715
37722
37724
37726
37727
37734
37738
37744
37753
37754
37755
37756
37811
37816
37837
37841
37849
37855
37858
37889
37901
37911
37913
37919
37928
37935
37936
37943
37949
37950
37957
37962
37969
37973
37979
37996
37997
38001
38011
38017
38026
38035
38041
38053
38059
38108
38153
38164
38169
38174
38175
38177
38186
38191
38204
38205
38209
38209
38218
38223
38225
38228
38254
38257
38266
38271
38283
38292
38308
38321
38326
38331
38352
38354
38358
38362
38363
38379
38383
38384
38387
38394
38406
38406
38416
38431
38446
38457
38470
38471
38473
38481
38506
38513
38515
38518
38524
38529
38532
38573
38574
38596
38608
38616
38627
38637
38644
38645
38645
38648
38651
38679
38702
38706
38715
38716
38731
38740
38744
38776
38786
38797
38814
38816
38816
38820
38827
38834
38837
38840
38866
38867
38868
38897
38927
38932
38942
38951
38966
38970
38979
38981
38991
38995
39056
39059
39075
39077
39079
39091
39095
39099
39126
39143
39152
39161
39184
39199
39217
39220
39225
39250
39251
39253
39258
39259
39267
39268
39271
39273
39275
39281
39291
39298
39316
39320
39323
39332
39333
39338
39353
39373
39387
39389
39403
39407
39407
39417
39420
39426
39455
39455
39473
39479
39490
39500
39519
39525
39526
39526
39533
39560
39578
39583
39622
39643
39650
39658
39663
39670
39677
39684
39690
39693
39695
39728
39737
39746
39749
39754
39768
39774
39774
39776
39785
39788
39789
39810
39829
39835
39846
39862
39862
39867
39882
39911
39913
39915
39918
39933
39953
39966
39972
39979
40005
40017
40032
40053
40056
40063
40082
40087
40087
40106
40108
40137
40142
40143
40147
40150
40215
40227
40255
40267
40282
40282
40284
40289
40301
40304
40310
40335
40340
40342
40345
40345
40350
40358
40365
40379
40394
40403
40406
40411
40414
40416
40419
40423
40426
40436
40449
40450
40485
40502
40504
40512
40522
40525
40528
40543
40558
40574
40595
40603
40613
40614
40615
40622
40636
40637
40641
40645
40658
40688
40710
40712
40727
40742
40745
40747
40752
40766
40780
40788
40826
40829
40838
40838
40850
40865
40883
40902
40904
40908
40913
40917
40920
40934
40940
40942
40945
40963
40964
40974
40978
40985
40988
41001
41013
41014
41014
41015
41038
41042
41066
41073
41095
41096
41098
41131
41133
41135
41143
41160
41161
41170
41176
41196
41201
41208
41219
41224
41232
41236
41250
41254
41263
41272
41288
41298
41334
41339
41357
41385
41396
41399
41424
41436
41452
41453
41454
41467
41495
41498
41535
41543
41546
41547
41558
41567
41605
41614
41636
41650
41658
41669
41676
41677
41683
41684
41711
41722
41732
41738
41756
41776
41786
41807
41845
41845
41847
41861
41878
41895
41913
41923
41939
41943
41944
41953
41967
41994
42012
42017
42022
42033
42041
42043
42052
42062
42062
42063
42067
42086
42098
42112
42136
42140
42153
42158
42160
42164
42186
42187
42217
42221
42223
42226
42228
42230
42237
42241
42247
42248
42254
42265
42265
42269
42271
42283
42284
42288
42296
42309
42311
42331
42333
42337
42337
42363
42366
42389
42400
42418
42429
42433
42435
42438
42452
42466
42467
42472
42508
42561
42561
42574
42594
42609
42621
42628
42630
42660
42688
42688
42704
42709
42718
42742
42759
42759
42759
42766
42814
42823
42828
42837
42840
42846
42871
42882
42883
42884
42889
42899
42930
42934
42941
42941
42971
42978
42984
42992
42993
43016
43030
43053
43054
43059
43067
43081
43085
43090
43122
43158
43159
43169
43194
43211
43213
43218
43224
43253
43261
43271
43294
43297
43298
43329
43333
43341
43343
43364
43368
43386
43409
43436
43454
43460
43481
43490
43495
43498
43514
43516
43520
43528
43561
43574
43575
43584
43587
43587
43606
43622
43624
43636
43636
43639
43647
43673
43708
43728
43742
43750
43752
43763
43764
43767
43792
43795
43820
43830
43844
43855
43878
43881
43887
43906
43911
43917
43966
43967
43968
43974
44005
44006
44006
44008
44011
44012
44022
44023
44025
44029
44064
44065
44067
44095
44095
44097
44130
44138
44154
44160
44161
44197
44213
44222
44239
44247
44270
44272
44278
44323
44338
44348
44357
44359
44392
44411
44421
44425
44427
44433
44438
44438
44439
44439
44440
44456
44467
44469
44473
44473
44477
44489
44507
44509
44534
44561
44567
44616
44636
44636
44637
44644
44658
44712
44721
44723
44728
44730
44740
44748
44752
44788
44789
44798
44800
44803
44804
44806
44820
44823
44829
44832
44848
44885
44892
44921
44928
44952
44975
44992
44994
44994
45004
45012
45026
45032
45033
45051
45052
45071
45072
45079
45087
45088
45088
45089
45090
45102
45102
45108
45114
45119
45130
45132
45148
45150
45170
45172
45172
45176
45181
45187
45203
45227
45236
45240
45243
45244
45258
45260
45271
45280
45312
45314
45317
45324
45324
45333
45352
45352
45356
45360
45375
45377
45395
45396
45398
45414
45415
45429
45434
45443
45457
45459
45487
45498
45523
45542
45545
45554
45573
45574
45584
45584
45610
45618
45623
45628
45631
45632
45633
45647
45652
45653
45655
45658
45662
45674
45688
45701
45711
45714
45720
45735
45771
45792
45796
45804
45825
45825
45827
45830
45841
45860
45864
45871
45873
45879
45894
45930
45939
45952
45965
45969
45972
45977
45984
46020
46029
46043
46045
46051
46052
46098
46108
46113
46133
46138
46141
46141
46144
46174
46177
46182
46185
46192
46208
46215
46219
46228
46229
46236
46243
46266
46279
46291
46309
46313
46319
46326
46332
46350
46354
46355
46357
46369
46371
46383
46396
46410
46411
46413
46432
46443
46454
46455
46461
46473
46474
46497
46500
46507
46524
46548
46555
46557
46568
46590
46595
46596
46621
46627
46627
46661
46669
46675
46679
46680
46685
46685
46695
46706
46730
46766
46787
46802
46827
46833
46849
46859
46860
46861
46881
46897
46903
46931
46945
46951
46960
46963
46969
46979
46994
47010
47020
47031
47038
47043
47047
47056
47090
47095
47096
47101
47104
47110
47117
47154
47159
47160
47173
47184
47213
47228
47234
47236
47250
47271
47287
47297
47315
47330
47338
47363
47376
47408
47415
47430
47432
47434
47447
47458
47488
47501
47508
47509
47511
47527
47528
47530
47531
47559
47564
47580
47583
47605
47630
47637
47649
47649
47656
47664
47682
47688
47688
47710
47713
47724
47729
47732
47739
47741
47746
47748
47750
47752
47755
47792
47814
47818
47828
47829
47845
47862
47869
47871
47878
47878
47879
47897
47926
47942
47946
47949
47950
47955
47956
47959
47972
47975
47987
48003
48013
48019
48021
48023
48041
48056
48072
48077
48086
48090
48093
48095
48115
48125
48129
48133
48139
48144
48153
48162
48183
48187
48188
48196
48221
48228
48233
48238
48282
48287
48318
48322
48324
48337
48362
48368
48393
48393
48397
48398
48410
48411
48414
48417
48439
48440
48463
48471
48473
48486
48486
48488
48488
48497
48522
48532
48534
48545
48549
48576
48579
48579
48598
48601
48605
48608
48624
48626
48670
48671
48678
48685
48698
48735
48742
48754
48779
48783
48787
48803
48813
48836
48840
48855
48864
48881
48892
48905
48910
48911
48922
48923
48943
48946
48967
48970
48981
48986
48998
48999
49004
49007
49015
49018
49022
49023
49030
49039
49055
49074
49091
49122
49123
49127
49134
49139
49145
49149
49176
49194
49198
49203
49211
49212
49232
49242
49248
49258
49261
49267
49277
49279
49297
49301
49306
49306
49313
49321
49322
49323
49325
49325
49330
49331
49345
49371
49374
49390
49395
49395
49406
49431
49451
49462
49467
49468
49482
49499
49507
49522
49534
49539
49556
49585
49597
49598
49617
49624
49627
49641
49644
49649
49655
49672
49678
49727
49753
49775
49778
49784
49787
49792
49798
49807
49823
49828
49831
49843
49852
49870
49872
49881
49893
49897
49897
49908
49917
49926
49937
49954
49959
49960
49970
49972
49976
49980
49981
50000
50002
50028
50034
50049
50055
50079
50092
50102
50109
50109
50111
50114
50114
50117
50121
50122
50129
50142
50145
50154
50170
50180
50183
50216
50226
50227
50283
50303
50308
50326
50365
50368
50369
50371
50373
50376
50410
50414
50423
50426
50439
50473
50507
50521
50521
50545
50547
50550
50553
50556
50557
50582
50584
50586
50593
50595
50600
50610
50640
50661
50699
50707
50710
50711
50732
50736
50737
50765
50766
50767
50774
50777
50809
50816
50827
50833
50835
50838
50856
50859
50879
50879
50903
50907
50912
50923
50945
50946
50950
50953
50976
50986
51000
51003
51015
51038
51054
51069
51074
51086
51087
51087
51110
51125
51131
51150
51186
51196
51210
51211
51240
51250
51257
51266
51267
51284
51295
51302
51306
51327
51337
51347
51353
51356
51373
51376
51394
51401
51414
51419
51441
51443
51450
51454
51466
51485
51511
51517
51519
51520
51525
51570
51571
51581
51582
51583
51587
51598
51613
51624
51631
51633
51650
51665
51703
51720
51728
51734
51780
51793
51796
51803
51810
51819
51828
51841
51850
51857
51863
51865
51881
51882
51884
51907
51936
51950
51973
51998
52016
52021
52023
52045
52046
52052
52071
52079
52102
52123
52124
52137
52159
52167
52175
52182
52182
52192
52206
52223
52227
52230
52233
52235
52262
52270
52276
52281
52285
52297
52312
52317
52324
52329
52330
52332
52351
52356
52372
52415
52417
52417
52420
52422
52433
52438
52440
52463
52480
52485
52492
52499
52509
52516
52526
52536
52541
52552
52559
52564
52573
52623
52625
52646
52652
52654
52656
52658
52691
52693
52701
52726
52728
52731
52759
52764
52774
52788
52798
52800
52809
52812
52818
52821
52830
52830
52833
52838
52850
52852
52852
52860
52864
52887
52891
52899
52928
52944
52948
52958
52960
52964
52965
52968
52974
52978
52985
52989
52992
53015
53033
53049
53058
53058
53066
53071
53092
53098
53101
53103
53110
53121
53123
53151
53154
53156
53171
53179
53189
53194
53198
53213
53223
53224
53224
53234
53235
53242
53246
53249
53250
53261
53265
53295
53309
53316
53319
53336
53342
53342
53344
53345
53372
53373
53391
53409
53416
53437
53441
53448
53456
53465
53468
53491
53495
53496
53499
53510
53527
53534
53536
53559
53569
53572
53576
53585
53591
53594
53659
53666
53673
53682
53701
53720
53721
53732
53756
53758
53773
53792
53806
53816
53817
53827
53835
53841
53883
53886
53887
53889
53898
53911
53918
53926
53932
53936
53947
53949
53954
53958
53963
53967
53974
54002
54003
54014
54030
54034
54035
54036
54046
54085
54098
54103
54104
54107
54131
54139
54141
54146
54162
54163
54164
54167
54179
54218
54226
54234
54237
54249
54279
54281
54285
54288
54297
54297
54324
54330
54332
54333
54338
54340
54349
54369
54383
54391
54400
54408
54411
54417
54426
54434
54435
54445
54453
54460
54475
54477
54485
54487
54488
54493
54553
54581
54607
54616
54619
54622
54622
54624
54647
54655
54669
54671
54686
54690
54694
54694
54701
54705
54711
54729
54731
54734
54743
54750
54754
54773
54789
54794
54795
54807
54807
54819
54822
54848
54850
54851
54858
54862
54869
54899
54929
54930
54934
54937
54938
54969
54970
54973
54987
54989
55014
55018
55033
55041
55045
55054
55071
55072
55083
55095
55103
55114
55131
55132
55151
55152
55154
55167
55174
55174
55190
55205
55215
55216
55220
55234
55253
55258
55260
55264
55268
55290
55306
55310
55321
55336
55339
55351
55362
55368
55387
55397
55420
55420
55426
55427
55428
55438
55443
55448
55454
55465
55481
55482
55484
55498
55499
55502
55512
55527
55530
55544
55562
55569
55569
55574
55577
55584
55584
55587
55588
55622
55629
55636
55648
55689
55700
55716
55744
55769
55772
55801
55804
55807
55810
55833
55843
55874
55883
55886
55887
55888
55895
55899
55902
55906
55911
55913
55915
55915
55919
55941
55943
55951
55957
55971
55980
56014
56015
56016
56025
56032
56037
56042
56049
56052
56070
56074
56079
56094
56101
56114
56121
56136
56147
56150
56165
56175
56204
56213
56214
56223
56225
56232
56246
56258
56262
56264
56279
56281
56286
56290
56291
56295
56298
56305
56309
56346
56357
56368
56381
56400
56413
56434
56438
56440
56442
56455
56459
56459
56489
56495
56499
56502
56551
56574
56606
56617
56619
56620
56622
56623
56635
56640
56653
56662
56684
56687
56694
56699
56713
56719
56721
56751
56754
56759
56760
56780
56789
56792
56802
56806
56813
56825
56826
56830
56850
56880
56884
56903
56912
56912
56917
56920
56931
56934
56936
56941
56951
56956
56961
56977
56996
56997
57034
57064
57068
57102
57110
57116
57153
57156
57165
57182
57183
57197
57204
57226
57227
57228
57274
57293
57299
57309
57312
57331
57343
57369
57373
57374
57408
57418
57425
57440
57442
57449
57454
57455
57461
57495
57498
57504
57509
57515
57520
57521
57522
57528
57536
57547
57562
57566
57571
57579
57584
57600
57605
57608
57629
57645
57649
57665
57709
57730
57740
57744
57747
57790
57794
57794
57809
57818
57822
57834
57844
57855
57874
57880
57903
57913
57921
57923
57925
57945
57978
57987
58017
58040
58043
58066
58070
58071
58074
58077
58086
58094
58097
58098
58107
58116
58117
58126
58128
58130
58135
58146
58161
58177
58178
58181
58195
58213
58223
58225
58240
58247
58271
58273
58278
58281
58310
58311
58331
58332
58350
58373
58375
58387
58401
58403
58403
58440
58443
58460
58467
58470
58487
58519
58537
58539
58549
58550
58570
58575
58580
58596
58600
58611
58617
58631
58635
58649
58662
58663
58669
58673
58674
58676
58680
58682
58690
58691
58701
58706
58737
58737
58747
58749
58751
58755
58758
58758
58760
58761
58764
58775
58778
58779
58785
58795
58810
58828
58830
58862
58867
58889
58890
58890
58891
58915
58927
58956
58956
58965
58965
58966
58967
58997
59004
59020
59028
59046
59046
59059
59059
59065
59069
59077
59085
59101
59109
59111
59112
59116
59122
59156
59157
59159
59162
59186
59204
59209
59220
59224
59243
59258
59260
59269
59277
59288
59326
59335
59364
59367
59371
59397
59398
59415
59417
59420
59420
59427
59443
59447
59457
59458
59459
59482
59493
59494
59496
59497
59502
59503
59533
59535
59569
59583
59594
59612
59619
59620
59621
59638
59640
59645
59646
59649
59657
59660
59667
59682
59689
59696
59703
59709
59721
59744
59754
59787
59791
59792
59793
59801
59821
59832
59835
59842
59863
59864
59867
59870
59872
59879
59885
59892
59899
59905
59913
59914
59938
59952
59955
59958
59973
59976
59986
59987
59989
60023
60025
60025
60037
60043
60054
60083
60090
60092
60096
60096
60106
60106
60128
60135
60143
60144
60160
60161
60165
60174
60181
60184
60190
60212
60226
60231
60231
60236
60237
60240
60240
60254
60254
60268
60301
60311
60341
60342
60347
60350
60355
60356
60358
60385
60387
60391
60415
60435
60439
60439
60442
60466
60473
60476
60482
60492
60494
60530
60538
60550
60560
60568
60575
60577
60577
60582
60587
60588
60588
60589
60591
60599
60602
60605
60622
60622
60625
60626
60630
60639
60647
60656
60687
60689
60693
60693
60698
60703
60711
60714
60727
60729
60734
60735
60742
60757
60760
60760
60761
60782
60809
60813
60815
60822
60825
60830
60832
60837
60842
60861
60863
60876
60912
60917
60918
60932
60936
60941
60976
60993
60995
60995
61012
61017
61021
61026
61030
61035
61039
61047
61068
61077
61079
61097
61098
61101
61105
61126
61143
61150
61170
61179
61200
61203
61254
61269
61278
61285
61290
61292
61308
61319
61370
61374
61380
61392
61409
61410
61413
61430
61432
61440
61450
61456
61459
61460
61464
61464
61468
61480
61483
61502
61547
61559
61572
61574
61577
61577
61578
61590
61592
61595
61598
61616
61627
61670
61674
61675
61681
61684
61686
61701
61702
61705
61708
61714
61719
61722
61730
61737
61746
61751
61761
61774
61774
61778
61781
61804
61806
61811
61816
61817
61832
61832
61834
61873
61876
61889
61892
61906
61916
61936
61948
61957
61960
61963
61963
61963
61964
61965
61967
61978
61989
61994
62004
62010
62027
62034
62050
62052
62055
62057
62067
62069
62077
62132
62135
62136
62139
62148
62148
62156
62157
62165
62170
62180
62208
62223
62227
62227
62239
62263
62275
62276
62304
62312
62316
62322
62343
62351
62399
62418
62422
62428
62431
62445
62449
62462
62469
62471
62472
62473
62474
62491
62495
62519
62528
62549
62552
62554
62559
62560
62569
62570
62577
62579
62583
62597
62602
62609
62611
62616
62617
62633
62639
62644
62668
62681
62682
62694
62707
62707
62711
62729
62731
62732
62747
62750
62765
62770
62771
62781
62782
62790
62791
62801
62809
62822
62848
62870
62896
62902
62906
62907
62916
62933
62936
62938
62939
62949
62951
62963
62967
62977
62984
62990
62991
62997
63029
63048
63085
63088
63090
63093
63113
63113
63116
63120
63120
63128
63130
63148
63153
63161
63171
63172
63188
63198
63208
63214
63216
63219
63223
63238
63247
63247
63260
63263
63264
63268
63277
63305
63309
63332
63333
63343
63357
63357
63365
63397
63405
63405
63408
63418
63419
63421
63424
63429
63446
63449
63450
63467
63493
63506
63510
63522
63527
63543
63545
63547
63549
63563
63563
63572
63574
63579
63583
63585
63599
63627
63635
63639
63644
63647
63667
63673
63680
63682
63683
63694
63702
63735
63736
63745
63747
63748
63783
63794
63817
63820
63870
63881
63894
63898
63901
63902
63914
63919
63932
63939
63942
63945
63952
63954
63977
63995
64011
64017
64020
64021
64025
64048
64055
64061
64069
64070
64079
64089
64106
64131
64165
64182
64204
64207
64227
64235
64238
64248
64265
64267
64277
64280
64296
64297
64308
64318
64320
64327
64343
64346
64349
64354
64368
64395
64408
64409
64417
64438
64443
64463
64464
64490
64498
64511
64519
64525
64547
64549
64552
64591
64596
64600
64619
64624
64645
64653
64708
64721
64723
64737
64737
64747
64747
64750
64767
64775
64780
64785
64797
64797
64800
64801
64802
64825
64833
64837
64848
64865
64882
64903
64919
64919
64920
64931
64940
64941
64942
64944
64945
64946
64947
64954
64958
64958
64970
65003
65023
65024
65049
65061
65075
65076
65077
65080
65083
65094
65116
65141
65151
65152
65168
65174
65193
65210
65218
65220
65220
65234
65243
65253
65286
65287
65289
65293
65331
65353
65361
65370
65373
65377
65380
65383
65387
65394
65421
65443
65457
65466
65471
65503
65517
65527
65530
65539
65541
65543
65546
65555
65564
65588
65596
65614
65623
65638
65641
65649
65653
65675
65679
65682
65706
65719
65738
65739
65773
65778
65789
65797
65797
65825
65828
65830
65835
65870
65875
65888
65893
65897
65904
65936
65943
65954
65958
65967
65975
65987
65994
65996
65998
66000
66012
66013
66024
66028
66037
66040
66044
66045
66053
66066
66067
66069
66095
66101
66111
66115
66118
66121
66133
66139
66156
66168
66173
66177
66183
66184
66188
66194
66194
66217
66293
66317
66329
66332
66334
66334
66340
66345
66356
66362
66364
66370
66376
66387
66395
66411
66425
66437
66447
66455
66459
66460
66464
66500
66511
66514
66533
66549
66549
66550
66553
66556
66572
66582
66591
66599
66616
66633
66659
66661
66678
66697
66700
66718
66727
66734
66756
66785
66802
66808
66841
66848
66866
66876
66883
66884
66884
66892
66899
66918
66921
66942
66955
66957
66978
66982
66985
66990
66991
67018
67023
67050
67054
67058
67102
67112
67122
67124
67135
67146
67147
67185
67193
67212
67213
67222
67235
67250
67254
67254
67255
67277
67278
67302
67319
67327
67336
67338
67367
67378
67379
67401
67402
67418
67423
67426
67430
67432
67439
67443
67452
67453
67456
67458
67463
67465
67484
67497
67504
67508
67510
67541
67581
67592
67616
67624
67629
67629
67635
67637
67640
67670
67671
67713
67732
67744
67747
67748
67754
67763
67777
67779
67784
67785
67793
67794
67797
67824
67833
67842
67856
67862
67868
67875
67885
67896
67904
67919
67926
67934
67936
67962
67965
67980
67984
67989
67989
67997
67998
68026
68047
68054
68072
68074
68086
68095
68108
68115
68118
68125
68136
68150
68156
68175
68182
68183
68190
68206
68207
68217
68231
68234
68241
68244
68248
68250
68266
68285
68286
68294
68294
68309
68334
68348
68357
68365
68367
68385
68389
68421
68428
68441
68450
68453
68454
68455
68457
68458
68469
68470
68472
68491
68493
68496
68499
68528
68541
68542
68560
68565
68566
68570
68570
68585
68598
68623
68625
68637
68651
68654
68673
68704
68710
68716
68716
68721
68722
68726
68730
68737
68738
68743
68746
68748
68781
68802
68802
68802
68821
68821
68833
68834
68846
68853
68854
68858
68860
68871
68910
68910
68919
68926
68930
68943
68958
68960
68964
68965
68969
68971
68980
68988
68993
68995
69005
69008
69020
69035
69066
69081
69083
69090
69092
69135
69139
69152
69153
69155
69158
69161
69163
69169
69190
69192
69199
69217
69222
69229
69232
69242
69246
69250
69260
69274
69281
69282
69282
69306
69329
69333
69359
69364
69365
69395
69395
69407
69412
69416
69434
69437
69442
69449
69454
69457
69468
69471
69476
69500
69501
69505
69524
69537
69544
69552
69554
69556
69563
69585
69586
69588
69597
69608
69627
69630
69646
69649
69654
69668
69671
69688
69695
69701
69729
69742
69743
69744
69767
69770
69786
69818
69822
69834
69848
69854
69875
69878
69880
69888
69888
69893
69895
69909
69932
69946
69950
69973
69976
69984
69986
69994
69996
70005
70017
70023
70038
70046
70062
70064
70088
70090
70108
70120
70127
70139
70154
70158
70162
70162
70164
70186
70200
70200
70207
70215
70224
70231
70236
70293
70299
70299
70303
70303
70303
70312
70321
70326
70352
70364
70384
70389
70395
70402
70404
70416
70425
70437
70440
70445
70461
70469
70473
70485
70495
70504
70511
70522
70528
70540
70550
70551
70598
70604
70608
70625
70625
70633
70647
70654
70656
70657
70657
70669
70672
70675
70680
70704
70716
70717
70726
70730
70753
70753
70753
70758
70781
70793
70794
70803
70818
70825
70834
70835
70847
70861
70861
70868
70878
70881
70883
70884
70898
70908
70915
70921
70955
70968
70998
71012
71034
71044
71069
71079
71084
71084
71097
71098
71113
71116
71117
71125
71125
71134
71160
71168
71176
71178
71186
71207
71233
71254
71259
71281
71294
71304
71308
71313
71316
71352
71363
71366
71412
71436
71449
71493
71494
71503
71504
71525
71535
71542
71553
71571
71581
71584
71585
71586
71602
71617
71619
71621
71622
71635
71643
71654
71658
71673
71674
71695
71697
71699
71703
71706
71713
71720
71721
71728
71731
71767
71811
71833
71848
71863
71874
71881
71894
71895
71914
71935
71938
71939
71949
71953
71961
71971
71994
72022
72023
72028
72037
72037
72046
72067
72078
72102
72110
72116
72118
72123
72134
72135
72158
72165
72200
72204
72207
72215
72216
72217
72259
72262
72324
72333
72334
72340
72342
72346
72360
72361
72366
72367
72374
72387
72389
72399
72421
72427
72428
72431
72437
72442
72464
72468
72468
72504
72506
72518
72525
72539
72552
72582
72594
72615
72617
72630
72640
72645
72651
72653
72662
72680
72698
72699
72714
72724
72735
72740
72744
72768
72775
72785
72802
72806
72820
72841
72844
72845
72847
72848
72858
72866
72868
72883
72886
72911
72914
72922
72923
72931
72933
72941
72943
72950
72961
72986
72995
72996
73001
73021
73027
73039
73044
73050
73050
73052
73057
73067
73076
73124
73126
73126
73128
73148
73149
73155
73174
73175
73186
73193
73206
73259
73271
73276
73314
73319
73322
73328
73335
73342
73343
73353
73358
73361
73371
73382
73385
73398
73401
73419
73423
73432
73450
73455
73487
73489
73495
73519
73541
73550
73566
73569
73575
73579
73620
73637
73639
73667
73676
73692
73697
73703
73703
73718
73724
73766
73795
73810
73815
73816
73830
73853
73855
73857
73871
73900
73901
73905
73926
73926
73930
73938
73944
73976
73990
74008
74012
74016
74076
74088
74105
74105
74115
74118
74128
74138
74159
74160
74169
74213
74223
74230
74248
74249
74264
74278
74303
74315
74317
74339
74354
74355
74361
74364
74366
74367
74371
74379
74392
74401
74419
74419
74430
74460
74499
74516
74519
74521
74524
74534
74541
74559
74578
74594
74613
74613
74619
74629
74669
74670
74672
74698
74699
74705
74722
74740
74740
74740
74762
74766
74797
74806
74813
74838
74842
74846
74848
74852
74861
74878
74889
74892
74894
74909
74932
74938
74948
74951
74955
74968
74992
75029
75045
75048
75049
75050
75053
75063
75081
75100
75116
75147
75160
75166
75168
75173
75175
75204
75204
75210
75229
75234
75240
75242
75248
75273
75277
75282
75293
75310
75312
75319
75359
75359
75367
75370
75371
75374
75392
75392
75395
75399
75404
75412
75433
75448
75461
75462
75483
75485
75500
75506
75540
75551
75557
75565
75589
75593
75602
75615
75618
75648
75673
75687
75743
75761
75767
75767
75771
75782
75787
75805
75810
75847
75898
75899
75913
75916
75917
75934
75939
75940
75954
75956
75958
75987
75996
76006
76011
76011
76017
76031
76037
76068
76101
76137
76159
76159
76167
76193
76196
76203
76211
76216
76228
76232
76240
76241
76245
76260
76264
76290
76305
76321
76325
76339
76352
76362
76364
76369
76371
76376
76376
76379
76395
76409
76415
76419
76419
76420
76422
76466
76486
76493
76503
76521
76543
76549
76564
76574
76581
76586
76607
76628
76632
76640
76643
76644
76673
76689
76699
76712
76719
76726
76728
76757
76763
76766
76806
76809
76812
76815
76830
76852
76856
76857
76867
76868
76894
76897
76900
76903
76905
76907
76908
76912
76940
76941
76948
76950
76956
76984
77010
77012
77018
77029
77030
77042
77045
77060
77074
77081
77083
77089
77094
77111
77118
77127
77146
77156
77165
77179
77184
77198
77211
77218
77224
77234
77247
77257
77266
77274
77288
77290
77312
77326
77329
77338
77339
77354
77360
77368
77369
77389
77396
77418
77421
77430
77431
77454
77465
77467
77467
77471
77485
77497
77503
77531
77537
77539
77552
77572
77573
77597
77616
77616
77617
77622
77631
77640
77647
77653
77654
77677
77684
77686
77688
77691
77709
77721
77730
77730
77745
77755
77757
77773
77809
77818
77822
77826
77827
77836
77890
77898
77905
77912
77916
77920
77934
77938
77938
77939
77947
77949
77962
77983
77994
78007
78012
78014
78016
78017
78022
78023
78030
78030
78032
78039
78041
78042
78054
78072
78077
78082
78099
78119
78171
78172
78204
78209
78214
78219
78234
78237
78244
78267
78276
78277
78281
78284
78284
78285
78288
78296
78300
78304
78309
78310
78311
78320
78328
78334
78336
78338
78358
78360
78361
78371
78377
78378
78423
78439
78457
78465
78495
78502
78514
78516
78524
78528
78532
78563
78574
78576
78601
78608
78625
78641
78653
78659
78666
78685
78687
78689
78695
78710
78729
78729
78733
78752
78752
78782
78792
78810
78810
78811
78825
78825
78828
78832
78832
78893
78897
78908
78917
78922
78931
78933
78935
78936
78943
78961
78964
78970
78972
78973
78982
78993
78994
78998
79008
79017
79038
79071
79072
79084
79086
79094
79100
79105
79111
79124
79130
79154
79158
79177
79178
79188
79199
79209
79213
79217
79228
79232
79237
79239
79240
79242
79265
79265
79266
79271
79281
79283
79284
79286
79291
79325
79335
79352
79361
79364
79368
79374
79380
79383
79411
79424
79425
79426
79441
79456
79480
79488
79491
79493
79496
79497
79499
79499
79517
79517
79519
79523
79528
79530
79531
79554
79556
79560
79564
79581
79596
79603
79617
79628
79645
79650
79658
79663
79695
79695
79706
79713
79714
79716
79716
79719
79736
79759
79779
79789
79790
79798
79802
79826
79838
79849
79855
79857
79877
79885
79895
79910
79927
79954
79954
79956
79963
79968
79976
79985
80004
80016
80039
80100
80137
80142
80162
80194
80208
80209
80219
80223
80224
80232
80249
80253
80270
80272
80285
80290
80293
80296
80331
80344
80345
80346
80354
80361
80363
80383
80385
80390
80400
80412
80416
80421
80424
80431
80437
80439
80457
80473
80476
80479
80492
80528
80533
80549
80554
80562
80579
80580
80597
80614
80619
80626
80653
80663
80673
80689
80692
80693
80720
80728
80732
80742
80756
80757
80775
80790
80797
80800
80829
80836
80872
80873
80882
80900
80911
80918
80920
80928
80929
80938
80977
80979
80985
80986
80993
81002
81016
81028
81030
81033
81035
81039
81040
81046
81047
81063
81072
81077
81087
81095
81097
81098
81112
81122
81124
81128
81129
81133
81134
81145
81211
81215
81226
81229
81246
81262
81282
81285
81293
81302
81306
81306
81322
81327
81352
81356
81360
81379
81411
81414
81415
81423
81424
81429
81441
81444
81444
81454
81463
81468
81469
81479
81493
81503
81504
81529
81543
81544
81577
81583
81583
81588
81600
81618
81629
81631
81633
81636
81645
81659
81672
81681
81681
81682
81698
81704
81712
81742
81749
81749
81752
81757
81779
81781
81784
81786
81798
81821
81822
81824
81832
81835
81842
81855
81860
81883
81903
81953
81981
81991
81993
81997
82007
82011
82019
82019
82046
82046
82054
82067
82079
82081
82085
82093
82095
82096
82101
82102
82104
82138
82156
82161
82167
82182
82238
82246
82248
82293
82296
82312
82314
82316
82331
82341
82361
82371
82380
82404
82410
82412
82424
82432
82442
82446
82480
82485
82486
82486
82493
82516
82527
82535
82541
82542
82556
82558
82568
82579
82583
82590
82590
82598
82621
82624
82630
82653
82653
82655
82662
82680
82682
82683
82708
82727
82746
82754
82756
82773
82782
82798
82805
82823
82824
82843
82848
82851
82857
82859
82869
82881
82882
82906
82911
82923
82931
82949
82951
82968
82988
82991
83025
83032
83038
83076
83082
83090
83102
83104
83105
83105
83105
83123
83153
83165
83189
83193
83203
83205
83205
83211
83211
83212
83223
83235
83274
83279
83282
83282
83289
83292
83309
83315
83319
83324
83349
83363
83368
83373
83394
83398
83411
83418
83472
83485
83494
83495
83506
83518
83531
83581
83588
83610
83610
83637
83696
83707
83708
83708
83748
83753
83759
83765
83769
83775
83787
83793
83793
83802
83807
83813
83831
83842
83849
83861
83868
83872
83876
83891
83901
83901
83910
83912
83914
83928
83944
83945
83952
83976
83981
83996
84005
84005
84005
84012
84016
84054
84077
84083
84083
84095
84112
84141
84158
84178
84191
84192
84227
84262
84278
84283
84287
84289
84299
84315
84315
84344
84356
84364
84370
84374
84377
84384
84396
84426
84431
84432
84439
84443
84445
84446
84447
84451
84486
84486
84499
84531
84533
84535
84545
84549
84554
84562
84590
84591
84618
84641
84644
84646
84653
84655
84671
84691
84698
84699
84711
84716
84726
84737
84753
84756
84759
84763
84772
84774
84774
84792
84806
84809
84815
84829
84833
84856
84883
84890
84893
84897
84900
84916
84923
84926
84947
84950
84954
84958
84969
84976
84984
84985
85010
85047
85057
85073
85073
85078
85081
85085
85091
85095
85147
85148
85176
85179
85181
85189
85190
85192
85207
85210
85213
85216
85219
85219
85228
85231
85236
85239
85248
85251
85255
85261
85282
85283
85292
85315
85318
85324
85329
85331
85332
85336
85338
85343
85343
85374
85381
85391
85403
85406
85419
85440
85448
85454
85457
85481
85484
85502
85512
85541
85560
85569
85580
85595
85601
85608
85609
85612
85621
85640
85644
85651
85662
85681
85685
85687
85693
85696
85701
85729
85729
85731
85733
85734
85734
85735
85743
85776
85790
85816
85825
85827
85827
85847
85847
85858
85863
85864
85864
85869
85873
85880
85888
85894
85906
85916
85922
85952
85966
85977
85986
85987
85990
86026
86039
86043
86060
86101
86117
86147
86156
86160
86164
86176
86178
86181
86186
86190
86193
86204
86208
86217
86274
86281
86282
86299
86333
86341
86348
86361
86365
86372
86378
86385
86387
86390
86395
86399
86403
86426
86439
86439
86457
86472
86478
86479
86484
86486
86509
86510
86511
86532
86553
86568
86571
86571
86574
86587
86589
86593
86595
86597
86610
86628
86638
86644
86652
86652
86669
86679
86695
86713
86723
86726
86730
86731
86757
86819
86819
86821
86832
86858
86870
86876
86892
86894
86898
86905
86933
86934
86959
86966
86979
86982
86983
86990
86995
87005
87018
87019
87019
87047
87048
87055
87073
87084
87085
87088
87091
87095
87096
87121
87123
87129
87141
87144
87148
87164
87170
87176
87215
87219
87219
87231
87239
87245
87248
87249
87268
87300
87317
87317
87320
87326
87339
87343
87348
87362
87371
87376
87382
87383
87386
87387
87388
87397
87427
87433
87442
87442
87452
87461
87463
87485
87498
87499
87510
87515
87560
87573
87591
87604
87614
87616
87656
87659
87660
87677
87678
87681
87686
87714
87716
87769
87771
87779
87806
87814
87837
87854
87858
87875
87878
87879
87898
87907
87913
87915
87922
87924
87927
87937
87952
87957
87965
87982
87992
88026
88031
88032
88038
88048
88055
88088
88091
88110
88110
88112
88134
88139
88164
88165
88174
88186
88187
88203
88211
88212
88221
88228
88245
88251
88263
88266
88308
88312
88313
88316
88318
88332
88345
88363
88366
88369
88397
88411
88419
88422
88431
88437
88450
88453
88455
88474
88497
88539
88553
88553
88567
88573
88574
88596
88604
88606
88618
88661
88670
88681
88688
88693
88701
88704
88743
88745
88785
88786
88789
88790
88846
88856
88864
88878
88888
88899
88910
88925
88942
88944
88963
88966
88966
88983
88986
89028
89041
89042
89052
89066
89069
89072
89088
89096
89105
89115
89118
89118
89124
89128
89144
89169
89170
89177
89177
89180
89213
89219
89225
89246
89254
89266
89286
89295
89299
89302
89303
89312
89312
89319
89323
89331
89350
89354
89370
89372
89392
89405
89409
89416
89416
89417
89435
89446
89450
89456
89462
89464
89470
89481
89486
89490
89510
89524
89531
89538
89549
89606
89631
89633
89637
89641
89644
89649
89653
89658
89658
89693
89698
89701
89718
89728
89734
89737
89750
89751
89773
89773
89778
89779
89795
89801
89808
89815
89817
89830
89833
89851
89852
89854
89858
89861
89875
89886
89891
89905
89914
89932
89934
89950
89976
90014
90035
90039
90053
90055
90056
90067
90070
90082
90088
90090
90094
90100
90108
90113
90127
90143
90151
90156
90156
90160
90170
90173
90177
90177
90198
90202
90208
90221
90222
90226
90228
90230
90238
90282
90284
90288
90294
90296
90297
90311
90337
90339
90357
90370
90382
90386
90394
90414
90414
90420
90432
90442
90453
90454
90455
90456
90478
90480
90484
90487
90493
90502
90502
90509
90510
90514
90523
90524
90529
90529
90546
90552
90557
90592
90602
90617
90624
90637
90637
90641
90654
90655
90665
90705
90711
90719
90723
90732
90742
90744
90746
90777
90783
90788
90802
90821
90826
90831
90840
90848
90850
90885
90899
90900
90912
90918
90918
90919
90923
90956
90960
90973
90983
90984
90984
90992
90998
91010
91011
91022
91033
91045
91072
91081
91081
91083
91084
91107
91114
91115
91125
91143
91147
91150
91154
91184
91193
91195
91203
91206
91229
91234
91241
91246
91260
91280
91284
91285
91309
91312
91319
91319
91323
91338
91342
91343
91356
91359
91359
91361
91374
91375
91377
91394
91396
91400
91402
91403
91406
91419
91425
91433
91473
91497
91499
91503
91511
91517
91528
91555
91570
91578
91587
91609
91630
91649
91678
91685
91685
91689
91707
91709
91716
91719
91727
91727
91730
91739
91754
91755
91763
91766
91785
91785
91785
91793
91803
91807
91812
91814
91815
91823
91826
91835
91842
91843
91848
91853
91864
91882
91882
91900
91906
91911
91916
91966
91968
91968
91970
91973
91978
91989
92004
92011
92028
92037
92048
92060
92061
92094
92107
92124
92137
92158
92165
92194
92225
92229
92234
92236
92239
92243
92247
92259
92271
92272
92273
92274
92277
92297
92301
92303
92307
92317
92318
92335
92349
92355
92357
92391
92399
92406
92407
92423
92430
92438
92440
92454
92455
92458
92463
92468
92498
92506
92506
92535
92544
92571
92574
92591
92596
92605
92609
92610
92614
92638
92672
92675
92680
92682
92683
92689
92690
92720
92726
92727
92728
92732
92735
92749
92757
92759
92762
92767
92775
92781
92788
92793
92832
92835
92836
92853
92853
92868
92880
92906
92907
92918
92935
92940
92945
92946
92948
92951
92957
92968
92971
92981
92983
92986
93007
93014
93021
93022
93027
93074
93082
93082
93089
93092
93100
93118
93125
93133
93138
93152
93153
93165
93174
93180
93181
93185
93202
93214
93220
93231
93237
93248
93249
93259
93278
93283
93292
93301
93330
93350
93371
93385
93389
93390
93406
93419
93434
93470
93476
93485
93491
93500
93514
93522
93528
93535
93568
93571
93580
93588
93591
93592
93598
93626
93633
93641
93652
93663
93674
93702
93703
93705
93717
93724
93731
93739
93750
93754
93765
93768
93774
93775
93785
93787
93792
93798
93832
93835
93838
93845
93848
93853
93858
93866
93889
93897
93903
93908
93908
93925
93939
93941
93964
93965
93987
93992
93998
94000
94010
94014
94016
94040
94057
94059
94067
94069
94099
94099
94102
94132
94152
94158
94159
94165
94168
94178
94179
94185
94185
94189
94204
94205
94209
94214
94223
94229
94230
94231
94234
94238
94240
94247
94256
94258
94260
94284
94309
94315
94339
94346
94359
94369
94371
94372
94375
94382
94389
94392
94392
94404
94404
94410
94432
94444
94446
94466
94469
94471
94475
94487
94495
94522
94522
94527
94551
94557
94560
94572
94589
94603
94609
94613
94618
94624
94646
94658
94692
94714
94738
94741
94742
94749
94768
94825
94839
94845
94853
94859
94869
94880
94884
94925
94934
94936
94943
94949
94950
94962
94971
95004
95008
95019
95051
95051
95054
95056
95059
95066
95071
95094
95133
95134
95143
95144
95148
95151
95158
95171
95186
95189
95196
95208
95212
95224
95235
95259
95266
95274
95274
95294
95308
95318
95325
95327
95328
95348
95349
95350
95355
95375
95378
95389
95394
95394
95401
95408
95416
95432
95439
95465
95465
95484
95490
95498
95500
95515
95517
95538
95546
95568
95580
95584
95619
95633
95672
95682
95695
95697
95705
95723
95735
95741
95755
95759
95786
95787
95789
95797
95820
95861
95867
95878
95884
95963
95977
95993
95995
96006
96011
96026
96035
96055
96060
96073
96079
96098
96099
96104
96107
96109
96142
96144
96146
96147
96149
96172
96176
96177
96189
96200
96212
96218
96243
96255
96261
96274
96300
96312
96317
96358
96360
96368
96370
96374
96395
96400
96408
96434
96434
96443
96462
96463
96469
96472
96474
96475
96478
96480
96485
96490
96493
96502
96504
96506
96537
96540
96542
96542
96564
96568
96568
96571
96575
96582
96586
96589
96589
96598
96610
96614
96617
96638
96641
96642
96642
96647
96658
96670
96674
96685
96713
96732
96763
96772
96772
96774
96782
96803
96827
96828
96828
96842
96853
96860
96862
96865
96880
96896
96906
96910
96929
96933
96954
96956
96960
96977
96979
97002
97016
97021
97022
97037
97042
97063
97080
97081
97081
97086
97107
97107
97117
97123
97146
97150
97217
97221
97224
97232
97246
97252
97263
97265
97281
97282
97294
97300
97300
97303
97307
97312
97324
97337
97337
97353
97357
97359
97361
97369
97370
97377
97401
97410
97413
97415
97423
97432
97436
97452
97456
97470
97487
97491
97497
97500
97507
97522
97541
97542
97549
97562
97574
97576
97582
97619
97621
97621
97622
97643
97645
97646
97646
97648
97653
97654
97684
97693
97695
97709
97721
97730
97738
97753
97764
97805
97816
97825
97846
97852
97855
97855
97857
97883
97902
97941
97943
97949
97971
97976
97990
98001
98015
98016
98018
98023
98076
98103
98128
98132
98132
98137
98139
98142
98157
98169
98180
98182
98182
98186
98214
98218
98232
98237
98253
98256
98257
98279
98301
98309
98312
98324
98347
98371
98393
98401
98409
98419
98419
98423
98437
98443
98452
98455
98470
98486
98492
98501
98506
98512
98514
98525
98546
98555
98582
98591
98602
98603
98611
98621
98624
98632
98647
98662
98695
98696
98703
98718
98721
98724
98733
98753
98753
98762
98764
98770
98779
98797
98806
98806
98807
98839
98843
98844
98849
98852
98856
98871
98887
98889
98895
98919
98920
98921
98923
98932
98936
98965
98977
98981
98986
98998
99003
99024
99068
99070
99088
99095
99116
99118
99140
99153
99154
99175
99179
99180
99185
99194
99205
99208
99208
99252
99254
99255
99275
99307
99329
99340
99349
99352
99353
99367
99408
99415
99439
99440
99450
99451
99458
99467
99483
99484
99533
99545
99560
99561
99595
99597
99599
99613
99627
99687
99692
99693
99695
99707
99707
99737
99750
99751
99754
99759
99760
99766
99769
99773
99784
99785
99786
99809
99825
99835
99844
99846
99848
99872
99877
99891
99903
99945
99952
99953
99994
99996
