18
42
47
48
50
67
96
97
118
123
127
155
162
163
203
214
228
229
276
286
295
307
309
363
377
399
407
417
421
435
437
442
447
457
458
459
459
460
472
473
476
489
492
501
531
532
533
573
574
574
591
594
599
599
611
614
629
642
646
651
666
686
690
690
703
707
710
712
718
725
731
732
745
769
775
782
802
853
867
891
893
912
931
934
937
940
943
950
975
976
981
993
1004
1005
1013
1027
1028
1030
1054
1072
1073
1079
1086
1118
1119
1124
1126
1134
1135
1136
1179
1224
1241
1244
1261
1286
1295
1297
1307
1307
1310
1313
1364
1372
1374
1374
1384
1386
1412
1412
1427
1465
1473
1475
1479
1480
1483
1485
1492
1500
1502
1506
1513
1537
1537
1547
1560
1584
1596
1608
1612
1647
1651
1655
1668
1675
1731
1740
1764
1774
1782
1788
1791
1796
1799
1806
1827
1838
1840
1852
1871
1883
1905
1908
1911
1918
1919
1919
1940
1970
1996
2001
2003
2007
2034
2042
2046
2059
2063
2073
2082
2091
2095
2117
2142
2149
2150
2196
2202
2213
2216
2222
2224
2236
2249
2254
2264
2264
2268
2277
2288
2288
2289
2293
2301
2317
2318
2318
2333
2344
2351
2389
2390
2394
2397
2397
2413
2420
2434
2440
2458
2479
2485
2487
2494
2494
2495
2504
2506
2512
2535
2537
2555
2574
2576
2595
2603
2626
2636
2640
2640
2649
2667
2701
2707
2721
2727
2733
2741
2742
2744
2750
2758
2769
2772
2781
2783
2788
2804
2813
2822
2832
2834
2857
2875
2876
2877
2880
2884
2885
2886
2888
2905
2916
2929
2936
2941
2967
2967
2978
2998
3010
3014
3016
3016
3018
3026
3027
3028
3032
3034
3035
3059
3059
3062
3072
3076
3077
3079
3093
3094
3111
3124
3129
3135
3138
3189
3195
3208
3212
3224
3227
3244
3293
3298
3322
3323
3342
3344
3365
3373
3392
3392
3396
3399
3404
3418
3443
3449
3456
3459
3466
3484
3509
3518
3521
3559
3564
3576
3584
3610
3614
3615
3635
3638
3656
3663
3664
3664
3666
3668
3671
3679
3698
3718
3722
3759
3760
3763
3767
3788
3791
3817
3843
3850
3863
3878
3883
3885
3899
3908
3910
3913
3937
3954
3956
3968
3968
3980
3993
4002
4009
4012
4021
4044
4057
4066
4073
4082
4098
4100
4109
4126
4166
4169
4190
4190
4192
4194
4198
4200
4216
4229
4239
4245
4260
4266
4276
4278
4286
4287
4291
4294
4300
4325
4334
4341
4345
4345
4349
4356
4371
4382
4395
4398
4402
4409
4412
4425
4444
4446
4478
4481
4497
4499
4528
4537
4537
4538
4548
4549
4565
4594
4600
4605
4611
4616
4640
4647
4649
4666
4693
4706
4716
4726
4739
4749
4763
4765
4767
4776
4787
4800
4800
4801
4803
4815
4853
4859
4862
4867
4872
4885
4895
4895
4895
4904
4922
4923
4924
4949
4949
4950
4971
4977
4994
4998
4999
5006
5007
5009
5017
5045
5054
5071
5073
5087
5089
5096
5100
5103
5109
5137
5140
5141
5166
5167
5167
5168
5193
5220
5229
5257
5260
5275
5285
5305
5316
5321
5338
5350
5354
5365
5388
5410
5414
5424
5444
5459
5461
5467
5484
5492
5537
5538
5553
5557
5567
5569
5573
5583
5586
5590
5597
5605
5608
5621
5621
5629
5631
5635
5638
5640
5644
5658
5661
5664
5666
5669
5767
5768
5771
5776
5777
5793
5796
5809
5832
5853
5857
5872
5873
5873
5880
5881
5886
5889
5890
5895
5914
5924
5934
5938
5950
5957
5989
5997
6012
6012
6025
6026
6033
6038
6039
6049
6057
6076
6081
6095
6105
6106
6133
6136
6143
6157
6163
6169
6169
6175
6195
6197
6220
6221
6223
6231
6296
6308
6321
6323
6325
6337
6350
6351
6386
6411
6415
6447
6466
6467
6479
6485
6485
6505
6517
6518
6520
6536
6550
6561
6566
6567
6575
6600
6603
6611
6620
6634
6648
6660
6668
6668
6673
6674
6675
6684
6707
6728
6729
6740
6767
6772
6786
6792
6792
6803
6865
6865
6866
6874
6878
6888
6896
6899
6906
6924
6943
6960
6994
7022
7030
7037
7082
7097
7104
7106
7112
7123
7124
7126
7137
7141
7145
7151
7153
7155
7166
7169
7200
7208
7221
7222
7229
7237
7259
7272
7292
7316
7319
7322
7324
7332
7341
7346
7348
7353
7366
7374
7386
7397
7404
7417
7427
7449
7481
7484
7492
7497
7501
7510
7512
7528
7536
7548
7548
7557
7559
7559
7565
7583
7596
7603
7626
7629
7633
7635
7647
7671
7672
7687
7688
7717
7738
7757
7772
7772
7772
7775
7780
7795
7798
7805
7815
7825
7826
7848
7849
7852
7877
7896
7898
7901
7912
7923
7924
7946
7948
7955
7965
7968
8010
8025
8030
8055
8055
8107
8155
8167
8179
8188
8191
8193
8215
8223
8228
8255
8256
8261
8291
8300
8310
8313
8316
8334
8342
8348
8349
8356
8356
8392
8392
8395
8401
8405
8413
8417
8418
8432
8455
8457
8460
8468
8479
8481
8486
8498
8509
8516
8520
8525
8535
8542
8549
8565
8587
8596
8625
8631
8633
8645
8669
8682
8685
8686
8690
8708
8710
8722
8762
8763
8772
8775
8775
8784
8787
8804
8811
8816
8823
8843
8872
8886
8891
8910
8918
8920
8925
8927
8948
8949
8972
8982
8996
9006
9012
9026
9027
9039
9063
9068
9091
9098
9100
9125
9126
9137
9160
9165
9175
9176
9189
9211
9219
9219
9221
9227
9238
9248
9249
9249
9253
9254
9260
9292
9292
9302
9312
9313
9328
9335
9337
9339
9362
9369
9379
9382
9387
9395
9412
9414
9418
9433
9444
9463
9470
9485
9489
9496
9570
9591
9601
9605
9625
9635
9666
9673
9689
9692
9724
9738
9751
9756
9762
9766
9772
9789
9790
9821
9822
9831
9855
9875
9877
9887
9894
9898
9913
9914
9925
9939
9947
9952
9955
9961
9962
9990
9993
9997
10003
10017
10025
10045
10046
10083
10096
10096
10112
10129
10133
10139
10163
10185
10191
10195
10202
10214
10224
10241
10264
10284
10293
10296
10308
10329
10336
10347
10374
10381
10394
10397
10397
10406
10412
10428
10466
10468
10475
10479
10481
10495
10516
10521
10551
10561
10564
10569
10574
10596
10599
10601
10602
10604
10608
10640
10641
10641
10649
10670
10685
10692
10695
10700
10703
10721
10753
10756
10768
10775
10784
10785
10794
10803
10806
10810
10827
10835
10847
10855
10864
10868
10890
10893
10896
10901
10902
10910
10916
10923
10929
10934
10936
10965
10969
10975
10993
10997
11000
11003
11013
11018
11018
11019
11028
11033
11037
11053
11064
11069
11072
11078
11081
11086
11088
11099
11121
11142
11144
11150
11159
11166
11179
11180
11194
11206
11223
11248
11261
11266
11272
11284
11310
11314
11316
11318
11324
11326
11332
11332
11345
11368
11388
11393
11400
11400
11439
11442
11464
11471
11471
11474
11498
11510
11523
11548
11559
11595
11606
11629
11633
11646
11650
11653
11672
11676
11721
11722
11732
11735
11749
11749
11750
11777
11781
11785
11797
11803
11847
11857
11867
11884
11889
11922
11951
11982
11985
11987
12001
12001
12031
12068
12075
12080
12081
12081
12106
12145
12145
12153
12166
12184
12204
12211
12218
12218
12228
12230
12246
12252
12255
12263
12271
12278
12278
12292
12301
12325
12332
12333
12350
12365
12374
12403
12414
12417
12423
12426
12427
12431
12438
12439
12445
12449
12461
12478
12480
12487
12491
12492
12494
12523
12525
12531
12532
12544
12548
12552
12556
12557
12582
12622
12623
12640
12653
12666
12670
12671
12671
12687
12693
12703
12735
12736
12738
12745
12766
12784
12793
12809
12817
12820
12823
12828
12844
12853
12866
12866
12876
12881
12883
12904
12909
12911
12912
12912
12938
12955
12963
12979
13003
13061
13071
13117
13128
13130
13145
13169
13172
13178
13184
13187
13196
13238
13240
13251
13274
13274
13283
13289
13298
13303
13311
13336
13336
13340
13355
13368
13370
13378
13379
13391
13396
13398
13401
13403
13427
13437
13448
13449
13461
13483
13483
13487
13494
13502
13519
13534
13544
13556
13562
13571
13571
13572
13573
13594
13606
13624
13625
13627
13644
13650
13670
13675
13685
13692
13729
13732
13735
13736
13737
13738
13743
13758
13765
13765
13768
13768
13778
13781
13786
13786
13796
13802
13804
13812
13822
13824
13833
13895
13899
13916
13926
13929
13934
13943
13947
13949
13955
13963
13986
13987
13988
13990
13994
13996
13997
14009
14015
14019
14026
14029
14037
14042
14053
14067
14097
14108
14115
14118
14127
14139
14140
14154
14170
14170
14196
14211
14217
14222
14223
14224
14241
14247
14271
14278
14291
14307
14311
14317
14317
14325
14351
14352
14354
14361
14365
14378
14382
14420
14427
14443
14449
14449
14463
14468
14471
14472
14473
14475
14479
14480
14488
14500
14508
14512
14516
14520
14527
14533
14538
14546
14548
14560
14565
14567
14587
14589
14596
14603
14605
14625
14631
14642
14650
14659
14664
14675
14678
14699
14704
14715
14736
14739
14764
14764
14765
14768
14796
14799
14812
14822
14832
14839
14867
14885
14895
14896
14902
14930
14939
14941
14974
14974
14982
14983
14991
15002
15002
15003
15004
15006
15028
15030
15032
15036
15053
15074
15079
15087
15093
15094
15095
15099
15101
15114
15130
15140
15141
15147
15183
15183
15203
15212
15215
15221
15240
15246
15249
15257
15279
15289
15337
15343
15374
15384
15433
15441
15454
15470
15472
15479
15492
15508
15539
15541
15549
15587
15620
15635
15665
15668
15669
15673
15679
15682
15682
15686
15688
15692
15706
15716
15722
15727
15733
15735
15755
15760
15769
15791
15795
15799
15812
15814
15834
15842
15851
15858
15868
15872
15881
15887
15899
15903
15903
15910
15961
15962
15975
15979
15999
16004
16020
16030
16072
16072
16089
16101
16104
16111
16121
16125
16132
16145
16158
16166
16173
16188
16208
16215
16222
16228
16234
16235
16253
16253
16253
16263
16265
16265
16265
16283
16317
16333
16352
16361
16364
16368
16368
16381
16384
16392
16394
16417
16419
16424
16425
16435
16445
16450
16450
16452
16457
16461
16465
16477
16499
16510
16515
16530
16531
16537
16580
16589
16591
16591
16591
16610
16624
16649
16659
16684
16737
16737
16738
16740
16741
16757
16763
16766
16776
16781
16784
16788
16817
16839
16861
16874
16889
16896
16906
16908
16913
16915
16919
16967
16976
16977
17004
17007
17010
17024
17024
17032
17045
17065
17066
17074
17078
17082
17085
17124
17129
17131
17139
17141
17164
17177
17180
17191
17193
17227
17229
17241
17260
17264
17266
17274
17290
17293
17329
17348
17368
17373
17387
17392
17396
17397
17403
17415
17427
17428
17429
17430
17451
17456
17470
17479
17491
17497
17509
17532
17552
17563
17564
17569
17612
17629
17636
17644
17650
17704
17709
17715
17727
17735
17755
17757
17765
17780
17783
17786
17791
17791
17799
17827
17829
17841
17848
17849
17851
17855
17856
17869
17873
17886
17904
17907
17930
17952
17975
17976
17980
17991
18003
18011
18016
18041
18044
18054
18060
18066
18087
18091
18094
18112
18116
18118
18118
18120
18122
18126
18132
18161
18167
18178
18181
18207
18230
18235
18263
18276
18280
18301
18313
18317
18323
18323
18329
18339
18359
18361
18363
18369
18390
18403
18425
18446
18449
18455
18463
18471
18475
18477
18481
18513
18535
18544
18549
18551
18566
18572
18576
18580
18584
18610
18622
18629
18633
18636
18645
18659
18677
18680
18685
18692
18694
18715
18721
18741
18765
18767
18772
18799
18800
18833
18837
18837
18847
18849
18855
18857
18870
18877
18883
18899
18909
18909
18919
18921
18950
18955
18960
18975
18980
18982
18989
18990
19001
19022
19024
19029
19031
19033
19049
19067
19077
19081
19086
19088
19092
19102
19110
19113
19120
19122
19143
19151
19152
19161
19166
19202
19207
19214
19236
19260
19264
19282
19288
19290
19313
19319
19321
19331
19332
19345
19360
19363
19364
19401
19434
19449
19450
19451
19463
19472
19480
19499
19519
19536
19539
19544
19560
19562
19562
19576
19596
19608
19613
19628
19634
19651
19675
19677
19685
19708
19718
19724
19732
19734
19758
19774
19796
19798
19809
19822
19837
19852
19863
19871
19876
19883
19898
19903
19916
19918
19930
19941
19948
19956
19960
20004
20007
20010
20016
20021
20022
20025
20038
20071
20081
20089
20101
20131
20136
20146
20166
20176
20181
20188
20194
20195
20198
20221
20222
20232
20237
20241
20276
20278
20283
20297
20300
20304
20308
20309
20311
20320
20325
20335
20340
20353
20355
20370
20372
20384
20397
20404
20408
20412
20430
20444
20446
20461
20462
20469
20502
20580
20593
20603
20610
20611
20634
20641
20652
20657
20658
20665
20690
20697
20719
20724
20753
20754
20763
20764
20773
20776
20786
20801
20819
20835
20843
20847
20854
20868
20868
20872
20890
20910
20915
20915
20916
20924
20937
20943
20962
20966
20977
20986
21003
21013
21033
21051
21057
21063
21073
21074
21086
21098
21100
21112
21115
21120
21123
21132
21141
21149
21170
21180
21180
21190
21196
21200
21206
21208
21214
21215
21218
21242
21264
21281
21301
21309
21353
21356
21358
21363
21384
21405
21406
21427
21441
21446
21449
21460
21463
21466
21479
21494
21520
21520
21526
21530
21533
21569
21574
21576
21598
21599
21601
21605
21608
21613
21623
21623
21628
21632
21643
21654
21658
21680
21681
21685
21686
21687
21691
21699
21702
21707
21708
21726
21728
21740
21746
21757
21770
21773
21784
21786
21810
21838
21851
21856
21872
21875
21904
21907
21922
21960
21962
21966
21979
21987
21993
21993
21995
22003
22011
22012
22013
22043
22045
22053
22062
22079
22100
22102
22105
22108
22111
22112
22119
22126
22141
22166
22179
22206
22209
22217
22227
22258
22260
22280
22291
22297
22299
22317
22321
22325
22332
22342
22347
22370
22370
22372
22385
22392
22396
22404
22404
22427
22430
22435
22436
22437
22442
22443
22474
22474
22491
22492
22496
22516
22519
22520
22571
22571
22574
22577
22604
22614
22623
22634
22643
22682
22685
22689
22745
22756
22756
22758
22758
22775
22785
22786
22796
22811
22818
22833
22840
22845
22858
22866
22870
22879
22880
22886
22890
22891
22905
22907
22914
22918
22948
22962
22963
23001
23001
23015
23018
23030
23060
23066
23067
23085
23107
23156
23158
23164
23184
23187
23192
23201
23204
23216
23216
23229
23234
23235
23244
23253
23258
23287
23312
23324
23338
23350
23352
23371
23374
23377
23387
23392
23410
23414
23419
23425
23434
23439
23455
23473
23475
23482
23485
23491
23503
23510
23512
23524
23528
23543
23546
23584
23599
23605
23606
23611
23618
23627
23641
23650
23656
23662
23671
23675
23675
23709
23715
23719
23734
23746
23771
23771
23781
23801
23804
23806
23807
23809
23832
23842
23845
23877
23878
23900
23907
23910
23916
23922
23929
23934
23935
23943
23957
23995
24023
24023
24027
24040
24043
24049
24065
24100
24107
24107
24126
24129
24145
24160
24170
24176
24201
24204
24204
24206
24209
24222
24232
24233
24256
24275
24278
24278
24293
24294
24297
24298
24299
24302
24309
24323
24323
24369
24378
24395
24404
24413
24417
24443
24450
24452
24453
24461
24473
24494
24510
24515
24565
24568
24598
24626
24626
24640
24641
24642
24643
24644
24646
24663
24690
24694
24712
24721
24725
24752
24769
24798
24816
24829
24832
24836
24837
24839
24839
24841
24843
24852
24860
24868
24871
24874
24876
24918
24918
24926
24934
24936
24939
24944
24950
24955
24963
24969
24978
24982
24994
25003
25008
25012
25019
25023
25023
25030
25034
25035
25046
25084
25092
25095
25105
25113
25118
25134
25182
25196
25219
25229
25235
25236
25249
25254
25261
25287
25292
25295
25330
25358
25359
25388
25393
25430
25448
25455
25458
25465
25477
25508
25528
25548
25548
25549
25559
25561
25567
25579
25597
25626
25645
25668
25677
25692
25700
25705
25707
25715
25718
25720
25751
25752
25759
25762
25763
25775
25805
25818
25831
25837
25840
25855
25856
25864
25866
25874
25886
25917
25919
25940
25949
25949
25971
25975
26001
26006
26008
26010
26020
26022
26027
26030
26033
26048
26050
26051
26052
26054
26077
26091
26094
26097
26098
26102
26102
26107
26130
26149
26163
26171
26183
26192
26194
26197
26197
26201
26201
26212
26218
26221
26246
26255
26255
26274
26295
26314
26323
26334
26335
26346
26358
26368
26383
26383
26418
26426
26440
26445
26458
26473
26487
26496
26496
26538
26538
26569
26578
26602
26607
26616
26626
26630
26635
26636
26655
26660
26664
26679
26680
26690
26691
26708
26716
26723
26724
26738
26757
26757
26766
26770
26776
26776
26780
26786
26791
26799
26800
26809
26819
26834
26835
26844
26854
26887
26888
26897
26927
26928
26938
26939
26948
26958
26960
26984
26985
26987
26990
26991
27004
27011
27020
27029
27042
27066
27071
27071
27080
27080
27089
27093
27110
27127
27135
27152
27153
27154
27161
27174
27185
27197
27213
27216
27223
27241
27250
27259
27269
27326
27331
27348
27350
27354
27357
27375
27375
27413
27429
27432
27444
27450
27451
27453
27491
27541
27548
27552
27572
27574
27606
27607
27632
27636
27641
27657
27668
27671
27711
27718
27729
27729
27769
27771
27775
27777
27781
27783
27786
27790
27801
27806
27812
27816
27830
27830
27836
27850
27852
27875
27883
27885
27894
27896
27923
27927
27941
27944
27945
27967
27970
27983
28013
28036
28039
28041
28049
28055
28085
28092
28122
28126
28131
28136
28145
28154
28161
28163
28178
28179
28194
28194
28203
28205
28212
28251
28251
28257
28258
28259
28264
28268
28276
28294
28298
28338
28344
28349
28359
28375
28394
28420
28420
28431
28439
28443
28444
28448
28453
28460
28464
28470
28483
28495
28505
28510
28511
28514
28514
28517
28521
28540
28546
28564
28583
28604
28646
28652
28661
28671
28701
28705
28711
28721
28739
28752
28754
28761
28762
28782
28789
28793
28798
28798
28804
28820
28825
28842
28847
28850
28866
28889
28902
28908
28909
28909
28914
28931
28941
28956
28957
28965
28969
28974
28982
29020
29036
29045
29048
29058
29060
29066
29078
29079
29085
29100
29108
29134
29141
29154
29164
29173
29181
29185
29190
29191
29194
29194
29200
29226
29238
29238
29255
29266
29269
29272
29303
29312
29320
29327
29334
29344
29345
29350
29354
29365
29369
29377
29393
29396
29399
29402
29406
29422
29435
29446
29455
29490
29491
29544
29599
29606
29611
29614
29618
29625
29640
29654
29657
29669
29676
29682
29692
29693
29697
29703
29708
29723
29723
29741
29756
29758
29763
29774
29776
29797
29809
29811
29826
29827
29882
29892
29941
29945
29956
29962
29978
29985
29987
30047
30048
30052
30055
30057
30067
30073
30076
30079
30104
30105
30109
30118
30130
30132
30159
30170
30182
30205
30205
30212
30217
30222
30223
30234
30268
30269
30271
30301
30302
30309
30316
30320
30323
30330
30335
30342
30377
30393
30395
30427
30430
30437
30438
30441
30458
30463
30465
30473
30484
30492
30527
30530
30534
30539
30550
30552
30555
30559
30571
30571
30583
30586
30589
30600
30612
30616
30628
30634
30649
30662
30667
30679
30704
30710
30710
30712
30718
30718
30720
30745
30746
30751
30753
30777
30785
30788
30794
30794
30834
30855
30870
30882
30890
30911
30930
30956
30961
30984
30995
30998
30999
31000
31014
31014
31017
31048
31064
31069
31073
31073
31076
31091
31121
31123
31129
31141
31143
31143
31144
31157
31157
31163
31163
31171
31176
31202
31222
31235
31240
31247
31250
31250
31282
31285
31297
31297
31301
31327
31337
31346
31352
31360
31360
31386
31409
31413
31413
31425
31434
31443
31459
31461
31480
31492
31506
31514
31522
31532
31541
31541
31551
31568
31585
31606
31609
31642
31644
31654
31656
31659
31676
31683
31691
31720
31729
31815
31818
31824
31824
31826
31832
31852
31878
31879
31884
31892
31910
31928
31965
31981
31990
32006
32013
32019
32037
32041
32061
32070
32070
32080
32089
32092
32109
32112
32113
32117
32137
32147
32150
32160
32170
32171
32172
32197
32199
32199
32200
32203
32210
32213
32225
32233
32246
32250
32272
32286
32290
32303
32364
32392
32395
32410
32411
32441
32455
32481
32487
32494
32502
32533
32539
32547
32552
32558
32598
32599
32606
32646
32651
32658
32661
32674
32674
32686
32692
32700
32713
32714
32716
32728
32732
32739
32739
32740
32751
32752
32755
32773
32789
32791
32794
32800
32818
32824
32827
32827
32845
32854
32862
32863
32863
32880
32883
32887
32888
32894
32905
32912
32914
32915
32949
32972
32992
33016
33020
33038
33046
33058
33080
33083
33085
33091
33105
33105
33106
33112
33120
33122
33123
33146
33171
33180
33182
33201
33203
33203
33211
33212
33216
33228
33229
33242
33243
33252
33258
33262
33264
33280
33288
33303
33306
33313
33321
33331
33357
33358
33360
33366
33370
33381
33399
33419
33444
33446
33448
33460
33473
33484
33493
33546
33560
33562
33567
33569
33577
33578
33601
33623
33630
33668
33671
33674
33682
33708
33711
33714
33721
33722
33742
33743
33753
33773
33790
33795
33804
33822
33828
33850
33860
33875
33890
33898
33899
33901
33908
33918
33926
33926
33934
33934
33949
33951
33953
33953
33969
34003
34004
34011
34017
34018
34024
34030
34036
34040
34045
34058
34058
34089
34091
34095
34110
34123
34125
34146
34181
34185
34191
34199
34212
34212
34222
34228
34233
34251
34253
34260
34262
34263
34272
34273
34281
34283
34285
34291
34295
34297
34298
34331
34336
34338
34351
34354
34373
34379
34385
34397
34397
34405
34410
34415
34429
34445
34451
34451
34474
34497
34527
34548
34550
34557
34567
34578
34581
34599
34600
34604
34620
34621
34640
34643
34649
34654
34676
34682
34683
34685
34696
34706
34713
34713
34729
34756
34759
34776
34777
34780
34780
34782
34784
34786
34804
34809
34830
34835
34864
34869
34889
34904
34905
34906
34910
34919
34931
34939
34950
34952
34959
34961
34971
34979
34985
34987
34989
35008
35011
35017
35029
35048
35071
35075
35080
35089
35090
35096
35108
35109
35145
35145
35155
35161
35176
35195
35201
35205
35222
35224
35235
35256
35256
35269
35279
35293
35304
35312
35346
35347
35351
35352
35366
35379
35398
35445
35457
35460
35471
35478
35488
35493
35498
35529
35529
35563
35570
35576
35603
35608
35618
35642
35648
35663
35676
35679
35680
35683
35683
35697
35697
35708
35715
35730
35731
35745
35758
35765
35804
35827
35832
35835
35837
35893
35896
35947
35953
35956
35966
35998
36013
36015
36033
36036
36068
36099
36117
36121
36133
36137
36138
36157
36173
36177
36187
36188
36197
36200
36202
36206
36209
36210
36215
36238
36245
36248
36267
36278
36288
36292
36302
36328
36329
36332
36341
36343
36349
36351
36351
36372
36380
36388
36391
36395
36427
36432
36450
36451
36451
36459
36478
36482
36496
36498
36501
36527
36540
36558
36561
36575
36603
36615
36618
36619
36619
36622
36635
36654
36654
36661
36682
36697
36698
36700
36729
36765
36785
36787
36789
36823
36828
36873
36875
36876
36880
36880
36885
36910
36925
36933
36937
36941
36943
36957
36958
36971
36973
36975
36994
37003
37014
37021
37045
37068
37099
37114
37124
37136
37139
37144
37160
37163
37171
37178
37201
37220
37252
37265
37304
37305
37308
37320
37348
37349
37353
37371
37372
37388
37419
37437
37448
37454
37470
37473
37482
37487
37500
37505
37522
37523
37527
37530
37538
37547
37553
37560
37564
37565
37566
37574
37575
37577
37596
37604
37607
37608
37619
37642
37646
37664
37688
37696
37707
37707
37712
37721
37726
37730
37732
37732
37754
37760
37765
37776
37781
37793
37794
37842
37859
37877
37919
37935
37938
37938
37938
37960
37964
37966
37990
37993
37994
37994
37997
37998
38031
38045
38055
38061
38069
38071
38096
38107
38116
38147
38153
38157
38165
38165
38165
38173
38175
38204
38223
38228
38242
38244
38249
38256
38261
38273
38284
38285
38313
38323
38333
38337
38347
38360
38362
38367
38388
38399
38408
38417
38454
38461
38465
38475
38476
38481
38488
38523
38526
38552
38556
38596
38598
38600
38602
38621
38625
38636
38644
38658
38664
38665
38688
38696
38711
38716
38744
38759
38772
38779
38784
38792
38792
38797
38804
38826
38847
38850
38860
38862
38879
38879
38880
38882
38891
38891
38896
38903
38904
38923
38928
38937
38937
38953
39005
39019
39021
39029
39040
39047
39056
39059
39111
39120
39120
39139
39144
39166
39168
39170
39176
39186
39197
39198
39209
39219
39224
39225
39238
39241
39253
39257
39260
39276
39279
39286
39299
39307
39314
39315
39320
39327
39329
39336
39341
39346
39347
39347
39348
39367
39398
39407
39433
39460
39464
39485
39496
39505
39538
39562
39582
39587
39595
39603
39607
39608
39624
39631
39640
39660
39662
39670
39672
39677
39699
39756
39802
39805
39825
39835
39843
39853
39880
39887
39911
39936
39950
39950
39980
39983
39984
40002
40002
40004
40005
40018
40043
40053
40054
40064
40065
40089
40097
40104
40113
40127
40138
40145
40155
40156
40163
40171
40179
40180
40181
40188
40194
40195
40228
40248
40261
40279
40282
40283
40320
40324
40325
40330
40341
40344
40387
40392
40406
40411
40418
40424
40425
40440
40443
40443
40448
40452
40453
40464
40485
40508
40528
40531
40550
40558
40559
40570
40572
40580
40582
40589
40599
40605
40619
40689
40691
40692
40704
40704
40722
40738
40741
40759
40765
40771
40772
40775
40784
40788
40789
40799
40803
40805
40818
40832
40867
40868
40877
40903
40907
40920
40929
40935
40938
40946
40952
40990
40995
41012
41013
41021
41023
41033
41043
41050
41050
41057
41061
41070
41076
41086
41094
41097
41108
41116
41119
41121
41122
41131
41136
41144
41145
41160
41182
41182
41193
41197
41204
41210
41238
41254
41254
41257
41263
41290
41300
41303
41306
41313
41316
41317
41340
41348
41357
41360
41366
41367
41381
41407
41414
41419
41426
41431
41440
41456
41456
41460
41476
41489
41492
41506
41508
41508
41515
41519
41520
41532
41539
41541
41584
41584
41589
41590
41599
41600
41610
41642
41655
41658
41684
41687
41690
41702
41707
41712
41716
41725
41726
41741
41754
41781
41791
41792
41799
41845
41852
41858
41871
41874
41891
41891
41910
41968
41971
41974
41981
41981
42043
42044
42062
42069
42073
42083
42100
42106
42114
42115
42126
42131
42157
42169
42180
42193
42200
42205
42215
42220
42265
42268
42276
42281
42289
42291
42301
42303
42312
42331
42335
42352
42356
42358
42361
42377
42413
42442
42462
42463
42472
42474
42479
42490
42509
42527
42534
42555
42571
42587
42588
42595
42595
42597
42621
42635
42649
42655
42656
42663
42675
42688
42689
42692
42696
42707
42713
42730
42741
42742
42743
42744
42759
42770
42770
42783
42834
42837
42844
42850
42852
42865
42874
42882
42893
42931
42934
42938
42938
42939
42940
42970
42975
42975
42983
42986
42989
43005
43013
43018
43023
43033
43033
43036
43039
43045
43046
43050
43054
43086
43095
43099
43106
43106
43138
43178
43191
43200
43208
43212
43228
43257
43265
43276
43302
43310
43316
43336
43350
43362
43378
43392
43392
43395
43401
43417
43435
43440
43441
43445
43450
43469
43479
43515
43539
43544
43560
43579
43579
43595
43596
43597
43598
43601
43601
43607
43607
43615
43615
43629
43637
43646
43656
43666
43668
43673
43684
43686
43701
43720
43739
43740
43767
43783
43830
43836
43836
43863
43873
43877
43881
43886
43892
43903
43908
43924
43928
43938
43943
43959
43964
43964
43966
43976
43977
43980
43988
44018
44024
44027
44036
44051
44087
44099
44118
44137
44138
44143
44154
44158
44167
44168
44175
44178
44187
44188
44190
44244
44246
44262
44288
44298
44307
44309
44309
44330
44336
44360
44364
44373
44378
44396
44422
44429
44433
44449
44481
44482
44483
44501
44504
44516
44530
44541
44566
44573
44578
44582
44649
44656
44660
44675
44678
44681
44684
44689
44728
44731
44743
44757
44766
44770
44773
44778
44793
44799
44803
44812
44818
44821
44827
44829
44841
44846
44857
44860
44881
44882
44906
44920
44934
44937
44950
44952
44975
44984
44988
45000
45009
45016
45031
45082
45085
45089
45090
45094
45116
45116
45127
45139
45143
45147
45167
45170
45187
45201
45202
45210
45218
45218
45227
45235
45243
45243
45268
45285
45286
45286
45287
45297
45335
45341
45343
45344
45345
45377
45382
45396
45400
45402
45418
45428
45434
45437
45440
45444
45446
45453
45461
45463
45464
45480
45483
45489
45497
45541
45560
45561
45572
45575
45585
45590
45598
45617
45622
45626
45635
45645
45649
45650
45651
45660
45685
45690
45694
45715
45716
45717
45751
45773
45780
45792
45796
45813
45814
45815
45815
45819
45822
45823
45827
45829
45832
45839
45851
45853
45863
45877
45878
45895
45906
45911
45912
45920
45933
45933
45937
45940
45967
45970
45983
45998
46000
46004
46026
46026
46029
46036
46036
46048
46057
46061
46075
46090
46111
46112
46125
46134
46153
46156
46161
46163
46178
46196
46200
46259
46272
46277
46286
46297
46300
46305
46309
46331
46344
46345
46352
46352
46372
46375
46386
46392
46394
46401
46402
46403
46409
46444
46444
46452
46476
46480
46502
46515
46547
46558
46564
46565
46576
46587
46598
46599
46604
46616
46623
46636
46653
46671
46672
46674
46674
46677
46681
46683
46711
46722
46724
46725
46727
46728
46734
46738
46744
46751
46765
46768
46770
46792
46798
46827
46829
46868
46877
46883
46893
46901
46917
46918
46919
46932
46941
46956
46966
46972
46985
47000
47011
47015
47022
47029
47033
47037
47037
47042
47051
47052
47055
47070
47071
47079
47105
47107
47108
47110
47111
47140
47142
47148
47148
47155
47159
47161
47164
47164
47169
47179
47183
47193
47193
47197
47220
47221
47230
47237
47241
47252
47257
47260
47278
47293
47297
47317
47344
47368
47369
47374
47384
47389
47402
47403
47410
47415
47423
47425
47431
47438
47477
47510
47531
47533
47536
47542
47544
47552
47564
47574
47587
47598
47600
47603
47603
47604
47622
47635
47642
47654
47665
47679
47690
47698
47699
47706
47719
47725
47727
47727
47733
47745
47763
47764
47778
47779
47784
47807
47819
47831
47832
47835
47858
47864
47873
47893
47921
47927
47932
47958
47963
47963
47972
47973
47977
47981
48001
48014
48040
48048
48064
48069
48083
48084
48091
48095
48113
48123
48129
48140
48143
48161
48169
48171
48176
48194
48201
48202
48223
48223
48229
48231
48232
48238
48249
48306
48311
48334
48338
48338
48346
48352
48368
48377
48391
48417
48428
48433
48466
48469
48469
48475
48506
48511
48513
48537
48554
48555
48564
48574
48591
48597
48597
48605
48611
48639
48650
48651
48659
48668
48671
48682
48687
48702
48702
48732
48756
48758
48762
48767
48770
48772
48782
48789
48792
48806
48823
48831
48834
48838
48841
48846
48848
48865
48868
48872
48889
48900
48909
48913
48927
48934
48945
48958
48972
48982
48982
48987
49001
49005
49022
49026
49027
49044
49061
49062
49063
49072
49073
49094
49096
49103
49104
49138
49156
49165
49169
49193
49194
49198
49205
49211
49214
49220
49237
49241
49243
49246
49251
49261
49268
49304
49329
49342
49345
49352
49355
49401
49433
49439
49446
49454
49454
49460
49468
49470
49481
49499
49499
49503
49510
49510
49522
49529
49534
49543
49581
49586
49600
49608
49618
49619
49627
49636
49652
49681
49687
49697
49718
49719
49724
49735
49743
49754
49757
49769
49815
49851
49854
49858
49864
49882
49886
49913
49916
49920
49922
49930
49940
49941
49952
49957
49958
49961
49964
49968
49971
49985
50011
50025
50026
50028
50029
50039
50053
50066
50088
50091
50097
50111
50128
50161
50167
50172
50181
50185
50185
50188
50204
50211
50217
50225
50247
50262
50266
50274
50280
50286
50300
50316
50322
50330
50342
50345
50361
50363
50387
50395
50437
50442
50454
50456
50480
50489
50497
50497
50511
50546
50550
50557
50567
50572
50575
50580
50594
50598
50604
50623
50625
50627
50628
50630
50633
50640
50653
50655
50668
50678
50689
50735
50736
50751
50768
50804
50813
50845
50862
50888
50903
50922
50931
50939
50947
50952
50976
50978
50981
50987
50994
50995
51015
51017
51042
51050
51058
51059
51059
51060
51066
51077
51090
51117
51134
51155
51169
51178
51179
51203
51224
51234
51240
51243
51258
51261
51268
51272
51275
51285
51298
51306
51310
51322
51322
51326
51346
51348
51354
51356
51362
51369
51374
51378
51383
51387
51395
51400
51405
51406
51420
51442
51449
51463
51471
51477
51480
51489
51508
51522
51536
51536
51536
51544
51545
51553
51583
51586
51613
51627
51663
51681
51685
51698
51719
51730
51813
51836
51843
51847
51878
51885
51889
51896
51898
51899
51900
51915
51916
51939
51941
51943
51974
51975
51978
51984
51988
51994
52015
52032
52045
52049
52087
52090
52108
52110
52116
52143
52163
52176
52179
52182
52184
52191
52202
52202
52207
52216
52220
52228
52237
52255
52268
52294
52304
52319
52361
52367
52381
52412
52419
52434
52438
52440
52451
52456
52466
52473
52483
52483
52504
52507
52536
52558
52560
52565
52568
52575
52575
52589
52595
52595
52622
52624
52643
52645
52656
52662
52677
52677
52714
52716
52720
52728
52729
52736
52738
52747
52749
52760
52769
52776
52779
52784
52799
52811
52831
52833
52841
52842
52842
52867
52896
52898
52910
52914
52918
52925
52925
52946
52954
52968
52975
52987
52994
53003
53010
53011
53018
53023
53036
53039
53054
53067
53069
53074
53084
53098
53099
53143
53149
53167
53175
53175
53181
53185
53186
53287
53294
53307
53313
53322
53331
53347
53349
53386
53386
53390
53394
53394
53403
53409
53409
53416
53419
53428
53435
53447
53448
53468
53480
53499
53511
53512
53512
53528
53528
53534
53535
53538
53540
53555
53565
53565
53565
53573
53587
53612
53625
53631
53632
53646
53647
53659
53662
53672
53672
53693
53695
53711
53718
53724
53730
53748
53753
53757
53769
53778
53778
53779
53785
53791
53802
53811
53812
53818
53828
53845
53860
53875
53881
53891
53913
53919
53935
53936
53943
53945
53946
53951
53951
53952
53953
53954
53956
53966
53981
53988
53997
53999
54011
54012
54022
54033
54045
54061
54062
54071
54098
54100
54115
54127
54127
54133
54144
54154
54155
54156
54158
54164
54220
54245
54247
54253
54270
54274
54283
54285
54289
54300
54306
54311
54326
54333
54345
54392
54403
54434
54444
54455
54478
54498
54500
54501
54512
54513
54525
54529
54539
54540
54542
54552
54555
54556
54560
54578
54595
54617
54619
54619
54626
54645
54674
54687
54693
54736
54738
54760
54764
54764
54792
54796
54800
54818
54848
54851
54869
54879
54881
54891
54896
54898
54916
54929
54931
54970
54979
54980
54988
54990
55018
55040
55040
55076
55080
55082
55089
55091
55111
55127
55140
55145
55158
55162
55167
55179
55182
55194
55196
55198
55227
55230
55233
55241
55270
55278
55297
55307
55313
55317
55318
55326
55335
55378
55381
55381
55383
55436
55444
55470
55483
55485
55486
55513
55520
55532
55540
55551
55560
55571
55582
55582
55585
55587
55625
55626
55646
55655
55684
55693
55704
55706
55728
55733
55735
55751
55753
55760
55768
55768
55777
55790
55804
55818
55824
55826
55836
55838
55849
55850
55856
55857
55858
55861
55869
55876
55888
55898
55899
55914
55938
55957
55972
55973
55978
55979
55986
56007
56014
56020
56025
56043
56049
56066
56081
56082
56086
56088
56091
56101
56110
56113
56114
56120
56125
56135
56142
56145
56156
56170
56173
56181
56183
56191
56199
56200
56211
56221
56225
56230
56238
56307
56318
56322
56338
56355
56363
56366
56386
56387
56395
56402
56416
56416
56441
56445
56451
56492
56494
56495
56497
56506
56510
56516
56518
56532
56535
56542
56543
56544
56558
56564
56565
56567
56574
56575
56581
56582
56584
56621
56623
56625
56626
56632
56662
56669
56696
56697
56702
56711
56718
56727
56727
56729
56738
56746
56751
56776
56780
56782
56788
56822
56829
56841
56846
56852
56852
56855
56862
56862
56894
56902
56903
56912
56913
56918
56919
56921
56934
56943
56945
56952
56959
56963
57005
57010
57015
57025
57025
57041
57075
57077
57083
57097
57108
57109
57119
57131
57138
57142
57171
57177
57183
57185
57191
57211
57219
57224
57235
57243
57251
57256
57269
57281
57290
57292
57296
57311
57334
57334
57334
57338
57342
57358
57365
57372
57387
57409
57411
57420
57424
57432
57432
57441
57450
57471
57484
57506
57571
57571
57575
57575
57585
57590
57595
57609
57613
57621
57632
57633
57637
57643
57650
57680
57681
57683
57685
57687
57688
57691
57694
57715
57717
57719
57735
57739
57750
57760
57764
57767
57769
57794
57802
57803
57817
57833
57840
57851
57893
57905
57908
57910
57922
57923
57926
57953
57966
57978
57984
57984
57991
58007
58014
58014
58019
58020
58026
58041
58049
58055
58056
58078
58080
58086
58098
58107
58121
58140
58143
58146
58154
58173
58180
58195
58244
58274
58277
58283
58285
58285
58306
58319
58322
58324
58347
58372
58398
58402
58442
58453
58458
58460
58461
58494
58496
58512
58518
58526
58548
58560
58566
58613
58619
58637
58639
58648
58670
58679
58693
58716
58724
58729
58731
58745
58757
58758
58763
58767
58771
58775
58793
58796
58806
58814
58821
58821
58829
58861
58864
58867
58875
58895
58916
58928
58932
58939
58964
58971
59007
59008
59020
59035
59037
59037
59050
59051
59054
59056
59062
59062
59073
59074
59085
59098
59107
59110
59158
59165
59168
59194
59203
59213
59226
59231
59240
59245
59262
59264
59268
59271
59276
59284
59285
59296
59309
59313
59315
59319
59333
59333
59341
59350
59356
59369
59373
59375
59391
59402
59455
59473
59475
59477
59479
59484
59490
59520
59528
59528
59538
59558
59573
59584
59585
59591
59609
59610
59628
59634
59644
59654
59654
59660
59661
59664
59666
59667
59672
59673
59679
59686
59696
59703
59705
59710
59712
59717
59720
59727
59735
59736
59744
59767
59769
59779
59779
59787
59796
59812
59816
59822
59829
59837
59872
59910
59915
59927
59944
59957
59967
59969
59980
59993
60012
60019
60019
60022
60039
60059
60063
60063
60063
60077
60093
60102
60110
60118
60120
60126
60149
60159
60162
60173
60175
60177
60185
60190
60200
60205
60205
60212
60225
60226
60236
60239
60241
60242
60244
60266
60283
60287
60288
60293
60293
60297
60302
60312
60319
60329
60364
60367
60373
60384
60394
60397
60399
60413
60427
60429
60430
60431
60445
60456
60462
60482
60501
60502
60504
60507
60521
60539
60551
60552
60556
60563
60592
60593
60595
60608
60620
60634
60637
60637
60662
60668
60693
60701
60705
60710
60714
60723
60740
60741
60757
60762
60763
60776
60834
60839
60841
60846
60849
60865
60881
60906
60907
60907
60909
60917
60922
60930
60945
60963
60965
60968
60985
60986
61000
61014
61025
61025
61028
61032
61042
61044
61062
61069
61074
61089
61135
61141
61141
61147
61161
61184
61206
61208
61216
61217
61221
61225
61235
61245
61252
61253
61281
61284
61297
61335
61335
61338
61351
61355
61363
61366
61423
61429
61433
61459
61465
61477
61477
61479
61481
61483
61506
61513
61519
61519
61559
61563
61574
61575
61597
61598
61639
61660
61677
61710
61722
61729
61756
61772
61795
61808
61813
61820
61825
61850
61867
61870
61886
61895
61896
61946
61946
61953
61954
61957
61959
61964
61974
61975
61979
61985
62011
62025
62029
62038
62052
62057
62058
62071
62075
62085
62091
62103
62103
62113
62115
62136
62137
62145
62147
62150
62150
62153
62153
62169
62181
62213
62246
62248
62269
62272
62314
62317
62320
62322
62339
62351
62392
62397
62399
62402
62402
62419
62420
62423
62437
62446
62463
62474
62480
62486
62490
62496
62513
62537
62545
62546
62549
62582
62586
62586
62588
62612
62613
62615
62623
62627
62632
62652
62662
62672
62673
62675
62682
62691
62698
62707
62707
62714
62718
62721
62722
62723
62724
62729
62734
62737
62751
62754
62760
62803
62807
62832
62836
62837
62847
62860
62874
62875
62896
62901
62902
62905
62923
62941
62947
62964
62966
62972
63010
63011
63015
63046
63052
63066
63098
63115
63125
63129
63135
63148
63167
63193
63210
63217
63230
63239
63240
63248
63269
63278
63283
63293
63300
63306
63316
63327
63328
63334
63339
63346
63355
63361
63361
63364
63369
63371
63372
63385
63393
63393
63401
63402
63428
63443
63444
63453
63473
63475
63481
63485
63493
63510
63511
63520
63566
63567
63614
63614
63625
63633
63639
63663
63692
63707
63707
63708
63725
63726
63739
63758
63761
63766
63782
63799
63809
63812
63816
63869
63872
63877
63878
63880
63886
63887
63891
63904
63914
63938
63938
63940
63941
63946
63956
63959
63962
63973
63982
63996
63997
64006
64010
64020
64025
64043
64046
64047
64051
64066
64078
64079
64080
64089
64089
64096
64104
64110
64117
64134
64144
64156
64165
64170
64180
64180
64182
64182
64201
64211
64215
64224
64226
64245
64255
64261
64268
64276
64280
64284
64319
64340
64356
64359
64379
64381
64381
64391
64391
64420
64423
64437
64448
64455
64460
64465
64476
64478
64479
64485
64493
64499
64502
64524
64534
64551
64553
64556
64559
64562
64569
64580
64590
64593
64605
64607
64650
64652
64653
64664
64683
64687
64690
64695
64699
64704
64705
64717
64739
64747
64748
64750
64752
64771
64784
64789
64790
64797
64807
64812
64832
64839
64850
64853
64853
64867
64868
64877
64893
64895
64896
64914
64925
64948
64957
64989
64993
65000
65013
65043
65045
65061
65072
65091
65091
65100
65107
65118
65128
65133
65134
65148
65153
65175
65176
65188
65196
65203
65231
65238
65245
65265
65270
65273
65302
65323
65335
65351
65370
65373
65375
65383
65392
65393
65394
65402
65402
65402
65414
65424
65467
65483
65518
65525
65585
65600
65605
65615
65618
65635
65637
65658
65668
65670
65697
65702
65704
65704
65704
65717
65725
65729
65737
65742
65747
65753
65759
65775
65790
65810
65816
65817
65828
65830
65839
65866
65868
65893
65898
65926
65930
65933
65933
65942
65948
65952
65955
65966
65979
65997
66006
66006
66016
66026
66053
66054
66064
66068
66072
66100
66101
66105
66106
66107
66125
66169
66175
66180
66187
66205
66206
66214
66215
66231
66255
66265
66271
66271
66272
66274
66287
66299
66305
66308
66313
66314
66325
66331
66376
66377
66379
66386
66398
66415
66421
66422
66432
66433
66457
66458
66484
66485
66485
66487
66502
66527
66549
66575
66583
66587
66587
66595
66599
66610
66611
66619
66628
66634
66645
66663
66664
66680
66687
66699
66708
66709
66730
66739
66768
66776
66783
66791
66799
66818
66832
66834
66841
66843
66844
66849
66850
66850
66853
66857
66874
66894
66895
66906
66912
66917
66921
66924
66929
66934
66944
66946
66948
66977
66980
66990
66992
66997
67003
67017
67039
67040
67074
67076
67079
67108
67128
67140
67142
67175
67190
67198
67217
67235
67253
67254
67264
67275
67310
67350
67376
67377
67390
67400
67412
67414
67426
67438
67456
67456
67462
67490
67493
67501
67508
67509
67549
67552
67564
67565
67570
67586
67593
67635
67636
67641
67651
67660
67666
67672
67674
67676
67677
67679
67680
67684
67692
67696
67711
67723
67758
67767
67770
67791
67792
67799
67801
67808
67809
67815
67821
67821
67822
67840
67846
67894
67897
67908
67920
67934
67935
67936
67946
67947
67947
67952
67955
67992
67992
68006
68009
68013
68013
68021
68022
68041
68042
68065
68073
68080
68086
68087
68088
68090
68101
68126
68135
68141
68142
68148
68149
68177
68197
68205
68208
68211
68229
68231
68237
68244
68251
68275
68291
68300
68307
68308
68312
68329
68341
68387
68388
68391
68395
68405
68429
68436
68436
68465
68469
68472
68478
68482
68487
68502
68512
68530
68545
68604
68611
68614
68621
68625
68656
68658
68665
68665
68667
68674
68683
68684
68691
68697
68715
68742
68755
68770
68790
68802
68830
68836
68837
68848
68851
68857
68870
68877
68878
68885
68902
68906
68916
68949
68949
68954
68955
68956
68985
68993
69010
69021
69024
69073
69074
69074
69083
69091
69108
69111
69117
69155
69159
69172
69175
69190
69194
69217
69218
69222
69224
69233
69237
69238
69263
69268
69275
69276
69280
69287
69288
69289
69312
69340
69349
69356
69357
69364
69366
69371
69406
69407
69424
69426
69435
69438
69442
69445
69446
69454
69459
69480
69484
69484
69525
69526
69555
69555
69563
69564
69570
69593
69606
69664
69676
69690
69697
69700
69708
69712
69721
69723
69724
69724
69726
69729
69749
69750
69753
69754
69758
69779
69780
69797
69801
69804
69860
69865
69873
69881
69924
69932
69940
69969
69971
69977
69989
69990
69994
70007
70023
70028
70052
70054
70056
70106
70113
70123
70131
70151
70153
70154
70159
70174
70194
70203
70204
70231
70242
70243
70299
70306
70315
70323
70331
70351
70357
70361
70364
70369
70378
70383
70392
70415
70420
70433
70434
70440
70441
70443
70454
70456
70472
70493
70494
70501
70521
70526
70530
70539
70553
70587
70616
70624
70628
70649
70652
70673
70684
70700
70715
70721
70724
70747
70749
70769
70771
70774
70777
70779
70781
70781
70781
70788
70797
70801
70833
70844
70857
70868
70868
70878
70885
70899
70902
70902
70905
70906
70914
70931
70941
70947
70962
70974
70985
70988
70994
71034
71037
71054
71068
71069
71081
71088
71096
71104
71110
71121
71122
71129
71140
71147
71151
71163
71169
71180
71180
71184
71188
71195
71198
71202
71213
71248
71259
71289
71289
71302
71305
71307
71313
71316
71321
71326
71329
71345
71345
71371
71387
71388
71392
71409
71413
71439
71443
71449
71451
71453
71455
71476
71487
71490
71497
71511
71522
71523
71540
71549
71551
71553
71559
71560
71575
71579
71596
71606
71609
71612
71649
71652
71658
71688
71693
71709
71712
71725
71732
71741
71747
71749
71765
71767
71789
71791
71800
71802
71806
71832
71874
71881
71911
71926
71929
71932
71965
71982
71983
71994
72000
72008
72037
72054
72071
72074
72078
72087
72095
72097
72113
72120
72122
72126
72142
72144
72150
72158
72159
72167
72172
72183
72188
72197
72201
72205
72220
72223
72229
72259
72266
72267
72271
72286
72298
72300
72303
72308
72316
72316
72317
72319
72325
72327
72329
72356
72374
72374
72376
72381
72385
72393
72396
72402
72403
72420
72435
72446
72456
72465
72468
72476
72477
72490
72520
72525
72545
72555
72577
72584
72596
72614
72630
72658
72667
72673
72675
72689
72694
72695
72706
72707
72725
72732
72738
72747
72752
72754
72763
72767
72778
72780
72790
72807
72827
72829
72868
72875
72882
72905
72911
72911
72916
72943
72955
72960
72964
72964
72969
72971
72986
72997
73040
73052
73053
73057
73076
73076
73095
73101
73121
73135
73164
73175
73182
73189
73204
73218
73220
73222
73225
73225
73238
73243
73253
73259
73284
73297
73306
73331
73338
73341
73349
73352
73375
73413
73425
73438
73467
73477
73489
73491
73515
73554
73565
73584
73603
73638
73641
73652
73655
73671
73680
73682
73683
73695
73727
73729
73729
73736
73736
73751
73764
73775
73779
73796
73796
73800
73807
73808
73814
73818
73824
73834
73841
73854
73894
73894
73922
73924
73932
73932
73977
73987
73993
74004
74017
74048
74060
74061
74067
74081
74082
74109
74116
74138
74141
74169
74178
74192
74208
74209
74226
74242
74248
74258
74264
74280
74289
74297
74306
74312
74320
74322
74335
74339
74361
74367
74380
74383
74383
74403
74407
74450
74465
74471
74489
74490
74490
74497
74512
74558
74590
74590
74591
74597
74601
74607
74621
74654
74655
74678
74708
74716
74720
74722
74745
74768
74775
74777
74782
74795
74812
74814
74819
74822
74827
74829
74842
74842
74868
74885
74896
74897
74919
74924
74933
74944
74948
74966
74969
74986
74996
75003
75035
75054
75063
75081
75098
75100
75111
75115
75126
75138
75144
75161
75193
75198
75219
75225
75255
75261
75280
75292
75297
75313
75320
75342
75352
75371
75371
75380
75396
75410
75421
75427
75437
75439
75468
75474
75479
75486
75497
75529
75556
75557
75602
75609
75621
75630
75631
75640
75643
75647
75649
75652
75664
75670
75700
75702
75705
75717
75718
75731
75748
75758
75762
75768
75773
75777
75782
75786
75797
75799
75805
75817
75819
75830
75831
75860
75874
75887
75896
75910
75915
75932
75948
75960
75963
75993
76001
76002
76006
76042
76045
76046
76050
76056
76077
76079
76103
76106
76109
76115
76119
76124
76126
76144
76152
76193
76251
76261
76265
76276
76292
76316
76336
76339
76344
76355
76359
76363
76364
76389
76393
76400
76403
76413
76420
76434
76437
76437
76452
76463
76464
76466
76470
76482
76507
76513
76521
76533
76542
76546
76564
76574
76577
76594
76622
76625
76630
76630
76660
76663
76673
76679
76698
76705
76724
76737
76747
76750
76751
76754
76766
76772
76836
76842
76848
76852
76855
76882
76885
76885
76906
76917
76926
76931
76935
76942
76963
76963
76972
76996
77013
77013
77015
77036
77046
77068
77078
77084
77124
77127
77128
77143
77150
77155
77156
77158
77177
77216
77217
77239
77242
77243
77244
77248
77259
77270
77302
77316
77332
77339
77340
77363
77379
77385
77395
77401
77406
77426
77427
77477
77493
77495
77517
77518
77518
77528
77532
77533
77541
77543
77545
77555
77556
77590
77593
77617
77629
77638
77642
77655
77666
77669
77669
77671
77673
77697
77709
77716
77721
77721
77751
77771
77789
77806
77822
77858
77866
77896
77908
77918
77948
77950
77962
77982
77991
77994
78001
78006
78012
78023
78025
78025
78030
78045
78055
78064
78071
78077
78149
78170
78171
78182
78233
78234
78241
78244
78267
78267
78273
78278
78295
78297
78305
78309
78319
78327
78339
78343
78348
78372
78378
78384
78408
78411
78429
78446
78448
78458
78477
78486
78497
78500
78531
78539
78556
78571
78578
78592
78617
78628
78634
78642
78650
78670
78679
78686
78688
78700
78703
78710
78731
78746
78756
78758
78766
78777
78786
78789
78790
78810
78838
78841
78851
78871
78873
78883
78921
78939
78946
78952
78979
79018
79045
79060
79079
79081
79083
79099
79110
79130
79149
79156
79156
79217
79224
79241
79244
79248
79272
79272
79307
79322
79343
79344
79386
79394
79399
79399
79404
79410
79412
79412
79416
79428
79438
79442
79484
79485
79507
79508
79519
79562
79571
79586
79593
79609
79613
79614
79622
79622
79656
79660
79663
79672
79679
79694
79708
79710
79721
79722
79724
79741
79753
79754
79756
79759
79783
79795
79798
79800
79831
79838
79838
79846
79846
79860
79879
79881
79881
79898
79923
79930
79939
79964
79970
79981
80001
80022
80024
80029
80044
80045
80047
80047
80051
80052
80056
80059
80062
80062
80064
80078
80094
80105
80120
80125
80152
80170
80182
80193
80195
80196
80199
80202
80218
80241
80248
80251
80277
80277
80281
80297
80303
80315
80325
80332
80333
80333
80343
80348
80370
80377
80382
80385
80391
80415
80426
80427
80440
80446
80450
80462
80465
80480
80498
80500
80507
80522
80523
80525
80537
80547
80553
80557
80574
80574
80576
80601
80610
80634
80643
80668
80669
80669
80673
80705
80713
80718
80725
80728
80730
80735
80740
80747
80748
80752
80754
80764
80768
80768
80788
80799
80804
80806
80812
80813
80813
80822
80826
80833
80850
80857
80869
80872
80875
80881
80900
80909
80911
80924
80935
80945
80961
80962
80967
80971
80971
80972
81025
81026
81044
81053
81058
81082
81099
81099
81122
81132
81135
81149
81153
81155
81162
81199
81201
81210
81224
81228
81234
81243
81263
81268
81269
81269
81271
81282
81287
81293
81299
81319
81333
81340
81370
81372
81389
81389
81409
81422
81437
81444
81449
81480
81482
81490
81493
81498
81504
81505
81509
81511
81520
81521
81548
81549
81549
81559
81585
81615
81615
81617
81625
81628
81628
81651
81656
81663
81664
81665
81670
81673
81682
81689
81700
81716
81716
81743
81751
81754
81754
81757
81758
81795
81812
81871
81889
81892
81895
81902
81904
81908
81912
81919
81919
81921
81923
81931
81931
81949
81951
81952
81965
81999
82005
82010
82015
82016
82020
82024
82025
82035
82036
82042
82048
82065
82090
82112
82127
82144
82154
82182
82183
82202
82218
82225
82244
82246
82270
82291
82296
82301
82308
82313
82317
82323
82356
82377
82387
82388
82393
82396
82408
82415
82416
82424
82426
82429
82433
82461
82473
82473
82475
82477
82480
82481
82485
82486
82500
82501
82521
82537
82553
82559
82561
82561
82582
82592
82619
82622
82641
82654
82656
82665
82666
82669
82670
82687
82702
82706
82717
82740
82747
82771
82773
82775
82796
82799
82814
82841
82843
82861
82884
82886
82894
82896
82897
82915
82924
82934
82937
82952
82955
82967
82970
82972
82979
82987
82995
83009
83011
83015
83018
83028
83033
83036
83064
83078
83088
83096
83108
83109
83121
83128
83128
83139
83144
83146
83170
83183
83195
83211
83228
83238
83243
83252
83258
83260
83260
83268
83296
83296
83304
83308
83308
83309
83328
83347
83348
83351
83362
83376
83380
83389
83399
83412
83414
83420
83421
83427
83428
83443
83447
83452
83453
83460
83461
83476
83481
83505
83517
83527
83529
83554
83561
83566
83580
83594
83602
83603
83627
83631
83634
83669
83676
83696
83696
83701
83707
83726
83734
83741
83745
83746
83747
83750
83768
83772
83774
83780
83784
83813
83839
83854
83876
83902
83917
83919
83932
83932
83933
83950
83958
83971
83977
83981
84000
84004
84022
84026
84035
84037
84038
84059
84066
84068
84077
84078
84102
84105
84116
84124
84127
84129
84138
84148
84155
84163
84181
84193
84195
84198
84202
84213
84224
84243
84251
84267
84280
84291
84325
84340
84341
84346
84359
84368
84370
84395
84399
84406
84426
84426
84445
84454
84460
84462
84467
84473
84480
84499
84516
84533
84561
84567
84569
84576
84579
84593
84594
84594
84603
84612
84619
84621
84658
84669
84680
84699
84702
84709
84718
84723
84732
84738
84741
84741
84748
84761
84764
84784
84787
84803
84809
84817
84817
84838
84843
84852
84856
84871
84871
84873
84887
84892
84894
84898
84900
84911
84914
84921
84964
84971
84985
85004
85008
85010
85012
85042
85044
85051
85054
85058
85066
85078
85088
85089
85107
85109
85117
85131
85133
85154
85178
85197
85240
85244
85245
85250
85253
85262
85265
85268
85295
85301
85310
85323
85331
85344
85354
85360
85367
85370
85375
85376
85389
85406
85408
85413
85428
85454
85466
85468
85492
85494
85505
85507
85514
85519
85545
85549
85559
85577
85580
85604
85607
85611
85624
85628
85631
85633
85638
85652
85661
85704
85716
85729
85742
85747
85749
85786
85794
85799
85818
85820
85838
85847
85855
85876
85880
85884
85888
85907
85916
85942
85951
85953
85962
85965
85966
85967
85969
85973
85973
85974
85978
86013
86015
86021
86038
86038
86049
86052
86053
86066
86096
86098
86118
86125
86143
86175
86175
86182
86191
86210
86210
86220
86220
86228
86236
86238
86244
86247
86260
86278
86279
86304
86312
86318
86319
86340
86365
86378
86382
86404
86408
86430
86437
86443
86447
86456
86468
86507
86508
86512
86513
86517
86522
86528
86533
86535
86535
86543
86546
86550
86589
86596
86597
86598
86617
86620
86627
86634
86646
86659
86660
86662
86664
86670
86672
86673
86686
86687
86702
86715
86720
86730
86736
86746
86782
86782
86796
86808
86852
86854
86857
86858
86861
86864
86891
86908
86917
86941
86951
86973
86979
86982
86994
86999
87006
87017
87021
87034
87043
87047
87048
87056
87078
87083
87090
87091
87094
87098
87114
87120
87150
87151
87159
87173
87174
87175
87178
87196
87207
87214
87218
87222
87227
87239
87267
87267
87278
87282
87283
87293
87301
87302
87310
87312
87321
87325
87331
87342
87361
87362
87373
87383
87385
87387
87399
87407
87416
87418
87420
87467
87483
87484
87494
87501
87529
87530
87533
87534
87540
87547
87551
87556
87562
87564
87569
87569
87572
87581
87623
87623
87631
87645
87654
87657
87690
87693
87700
87735
87736
87737
87741
87748
87766
87777
87802
87808
87809
87824
87834
87839
87839
87847
87849
87849
87855
87856
87863
87865
87873
87877
87884
87893
87897
87899
87918
87940
87943
87945
87957
87970
87978
87983
88031
88039
88052
88056
88057
88073
88097
88104
88108
88110
88116
88117
88118
88147
88163
88169
88179
88216
88236
88256
88256
88278
88279
88284
88290
88304
88334
88337
88347
88356
88372
88373
88379
88379
88389
88405
88414
88420
88430
88438
88456
88460
88466
88473
88474
88493
88495
88496
88505
88517
88517
88527
88560
88569
88584
88591
88597
88616
88626
88645
88651
88661
88661
88668
88683
88683
88713
88713
88724
88730
88742
88756
88763
88772
88775
88792
88831
88835
88877
88879
88890
88893
88943
88956
88959
88983
88985
88989
88991
89001
89013
89022
89046
89049
89052
89066
89087
89095
89102
89130
89135
89141
89147
89166
89167
89185
89189
89194
89203
89209
89210
89211
89219
89229
89236
89236
89239
89256
89256
89270
89270
89275
89303
89314
89314
89327
89328
89330
89335
89337
89344
89351
89359
89369
89392
89408
89411
89459
89490
89498
89511
89515
89518
89522
89534
89534
89537
89542
89550
89560
89586
89587
89605
89606
89607
89611
89623
89623
89635
89653
89665
89680
89685
89691
89722
89749
89756
89774
89774
89777
89779
89799
89832
89832
89856
89857
89863
89865
89865
89882
89906
89925
89932
89941
89965
89970
90026
90047
90051
90053
90072
90076
90078
90092
90097
90117
90125
90135
90137
90139
90140
90142
90147
90156
90159
90160
90160
90173
90182
90187
90208
90213
90213
90218
90233
90240
90243
90251
90255
90256
90260
90268
90277
90277
90283
90298
90329
90336
90354
90358
90363
90365
90370
90409
90419
90441
90448
90465
90477
90496
90498
90515
90551
90558
90558
90562
90566
90601
90607
90610
90613
90614
90649
90659
90660
90695
90707
90709
90714
90721
90722
90741
90748
90775
90777
90777
90797
90804
90825
90831
90835
90837
90843
90871
90873
90887
90898
90909
90912
90927
90927
90930
90957
90969
90976
90986
90990
90996
90997
91010
91025
91033
91053
91065
91066
91072
91077
91100
91106
91112
91118
91124
91124
91129
91130
91150
91184
91198
91198
91200
91201
91230
91233
91254
91254
91258
91285
91285
91295
91297
91299
91305
91306
91308
91315
91333
91335
91352
91355
91364
91379
91382
91397
91397
91399
91405
91407
91411
91426
91438
91447
91496
91502
91516
91521
91527
91540
91558
91561
91572
91579
91606
91633
91634
91642
91649
91681
91693
91698
91707
91713
91716
91725
91731
91732
91737
91740
91745
91752
91755
91755
91766
91771
91775
91787
91787
91795
91798
91804
91807
91825
91833
91834
91835
91837
91841
91843
91846
91851
91856
91884
91895
91898
91899
91925
91936
91939
91947
91947
91957
91985
91995
91999
92000
92012
92016
92028
92066
92069
92074
92086
92115
92145
92149
92151
92156
92157
92162
92167
92167
92167
92182
92196
92196
92197
92202
92203
92206
92223
92224
92231
92232
92235
92241
92242
92247
92254
92255
92259
92277
92285
92286
92295
92315
92333
92336
92340
92343
92344
92348
92357
92373
92374
92376
92432
92438
92446
92459
92466
92471
92506
92517
92520
92544
92565
92575
92577
92582
92589
92590
92594
92604
92615
92619
92626
92629
92632
92634
92677
92686
92692
92719
92720
92729
92739
92746
92766
92773
92794
92798
92805
92812
92816
92818
92825
92826
92827
92850
92863
92873
92874
92895
92908
92908
92909
92919
92931
92931
92954
92967
92982
92997
93016
93019
93026
93027
93073
93073
93095
93097
93098
93099
93104
93106
93106
93109
93135
93139
93143
93149
93160
93188
93231
93241
93247
93272
93293
93297
93304
93311
93342
93343
93344
93345
93377
93415
93424
93425
93438
93454
93459
93467
93476
93476
93493
93493
93494
93496
93506
93518
93522
93533
93547
93551
93556
93567
93580
93605
93611
93617
93621
93632
93637
93639
93641
93665
93666
93669
93673
93675
93677
93693
93703
93706
93711
93720
93728
93758
93774
93782
93788
93814
93835
93843
93844
93848
93854
93856
93857
93861
93871
93891
93916
93917
93926
93941
93947
93998
93999
94021
94029
94030
94033
94081
94087
94088
94092
94100
94108
94122
94129
94135
94141
94146
94147
94159
94163
94173
94179
94187
94199
94204
94212
94212
94221
94228
94255
94263
94267
94272
94272
94278
94285
94304
94308
94325
94337
94345
94346
94369
94385
94392
94407
94414
94426
94427
94437
94448
94455
94462
94463
94465
94471
94487
94492
94503
94512
94522
94529
94565
94572
94573
94583
94593
94597
94603
94632
94635
94644
94658
94663
94671
94698
94707
94728
94729
94739
94739
94751
94766
94778
94778
94797
94799
94812
94817
94823
94851
94854
94861
94863
94866
94867
94868
94874
94875
94892
94896
94904
94910
94914
94919
94920
94924
94941
94957
94978
94981
94992
95001
95004
95008
95014
95048
95054
95059
95064
95073
95074
95082
95129
95132
95152
95158
95167
95180
95180
95183
95213
95213
95235
95237
95238
95258
95259
95260
95261
95261
95262
95268
95272
95275
95284
95289
95299
95309
95314
95341
95358
95379
95381
95399
95401
95402
95406
95410
95417
95421
95426
95428
95431
95439
95440
95442
95457
95475
95476
95477
95478
95488
95491
95494
95498
95498
95503
95513
95520
95523
95542
95547
95548
95567
95568
95569
95587
95608
95611
95612
95627
95654
95655
95680
95688
95693
95697
95700
95707
95709
95713
95731
95742
95761
95790
95791
95791
95823
95825
95857
95861
95861
95887
95948
95954
95957
95960
95972
95984
95988
96004
96039
96054
96057
96089
96094
96094
96099
96100
96110
96112
96148
96158
96159
96159
96162
96162
96193
96195
96197
96197
96226
96230
96277
96290
96294
96313
96330
96338
96340
96347
96369
96375
96378
96383
96388
96391
96407
96409
96410
96413
96423
96424
96431
96436
96438
96445
96450
96464
96469
96472
96485
96486
96489
96494
96510
96513
96525
96535
96536
96552
96567
96569
96584
96588
96592
96604
96619
96632
96638
96638
96644
96648
96661
96677
96686
96687
96702
96714
96728
96735
96735
96750
96766
96776
96782
96792
96803
96821
96830
96830
96840
96844
96852
96866
96892
96894
96897
96905
96915
96926
96941
96944
96958
96961
96986
96997
97005
97006
97014
97026
97031
97033
97047
97056
97065
97070
97085
97146
97148
97154
97154
97189
97193
97194
97209
97212
97218
97220
97235
97259
97268
97273
97283
97309
97313
97316
97323
97333
97352
97363
97376
97400
97410
97448
97469
97503
97512
97518
97527
97541
97545
97573
97586
97609
97612
97648
97651
97652
97655
97673
97673
97676
97687
97689
97693
97703
97708
97717
97723
97727
97727
97739
97770
97796
97804
97820
97834
97841
97842
97849
97850
97878
97883
97884
97884
97895
97954
97954
97968
97981
97987
97988
97999
98003
98006
98009
98032
98040
98043
98053
98056
98079
98112
98114
98124
98132
98148
98150
98169
98177
98180
98184
98204
98223
98239
98244
98246
98259
98260
98265
98272
98284
98298
98309
98335
98356
98368
98370
98377
98381
98385
98393
98427
98443
98447
98451
98470
98479
98480
98485
98516
98519
98543
98548
98553
98574
98592
98595
98599
98610
98635
98649
98681
98683
98685
98704
98708
98710
98715
98716
98719
98746
98747
98752
98758
98767
98768
98781
98791
98797
98800
98820
98821
98832
98851
98852
98870
98874
98913
98917
98926
98930
98933
98934
98936
98940
98947
98954
98962
98977
98984
99004
99032
99059
99061
99061
99069
99070
99086
99110
99112
99144
99152
99162
99167
99199
99210
99210
99221
99227
99230
99244
99249
99253
99255
99257
99262
99274
99275
99281
99286
99306
99327
99363
99377
99395
99399
99404
99441
99462
99476
99482
99488
99491
99497
99508
99528
99532
99533
99550
99550
99559
99588
99588
99591
99598
99620
99633
99635
99637
99642
99660
99664
99694
99694
99700
99718
99725
99744
99746
99763
99772
99788
99791
99803
99808
99820
99825
99829
99837
99848
99852
99870
99870
99877
99888
99891
99908
99934
99941
99944
99957
