4
39
40
40
65
76
93
116
122
135
138
142
148
156
158
160
181
185
200
201
210
211
215
226
230
239
258
269
269
271
276
276
280
287
289
290
292
293
299
304
344
367
373
389
401
406
427
429
435
438
481
486
488
488
502
508
561
568
588
606
609
624
698
706
733
745
749
756
761
781
790
807
807
830
832
838
841
846
852
853
856
872
903
920
925
933
950
961
962
971
995
1006
1032
1047
1058
1059
1062
1075
1076
1076
1078
1080
1096
1103
1116
1117
1135
1138
1145
1152
1153
1156
1159
1168
1178
1209
1211
1220
1240
1241
1245
1286
1297
1306
1306
1313
1330
1334
1337
1338
1353
1360
1364
1367
1390
1395
1413
1414
1444
1452
1454
1456
1468
1478
1484
1487
1488
1491
1499
1500
1502
1521
1528
1537
1551
1569
1579
1587
1594
1596
1599
1599
1603
1619
1622
1624
1627
1633
1640
1642
1675
1684
1694
1701
1704
1722
1732
1746
1752
1771
1774
1798
1820
1826
1833
1857
1862
1863
1872
1873
1890
1903
1913
1930
1947
1953
1958
2016
2021
2022
2030
2035
2035
2057
2061
2067
2070
2086
2088
2090
2091
2093
2098
2102
2107
2109
2109
2111
2118
2123
2130
2140
2162
2169
2169
2170
2181
2205
2208
2211
2236
2255
2259
2261
2280
2286
2299
2326
2327
2354
2354
2358
2362
2373
2384
2384
2392
2392
2393
2408
2420
2463
2479
2492
2502
2511
2514
2532
2535
2550
2583
2595
2606
2624
2657
2672
2672
2675
2684
2702
2727
2738
2751
2763
2764
2767
2771
2772
2778
2780
2784
2795
2814
2847
2850
2851
2851
2875
2883
2904
2910
2920
2930
2934
2936
2946
2955
2963
2970
2976
2978
2979
2988
2993
3012
3013
3024
3026
3045
3056
3067
3089
3093
3103
3109
3110
3117
3123
3127
3169
3181
3181
3188
3188
3191
3195
3199
3222
3234
3245
3264
3273
3277
3283
3292
3339
3350
3358
3360
3370
3388
3396
3416
3435
3436
3439
3444
3449
3452
3471
3473
3482
3513
3514
3515
3528
3532
3534
3545
3550
3554
3560
3571
3577
3582
3591
3610
3611
3629
3636
3636
3650
3652
3661
3663
3665
3677
3682
3686
3697
3707
3712
3735
3739
3739
3760
3766
3773
3783
3789
3804
3811
3817
3824
3825
3826
3839
3854
3858
3865
3868
3875
3880
3892
3896
3897
3921
3927
3935
3943
3950
3958
3960
3986
3987
4001
4003
4031
4041
4060
4074
4077
4095
4102
4118
4136
4141
4149
4154
4189
4206
4206
4207
4208
4233
4242
4251
4258
4261
4264
4268
4272
4288
4290
4311
4329
4350
4357
4358
4369
4377
4382
4401
4421
4430
4436
4441
4446
4447
4467
4479
4485
4485
4490
4497
4502
4521
4526
4527
4538
4560
4580
4588
4593
4604
4623
4657
4664
4675
4680
4688
4702
4705
4716
4727
4729
4737
4738
4750
4759
4779
4813
4825
4836
4846
4855
4858
4871
4871
4873
4875
4878
4885
4894
4942
4947
4948
4950
4966
4999
5010
5031
5037
5048
5054
5056
5059
5061
5067
5078
5094
5100
5109
5115
5116
5117
5131
5138
5140
5150
5180
5184
5184
5198
5206
5217
5217
5236
5240
5255
5257
5260
5294
5295
5296
5300
5304
5306
5309
5331
5337
5341
5342
5350
5358
5386
5387
5407
5428
5470
5473
5481
5484
5495
5502
5502
5502
5517
5518
5519
5537
5553
5560
5566
5573
5582
5586
5613
5614
5633
5640
5644
5661
5668
5680
5688
5696
5698
5717
5738
5747
5748
5758
5759
5762
5762
5766
5782
5789
5799
5825
5831
5838
5843
5845
5854
5857
5865
5885
5887
5896
5917
5944
5958
5981
5986
6018
6049
6053
6058
6076
6076
6082
6089
6095
6104
6123
6125
6126
6135
6145
6148
6192
6197
6199
6201
6236
6248
6248
6270
6321
6324
6350
6366
6372
6375
6375
6380
6382
6388
6398
6401
6421
6427
6435
6440
6441
6441
6466
6471
6488
6490
6490
6535
6541
6544
6551
6553
6554
6556
6575
6579
6589
6598
6608
6634
6637
6646
6657
6670
6670
6688
6689
6690
6693
6699
6745
6754
6780
6794
6804
6807
6809
6817
6818
6821
6840
6842
6847
6860
6864
6864
6883
6896
6916
6933
6959
6961
6973
6977
6982
7002
7018
7024
7025
7030
7031
7032
7038
7039
7057
7072
7082
7087
7092
7129
7140
7146
7157
7195
7196
7208
7262
7263
7263
7314
7316
7329
7334
7337
7383
7390
7424
7426
7446
7447
7450
7463
7484
7507
7514
7520
7549
7573
7581
7592
7604
7616
7623
7633
7650
7654
7668
7686
7690
7697
7705
7706
7717
7740
7753
7762
7785
7787
7803
7835
7848
7885
7886
7886
7887
7912
7920
7924
7940
7943
7954
7957
7964
7983
7989
7990
7998
8001
8009
8028
8036
8047
8060
8064
8073
8073
8082
8084
8093
8102
8119
8120
8136
8138
8139
8150
8151
8180
8182
8202
8206
8209
8213
8222
8256
8273
8292
8297
8300
8315
8323
8335
8337
8348
8350
8353
8358
8360
8361
8365
8373
8376
8378
8399
8400
8410
8419
8449
8454
8458
8468
8469
8477
8509
8512
8542
8567
8583
8611
8614
8620
8623
8642
8666
8668
8668
8682
8704
8727
8737
8744
8753
8755
8769
8780
8783
8788
8806
8838
8843
8854
8863
8874
8881
8887
8927
8941
8962
8962
8993
9000
9046
9060
9063
9077
9079
9083
9126
9129
9136
9154
9156
9158
9161
9167
9176
9182
9184
9206
9210
9216
9217
9221
9259
9265
9266
9274
9287
9294
9304
9310
9316
9321
9324
9324
9337
9338
9353
9356
9358
9385
9389
9395
9409
9411
9419
9433
9435
9437
9446
9451
9459
9477
9503
9507
9537
9544
9548
9550
9552
9553
9562
9565
9582
9619
9619
9669
9688
9693
9699
9710
9716
9747
9772
9788
9790
9805
9806
9812
9815
9819
9831
9833
9835
9839
9839
9851
9898
9905
9909
9912
9914
9916
9929
9933
9936
9937
9960
9961
9970
9973
9974
9975
9977
9984
9986
9996
10034
10036
10047
10054
10055
10067
10075
10077
10141
10146
10171
10174
10186
10187
10195
10205
10223
10226
10260
10275
10280
10282
10290
10309
10322
10328
10360
10361
10369
10372
10390
10396
10403
10404
10410
10416
10427
10430
10450
10469
10481
10493
10493
10503
10508
10533
10536
10542
10556
10557
10562
10568
10595
10607
10623
10632
10636
10644
10653
10660
10672
10678
10689
10691
10695
10704
10719
10723
10737
10737
10742
10765
10773
10775
10779
10783
10786
10807
10817
10837
10846
10853
10855
10858
10862
10873
10884
10886
10893
10894
10894
10895
10917
10925
10931
10936
10954
10959
10971
10973
10979
10998
11001
11007
11011
11017
11025
11025
11027
11031
11032
11067
11068
11070
11106
11171
11186
11189
11190
11197
11206
11214
11216
11228
11230
11256
11268
11271
11277
11279
11281
11282
11285
11286
11289
11292
11297
11339
11349
11354
11370
11372
11381
11398
11405
11408
11416
11417
11458
11469
11506
11507
11509
11523
11523
11528
11539
11540
11540
11543
11552
11574
11579
11586
11590
11597
11616
11620
11624
11626
11647
11680
11691
11700
11717
11723
11727
11752
11759
11766
11782
11784
11784
11799
11806
11823
11830
11837
11853
11896
11921
11921
11923
11925
11946
11948
11981
11981
11986
12057
12061
12070
12095
12105
12140
12142
12157
12158
12162
12165
12178
12178
12179
12199
12203
12215
12229
12257
12258
12291
12293
12308
12310
12352
12353
12363
12376
12378
12393
12410
12411
12431
12433
12434
12440
12459
12467
12472
12501
12509
12530
12541
12544
12554
12568
12571
12574
12586
12586
12587
12596
12607
12613
12626
12636
12647
12648
12649
12651
12652
12667
12669
12678
12679
12682
12703
12706
12708
12733
12744
12755
12765
12775
12777
12782
12799
12818
12829
12848
12867
12878
12894
12905
12920
12948
12948
12965
12984
12988
12994
13007
13017
13051
13055
13064
13066
13073
13085
13094
13113
13115
13123
13128
13132
13156
13161
13165
13179
13179
13191
13222
13226
13232
13234
13263
13264
13271
13275
13286
13288
13304
13314
13323
13341
13343
13347
13364
13369
13376
13404
13413
13416
13421
13427
13449
13451
13460
13486
13507
13521
13523
13523
13543
13544
13546
13546
13562
13562
13591
13606
13622
13637
13640
13646
13658
13665
13679
13682
13683
13699
13701
13701
13726
13737
13737
13745
13758
13791
13791
13801
13806
13817
13825
13825
13838
13850
13871
13879
13883
13889
13892
13928
13932
13933
13955
13961
13967
13968
13970
13973
13991
13992
14003
14008
14041
14042
14050
14058
14059
14099
14125
14135
14148
14164
14187
14188
14192
14219
14225
14227
14233
14261
14264
14338
14341
14348
14363
14369
14370
14392
14401
14404
14412
14413
14423
14424
14435
14438
14458
14482
14501
14521
14527
14532
14534
14539
14559
14561
14567
14570
14574
14576
14592
14593
14595
14596
14598
14599
14602
14603
14604
14631
14633
14642
14654
14657
14665
14690
14691
14706
14709
14710
14711
14712
14726
14730
14743
14749
14757
14769
14797
14802
14805
14806
14812
14847
14857
14872
14886
14888
14899
14917
14922
14924
14924
14925
14927
14929
14932
14947
14948
14963
14964
14967
14971
14972
14982
14986
14992
14999
15003
15009
15018
15022
15024
15035
15041
15066
15088
15100
15102
15103
15117
15119
15120
15121
15126
15134
15159
15163
15193
15209
15214
15229
15233
15233
15247
15256
15283
15302
15322
15324
15326
15326
15347
15369
15375
15380
15394
15410
15421
15424
15427
15437
15441
15460
15469
15485
15497
15521
15535
15538
15544
15548
15548
15580
15588
15589
15598
15615
15615
15617
15618
15641
15643
15659
15718
15722
15730
15736
15750
15753
15754
15759
15763
15767
15767
15768
15768
15772
15777
15809
15811
15836
15852
15856
15874
15887
15901
15911
15922
15923
15931
15951
15952
15979
15980
15990
16000
16044
16045
16046
16056
16074
16085
16092
16096
16106
16118
16144
16169
16189
16193
16195
16197
16206
16216
16229
16241
16253
16255
16258
16261
16265
16276
16298
16304
16305
16313
16325
16333
16350
16375
16390
16395
16410
16413
16418
16423
16427
16428
16430
16443
16457
16459
16459
16463
16480
16482
16489
16495
16496
16529
16531
16544
16579
16585
16587
16599
16600
16601
16606
16610
16613
16614
16645
16649
16653
16653
16665
16687
16692
16693
16708
16719
16744
16748
16778
16785
16786
16834
16837
16852
16860
16860
16896
16912
16926
16937
16944
16956
16970
16979
16988
17014
17025
17030
17041
17045
17048
17049
17057
17059
17060
17064
17067
17075
17105
17126
17144
17158
17160
17176
17192
17207
17220
17226
17228
17255
17276
17282
17286
17300
17305
17327
17345
17358
17371
17374
17390
17392
17398
17398
17401
17410
17410
17419
17420
17430
17431
17435
17445
17453
17474
17498
17499
17527
17531
17544
17559
17590
17601
17614
17638
17660
17673
17678
17680
17682
17689
17699
17725
17728
17738
17756
17757
17768
17777
17783
17788
17789
17800
17810
17818
17849
17858
17872
17872
17889
17899
17903
17907
17916
17926
17939
17944
17967
17992
18021
18021
18028
18047
18094
18102
18124
18133
18140
18149
18154
18158
18168
18173
18174
18182
18196
18196
18202
18209
18218
18247
18250
18256
18272
18280
18288
18289
18305
18305
18311
18343
18360
18360
18377
18381
18408
18409
18431
18431
18434
18444
18469
18470
18471
18480
18488
18489
18499
18510
18523
18528
18530
18537
18540
18541
18579
18579
18589
18605
18608
18653
18661
18672
18692
18694
18723
18737
18748
18754
18759
18768
18788
18804
18804
18805
18814
18825
18848
18861
18867
18871
18877
18887
18923
18927
18932
18954
18963
18968
18976
18987
19004
19004
19015
19016
19033
19054
19075
19076
19082
19113
19120
19129
19139
19143
19155
19160
19168
19168
19169
19173
19178
19181
19213
19214
19218
19222
19225
19227
19231
19231
19311
19322
19325
19338
19358
19374
19380
19393
19400
19404
19417
19421
19434
19454
19454
19472
19475
19480
19494
19500
19505
19506
19514
19527
19539
19558
19568
19591
19593
19594
19599
19604
19617
19617
19630
19637
19637
19639
19651
19652
19667
19672
19677
19695
19696
19703
19705
19729
19733
19742
19776
19790
19804
19829
19831
19831
19833
19838
19858
19876
19952
19962
19972
19978
19986
19988
20010
20013
20015
20023
20030
20048
20052
20056
20073
20080
20085
20087
20093
20101
20109
20112
20115
20117
20121
20131
20152
20155
20178
20187
20197
20206
20206
20212
20212
20213
20222
20227
20238
20242
20274
20277
20278
20285
20314
20324
20327
20330
20348
20356
20371
20372
20376
20389
20404
20405
20406
20414
20417
20436
20437
20459
20480
20499
20499
20501
20505
20513
20522
20535
20536
20537
20543
20558
20560
20605
20613
20622
20629
20639
20650
20654
20654
20676
20694
20700
20705
20730
20731
20731
20735
20758
20781
20823
20824
20829
20833
20840
20861
20861
20867
20868
20881
20892
20905
20914
20914
20921
20940
20964
20976
20986
21001
21003
21007
21015
21018
21020
21032
21054
21077
21086
21109
21109
21118
21125
21126
21155
21172
21239
21274
21275
21286
21307
21308
21312
21314
21317
21328
21329
21331
21341
21342
21385
21389
21400
21407
21408
21426
21427
21445
21455
21463
21480
21497
21497
21499
21509
21513
21517
21524
21534
21534
21537
21544
21548
21550
21586
21599
21609
21631
21632
21651
21657
21677
21681
21690
21703
21712
21726
21740
21744
21746
21746
21754
21806
21821
21864
21868
21878
21888
21901
21910
21915
21924
21925
21933
21937
21938
21960
21967
22005
22011
22024
22036
22042
22044
22052
22058
22066
22073
22079
22101
22118
22127
22132
22138
22138
22147
22154
22155
22164
22180
22191
22191
22195
22196
22197
22201
22214
22231
22253
22255
22260
22261
22271
22323
22324
22325
22331
22331
22332
22337
22339
22343
22347
22366
22372
22374
22378
22399
22409
22412
22423
22425
22442
22456
22468
22470
22480
22492
22544
22549
22552
22554
22561
22565
22582
22588
22596
22598
22605
22606
22608
22612
22612
22620
22627
22636
22641
22646
22660
22663
22678
22687
22697
22706
22720
22726
22730
22735
22753
22759
22785
22792
22799
22800
22819
22823
22826
22829
22872
22877
22881
22881
22936
22939
22944
22946
22947
22975
22975
22977
22978
22980
23015
23027
23027
23041
23061
23063
23064
23082
23082
23089
23115
23133
23160
23162
23162
23180
23183
23189
23202
23212
23221
23255
23276
23283
23298
23298
23301
23305
23310
23313
23323
23331
23352
23356
23380
23382
23382
23392
23399
23405
23419
23425
23439
23468
23491
23494
23502
23505
23533
23545
23550
23558
23559
23576
23576
23577
23592
23596
23601
23605
23622
23635
23641
23643
23656
23659
23665
23671
23680
23691
23693
23713
23714
23721
23721
23724
23724
23733
23734
23762
23769
23788
23790
23814
23827
23831
23839
23876
23878
23882
23910
23918
23924
23938
23943
23954
23961
23965
23972
23973
23973
23974
23988
24014
24016
24018
24030
24061
24061
24072
24073
24089
24113
24116
24121
24127
24128
24128
24143
24144
24152
24158
24164
24169
24178
24183
24191
24211
24232
24241
24255
24285
24288
24288
24301
24301
24308
24322
24338
24352
24379
24380
24383
24387
24390
24408
24439
24448
24452
24460
24480
24483
24486
24502
24530
24547
24550
24559
24574
24577
24582
24593
24624
24630
24649
24665
24668
24670
24674
24675
24676
24688
24691
24701
24713
24731
24733
24805
24807
24810
24813
24838
24849
24851
24875
24875
24882
24892
24897
24915
24916
24925
24949
24958
24962
24972
24972
24979
24989
24996
25000
25010
25013
25024
25030
25048
25065
25066
25067
25069
25081
25085
25089
25099
25110
25110
25113
25118
25134
25145
25151
25159
25170
25181
25194
25210
25224
25227
25246
25254
25267
25272
25310
25315
25317
25319
25324
25335
25335
25341
25355
25359
25399
25411
25432
25456
25462
25474
25484
25485
25502
25508
25527
25538
25540
25544
25547
25554
25560
25572
25574
25580
25581
25585
25585
25590
25599
25625
25642
25658
25688
25690
25719
25720
25725
25741
25745
25745
25759
25776
25787
25796
25869
25872
25889
25889
25891
25894
25897
25908
25919
25926
25935
25941
25944
25948
25951
25952
25952
25961
25965
25979
25980
25998
26007
26011
26016
26018
26039
26049
26053
26061
26081
26087
26109
26117
26117
26127
26134
26139
26144
26150
26162
26176
26179
26206
26206
26231
26233
26236
26251
26267
26269
26270
26277
26286
26293
26294
26298
26299
26305
26312
26336
26340
26341
26345
26360
26360
26373
26381
26400
26401
26406
26408
26464
26490
26517
26522
26531
26562
26568
26569
26574
26575
26598
26619
26622
26645
26652
26656
26670
26672
26683
26683
26687
26696
26697
26697
26703
26737
26741
26757
26757
26765
26766
26822
26833
26843
26848
26870
26874
26887
26889
26895
26901
26903
26922
26932
26934
26940
26986
27013
27018
27022
27029
27031
27041
27044
27093
27100
27103
27104
27105
27116
27132
27144
27144
27159
27171
27183
27186
27189
27198
27201
27210
27212
27230
27246
27248
27249
27264
27268
27286
27287
27293
27293
27308
27318
27327
27347
27362
27362
27391
27392
27397
27400
27404
27455
27470
27474
27477
27482
27485
27491
27508
27513
27520
27521
27535
27538
27539
27541
27548
27602
27604
27636
27637
27640
27644
27664
27680
27690
27690
27690
27721
27729
27763
27787
27788
27792
27799
27812
27812
27813
27828
27857
27861
27865
27875
27892
27892
27893
27893
27901
27908
27910
27911
27915
27917
27923
27926
27941
27956
27976
28007
28011
28016
28021
28025
28026
28030
28036
28038
28053
28058
28068
28100
28109
28112
28114
28148
28149
28149
28157
28211
28213
28216
28218
28223
28230
28242
28245
28264
28276
28303
28313
28316
28333
28341
28355
28365
28378
28380
28387
28398
28400
28420
28424
28439
28446
28464
28465
28466
28481
28483
28498
28505
28515
28532
28535
28539
28564
28566
28573
28587
28593
28604
28617
28632
28645
28647
28656
28689
28698
28708
28719
28735
28736
28738
28742
28770
28770
28785
28787
28802
28805
28814
28830
28837
28841
28846
28875
28878
28889
28903
28923
28948
28952
28955
28960
29004
29018
29033
29071
29071
29076
29081
29087
29090
29093
29098
29111
29113
29115
29123
29135
29186
29205
29225
29228
29230
29241
29288
29291
29305
29308
29315
29381
29384
29388
29401
29407
29415
29422
29423
29440
29443
29457
29458
29475
29481
29492
29502
29527
29531
29531
29535
29560
29577
29602
29615
29616
29623
29635
29638
29638
29653
29658
29663
29664
29672
29676
29678
29686
29689
29699
29704
29723
29742
29750
29752
29776
29779
29780
29783
29787
29791
29808
29839
29848
29851
29859
29876
29879
29886
29891
29892
29892
29915
29924
29940
29958
29965
29975
29988
30027
30061
30061
30094
30095
30109
30110
30112
30113
30146
30152
30153
30162
30187
30194
30195
30206
30207
30221
30222
30228
30238
30245
30248
30251
30272
30275
30281
30306
30312
30315
30338
30345
30350
30356
30361
30381
30405
30410
30420
30441
30446
30449
30456
30459
30471
30478
30479
30488
30490
30495
30504
30522
30527
30528
30556
30557
30576
30579
30587
30594
30605
30606
30611
30611
30625
30637
30648
30697
30713
30756
30759
30771
30772
30774
30775
30790
30803
30811
30820
30827
30838
30849
30866
30896
30899
30946
30948
30954
30958
30966
30970
30972
30974
30997
31002
31004
31017
31022
31022
31033
31039
31061
31082
31085
31092
31094
31103
31106
31109
31113
31116
31145
31150
31151
31154
31163
31167
31205
31215
31220
31242
31245
31249
31264
31272
31282
31298
31302
31309
31316
31316
31316
31331
31338
31340
31363
31371
31373
31391
31429
31463
31464
31468
31486
31506
31521
31547
31549
31555
31563
31569
31601
31609
31613
31627
31631
31631
31636
31647
31671
31706
31726
31731
31733
31738
31742
31750
31757
31762
31765
31779
31790
31794
31800
31811
31812
31817
31823
31829
31831
31849
31854
31863
31872
31922
31924
31929
31936
31945
31957
31966
31973
31974
31988
31991
31999
32015
32018
32024
32024
32041
32043
32043
32058
32086
32107
32126
32137
32151
32155
32161
32165
32168
32175
32183
32190
32195
32198
32200
32203
32203
32221
32229
32243
32264
32273
32287
32294
32298
32302
32306
32316
32325
32328
32330
32342
32356
32357
32357
32373
32374
32391
32411
32418
32421
32442
32446
32457
32483
32486
32492
32502
32505
32507
32517
32530
32549
32562
32566
32566
32574
32576
32578
32594
32599
32601
32609
32624
32626
32642
32674
32698
32701
32716
32727
32740
32741
32755
32778
32778
32793
32799
32800
32806
32808
32818
32825
32837
32845
32857
32867
32888
32898
32900
32915
32925
32936
32940
32980
32981
32983
32986
32998
33003
33004
33010
33063
33102
33102
33105
33121
33121
33132
33157
33205
33213
33215
33260
33285
33287
33291
33296
33299
33318
33341
33356
33357
33366
33366
33377
33380
33390
33391
33396
33404
33409
33435
33453
33453
33465
33468
33471
33481
33487
33488
33492
33492
33493
33493
33496
33501
33504
33511
33519
33527
33538
33540
33550
33561
33564
33569
33571
33575
33581
33585
33587
33608
33625
33651
33660
33668
33699
33722
33737
33753
33765
33773
33787
33789
33797
33802
33810
33811
33834
33838
33848
33856
33871
33887
33894
33911
33913
33918
33923
33932
33934
33944
33952
33954
33973
33987
33999
34016
34025
34034
34052
34055
34069
34072
34075
34081
34081
34084
34085
34092
34102
34103
34105
34121
34123
34138
34144
34157
34160
34161
34163
34165
34171
34191
34202
34204
34206
34229
34229
34230
34234
34269
34273
34294
34303
34306
34318
34333
34335
34341
34348
34351
34353
34360
34375
34399
34403
34403
34407
34408
34409
34410
34442
34447
34468
34469
34491
34494
34497
34520
34530
34543
34544
34554
34570
34583
34584
34593
34604
34605
34609
34631
34639
34659
34660
34664
34669
34672
34683
34685
34688
34699
34710
34711
34720
34734
34739
34740
34749
34791
34804
34806
34848
34885
34892
34910
34917
34921
34926
34929
34933
34935
34960
34969
34971
34973
34985
34990
34991
35027
35036
35040
35048
35051
35053
35064
35064
35067
35073
35077
35093
35095
35104
35128
35159
35184
35188
35190
35203
35203
35238
35239
35245
35252
35262
35271
35297
35347
35351
35378
35381
35394
35396
35399
35400
35402
35405
35437
35438
35459
35461
35462
35464
35483
35518
35518
35535
35537
35539
35547
35547
35570
35578
35590
35616
35621
35624
35630
35656
35684
35696
35703
35704
35705
35716
35716
35755
35764
35773
35777
35781
35789
35817
35820
35836
35859
35864
35882
35886
35901
35926
35928
35932
35934
35935
35947
35953
35965
35986
35998
36006
36013
36013
36026
36027
36028
36034
36059
36065
36077
36084
36085
36097
36115
36119
36130
36141
36154
36159
36169
36202
36212
36215
36220
36224
36247
36263
36288
36294
36298
36301
36307
36314
36316
36318
36327
36356
36359
36360
36362
36374
36387
36395
36402
36421
36421
36451
36469
36473
36474
36486
36493
36501
36508
36509
36524
36536
36541
36554
36566
36569
36583
36586
36599
36602
36603
36612
36612
36621
36648
36656
36690
36693
36698
36704
36708
36729
36738
36742
36762
36770
36776
36784
36793
36800
36828
36834
36836
36844
36845
36853
36860
36894
36920
36949
36959
36967
36969
36981
36981
37007
37010
37011
37012
37015
37029
37034
37039
37040
37053
37057
37057
37063
37077
37079
37085
37088
37100
37103
37110
37121
37129
37132
37134
37140
37152
37160
37163
37170
37179
37188
37188
37188
37189
37189
37201
37209
37214
37237
37238
37243
37260
37262
37269
37270
37284
37304
37310
37336
37342
37357
37396
37398
37402
37408
37416
37419
37429
37441
37472
37484
37498
37499
37504
37504
37510
37518
37532
37533
37536
37549
37552
37556
37592
37614
37632
37640
37641
37642
37642
37649
37659
37665
37671
37683
37692
37703
37718
37718
37725
37745
37768
37769
37770
37771
37779
37787
37793
37803
37806
37816
37821
37853
37858
37861
37865
37875
37884
37888
37898
37908
37910
37968
37973
37976
38014
38022
38027
38030
38040
38055
38059
38061
38080
38102
38116
38147
38153
38160
38171
38179
38195
38199
38211
38214
38229
38230
38238
38243
38247
38256
38258
38264
38296
38313
38322
38331
38334
38336
38343
38371
38380
38387
38389
38414
38457
38457
38461
38477
38497
38502
38512
38517
38522
38531
38532
38536
38576
38586
38606
38609
38613
38622
38626
38630
38654
38654
38655
38660
38688
38693
38731
38732
38737
38738
38751
38755
38772
38788
38794
38795
38801
38805
38826
38843
38845
38858
38858
38864
38868
38878
38884
38893
38901
38904
38911
38919
38920
38920
38936
38945
38954
38971
38980
38980
38991
38996
39003
39018
39022
39026
39043
39046
39048
39053
39079
39132
39135
39140
39158
39158
39171
39174
39193
39193
39200
39216
39217
39227
39230
39256
39295
39302
39304
39316
39349
39350
39360
39361
39367
39368
39369
39374
39378
39403
39425
39439
39460
39463
39468
39474
39479
39480
39492
39493
39514
39520
39523
39533
39552
39562
39574
39579
39581
39592
39593
39595
39607
39616
39651
39652
39653
39654
39657
39659
39661
39680
39692
39731
39748
39750
39751
39751
39752
39766
39774
39781
39804
39814
39814
39824
39844
39861
39891
39893
39915
39916
39921
39924
39960
39978
39984
39988
39990
40001
40005
40020
40023
40024
40054
40058
40071
40107
40115
40123
40123
40125
40131
40138
40151
40160
40164
40179
40186
40187
40208
40212
40226
40229
40235
40236
40254
40259
40275
40283
40292
40295
40296
40297
40302
40313
40316
40318
40346
40367
40369
40373
40383
40395
40398
40404
40404
40407
40408
40416
40422
40435
40462
40464
40484
40497
40505
40508
40519
40525
40529
40563
40566
40575
40593
40600
40602
40606
40632
40643
40646
40658
40659
40660
40668
40674
40701
40702
40710
40711
40711
40730
40735
40737
40750
40755
40759
40761
40762
40808
40812
40871
40897
40901
40939
40948
40953
40960
40962
40963
40987
40989
41012
41036
41051
41051
41052
41052
41065
41066
41071
41075
41081
41090
41093
41096
41125
41131
41145
41149
41150
41152
41153
41161
41168
41195
41217
41221
41225
41234
41246
41261
41261
41271
41271
41288
41295
41299
41304
41310
41318
41320
41339
41341
41344
41345
41349
41349
41351
41362
41370
41379
41388
41389
41404
41411
41423
41438
41443
41447
41475
41480
41487
41487
41491
41495
41499
41502
41506
41534
41542
41545
41547
41554
41556
41580
41582
41582
41589
41590
41605
41606
41610
41619
41624
41634
41653
41656
41685
41686
41691
41704
41718
41723
41729
41731
41739
41750
41759
41760
41774
41776
41788
41797
41808
41814
41819
41828
41832
41833
41854
41869
41874
41877
41924
41939
41976
41981
41983
41984
41997
42010
42018
42072
42078
42081
42081
42112
42130
42136
42138
42140
42174
42177
42186
42189
42210
42212
42212
42220
42221
42225
42231
42259
42268
42275
42276
42277
42297
42305
42325
42330
42347
42348
42376
42377
42380
42392
42395
42401
42410
42413
42420
42427
42429
42437
42448
42450
42457
42458
42469
42483
42516
42519
42527
42552
42552
42554
42557
42558
42569
42574
42587
42587
42592
42599
42616
42624
42625
42626
42638
42655
42674
42684
42702
42730
42735
42737
42765
42793
42793
42803
42808
42812
42818
42831
42833
42848
42863
42866
42891
42891
42902
42906
42914
42917
42941
42942
42950
42954
42963
42980
42993
42996
42997
43014
43024
43035
43036
43040
43042
43048
43059
43063
43069
43075
43106
43112
43116
43116
43135
43148
43153
43153
43154
43169
43182
43190
43192
43218
43229
43242
43246
43263
43273
43275
43328
43332
43335
43370
43370
43374
43375
43378
43398
43432
43441
43442
43447
43451
43457
43458
43473
43473
43480
43495
43501
43503
43520
43533
43542
43568
43585
43588
43591
43593
43594
43612
43631
43631
43646
43668
43684
43695
43700
43729
43731
43766
43770
43779
43787
43788
43793
43795
43814
43829
43846
43854
43881
43892
43911
43919
43924
43936
43974
43979
43983
43994
43994
44017
44033
44040
44040
44052
44055
44064
44068
44070
44075
44083
44086
44094
44101
44128
44146
44171
44220
44229
44231
44240
44242
44258
44262
44263
44265
44267
44276
44291
44293
44294
44303
44308
44327
44328
44348
44355
44361
44388
44395
44399
44439
44451
44462
44472
44493
44509
44519
44541
44550
44552
44563
44567
44582
44591
44598
44601
44624
44625
44639
44642
44664
44668
44682
44690
44693
44708
44738
44748
44764
44772
44785
44788
44798
44799
44804
44818
44825
44828
44846
44877
44879
44882
44891
44897
44900
44907
44910
44932
44939
44955
44969
44994
45003
45008
45020
45044
45050
45063
45072
45080
45084
45097
45105
45109
45121
45129
45149
45154
45156
45157
45171
45189
45191
45204
45208
45209
45210
45213
45228
45233
45235
45242
45249
45258
45266
45299
45312
45320
45323
45355
45357
45362
45363
45377
45388
45402
45416
45418
45420
45421
45431
45432
45438
45438
45445
45449
45454
45458
45459
45486
45493
45496
45503
45510
45527
45538
45575
45585
45611
45616
45619
45621
45623
45631
45638
45666
45668
45672
45681
45681
45708
45713
45714
45722
45724
45728
45734
45737
45740
45749
45754
45774
45776
45789
45796
45799
45815
45847
45853
45862
45870
45883
45890
45892
45899
45939
45940
45954
45962
45962
45968
45972
45979
46000
46003
46010
46012
46017
46021
46025
46028
46032
46034
46038
46041
46060
46068
46073
46076
46080
46101
46101
46102
46116
46123
46139
46142
46199
46199
46204
46206
46215
46236
46312
46314
46316
46325
46337
46340
46348
46353
46355
46371
46373
46374
46378
46397
46399
46410
46415
46425
46441
46445
46458
46461
46472
46472
46472
46474
46481
46483
46494
46511
46522
46536
46564
46568
46575
46586
46592
46594
46600
46611
46626
46661
46664
46679
46702
46711
46713
46715
46734
46734
46755
46758
46760
46762
46802
46840
46859
46867
46887
46888
46890
46895
46903
46904
46906
46918
46918
46924
46929
46941
46943
46951
46954
46960
46963
46967
46982
46989
47001
47002
47013
47022
47044
47068
47078
47084
47089
47098
47123
47128
47156
47158
47165
47165
47166
47168
47180
47190
47212
47215
47219
47219
47221
47223
47229
47246
47250
47255
47269
47293
47303
47314
47331
47334
47363
47364
47375
47382
47407
47407
47410
47426
47429
47445
47469
47470
47472
47474
47477
47484
47486
47491
47503
47519
47523
47525
47532
47547
47549
47559
47601
47639
47640
47640
47682
47689
47705
47718
47724
47730
47733
47736
47737
47757
47774
47788
47805
47816
47819
47823
47826
47829
47834
47842
47853
47885
47896
47909
47912
47924
47963
47965
47967
47980
47984
48008
48011
48012
48034
48047
48086
48087
48127
48157
48158
48173
48185
48187
48192
48205
48208
48210
48221
48235
48249
48250
48250
48253
48285
48301
48312
48312
48315
48317
48319
48328
48331
48334
48341
48357
48357
48368
48371
48380
48404
48406
48422
48423
48432
48439
48454
48461
48470
48470
48475
48478
48489
48492
48496
48500
48509
48516
48518
48526
48542
48546
48597
48600
48602
48606
48609
48612
48622
48637
48674
48687
48704
48707
48731
48748
48753
48758
48784
48792
48797
48810
48830
48836
48844
48847
48858
48861
48870
48892
48905
48917
48937
48937
48940
48963
48976
49004
49004
49015
49021
49032
49082
49118
49125
49125
49128
49129
49135
49140
49140
49151
49161
49164
49165
49183
49185
49187
49191
49200
49217
49253
49254
49257
49273
49280
49284
49296
49319
49327
49329
49331
49359
49373
49392
49393
49408
49439
49449
49451
49462
49475
49510
49519
49520
49573
49580
49581
49591
49592
49594
49599
49610
49620
49642
49651
49667
49678
49681
49684
49687
49688
49703
49712
49719
49738
49749
49796
49811
49814
49816
49820
49833
49847
49847
49859
49900
49910
49930
49932
49971
49984
49987
50000
50019
50027
50045
50066
50069
50070
50073
50075
50082
50086
50089
50095
50104
50116
50132
50138
50157
50163
50169
50171
50175
50187
50196
50202
50203
50213
50223
50224
50227
50228
50229
50265
50274
50313
50314
50335
50340
50348
50381
50383
50392
50398
50400
50439
50440
50441
50449
50460
50465
50466
50466
50472
50499
50513
50536
50543
50558
50566
50568
50571
50571
50578
50589
50610
50612
50628
50632
50635
50640
50650
50651
50655
50658
50661
50667
50673
50716
50726
50727
50727
50735
50735
50738
50748
50749
50750
50751
50762
50771
50790
50794
50794
50804
50823
50863
50863
50877
50900
50901
50906
50921
50934
50943
50955
50955
50981
50983
51019
51022
51028
51041
51044
51069
51069
51079
51082
51098
51113
51120
51131
51132
51135
51148
51151
51156
51173
51206
51208
51231
51232
51240
51241
51248
51255
51255
51256
51266
51280
51316
51319
51338
51343
51349
51361
51365
51369
51382
51388
51393
51397
51398
51411
51431
51468
51468
51476
51479
51479
51481
51482
51501
51519
51532
51541
51547
51553
51560
51566
51576
51590
51600
51600
51601
51604
51605
51612
51625
51634
51643
51649
51674
51677
51685
51692
51695
51698
51704
51720
51724
51755
51766
51772
51773
51788
51790
51826
51833
51863
51889
51892
51901
51909
51912
51913
51930
51939
51941
51945
51948
51949
51954
51966
51969
51970
51973
51980
51982
51989
51992
52010
52014
52016
52021
52036
52050
52055
52062
52063
52065
52067
52084
52096
52148
52156
52183
52189
52197
52211
52214
52218
52231
52246
52246
52246
52250
52276
52287
52295
52301
52312
52314
52327
52329
52339
52361
52362
52363
52365
52386
52395
52397
52405
52416
52429
52442
52460
52471
52500
52501
52511
52541
52550
52552
52554
52563
52568
52577
52580
52584
52584
52617
52629
52646
52673
52678
52694
52694
52697
52699
52739
52742
52747
52749
52755
52756
52792
52794
52801
52802
52804
52809
52810
52814
52829
52839
52849
52849
52853
52871
52879
52884
52894
52899
52928
52932
52948
52952
52955
52965
52983
53011
53080
53088
53092
53093
53101
53111
53115
53120
53128
53145
53148
53171
53173
53176
53182
53199
53204
53210
53225
53230
53243
53244
53248
53253
53256
53287
53294
53303
53343
53349
53380
53385
53414
53429
53435
53448
53454
53456
53460
53473
53476
53478
53478
53499
53508
53516
53522
53538
53541
53549
53552
53572
53580
53581
53620
53626
53627
53640
53646
53652
53653
53654
53656
53675
53680
53712
53741
53764
53773
53777
53804
53814
53820
53828
53836
53836
53838
53838
53841
53855
53856
53860
53889
53892
53894
53925
53977
53991
54005
54005
54010
54033
54045
54054
54054
54055
54055
54070
54074
54074
54098
54103
54103
54114
54140
54140
54144
54148
54158
54173
54198
54247
54251
54263
54265
54270
54271
54281
54302
54303
54316
54316
54319
54320
54329
54334
54338
54338
54353
54356
54363
54377
54380
54434
54469
54479
54509
54511
54520
54527
54533
54538
54552
54557
54562
54594
54608
54610
54616
54628
54631
54648
54667
54667
54674
54683
54695
54728
54763
54765
54782
54809
54830
54835
54839
54849
54850
54910
54916
54917
54929
54944
54960
54983
54990
54992
54999
55042
55069
55086
55089
55089
55100
55122
55137
55140
55164
55184
55187
55192
55200
55203
55204
55212
55223
55224
55226
55231
55232
55235
55259
55269
55275
55292
55300
55304
55314
55316
55316
55321
55322
55341
55342
55343
55358
55358
55362
55366
55418
55423
55428
55434
55444
55460
55461
55472
55497
55525
55558
55572
55580
55590
55592
55611
55629
55632
55638
55665
55681
55687
55693
55697
55700
55713
55750
55756
55767
55774
55784
55789
55798
55817
55828
55832
55852
55882
55890
55909
55910
55915
55930
55931
55939
55970
55972
55977
55987
56007
56019
56026
56027
56031
56039
56041
56075
56077
56094
56094
56097
56106
56119
56129
56139
56141
56161
56186
56190
56190
56197
56241
56246
56260
56273
56281
56287
56290
56316
56316
56326
56332
56360
56371
56372
56382
56382
56408
56410
56420
56427
56445
56449
56453
56453
56471
56492
56495
56495
56503
56512
56513
56515
56523
56530
56536
56539
56554
56555
56566
56567
56569
56571
56582
56609
56623
56629
56649
56651
56670
56676
56706
56706
56734
56747
56777
56795
56799
56803
56808
56823
56829
56830
56834
56840
56844
56857
56879
56887
56894
56911
56911
56917
56922
56934
56937
56943
56952
56968
56970
56979
56998
57003
57030
57043
57046
57046
57049
57057
57075
57075
57082
57097
57111
57115
57120
57130
57170
57174
57187
57190
57192
57197
57210
57237
57255
57270
57273
57285
57294
57300
57301
57311
57321
57324
57330
57345
57347
57384
57386
57405
57421
57428
57434
57435
57439
57446
57448
57452
57454
57459
57460
57463
57467
57471
57481
57487
57515
57539
57545
57554
57558
57565
57583
57592
57605
57619
57627
57628
57631
57631
57634
57650
57663
57667
57678
57722
57730
57745
57765
57786
57791
57796
57827
57829
57830
57836
57845
57886
57904
57945
57946
57970
57982
57993
57996
57997
57999
58000
58003
58006
58010
58012
58021
58023
58030
58043
58060
58066
58086
58096
58097
58098
58101
58118
58131
58139
58140
58146
58147
58159
58174
58183
58192
58202
58210
58214
58219
58244
58270
58301
58316
58325
58332
58339
58352
58353
58357
58368
58371
58396
58401
58406
58420
58427
58434
58454
58468
58472
58509
58514
58546
58548
58548
58562
58571
58572
58579
58591
58598
58653
58671
58688
58693
58701
58714
58715
58717
58738
58747
58749
58777
58778
58809
58828
58841
58846
58851
58855
58860
58865
58891
58907
58907
58915
58921
58926
58927
58933
58940
58988
58988
58991
58999
59000
59006
59006
59011
59012
59017
59021
59023
59054
59068
59081
59103
59104
59105
59111
59112
59120
59150
59156
59171
59181
59189
59190
59216
59227
59237
59241
59249
59250
59257
59267
59279
59283
59284
59293
59305
59312
59325
59326
59340
59375
59395
59398
59413
59414
59415
59417
59418
59427
59458
59462
59470
59471
59479
59483
59485
59485
59490
59491
59505
59507
59542
59544
59555
59563
59572
59582
59588
59593
59599
59615
59621
59624
59631
59650
59689
59700
59706
59712
59722
59735
59743
59752
59774
59787
59790
59802
59814
59828
59830
59830
59844
59850
59865
59882
59903
59948
59954
59958
59964
59980
59988
59992
60001
60003
60004
60007
60011
60013
60018
60048
60048
60054
60087
60099
60136
60136
60162
60167
60172
60182
60187
60190
60207
60220
60226
60230
60246
60256
60261
60268
60273
60274
60280
60288
60301
60322
60328
60330
60385
60397
60407
60409
60409
60416
60429
60452
60476
60489
60511
60520
60531
60532
60535
60540
60556
60564
60582
60589
60608
60608
60609
60613
60620
60621
60623
60641
60643
60659
60663
60664
60679
60680
60685
60699
60700
60717
60731
60734
60746
60750
60760
60770
60780
60780
60781
60782
60793
60796
60799
60803
60813
60819
60838
60874
60881
60886
60888
60892
60907
60908
60922
60936
60960
60974
60976
60978
60996
60997
61022
61032
61036
61049
61054
61059
61061
61065
61067
61072
61073
61076
61092
61107
61116
61126
61141
61141
61154
61176
61181
61208
61209
61222
61235
61274
61278
61279
61286
61306
61315
61317
61320
61335
61346
61357
61359
61361
61366
61371
61391
61397
61401
61439
61448
61456
61464
61479
61487
61489
61497
61501
61508
61508
61516
61521
61527
61534
61552
61562
61585
61620
61623
61635
61659
61665
61693
61702
61713
61725
61726
61739
61740
61754
61770
61772
61781
61805
61809
61847
61847
61864
61865
61876
61882
61894
61903
61938
61941
61946
61978
62003
62013
62018
62032
62035
62047
62050
62064
62078
62092
62107
62110
62120
62123
62140
62144
62146
62158
62173
62176
62181
62199
62210
62216
62216
62223
62223
62223
62239
62254
62267
62309
62320
62325
62339
62343
62355
62357
62370
62373
62375
62379
62381
62389
62401
62402
62416
62420
62423
62439
62441
62442
62443
62446
62449
62461
62472
62484
62484
62491
62493
62494
62524
62532
62543
62547
62549
62550
62563
62578
62590
62593
62608
62660
62665
62671
62677
62683
62687
62720
62739
62754
62754
62755
62762
62765
62774
62786
62795
62802
62826
62827
62832
62840
62847
62853
62859
62869
62876
62878
62904
62911
62943
62958
62962
62972
62976
62976
63029
63038
63043
63054
63063
63073
63078
63086
63097
63098
63104
63110
63130
63137
63145
63148
63161
63168
63172
63174
63178
63187
63192
63208
63231
63233
63255
63257
63263
63266
63270
63272
63285
63295
63300
63310
63324
63328
63335
63346
63359
63405
63409
63413
63419
63422
63422
63438
63441
63443
63446
63461
63465
63480
63503
63511
63514
63519
63534
63550
63556
63557
63576
63578
63581
63582
63585
63596
63602
63627
63645
63667
63672
63692
63720
63721
63743
63746
63750
63758
63758
63762
63763
63789
63793
63805
63823
63833
63841
63859
63862
63870
63874
63876
63891
63896
63910
63917
63942
63943
63948
63991
63995
63999
64002
64002
64009
64024
64027
64031
64055
64059
64066
64097
64107
64108
64111
64112
64113
64120
64121
64136
64138
64148
64155
64167
64173
64180
64189
64209
64229
64235
64247
64254
64257
64266
64290
64291
64293
64310
64314
64317
64333
64354
64366
64403
64407
64409
64411
64421
64438
64441
64441
64448
64467
64470
64495
64498
64499
64521
64539
64550
64552
64554
64560
64561
64567
64570
64613
64621
64623
64627
64628
64643
64651
64669
64676
64712
64721
64725
64737
64741
64747
64753
64801
64817
64822
64824
64828
64830
64835
64858
64898
64919
64923
64924
64925
64931
64943
64955
64966
64974
64978
64980
64980
64985
64986
64997
65006
65009
65014
65034
65037
65059
65074
65095
65103
65114
65136
65160
65162
65166
65181
65182
65188
65215
65218
65231
65232
65232
65247
65255
65258
65273
65275
65290
65296
65303
65319
65320
65320
65321
65324
65329
65333
65337
65341
65350
65358
65362
65388
65404
65409
65424
65439
65448
65452
65469
65484
65494
65494
65514
65515
65517
65519
65530
65550
65569
65574
65579
65588
65608
65615
65642
65665
65672
65676
65682
65689
65721
65728
65735
65739
65751
65761
65772
65778
65782
65795
65799
65819
65846
65856
65856
65897
65898
65900
65902
65912
65925
65943
65996
65998
66004
66016
66047
66049
66064
66098
66106
66119
66123
66132
66142
66144
66155
66182
66184
66215
66219
66225
66235
66236
66237
66262
66272
66282
66297
66311
66329
66333
66346
66347
66365
66367
66369
66373
66395
66396
66406
66414
66421
66431
66431
66491
66491
66516
66543
66544
66565
66577
66578
66579
66604
66607
66609
66647
66691
66710
66713
66727
66784
66789
66789
66796
66797
66814
66822
66826
66834
66844
66851
66864
66866
66867
66869
66870
66878
66881
66883
66894
66898
66917
66922
66939
66951
66959
66974
66990
67001
67012
67050
67054
67059
67062
67082
67087
67095
67110
67125
67142
67144
67151
67162
67163
67172
67184
67191
67192
67198
67199
67200
67228
67232
67243
67244
67246
67250
67254
67255
67258
67261
67265
67269
67278
67281
67287
67303
67315
67340
67347
67353
67356
67386
67389
67391
67397
67397
67409
67417
67417
67420
67421
67428
67430
67458
67470
67479
67519
67521
67530
67534
67554
67569
67615
67625
67628
67643
67648
67650
67651
67654
67660
67666
67668
67668
67670
67690
67700
67711
67716
67719
67755
67764
67769
67792
67815
67816
67819
67824
67835
67841
67846
67858
67862
67863
67864
67900
67909
67923
67942
67956
67961
67969
67979
67981
67996
68001
68019
68023
68044
68053
68073
68075
68090
68096
68107
68109
68109
68123
68128
68135
68150
68151
68153
68169
68177
68177
68185
68188
68192
68198
68212
68237
68241
68245
68251
68252
68265
68290
68291
68293
68313
68336
68344
68382
68427
68437
68466
68474
68474
68504
68510
68511
68524
68540
68541
68546
68551
68557
68572
68582
68596
68626
68651
68674
68694
68696
68713
68715
68721
68732
68739
68750
68755
68758
68762
68764
68776
68785
68787
68791
68827
68837
68838
68847
68854
68855
68859
68859
68864
68913
68918
68919
68929
68930
68937
68944
68947
68956
68970
68979
68988
68993
69030
69035
69050
69063
69074
69076
69097
69099
69102
69105
69115
69122
69130
69133
69135
69139
69152
69152
69156
69156
69157
69178
69182
69204
69220
69220
69228
69233
69253
69268
69282
69300
69308
69330
69331
69333
69341
69342
69343
69344
69363
69365
69366
69366
69393
69396
69407
69410
69416
69418
69426
69433
69434
69444
69448
69465
69469
69491
69493
69513
69521
69523
69535
69538
69564
69573
69576
69582
69584
69598
69600
69609
69619
69622
69628
69632
69633
69640
69656
69659
69661
69663
69664
69698
69704
69708
69728
69734
69734
69738
69753
69762
69766
69771
69787
69791
69796
69810
69820
69844
69845
69846
69858
69887
69890
69892
69903
69911
69939
69939
69959
69977
69985
69991
70017
70025
70029
70031
70034
70034
70047
70056
70061
70086
70094
70118
70129
70134
70144
70154
70155
70162
70164
70167
70214
70245
70271
70275
70276
70282
70300
70325
70330
70345
70354
70367
70372
70377
70418
70419
70429
70447
70450
70478
70482
70482
70489
70495
70500
70513
70531
70535
70586
70588
70601
70608
70609
70610
70640
70645
70650
70656
70671
70684
70695
70696
70697
70698
70725
70737
70737
70755
70767
70778
70804
70839
70853
70871
70871
70875
70888
70905
70914
70936
70949
70966
70966
70975
70984
70990
71002
71012
71027
71027
71028
71041
71078
71089
71094
71108
71143
71148
71148
71153
71164
71167
71169
71175
71180
71196
71201
71202
71203
71206
71207
71221
71242
71250
71259
71267
71267
71304
71312
71316
71316
71318
71321
71336
71359
71371
71377
71387
71400
71405
71411
71412
71434
71451
71455
71460
71464
71468
71469
71475
71477
71481
71502
71504
71537
71549
71556
71557
71559
71591
71592
71614
71651
71654
71678
71681
71686
71701
71760
71772
71790
71799
71831
71846
71855
71866
71881
71907
71913
71921
71922
71925
71928
71936
71945
72006
72051
72063
72065
72076
72096
72109
72114
72126
72132
72148
72148
72152
72167
72175
72181
72192
72194
72223
72261
72291
72307
72345
72348
72353
72365
72367
72374
72377
72395
72415
72429
72434
72436
72438
72459
72472
72472
72483
72522
72526
72557
72569
72575
72577
72583
72584
72595
72596
72602
72610
72615
72620
72643
72691
72692
72696
72698
72701
72731
72733
72745
72767
72831
72855
72856
72892
72897
72923
72930
72931
72934
72935
72961
72970
72982
72983
72983
73007
73012
73012
73015
73029
73029
73035
73039
73045
73053
73078
73095
73099
73099
73113
73126
73126
73135
73146
73154
73155
73161
73170
73182
73201
73208
73208
73214
73241
73253
73279
73283
73284
73298
73301
73301
73311
73320
73323
73325
73331
73331
73363
73365
73368
73373
73382
73392
73393
73398
73413
73415
73431
73432
73469
73491
73492
73505
73543
73556
73558
73563
73575
73590
73596
73617
73627
73631
73638
73654
73658
73668
73669
73672
73679
73687
73689
73707
73708
73718
73734
73734
73744
73749
73758
73781
73786
73797
73815
73824
73843
73847
73854
73866
73880
73880
73885
73902
73914
73922
73925
73926
73927
73939
73941
73946
73965
73982
73985
73992
73994
74001
74008
74015
74040
74057
74080
74080
74083
74084
74090
74096
74096
74099
74109
74117
74118
74135
74143
74151
74164
74169
74183
74196
74203
74210
74215
74221
74222
74226
74279
74289
74302
74319
74361
74365
74373
74386
74413
74429
74445
74446
74459
74477
74479
74495
74503
74516
74516
74536
74564
74575
74591
74593
74637
74639
74649
74659
74674
74678
74691
74698
74701
74702
74710
74716
74728
74745
74764
74771
74779
74785
74816
74835
74844
74845
74861
74865
74868
74874
74880
74880
74881
74883
74891
74901
74901
74905
74919
74925
74929
74934
74939
74953
74954
74956
74969
74971
74978
74978
74982
75004
75005
75015
75039
75070
75072
75082
75088
75099
75099
75101
75102
75102
75124
75155
75164
75181
75198
75204
75220
75225
75225
75234
75246
75247
75251
75276
75277
75312
75320
75324
75339
75357
75358
75359
75367
75375
75389
75401
75402
75417
75418
75431
75455
75457
75466
75470
75486
75489
75510
75547
75548
75549
75563
75569
75571
75573
75575
75577
75578
75579
75591
75593
75606
75615
75617
75631
75631
75634
75634
75654
75668
75670
75671
75672
75674
75688
75688
75688
75697
75703
75703
75708
75714
75728
75730
75740
75745
75760
75766
75785
75789
75805
75807
75825
75842
75860
75868
75874
75874
75921
75924
75927
75931
75936
75949
75958
75964
75986
75987
75999
76006
76021
76022
76025
76039
76054
76057
76069
76077
76093
76096
76101
76102
76103
76122
76131
76146
76154
76154
76157
76163
76175
76177
76188
76191
76195
76202
76203
76220
76233
76235
76261
76261
76273
76278
76317
76324
76329
76331
76332
76344
76347
76350
76366
76372
76379
76385
76395
76415
76418
76421
76424
76450
76470
76478
76513
76516
76528
76538
76544
76545
76548
76553
76567
76568
76573
76596
76643
76651
76653
76658
76663
76685
76688
76710
76715
76715
76717
76720
76723
76726
76727
76730
76745
76753
76756
76770
76777
76802
76807
76811
76813
76865
76872
76877
76878
76901
76904
76908
76909
76929
76936
76937
76940
76942
76963
76972
76978
76985
76986
76997
77012
77013
77045
77052
77094
77096
77097
77100
77110
77115
77128
77131
77131
77150
77156
77169
77187
77202
77204
77227
77227
77249
77256
77270
77279
77282
77285
77296
77312
77356
77358
77372
77373
77378
77385
77413
77436
77443
77443
77455
77467
77467
77478
77478
77501
77509
77516
77520
77531
77536
77538
77542
77557
77563
77563
77569
77584
77590
77600
77607
77608
77632
77636
77643
77645
77654
77678
77705
77710
77713
77732
77733
77736
77742
77749
77752
77767
77767
77782
77793
77799
77807
77814
77840
77846
77871
77882
77902
77906
77914
77922
77925
77933
77941
77946
77967
77971
77975
77986
78002
78003
78014
78022
78042
78051
78074
78077
78081
78105
78105
78111
78112
78123
78125
78128
78135
78146
78150
78165
78166
78171
78180
78197
78198
78203
78204
78233
78239
78241
78241
78241
78248
78260
78286
78289
78301
78315
78329
78335
78360
78371
78379
78389
78407
78424
78435
78444
78446
78449
78456
78459
78466
78486
78486
78490
78496
78505
78529
78545
78553
78555
78569
78570
78580
78594
78594
78605
78610
78621
78637
78639
78656
78656
78668
78670
78671
78676
78677
78678
78684
78692
78723
78727
78740
78746
78746
78751
78764
78781
78813
78817
78825
78852
78854
78876
78881
78887
78899
78904
78909
78918
78940
78940
78952
78999
79021
79034
79049
79052
79072
79072
79081
79082
79093
79098
79104
79109
79120
79132
79144
79150
79151
79155
79160
79160
79173
79173
79187
79204
79220
79220
79232
79264
79273
79288
79291
79310
79310
79316
79318
79323
79324
79325
79341
79389
79391
79400
79406
79408
79416
79418
79426
79461
79475
79475
79481
79518
79532
79548
79557
79573
79575
79576
79579
79581
79586
79587
79626
79634
79641
79656
79676
79688
79701
79709
79712
79718
79720
79721
79725
79738
79744
79756
79760
79782
79785
79806
79807
79814
79839
79840
79851
79856
79866
79897
79905
79923
79929
79929
79931
79933
79936
79945
79952
79964
79973
79982
80001
80009
80027
80041
80050
80058
80077
80086
80116
80120
80121
80131
80133
80140
80156
80162
80177
80187
80215
80227
80231
80235
80237
80244
80253
80260
80282
80288
80301
80301
80302
80318
80322
80337
80356
80363
80374
80385
80395
80409
80418
80436
80462
80462
80463
80473
80481
80489
80501
80510
80517
80524
80528
80540
80559
80580
80581
80584
80585
80590
80595
80612
80623
80635
80637
80649
80674
80706
80726
80743
80763
80766
80768
80773
80776
80779
80779
80797
80798
80805
80807
80825
80828
80850
80854
80874
80880
80894
80906
80924
80931
80934
80934
80954
80970
80976
80978
80988
80996
81001
81008
81013
81021
81024
81052
81056
81065
81077
81083
81085
81102
81104
81107
81111
81125
81133
81141
81147
81163
81182
81195
81202
81222
81229
81235
81278
81291
81301
81306
81306
81316
81328
81345
81351
81369
81399
81407
81421
81428
81444
81458
81463
81469
81472
81483
81486
81499
81507
81520
81545
81547
81554
81557
81560
81576
81576
81577
81580
81581
81585
81598
81600
81602
81608
81609
81612
81629
81635
81657
81667
81689
81709
81730
81738
81739
81741
81771
81773
81778
81778
81786
81790
81798
81819
81833
81834
81843
81847
81888
81906
81913
81921
81925
81927
81951
81954
82001
82012
82014
82018
82022
82053
82062
82064
82065
82066
82072
82076
82081
82108
82109
82112
82119
82140
82143
82155
82166
82182
82216
82233
82241
82257
82264
82273
82289
82293
82321
82335
82338
82345
82346
82354
82357
82358
82361
82361
82377
82382
82388
82393
82400
82424
82431
82431
82438
82449
82468
82474
82480
82483
82484
82517
82537
82554
82562
82573
82582
82586
82587
82589
82590
82599
82601
82602
82611
82622
82628
82631
82646
82688
82694
82701
82714
82717
82732
82734
82738
82752
82766
82768
82801
82820
82823
82827
82832
82835
82866
82883
82890
82895
82905
82968
82973
82979
82984
82999
83002
83003
83008
83012
83017
83022
83033
83046
83057
83079
83086
83093
83098
83107
83124
83127
83134
83140
83162
83163
83168
83183
83197
83199
83209
83221
83238
83243
83274
83283
83286
83290
83294
83304
83321
83334
83341
83342
83342
83354
83355
83362
83363
83371
83376
83377
83380
83386
83400
83407
83408
83428
83441
83454
83461
83465
83471
83473
83487
83500
83504
83505
83506
83536
83550
83556
83559
83575
83581
83618
83626
83647
83669
83670
83670
83673
83677
83697
83697
83704
83718
83720
83733
83743
83759
83797
83823
83825
83837
83849
83850
83861
83862
83875
83888
83895
83897
83908
83913
83919
83945
83955
83967
83973
83977
83983
83999
84000
84031
84032
84051
84060
84066
84092
84123
84132
84140
84144
84145
84151
84160
84163
84170
84180
84197
84199
84202
84207
84262
84283
84285
84318
84321
84323
84334
84349
84352
84352
84358
84366
84374
84377
84386
84387
84394
84398
84408
84412
84439
84439
84439
84441
84442
84466
84471
84510
84515
84524
84551
84552
84561
84565
84571
84576
84611
84617
84621
84641
84671
84686
84690
84691
84706
84709
84714
84735
84739
84753
84763
84776
84779
84785
84790
84795
84813
84817
84818
84822
84826
84831
84854
84854
84857
84861
84873
84890
84921
84954
84962
84972
84983
84987
84988
84993
85011
85014
85024
85073
85075
85076
85076
85081
85103
85134
85136
85137
85148
85148
85158
85159
85188
85220
85226
85233
85262
85264
85283
85289
85299
85320
85327
85332
85337
85339
85339
85341
85345
85345
85349
85352
85352
85359
85364
85378
85381
85386
85398
85415
85421
85449
85453
85479
85487
85501
85507
85509
85527
85531
85539
85539
85554
85560
85592
85596
85604
85612
85649
85653
85654
85654
85660
85709
85717
85731
85743
85763
85768
85775
85777
85782
85783
85806
85808
85811
85821
85832
85856
85865
85867
85871
85872
85881
85896
85905
85942
85942
85947
85962
85968
85976
85977
85980
85983
85986
86018
86022
86044
86050
86052
86066
86069
86074
86082
86103
86109
86115
86128
86131
86154
86157
86164
86166
86172
86193
86197
86198
86198
86234
86244
86260
86263
86268
86285
86286
86291
86299
86304
86307
86308
86314
86344
86346
86354
86361
86375
86375
86400
86400
86400
86408
86409
86444
86447
86469
86494
86517
86522
86524
86532
86539
86581
86584
86598
86609
86627
86630
86635
86637
86654
86675
86682
86685
86687
86723
86726
86727
86737
86739
86739
86744
86752
86764
86766
86784
86784
86812
86862
86868
86891
86891
86897
86897
86902
86930
86941
86951
86966
86996
86999
87007
87017
87031
87045
87060
87067
87071
87072
87085
87100
87119
87129
87133
87145
87152
87153
87160
87173
87179
87191
87192
87215
87217
87218
87226
87229
87244
87272
87274
87291
87304
87313
87315
87321
87333
87334
87335
87349
87352
87354
87372
87374
87375
87382
87395
87410
87413
87414
87419
87419
87420
87462
87464
87470
87471
87496
87516
87539
87542
87548
87550
87555
87557
87557
87608
87613
87618
87618
87618
87645
87647
87649
87655
87659
87660
87664
87672
87682
87684
87689
87691
87706
87716
87724
87738
87750
87751
87773
87773
87781
87783
87812
87813
87819
87821
87823
87841
87863
87867
87868
87873
87873
87898
87900
87917
87929
87932
87932
87933
87934
87940
87949
87950
87969
87976
87991
87993
87995
88010
88025
88027
88046
88047
88050
88069
88092
88093
88097
88125
88131
88132
88159
88174
88183
88187
88197
88204
88229
88230
88232
88244
88248
88249
88250
88268
88277
88287
88295
88317
88332
88339
88343
88355
88361
88361
88365
88371
88372
88378
88388
88389
88404
88418
88425
88429
88448
88456
88470
88475
88488
88497
88500
88530
88534
88536
88550
88568
88570
88573
88580
88587
88593
88594
88596
88618
88623
88629
88630
88632
88641
88642
88656
88657
88658
88685
88685
88686
88733
88744
88756
88757
88757
88768
88773
88782
88804
88812
88865
88878
88882
88887
88895
88904
88925
88963
88984
89009
89012
89015
89016
89030
89048
89063
89065
89068
89069
89104
89122
89127
89127
89162
89182
89185
89188
89191
89204
89204
89210
89222
89228
89230
89235
89244
89245
89276
89278
89301
89323
89350
89358
89369
89398
89400
89404
89406
89409
89414
89417
89447
89456
89493
89516
89522
89534
89535
89554
89567
89598
89599
89618
89620
89623
89630
89645
89679
89686
89691
89693
89697
89700
89715
89715
89720
89735
89740
89749
89774
89790
89792
89798
89804
89810
89826
89835
89849
89870
89875
89885
89887
89891
89893
89915
89919
89923
89926
89932
89941
89979
89980
89984
89990
89991
89999
90003
90006
90034
90043
90079
90079
90101
90102
90105
90105
90107
90109
90131
90142
90160
90168
90200
90202
90212
90219
90226
90227
90236
90239
90241
90261
90264
90279
90284
90291
90296
90336
90383
90387
90387
90388
90389
90397
90402
90402
90408
90418
90420
90425
90447
90455
90489
90508
90516
90519
90522
90527
90528
90533
90541
90548
90559
90562
90579
90584
90587
90614
90656
90670
90673
90676
90694
90718
90721
90743
90751
90759
90770
90781
90788
90816
90840
90849
90854
90861
90890
90892
90899
90907
90910
90921
90929
90932
90953
90965
90968
90973
90975
90983
90988
90988
91003
91010
91022
91023
91025
91037
91038
91051
91051
91060
91067
91070
91092
91101
91130
91135
91139
91141
91149
91155
91167
91175
91185
91186
91208
91214
91217
91228
91233
91244
91245
91267
91283
91287
91301
91349
91356
91359
91397
91415
91418
91421
91438
91453
91476
91483
91497
91497
91539
91543
91558
91567
91602
91605
91616
91617
91617
91630
91643
91652
91658
91671
91672
91673
91691
91691
91723
91724
91755
91760
91761
91780
91783
91800
91802
91806
91810
91815
91829
91834
91836
91851
91867
91874
91883
91888
91902
91912
91928
91944
91950
91960
91973
91983
91990
91999
92013
92036
92037
92069
92083
92088
92093
92104
92106
92125
92138
92146
92183
92205
92214
92220
92224
92226
92227
92244
92272
92282
92285
92286
92289
92296
92311
92322
92327
92333
92333
92339
92343
92345
92356
92367
92374
92391
92410
92415
92418
92421
92433
92437
92438
92441
92442
92445
92457
92458
92476
92499
92505
92508
92515
92518
92524
92530
92554
92561
92564
92567
92606
92609
92613
92613
92620
92625
92629
92637
92649
92663
92668
92674
92675
92705
92706
92706
92707
92716
92724
92727
92730
92730
92731
92732
92747
92753
92754
92761
92761
92778
92787
92789
92796
92800
92811
92814
92821
92832
92841
92862
92870
92880
92895
92901
92921
92921
92922
92927
92929
92933
92948
92954
92957
92960
92970
92973
92985
92987
92987
93014
93031
93040
93053
93067
93073
93080
93092
93099
93137
93154
93170
93177
93189
93193
93193
93207
93214
93216
93233
93240
93248
93276
93283
93289
93290
93318
93324
93325
93353
93361
93374
93379
93382
93403
93418
93421
93424
93451
93457
93471
93478
93490
93503
93515
93557
93569
93576
93581
93622
93627
93634
93649
93655
93664
93672
93677
93685
93704
93713
93714
93727
93729
93734
93741
93777
93783
93783
93791
93796
93808
93816
93830
93845
93853
93883
93888
93914
93945
93946
93955
93994
94004
94026
94028
94029
94033
94035
94045
94049
94059
94070
94072
94090
94092
94118
94140
94153
94156
94159
94170
94199
94201
94206
94219
94228
94243
94249
94258
94279
94280
94281
94298
94311
94312
94339
94347
94349
94358
94392
94405
94411
94418
94427
94437
94457
94469
94483
94490
94511
94513
94515
94518
94521
94532
94543
94548
94558
94558
94582
94590
94601
94617
94633
94641
94648
94650
94696
94698
94709
94715
94727
94740
94742
94752
94763
94770
94774
94774
94832
94833
94837
94837
94880
94884
94893
94894
94900
94918
94918
94924
94927
94928
94928
94928
94930
94933
94944
94954
94955
94958
94966
95009
95035
95036
95047
95052
95063
95065
95071
95081
95083
95084
95088
95098
95100
95118
95119
95122
95140
95140
95153
95155
95161
95167
95190
95198
95200
95204
95207
95208
95222
95224
95257
95261
95263
95267
95284
95286
95287
95302
95302
95311
95331
95359
95372
95377
95379
95388
95395
95404
95408
95415
95417
95459
95468
95477
95492
95506
95541
95545
95551
95561
95578
95606
95616
95616
95632
95636
95637
95643
95645
95673
95680
95683
95688
95704
95705
95731
95745
95748
95749
95754
95758
95764
95766
95775
95816
95831
95833
95843
95850
95852
95860
95860
95876
95877
95881
95904
95906
95917
95928
95947
95957
95972
95984
95987
95990
96011
96029
96054
96066
96073
96080
96112
96124
96127
96144
96157
96161
96175
96186
96197
96210
96217
96222
96226
96244
96259
96261
96264
96279
96303
96311
96315
96316
96339
96346
96363
96381
96389
96391
96398
96413
96421
96425
96439
96453
96458
96466
96466
96473
96475
96486
96495
96496
96496
96503
96517
96518
96523
96525
96530
96531
96534
96539
96547
96556
96564
96565
96574
96585
96604
96622
96622
96635
96638
96671
96686
96689
96694
96720
96732
96735
96747
96749
96754
96754
96797
96800
96817
96820
96855
96866
96870
96873
96883
96890
96914
96922
96941
96976
96986
96990
97000
97001
97065
97068
97070
97096
97104
97104
97134
97143
97149
97152
97158
97176
97176
97182
97187
97194
97207
97208
97209
97216
97244
97249
97253
97261
97261
97267
97269
97272
97289
97296
97297
97300
97309
97320
97320
97330
97350
97368
97382
97384
97394
97403
97422
97427
97432
97441
97442
97456
97458
97460
97477
97487
97493
97511
97511
97512
97515
97518
97537
97543
97547
97566
97571
97581
97589
97593
97602
97604
97613
97623
97686
97688
97689
97718
97719
97728
97732
97734
97740
97741
97746
97749
97754
97761
97787
97811
97813
97814
97815
97815
97824
97838
97840
97844
97875
97892
97908
97908
97941
97944
97961
97964
97988
97999
98006
98007
98041
98045
98050
98052
98057
98077
98086
98093
98096
98098
98106
98109
98121
98122
98138
98138
98139
98139
98161
98177
98192
98197
98237
98253
98268
98272
98295
98311
98330
98331
98335
98346
98359
98383
98391
98395
98401
98410
98411
98412
98420
98425
98434
98435
98459
98478
98506
98509
98534
98571
98574
98585
98604
98605
98613
98620
98627
98634
98638
98641
98666
98667
98682
98697
98698
98729
98743
98757
98786
98806
98808
98812
98840
98846
98868
98879
98887
98888
98898
98921
98936
98944
98953
98954
98954
98968
98979
98994
99004
99004
99011
99016
99017
99072
99085
99088
99095
99109
99112
99132
99148
99162
99177
99181
99191
99201
99211
99233
99233
99234
99243
99267
99270
99272
99272
99276
99294
99295
99313
99314
99316
99318
99322
99323
99328
99333
99345
99363
99369
99383
99390
99393
99407
99458
99474
99475
99476
99481
99494
99509
99514
99522
99532
99532
99556
99556
99559
99566
99567
99580
99583
99624
99634
99648
99655
99666
99667
99692
99697
99708
99709
99714
99734
99737
99741
99741
99743
99767
99787
99791
99792
99794
99804
99808
99826
99828
99830
99847
99872
99902
99909
99912
99919
99924
99929
99935
99947
99987
99990
99994
