14
18
21
32
41
42
44
45
50
78
79
85
112
114
115
117
119
131
142
151
161
170
173
182
195
210
221
280
283
284
298
299
314
316
317
338
340
364
368
369
372
402
403
411
415
421
428
432
432
457
472
527
530
531
532
541
542
554
560
561
565
588
591
593
605
621
632
636
642
662
676
677
687
690
693
708
720
729
731
767
774
775
799
804
805
819
830
841
843
844
845
852
873
889
893
895
902
909
911
915
921
928
937
950
974
984
997
997
999
1011
1015
1037
1051
1055
1059
1074
1080
1082
1089
1101
1107
1115
1121
1130
1132
1136
1142
1144
1162
1167
1181
1204
1216
1216
1241
1244
1250
1252
1258
1260
1277
1282
1285
1289
1295
1311
1340
1344
1348
1356
1358
1362
1383
1401
1442
1455
1473
1476
1491
1505
1550
1552
1553
1555
1558
1560
1563
1582
1583
1603
1641
1641
1649
1653
1666
1669
1684
1703
1716
1717
1751
1752
1773
1776
1819
1822
1829
1830
1838
1843
1883
1887
1897
1901
1902
1905
1922
1927
1929
1971
1983
1995
1997
2014
2020
2020
2024
2053
2073
2088
2101
2114
2129
2137
2162
2163
2169
2169
2172
2176
2203
2204
2211
2225
2228
2233
2235
2240
2267
2285
2289
2300
2302
2303
2336
2347
2357
2359
2360
2399
2401
2415
2430
2439
2455
2478
2480
2485
2496
2499
2499
2503
2520
2546
2563
2591
2624
2646
2658
2667
2668
2669
2682
2685
2690
2724
2726
2740
2745
2757
2766
2770
2784
2785
2812
2816
2840
2841
2859
2865
2875
2882
2894
2898
2909
2926
2936
2947
2947
2962
2965
2974
2984
2990
2991
3010
3014
3037
3040
3086
3091
3100
3104
3104
3108
3111
3127
3137
3151
3151
3167
3177
3196
3216
3224
3225
3228
3243
3248
3258
3258
3262
3277
3284
3285
3298
3320
3323
3356
3369
3377
3393
3430
3434
3434
3437
3445
3450
3462
3503
3515
3522
3535
3540
3545
3577
3580
3609
3610
3638
3641
3661
3666
3672
3677
3677
3688
3694
3694
3712
3738
3739
3753
3757
3763
3770
3774
3785
3792
3792
3792
3839
3859
3884
3914
3940
3942
3955
3959
3964
3966
3968
3977
3981
3988
3992
4009
4041
4059
4089
4090
4094
4100
4101
4120
4123
4128
4132
4145
4146
4146
4161
4175
4185
4230
4255
4257
4257
4273
4277
4288
4298
4301
4305
4307
4316
4333
4340
4379
4380
4402
4406
4407
4429
4436
4442
4452
4453
4457
4474
4485
4501
4504
4508
4535
4549
4550
4569
4570
4614
4636
4637
4650
4673
4688
4711
4722
4729
4732
4743
4753
4761
4767
4771
4774
4782
4800
4821
4826
4827
4828
4833
4834
4839
4843
4851
4869
4894
4929
4963
4964
4973
4993
5015
5029
5044
5053
5059
5070
5114
5119
5137
5147
5150
5168
5173
5175
5177
5183
5209
5239
5239
5241
5249
5277
5287
5291
5298
5305
5328
5349
5393
5404
5421
5426
5434
5449
5469
5475
5475
5476
5477
5483
5486
5513
5515
5535
5549
5562
5576
5581
5601
5613
5626
5645
5648
5670
5674
5679
5684
5691
5766
5805
5811
5824
5825
5826
5915
5931
5948
5956
5970
5972
5990
5990
5999
6017
6019
6035
6040
6043
6058
6061
6101
6102
6108
6119
6126
6138
6140
6171
6178
6182
6185
6186
6190
6217
6228
6236
6237
6242
6243
6258
6259
6266
6278
6284
6305
6306
6315
6320
6360
6399
6406
6406
6461
6472
6490
6503
6519
6523
6525
6548
6548
6572
6578
6593
6601
6607
6622
6626
6642
6656
6663
6663
6675
6683
6687
6688
6729
6734
6738
6738
6747
6785
6804
6815
6860
6870
6881
6882
6882
6897
6904
6910
6911
6923
6925
6941
6950
6957
6965
6979
6980
6986
7005
7019
7020
7029
7036
7056
7066
7078
7086
7120
7127
7138
7142
7151
7177
7192
7196
7205
7212
7217
7221
7226
7231
7254
7269
7281
7285
7335
7349
7355
7357
7370
7381
7381
7386
7387
7397
7400
7420
7427
7431
7457
7457
7481
7490
7523
7525
7552
7567
7571
7575
7577
7583
7584
7604
7609
7616
7617
7625
7650
7651
7654
7661
7663
7713
7717
7721
7731
7738
7748
7764
7769
7770
7781
7817
7846
7849
7852
7859
7884
7886
7895
7913
7920
7924
7927
7936
7939
7947
7975
7977
7979
8008
8010
8011
8021
8039
8043
8051
8059
8061
8061
8078
8094
8105
8113
8165
8172
8201
8210
8214
8233
8234
8240
8245
8245
8276
8287
8299
8301
8309
8310
8316
8317
8325
8329
8330
8337
8356
8384
8407
8417
8419
8419
8430
8430
8435
8446
8455
8457
8471
8477
8485
8486
8489
8492
8496
8518
8530
8539
8542
8563
8574
8577
8578
8604
8635
8652
8663
8668
8681
8687
8689
8691
8697
8702
8709
8718
8718
8744
8744
8756
8760
8769
8770
8771
8779
8783
8794
8803
8803
8812
8816
8827
8831
8850
8872
8880
8888
8892
8895
8897
8899
8922
8933
8949
8961
8980
8983
8985
8995
8995
8997
8997
9018
9025
9025
9025
9037
9042
9044
9047
9047
9052
9066
9069
9075
9076
9076
9086
9088
9090
9095
9105
9106
9108
9116
9122
9127
9166
9168
9169
9194
9197
9200
9207
9210
9216
9219
9255
9274
9274
9285
9287
9295
9304
9304
9304
9313
9322
9325
9329
9334
9346
9346
9346
9380
9390
9400
9425
9436
9439
9450
9450
9450
9478
9482
9488
9497
9504
9505
9512
9527
9538
9552
9554
9571
9577
9580
9582
9584
9584
9599
9605
9623
9634
9634
9641
9654
9667
9670
9672
9673
9682
9691
9707
9720
9736
9748
9754
9755
9786
9793
9797
9805
9812
9826
9842
9843
9855
9858
9872
9872
9876
9885
9887
9889
9914
9931
9938
9942
9948
9949
9961
9966
9987
9991
10003
10008
10027
10041
10043
10069
10080
10084
10095
10111
10129
10130
10131
10138
10141
10147
10166
10168
10172
10178
10178
10183
10183
10185
10193
10196
10205
10205
10211
10214
10225
10227
10233
10234
10245
10260
10262
10267
10276
10283
10294
10304
10308
10324
10340
10340
10355
10367
10367
10371
10380
10384
10409
10415
10421
10423
10425
10437
10445
10452
10463
10464
10469
10473
10487
10488
10491
10492
10501
10503
10505
10519
10521
10527
10532
10533
10536
10538
10545
10572
10575
10580
10604
10607
10609
10615
10629
10655
10660
10666
10687
10687
10694
10698
10707
10714
10726
10733
10739
10745
10752
10754
10764
10771
10788
10801
10825
10831
10839
10845
10851
10859
10866
10872
10874
10891
10902
10905
10909
10915
10917
10926
10933
10941
10948
10967
10975
10978
10990
10992
11029
11036
11047
11069
11070
11080
11100
11107
11113
11122
11136
11148
11158
11172
11174
11176
11194
11219
11219
11233
11251
11274
11274
11279
11331
11336
11355
11360
11362
11362
11367
11407
11419
11447
11460
11464
11480
11494
11498
11502
11505
11508
11514
11517
11533
11562
11563
11566
11571
11573
11574
11580
11589
11592
11600
11608
11618
11637
11639
11710
11720
11721
11721
11722
11727
11739
11748
11765
11771
11772
11780
11794
11800
11808
11819
11819
11828
11849
11853
11857
11864
11865
11866
11877
11887
11896
11910
11920
11922
11926
11938
11938
11941
11943
11962
11962
11971
11975
11988
11990
12000
12012
12020
12039
12040
12046
12062
12069
12076
12077
12083
12085
12090
12097
12104
12116
12138
12144
12151
12179
12207
12218
12222
12229
12231
12244
12248
12254
12271
12273
12275
12291
12294
12297
12314
12315
12332
12346
12365
12367
12379
12434
12441
12462
12464
12477
12477
12478
12484
12488
12499
12504
12513
12526
12528
12543
12551
12556
12579
12596
12622
12625
12625
12636
12654
12670
12675
12696
12709
12715
12728
12750
12764
12766
12769
12773
12784
12795
12805
12810
12817
12835
12839
12875
12876
12876
12904
12933
12933
12945
12957
12970
12982
13003
13014
13021
13022
13025
13043
13051
13073
13074
13082
13094
13098
13099
13110
13110
13113
13119
13126
13127
13131
13133
13135
13136
13142
13146
13166
13171
13176
13184
13205
13217
13224
13230
13236
13243
13245
13250
13268
13280
13294
13295
13315
13316
13321
13337
13349
13362
13374
13379
13380
13399
13399
13400
13431
13439
13445
13462
13464
13467
13467
13469
13471
13474
13493
13500
13506
13514
13515
13516
13529
13540
13551
13555
13563
13586
13594
13605
13615
13622
13627
13637
13641
13676
13697
13710
13711
13716
13744
13748
13749
13753
13760
13768
13775
13778
13783
13792
13800
13814
13828
13836
13839
13841
13844
13845
13846
13853
13857
13864
13864
13868
13876
13888
13889
13889
13892
13901
13907
13913
13932
13933
13945
13949
13952
13978
13980
13991
13998
14001
14008
14008
14012
14025
14032
14032
14034
14064
14070
14104
14107
14139
14140
14141
14154
14162
14168
14170
14178
14187
14203
14209
14237
14250
14259
14260
14261
14272
14275
14278
14287
14304
14310
14315
14316
14326
14331
14344
14348
14372
14374
14376
14376
14384
14386
14394
14420
14430
14431
14438
14444
14449
14455
14459
14460
14465
14486
14492
14516
14517
14543
14548
14549
14560
14565
14568
14581
14588
14595
14618
14619
14629
14638
14645
14651
14658
14667
14712
14713
14731
14736
14737
14756
14758
14765
14766
14766
14771
14773
14784
14791
14822
14827
14841
14844
14847
14873
14880
14890
14918
14922
14933
14934
14947
14963
14979
14992
15008
15009
15013
15016
15031
15056
15061
15072
15080
15080
15094
15101
15105
15109
15129
15132
15156
15158
15160
15166
15170
15179
15181
15186
15188
15213
15214
15228
15230
15234
15275
15275
15294
15310
15314
15323
15339
15359
15376
15377
15387
15388
15390
15399
15409
15414
15421
15425
15438
15454
15470
15473
15477
15505
15519
15537
15540
15567
15569
15573
15589
15590
15611
15618
15620
15632
15648
15660
15666
15669
15698
15742
15753
15755
15756
15760
15770
15771
15790
15795
15806
15818
15833
15853
15854
15862
15878
15892
15896
15938
15953
15960
15991
15993
16008
16014
16031
16035
16039
16041
16045
16048
16052
16054
16056
16069
16074
16074
16075
16085
16104
16104
16107
16144
16150
16152
16160
16186
16187
16199
16205
16218
16227
16230
16248
16261
16275
16284
16284
16306
16309
16321
16323
16333
16342
16351
16385
16395
16406
16425
16429
16430
16436
16466
16477
16490
16527
16535
16547
16611
16641
16653
16657
16662
16663
16666
16687
16691
16698
16715
16731
16753
16753
16775
16781
16786
16802
16841
16849
16857
16870
16874
16907
16923
16930
16933
16941
16946
16956
16968
16972
16981
17003
17015
17017
17019
17031
17036
17039
17057
17059
17098
17102
17114
17124
17139
17147
17161
17164
17164
17185
17188
17190
17198
17200
17204
17207
17221
17225
17231
17273
17293
17300
17301
17310
17311
17314
17326
17335
17344
17361
17362
17363
17383
17384
17407
17430
17432
17434
17459
17473
17478
17488
17500
17507
17514
17515
17520
17561
17564
17566
17571
17592
17594
17596
17606
17628
17631
17636
17683
17720
17721
17733
17750
17761
17764
17767
17810
17818
17819
17822
17828
17828
17836
17878
17882
17884
17888
17896
17899
17949
17953
17962
17974
17980
17985
17990
18005
18008
18043
18051
18057
18063
18065
18078
18081
18091
18110
18115
18120
18126
18129
18137
18153
18162
18163
18167
18174
18176
18183
18211
18212
18223
18234
18236
18241
18255
18265
18269
18270
18275
18288
18299
18319
18320
18330
18351
18358
18371
18373
18386
18402
18406
18428
18460
18469
18480
18481
18496
18562
18569
18578
18601
18606
18634
18643
18661
18679
18685
18688
18702
18731
18740
18758
18769
18771
18784
18785
18788
18804
18808
18827
18829
18838
18843
18857
18875
18895
18910
18927
18929
18943
19001
19006
19007
19018
19042
19054
19064
19065
19082
19082
19087
19127
19147
19157
19158
19169
19173
19184
19189
19189
19194
19207
19215
19237
19248
19252
19268
19285
19290
19302
19306
19311
19323
19326
19337
19360
19366
19383
19387
19400
19400
19423
19435
19438
19441
19459
19474
19510
19511
19541
19551
19564
19566
19571
19575
19578
19581
19594
19629
19643
19668
19673
19683
19686
19691
19704
19710
19711
19723
19729
19730
19731
19741
19751
19762
19789
19821
19835
19838
19880
19890
19897
19908
19942
19960
19961
19961
19963
19983
19984
19988
19993
20004
20022
20042
20043
20048
20052
20054
20054
20068
20083
20085
20089
20092
20094
20120
20123
20128
20135
20150
20163
20169
20182
20186
20188
20192
20211
20217
20218
20241
20245
20252
20264
20280
20296
20303
20341
20351
20368
20375
20385
20390
20391
20398
20400
20407
20414
20414
20446
20452
20462
20468
20469
20474
20475
20485
20488
20499
20510
20526
20528
20577
20580
20587
20591
20599
20607
20618
20641
20654
20663
20677
20677
20686
20686
20701
20702
20741
20770
20786
20788
20800
20814
20816
20825
20844
20870
20874
20891
20904
20910
20974
20983
20984
20985
20993
20998
21000
21012
21028
21038
21058
21061
21068
21075
21081
21082
21087
21107
21111
21114
21119
21130
21135
21147
21174
21175
21184
21188
21192
21204
21210
21214
21222
21252
21258
21270
21271
21291
21297
21300
21331
21332
21334
21340
21341
21343
21346
21349
21380
21390
21397
21449
21454
21462
21472
21505
21509
21515
21517
21529
21537
21547
21548
21559
21559
21574
21584
21590
21598
21623
21624
21627
21630
21630
21635
21635
21655
21672
21683
21683
21699
21733
21734
21735
21736
21749
21764
21768
21769
21773
21779
21795
21800
21811
21816
21818
21835
21837
21838
21852
21870
21877
21895
21921
21928
21960
21980
22006
22007
22009
22040
22056
22058
22082
22090
22101
22153
22154
22185
22203
22205
22207
22208
22210
22226
22233
22234
22236
22244
22262
22283
22284
22290
22303
22309
22317
22344
22348
22349
22353
22373
22381
22398
22404
22416
22423
22428
22440
22445
22469
22475
22482
22497
22518
22520
22524
22526
22527
22547
22548
22551
22564
22590
22615
22637
22646
22647
22659
22667
22692
22700
22700
22716
22716
22717
22717
22720
22721
22728
22738
22739
22760
22765
22777
22780
22791
22809
22825
22834
22843
22844
22848
22854
22860
22867
22878
22884
22885
22908
22936
22975
22982
22987
22998
23000
23000
23001
23003
23016
23049
23050
23056
23057
23057
23071
23081
23085
23087
23111
23111
23112
23115
23133
23140
23141
23142
23167
23180
23194
23195
23197
23199
23212
23216
23229
23239
23240
23242
23262
23320
23325
23326
23336
23362
23372
23375
23377
23385
23412
23429
23439
23441
23452
23452
23455
23464
23476
23477
23478
23479
23495
23503
23505
23507
23507
23514
23522
23524
23535
23553
23577
23580
23606
23608
23618
23627
23630
23631
23639
23641
23657
23672
23673
23701
23719
23728
23734
23735
23750
23769
23785
23792
23803
23811
23834
23843
23851
23863
23888
23898
23909
23921
23926
23939
23948
23954
23975
23984
23995
24001
24002
24002
24011
24024
24027
24038
24052
24060
24065
24095
24099
24112
24119
24126
24135
24139
24144
24147
24179
24194
24196
24201
24204
24204
24235
24242
24243
24256
24259
24267
24283
24286
24286
24290
24299
24312
24314
24324
24330
24335
24370
24376
24386
24393
24394
24403
24414
24436
24444
24446
24460
24461
24466
24472
24476
24498
24524
24536
24540
24566
24615
24626
24641
24645
24660
24665
24674
24677
24692
24701
24704
24710
24729
24740
24756
24757
24758
24760
24764
24768
24788
24817
24818
24829
24830
24834
24839
24842
24867
24883
24907
24909
24909
24911
24933
24934
24954
24956
24966
24967
24973
24976
25022
25035
25035
25041
25048
25049
25063
25066
25068
25073
25073
25073
25087
25088
25088
25097
25102
25107
25109
25145
25147
25149
25149
25150
25159
25160
25161
25165
25172
25178
25178
25181
25184
25185
25196
25201
25202
25210
25213
25215
25228
25230
25241
25248
25269
25279
25279
25291
25294
25301
25335
25338
25344
25362
25369
25386
25400
25401
25416
25443
25452
25454
25469
25469
25495
25505
25517
25530
25536
25544
25555
25566
25587
25590
25591
25613
25614
25673
25675
25679
25684
25689
25690
25698
25699
25717
25724
25727
25729
25735
25741
25745
25751
25763
25766
25768
25774
25776
25797
25806
25807
25815
25822
25825
25836
25838
25853
25858
25862
25872
25891
25894
25914
25916
25945
25946
25955
25972
25979
25995
25996
26025
26030
26032
26033
26049
26064
26069
26073
26087
26107
26108
26109
26110
26112
26123
26126
26132
26142
26146
26148
26149
26149
26153
26159
26171
26179
26181
26194
26214
26214
26243
26249
26250
26257
26259
26264
26274
26283
26284
26321
26327
26337
26339
26340
26346
26349
26378
26412
26414
26419
26436
26440
26466
26468
26486
26499
26510
26517
26574
26583
26584
26585
26602
26607
26620
26622
26629
26634
26642
26645
26657
26658
26679
26688
26690
26725
26728
26733
26735
26741
26760
26764
26788
26802
26837
26844
26845
26862
26872
26878
26914
26919
26928
26965
26967
26975
26982
26982
26987
26994
27005
27007
27039
27053
27086
27103
27113
27165
27170
27175
27182
27192
27199
27209
27217
27220
27221
27251
27273
27283
27291
27324
27333
27340
27344
27353
27365
27367
27385
27388
27400
27402
27424
27425
27443
27474
27474
27479
27497
27509
27517
27528
27531
27537
27547
27559
27565
27567
27579
27584
27599
27604
27604
27606
27615
27617
27628
27666
27683
27706
27713
27754
27760
27770
27771
27771
27786
27799
27815
27820
27860
27915
27916
27931
27951
27952
27959
27960
27976
27986
27996
28007
28011
28013
28025
28034
28035
28056
28063
28075
28076
28080
28081
28084
28094
28110
28114
28115
28120
28123
28131
28147
28157
28159
28178
28188
28202
28206
28226
28238
28250
28261
28266
28292
28294
28296
28326
28356
28367
28368
28384
28407
28418
28420
28427
28435
28454
28484
28504
28509
28510
28510
28511
28516
28521
28528
28533
28547
28552
28597
28619
28629
28631
28634
28638
28676
28689
28690
28695
28704
28714
28723
28749
28760
28761
28768
28772
28773
28777
28788
28805
28819
28819
28839
28840
28842
28846
28869
28872
28886
28908
28927
28927
28952
28981
28984
29018
29022
29042
29050
29052
29064
29072
29072
29075
29081
29082
29093
29103
29107
29122
29136
29155
29177
29189
29194
29209
29210
29213
29218
29237
29243
29248
29251
29269
29272
29272
29303
29307
29316
29324
29325
29334
29342
29367
29371
29374
29387
29411
29421
29442
29451
29455
29485
29488
29495
29525
29531
29532
29545
29547
29559
29576
29577
29586
29586
29606
29607
29622
29627
29631
29635
29637
29641
29648
29654
29655
29671
29671
29676
29684
29691
29721
29723
29734
29747
29755
29759
29760
29767
29773
29776
29782
29790
29806
29808
29815
29837
29839
29843
29844
29858
29859
29867
29868
29890
29890
29892
29909
29916
29941
29944
29961
29962
29995
29999
30007
30007
30019
30061
30065
30072
30079
30085
30090
30092
30118
30122
30146
30150
30160
30165
30166
30186
30196
30213
30216
30218
30268
30281
30288
30302
30308
30347
30351
30355
30357
30363
30373
30377
30402
30424
30434
30440
30446
30449
30449
30463
30467
30468
30478
30478
30488
30499
30501
30505
30512
30522
30532
30561
30624
30628
30635
30645
30646
30649
30664
30665
30674
30690
30692
30708
30715
30719
30737
30745
30760
30760
30762
30766
30793
30813
30831
30832
30848
30849
30869
30878
30892
30897
30897
30900
30920
30947
30972
30973
30979
30986
31020
31035
31039
31044
31050
31052
31053
31060
31071
31087
31102
31104
31105
31107
31141
31154
31167
31170
31183
31196
31198
31204
31208
31221
31221
31240
31241
31248
31253
31256
31259
31263
31270
31279
31290
31293
31308
31325
31334
31359
31362
31380
31395
31416
31422
31444
31446
31462
31466
31471
31473
31483
31485
31494
31500
31505
31515
31518
31519
31537
31547
31556
31580
31601
31610
31623
31657
31673
31715
31718
31727
31729
31737
31743
31748
31749
31753
31761
31788
31803
31804
31805
31822
31824
31840
31845
31873
31876
31882
31887
31896
31898
31905
31938
31942
31952
31961
31966
31971
31983
32011
32020
32020
32021
32024
32038
32041
32062
32070
32117
32125
32128
32138
32176
32177
32189
32193
32195
32202
32206
32221
32228
32234
32236
32241
32242
32246
32246
32264
32266
32291
32306
32320
32327
32335
32336
32354
32359
32369
32370
32383
32387
32399
32412
32415
32415
32419
32421
32429
32437
32452
32479
32497
32528
32531
32551
32593
32596
32620
32635
32650
32651
32684
32685
32698
32710
32711
32765
32767
32769
32777
32790
32791
32809
32812
32817
32817
32818
32841
32845
32857
32869
32879
32896
32896
32903
32904
32904
32908
32925
32936
32942
32947
32956
32957
32961
32962
32972
32979
32992
33001
33020
33024
33039
33058
33058
33068
33076
33081
33085
33088
33119
33167
33180
33182
33192
33193
33280
33299
33300
33301
33306
33307
33314
33321
33322
33327
33337
33352
33360
33385
33399
33427
33435
33436
33450
33454
33464
33480
33483
33487
33499
33508
33514
33522
33542
33544
33552
33565
33577
33582
33583
33601
33607
33611
33613
33617
33618
33627
33650
33654
33656
33708
33734
33738
33739
33739
33741
33753
33764
33770
33772
33780
33780
33785
33787
33789
33808
33819
33830
33831
33844
33863
33871
33871
33874
33885
33908
33908
33914
33949
33956
33959
33959
33969
33977
33997
34005
34005
34009
34013
34014
34018
34031
34034
34047
34055
34058
34065
34068
34105
34120
34120
34121
34127
34151
34158
34183
34193
34194
34207
34240
34244
34245
34252
34290
34298
34298
34303
34326
34330
34337
34354
34361
34363
34371
34375
34387
34402
34424
34431
34436
34436
34464
34470
34485
34512
34518
34522
34532
34535
34553
34568
34575
34581
34595
34609
34649
34686
34701
34725
34728
34765
34768
34784
34784
34789
34801
34802
34816
34818
34818
34846
34852
34867
34868
34870
34877
34895
34902
34930
34932
34941
34948
34960
34967
34986
35001
35010
35019
35020
35052
35061
35071
35076
35076
35082
35085
35085
35116
35133
35135
35141
35158
35159
35163
35176
35198
35206
35210
35213
35213
35232
35270
35272
35279
35279
35283
35294
35325
35343
35344
35345
35346
35356
35366
35375
35381
35393
35401
35401
35404
35414
35421
35438
35448
35454
35456
35465
35472
35472
35490
35490
35503
35516
35520
35520
35525
35535
35555
35558
35559
35574
35606
35629
35633
35647
35655
35660
35664
35665
35677
35687
35705
35710
35710
35716
35768
35776
35778
35786
35790
35803
35822
35833
35840
35841
35873
35896
35904
35904
35910
35916
35929
35936
35938
35938
35944
35961
35971
35990
36022
36024
36024
36030
36050
36066
36068
36069
36072
36074
36074
36083
36087
36088
36094
36112
36118
36120
36127
36129
36136
36138
36152
36157
36195
36212
36227
36239
36242
36267
36269
36293
36301
36302
36303
36305
36311
36312
36336
36336
36343
36346
36397
36400
36411
36417
36418
36444
36478
36479
36484
36494
36494
36497
36504
36506
36528
36541
36557
36570
36575
36578
36583
36585
36586
36592
36594
36603
36629
36633
36643
36645
36660
36663
36664
36673
36676
36679
36683
36693
36739
36756
36771
36775
36777
36778
36821
36834
36836
36844
36853
36859
36860
36861
36871
36873
36878
36895
36904
36918
36938
36940
36941
36946
36959
36993
36997
37004
37005
37022
37037
37040
37055
37068
37088
37098
37123
37126
37133
37139
37162
37166
37180
37192
37198
37212
37213
37220
37220
37231
37235
37258
37262
37273
37275
37281
37287
37289
37298
37312
37320
37325
37330
37337
37341
37347
37365
37367
37369
37381
37387
37387
37388
37393
37405
37417
37428
37429
37433
37434
37435
37460
37472
37493
37504
37521
37540
37543
37551
37565
37565
37575
37579
37589
37598
37613
37619
37641
37664
37676
37683
37695
37705
37712
37713
37714
37722
37724
37730
37769
37778
37782
37789
37825
37835
37867
37871
37877
37911
37914
37918
37934
37939
37944
37961
37971
37973
37977
37996
37996
38011
38015
38029
38034
38039
38076
38076
38086
38087
38107
38107
38111
38127
38132
38135
38138
38151
38154
38155
38158
38163
38166
38174
38181
38184
38194
38237
38241
38242
38267
38295
38311
38323
38325
38334
38360
38384
38401
38407
38413
38427
38439
38447
38459
38460
38469
38473
38480
38497
38498
38510
38510
38523
38523
38531
38531
38535
38543
38573
38579
38603
38611
38648
38661
38666
38667
38669
38675
38689
38694
38702
38721
38724
38726
38743
38744
38749
38753
38757
38762
38765
38769
38778
38798
38812
38820
38821
38838
38843
38861
38875
38882
38895
38901
38912
38916
38933
38957
38969
38981
38984
39003
39021
39023
39032
39041
39078
39097
39111
39118
39118
39135
39140
39141
39154
39162
39163
39166
39172
39173
39181
39189
39192
39205
39240
39241
39249
39283
39289
39289
39297
39299
39302
39304
39325
39331
39332
39344
39371
39373
39375
39380
39387
39396
39422
39422
39422
39445
39448
39452
39461
39468
39477
39484
39485
39487
39496
39507
39521
39526
39533
39545
39551
39591
39597
39598
39619
39640
39645
39656
39684
39686
39696
39697
39703
39709
39712
39720
39723
39732
39748
39761
39771
39773
39773
39789
39792
39802
39816
39822
39825
39844
39849
39854
39878
39888
39895
39907
39909
39918
39926
39927
39953
39956
39964
39967
39977
39995
40001
40004
40012
40016
40018
40024
40030
40042
40052
40088
40089
40092
40102
40115
40123
40135
40139
40150
40153
40159
40163
40174
40178
40183
40243
40248
40253
40253
40258
40262
40271
40299
40313
40321
40331
40336
40342
40345
40370
40372
40377
40401
40404
40415
40423
40425
40425
40429
40437
40448
40449
40471
40477
40481
40489
40518
40520
40524
40526
40538
40549
40562
40563
40570
40578
40583
40584
40614
40615
40619
40624
40631
40650
40653
40685
40688
40692
40707
40711
40721
40725
40726
40735
40752
40754
40758
40769
40783
40789
40794
40811
40815
40825
40871
40892
40893
40896
40899
40899
40900
40907
40912
40940
40971
40978
40984
41001
41003
41010
41014
41014
41018
41057
41057
41063
41085
41091
41100
41124
41128
41152
41152
41170
41181
41209
41226
41227
41245
41273
41276
41305
41309
41313
41345
41354
41364
41383
41396
41396
41397
41402
41414
41421
41455
41473
41479
41481
41493
41496
41538
41556
41558
41560
41582
41624
41624
41674
41689
41690
41714
41717
41754
41754
41757
41766
41777
41799
41828
41831
41841
41849
41854
41861
41888
41897
41903
41905
41907
41931
41954
41967
41971
41983
41989
41990
42003
42006
42018
42019
42026
42037
42062
42091
42104
42120
42150
42155
42156
42160
42172
42173
42178
42190
42190
42191
42199
42200
42218
42220
42236
42241
42244
42256
42260
42269
42273
42284
42294
42305
42311
42326
42332
42353
42354
42355
42355
42376
42378
42380
42383
42399
42409
42419
42424
42430
42435
42436
42441
42466
42478
42480
42496
42500
42524
42556
42563
42570
42570
42578
42583
42587
42631
42633
42636
42651
42669
42688
42688
42708
42710
42712
42730
42745
42756
42758
42768
42770
42772
42776
42777
42778
42785
42787
42794
42815
42822
42826
42830
42841
42841
42848
42856
42859
42870
42878
42883
42883
42925
42927
42933
42949
42975
42977
42991
42992
42993
42999
43003
43005
43007
43012
43022
43026
43030
43078
43082
43099
43102
43118
43129
43168
43185
43193
43199
43200
43212
43223
43238
43242
43247
43251
43264
43271
43295
43303
43305
43328
43331
43331
43344
43348
43368
43376
43379
43389
43391
43402
43406
43411
43413
43414
43427
43428
43436
43440
43444
43459
43461
43461
43481
43512
43520
43524
43527
43538
43539
43550
43553
43567
43575
43589
43615
43629
43636
43645
43656
43660
43669
43698
43709
43728
43734
43739
43744
43750
43764
43773
43780
43783
43786
43793
43798
43802
43813
43832
43832
43851
43860
43867
43869
43871
43876
43888
43909
43930
43931
43961
43963
43966
43987
43993
43995
44000
44009
44015
44051
44059
44062
44111
44135
44149
44177
44179
44183
44189
44192
44193
44196
44198
44199
44215
44221
44234
44239
44249
44255
44265
44274
44278
44309
44318
44324
44325
44338
44346
44356
44360
44362
44370
44374
44378
44389
44395
44408
44422
44465
44478
44490
44504
44508
44513
44543
44547
44548
44548
44553
44597
44600
44619
44622
44676
44682
44712
44717
44744
44751
44753
44759
44766
44768
44778
44804
44810
44817
44820
44827
44828
44837
44843
44856
44865
44874
44891
44903
44923
44941
44948
44971
44975
44978
44987
44988
45003
45009
45028
45061
45062
45062
45063
45068
45085
45088
45105
45113
45140
45165
45172
45175
45176
45181
45204
45214
45221
45223
45236
45246
45246
45265
45272
45275
45278
45279
45284
45289
45290
45317
45319
45320
45362
45405
45409
45412
45415
45428
45436
45453
45468
45503
45512
45545
45560
45564
45567
45571
45572
45574
45579
45582
45596
45597
45604
45614
45628
45634
45645
45652
45659
45678
45688
45696
45701
45726
45771
45774
45776
45787
45831
45843
45843
45846
45871
45877
45911
45916
45948
45948
45960
45963
45969
45974
45995
46016
46018
46030
46035
46046
46054
46055
46069
46091
46113
46129
46132
46136
46136
46147
46152
46153
46158
46161
46162
46162
46166
46169
46179
46183
46189
46199
46200
46207
46213
46214
46225
46229
46231
46232
46235
46236
46255
46256
46259
46260
46276
46277
46279
46281
46302
46303
46303
46348
46348
46363
46364
46366
46380
46381
46386
46388
46411
46419
46421
46422
46423
46430
46462
46476
46479
46485
46492
46492
46508
46511
46526
46529
46534
46536
46540
46614
46615
46631
46632
46648
46655
46656
46730
46732
46743
46745
46749
46769
46772
46775
46777
46791
46795
46808
46865
46866
46878
46885
46895
46901
46901
46917
46920
46925
46933
46938
46946
46952
46952
46965
46975
46991
47020
47054
47059
47073
47083
47091
47101
47124
47131
47132
47139
47140
47142
47144
47149
47154
47156
47185
47189
47203
47210
47214
47234
47236
47252
47254
47254
47274
47277
47279
47290
47301
47306
47314
47339
47344
47369
47370
47386
47387
47388
47390
47393
47398
47400
47405
47416
47422
47433
47435
47462
47485
47507
47553
47564
47574
47591
47597
47606
47607
47611
47613
47618
47622
47634
47635
47635
47638
47644
47650
47661
47674
47678
47687
47696
47719
47719
47720
47727
47742
47757
47761
47762
47775
47785
47787
47801
47811
47826
47832
47832
47846
47850
47850
47883
47887
47889
47889
47899
47912
47921
47927
47928
47934
47938
47947
47949
47950
47951
47959
47968
47968
47969
47971
47991
48003
48032
48039
48053
48057
48072
48084
48107
48108
48130
48142
48150
48150
48151
48167
48179
48197
48215
48216
48253
48257
48263
48266
48294
48306
48332
48341
48348
48367
48374
48378
48378
48381
48392
48398
48410
48427
48439
48442
48467
48472
48472
48479
48491
48491
48501
48501
48508
48528
48551
48562
48569
48580
48601
48603
48625
48664
48684
48688
48698
48713
48727
48734
48755
48802
48811
48823
48823
48823
48829
48831
48841
48881
48887
48914
48924
48958
48971
48996
49005
49006
49007
49033
49050
49057
49058
49061
49061
49078
49080
49081
49093
49096
49097
49113
49127
49133
49156
49158
49165
49165
49166
49169
49174
49192
49194
49209
49223
49246
49255
49276
49280
49286
49286
49290
49299
49302
49306
49308
49348
49365
49365
49391
49399
49402
49409
49416
49416
49434
49462
49474
49490
49508
49515
49518
49540
49541
49546
49547
49566
49571
49595
49621
49626
49634
49641
49649
49653
49668
49679
49691
49703
49705
49706
49729
49736
49740
49743
49747
49769
49771
49822
49824
49830
49839
49849
49856
49879
49889
49893
49901
49906
49916
49917
49919
49928
49930
49933
49943
49957
49961
49978
49987
50020
50027
50028
50028
50029
50030
50040
50042
50043
50049
50055
50067
50085
50094
50103
50112
50116
50130
50134
50156
50163
50168
50169
50172
50177
50181
50181
50201
50221
50248
50250
50256
50268
50269
50278
50288
50303
50317
50318
50335
50365
50390
50393
50403
50413
50423
50440
50443
50469
50473
50475
50478
50480
50483
50490
50508
50509
50518
50518
50545
50573
50600
50600
50608
50629
50633
50651
50662
50670
50678
50685
50710
50718
50720
50725
50745
50746
50746
50775
50787
50794
50797
50810
50819
50823
50823
50827
50832
50858
50868
50870
50881
50892
50893
50897
50902
50924
50930
50933
50943
50946
50954
50956
50979
51018
51021
51027
51028
51050
51066
51073
51101
51101
51104
51109
51119
51158
51160
51164
51167
51167
51169
51174
51191
51193
51203
51229
51253
51263
51283
51297
51302
51319
51329
51334
51338
51348
51358
51380
51381
51391
51429
51456
51460
51468
51472
51499
51506
51533
51542
51553
51563
51592
51606
51615
51615
51615
51619
51624
51638
51645
51654
51656
51669
51677
51703
51717
51718
51760
51762
51781
51790
51800
51810
51829
51830
51839
51872
51875
51879
51909
51910
51915
51938
51957
51963
51971
51975
51977
51979
51987
51992
52038
52046
52061
52061
52099
52137
52178
52184
52186
52207
52214
52230
52244
52245
52259
52260
52269
52271
52278
52279
52305
52320
52322
52343
52345
52347
52348
52359
52397
52400
52404
52413
52419
52429
52431
52435
52436
52448
52452
52453
52454
52472
52494
52520
52544
52556
52586
52589
52591
52597
52599
52603
52604
52616
52627
52636
52640
52646
52664
52665
52666
52725
52743
52754
52754
52756
52758
52772
52773
52775
52777
52784
52789
52789
52795
52795
52806
52809
52824
52862
52869
52884
52890
52915
52920
52949
52955
52958
52972
52982
52985
52997
53005
53014
53025
53055
53066
53082
53097
53119
53121
53142
53155
53156
53157
53162
53181
53182
53220
53230
53233
53233
53237
53243
53247
53247
53248
53252
53253
53258
53271
53280
53284
53289
53297
53318
53322
53326
53347
53362
53392
53395
53398
53402
53404
53411
53428
53442
53443
53449
53469
53476
53485
53499
53513
53533
53540
53543
53547
53555
53555
53576
53595
53604
53606
53638
53658
53662
53674
53675
53678
53683
53686
53687
53712
53719
53728
53728
53738
53755
53761
53763
53765
53772
53779
53800
53813
53819
53830
53835
53839
53850
53852
53857
53859
53868
53870
53878
53891
53891
53898
53905
53936
53942
53947
53971
53983
53987
53988
54000
54001
54016
54017
54039
54052
54058
54061
54071
54077
54135
54155
54176
54194
54208
54216
54229
54238
54247
54253
54268
54291
54299
54312
54321
54342
54347
54353
54360
54385
54392
54410
54413
54427
54430
54452
54452
54463
54469
54475
54477
54479
54479
54482
54484
54486
54522
54523
54548
54552
54553
54574
54577
54600
54604
54606
54615
54618
54622
54645
54660
54668
54678
54689
54699
54700
54701
54704
54728
54729
54739
54749
54755
54757
54769
54774
54785
54804
54806
54814
54814
54822
54844
54849
54863
54864
54873
54875
54879
54887
54912
54915
54919
54920
54925
54930
54933
54935
54936
54943
54949
54966
54968
54992
54995
55020
55032
55079
55080
55107
55113
55120
55126
55142
55177
55182
55188
55202
55211
55223
55229
55240
55245
55247
55275
55275
55285
55293
55302
55303
55314
55319
55319
55319
55335
55357
55362
55376
55377
55396
55407
55408
55419
55422
55431
55449
55468
55490
55503
55506
55515
55521
55529
55529
55535
55553
55553
55570
55573
55579
55592
55618
55627
55632
55664
55706
55713
55746
55750
55752
55780
55782
55804
55815
55838
55854
55868
55872
55873
55874
55875
55876
55880
55880
55882
55883
55896
55938
55940
55940
55957
55982
55983
56005
56006
56007
56011
56014
56031
56047
56048
56066
56089
56100
56110
56113
56115
56135
56139
56153
56156
56156
56165
56182
56188
56231
56241
56256
56265
56266
56321
56336
56345
56348
56356
56377
56391
56393
56394
56424
56429
56439
56440
56447
56448
56451
56458
56482
56490
56497
56509
56514
56525
56533
56546
56547
56550
56559
56568
56581
56586
56590
56600
56604
56607
56611
56619
56623
56629
56635
56644
56654
56675
56683
56697
56703
56709
56710
56726
56730
56738
56751
56769
56775
56797
56805
56806
56811
56811
56821
56822
56824
56858
56873
56878
56881
56894
56900
56916
56927
56930
56956
56964
56985
56992
57000
57004
57041
57044
57046
57066
57078
57085
57092
57149
57154
57168
57176
57179
57179
57199
57202
57208
57213
57214
57221
57230
57250
57256
57258
57286
57297
57313
57330
57333
57340
57343
57346
57366
57370
57373
57387
57388
57393
57396
57396
57403
57403
57407
57411
57413
57425
57439
57452
57474
57476
57483
57519
57521
57525
57525
57543
57543
57549
57560
57566
57566
57573
57578
57581
57583
57587
57605
57606
57609
57619
57622
57622
57628
57650
57668
57696
57709
57716
57755
57766
57777
57787
57792
57802
57809
57819
57820
57835
57853
57867
57877
57893
57899
57908
57929
57933
57935
57959
57974
57975
57977
57979
57986
58015
58021
58024
58047
58047
58063
58081
58082
58099
58108
58128
58130
58132
58134
58140
58149
58151
58152
58156
58162
58165
58175
58175
58177
58184
58191
58196
58198
58199
58205
58253
58255
58257
58267
58270
58271
58290
58327
58344
58344
58359
58364
58374
58384
58398
58402
58422
58425
58438
58447
58450
58456
58459
58464
58476
58477
58482
58495
58506
58523
58541
58544
58561
58568
58570
58600
58610
58646
58648
58712
58719
58736
58744
58751
58755
58761
58763
58764
58777
58780
58825
58829
58831
58848
58858
58858
58859
58868
58876
58884
58889
58890
58896
58904
58912
58924
58925
58926
58934
58947
58950
58960
58961
58971
58981
58984
59041
59044
59051
59051
59057
59061
59086
59088
59108
59118
59125
59134
59144
59151
59161
59179
59182
59202
59211
59218
59231
59232
59237
59243
59247
59247
59263
59264
59275
59276
59281
59293
59301
59301
59310
59330
59337
59346
59350
59350
59360
59372
59401
59430
59438
59443
59444
59449
59465
59472
59477
59481
59483
59515
59520
59525
59529
59542
59544
59553
59554
59557
59564
59575
59602
59621
59627
59639
59651
59669
59673
59715
59733
59746
59751
59752
59755
59767
59772
59772
59784
59805
59825
59865
59866
59886
59888
59893
59903
59905
59906
59910
59926
59937
59937
59939
59942
59947
59947
59958
59965
59969
59974
59989
60003
60023
60031
60057
60073
60080
60116
60136
60158
60171
60177
60187
60189
60209
60219
60229
60232
60259
60267
60283
60286
60292
60296
60305
60313
60324
60333
60336
60344
60349
60349
60381
60386
60409
60421
60430
60437
60445
60480
60480
60483
60490
60495
60501
60517
60522
60523
60545
60549
60569
60603
60604
60607
60610
60614
60617
60619
60624
60627
60629
60634
60643
60658
60667
60680
60685
60686
60704
60708
60710
60736
60760
60767
60768
60776
60781
60790
60795
60801
60802
60810
60811
60815
60826
60830
60831
60837
60848
60849
60852
60865
60868
60870
60873
60880
60885
60919
60920
60921
60924
60931
60932
60938
60962
60988
60988
61066
61071
61085
61098
61101
61107
61121
61121
61153
61154
61173
61173
61177
61178
61181
61182
61185
61200
61204
61213
61253
61259
61262
61271
61283
61298
61312
61314
61323
61329
61336
61342
61347
61348
61349
61358
61360
61369
61382
61387
61411
61411
61418
61437
61444
61448
61450
61451
61453
61485
61487
61488
61490
61498
61501
61511
61515
61519
61525
61543
61546
61553
61565
61583
61595
61603
61607
61610
61615
61625
61627
61639
61645
61670
61684
61696
61699
61704
61721
61729
61757
61759
61762
61774
61780
61781
61788
61791
61792
61802
61810
61820
61820
61825
61830
61833
61834
61844
61847
61850
61851
61854
61865
61873
61878
61878
61882
61896
61906
61920
61920
61925
61943
61972
61981
62010
62032
62045
62060
62063
62074
62078
62083
62099
62103
62103
62111
62122
62130
62133
62146
62158
62170
62176
62185
62194
62198
62207
62211
62212
62227
62236
62241
62245
62253
62260
62269
62273
62278
62282
62283
62284
62324
62328
62334
62345
62354
62359
62359
62376
62380
62380
62383
62389
62391
62410
62412
62413
62442
62450
62467
62480
62505
62520
62530
62531
62538
62539
62555
62559
62569
62578
62585
62594
62601
62602
62603
62603
62605
62616
62644
62654
62661
62673
62687
62694
62701
62708
62708
62720
62729
62753
62764
62793
62795
62801
62808
62819
62826
62851
62855
62868
62869
62875
62876
62889
62898
62904
62911
62914
62932
62948
62950
62967
62975
62983
63020
63027
63028
63035
63042
63057
63073
63079
63081
63113
63114
63118
63123
63133
63139
63148
63149
63156
63159
63164
63248
63250
63277
63288
63296
63304
63304
63304
63309
63320
63323
63324
63352
63367
63374
63425
63425
63437
63453
63470
63494
63528
63532
63532
63538
63540
63555
63568
63575
63585
63603
63608
63628
63635
63652
63656
63663
63666
63690
63691
63713
63719
63738
63738
63739
63752
63755
63758
63817
63852
63853
63873
63917
63925
63946
63948
63958
63971
63975
63995
64001
64005
64019
64034
64037
64040
64067
64077
64101
64109
64134
64135
64140
64153
64154
64208
64211
64237
64243
64243
64244
64268
64313
64328
64330
64332
64333
64371
64376
64378
64385
64390
64399
64406
64408
64409
64425
64446
64471
64476
64484
64498
64506
64509
64512
64523
64523
64529
64533
64548
64558
64561
64588
64593
64601
64612
64613
64617
64618
64620
64624
64629
64631
64636
64655
64669
64683
64685
64692
64704
64707
64735
64747
64760
64761
64762
64792
64812
64815
64825
64843
64867
64874
64874
64878
64881
64893
64897
64912
64927
64940
64944
64959
64977
64984
65031
65040
65073
65080
65092
65093
65102
65107
65120
65126
65130
65145
65182
65187
65194
65196
65243
65252
65269
65278
65282
65286
65307
65329
65346
65351
65354
65354
65380
65391
65402
65404
65413
65425
65426
65479
65482
65503
65505
65506
65527
65545
65567
65568
65579
65583
65604
65607
65610
65618
65655
65656
65659
65660
65665
65673
65676
65688
65703
65711
65711
65731
65733
65733
65741
65754
65756
65785
65793
65795
65813
65813
65817
65825
65831
65833
65841
65842
65854
65881
65888
65924
65931
65941
65944
65954
65967
65970
66003
66005
66014
66025
66029
66037
66043
66078
66078
66093
66120
66124
66125
66146
66170
66173
66185
66186
66200
66203
66209
66212
66218
66218
66218
66219
66236
66240
66248
66252
66257
66268
66271
66285
66289
66289
66299
66300
66323
66325
66348
66379
66382
66395
66395
66397
66405
66406
66430
66433
66445
66469
66485
66498
66509
66522
66522
66525
66532
66545
66546
66555
66564
66582
66594
66636
66646
66678
66680
66685
66685
66720
66721
66744
66749
66795
66804
66809
66816
66820
66822
66830
66834
66835
66849
66859
66883
66898
66917
66933
66944
66948
66953
66963
66965
66979
66981
67017
67018
67024
67038
67054
67072
67079
67094
67098
67121
67142
67170
67202
67224
67236
67241
67243
67253
67254
67276
67293
67299
67312
67334
67355
67360
67376
67380
67391
67394
67401
67422
67423
67433
67438
67446
67458
67462
67490
67491
67494
67495
67497
67502
67509
67516
67525
67529
67530
67579
67585
67589
67591
67602
67631
67634
67644
67671
67679
67681
67694
67767
67778
67792
67796
67799
67815
67825
67830
67836
67842
67859
67865
67866
67883
67892
67892
67896
67902
67954
67957
67988
67988
68002
68006
68022
68057
68059
68071
68082
68083
68090
68110
68113
68117
68194
68209
68215
68232
68239
68242
68248
68250
68270
68277
68279
68282
68288
68288
68310
68310
68313
68320
68324
68334
68335
68343
68349
68354
68358
68380
68390
68416
68426
68428
68472
68476
68489
68493
68518
68527
68549
68551
68552
68587
68598
68604
68610
68614
68614
68620
68632
68638
68640
68655
68657
68660
68680
68695
68703
68706
68716
68735
68750
68780
68808
68812
68824
68828
68831
68850
68851
68864
68896
68903
68906
68928
68931
68945
68946
68948
68984
68990
69019
69024
69035
69056
69072
69081
69083
69102
69108
69133
69142
69144
69144
69150
69171
69172
69174
69177
69181
69184
69188
69190
69208
69223
69224
69234
69238
69243
69274
69285
69299
69305
69310
69312
69324
69325
69330
69335
69347
69350
69358
69360
69367
69369
69376
69377
69379
69382
69393
69396
69398
69422
69430
69474
69475
69483
69491
69496
69543
69548
69557
69590
69591
69594
69597
69604
69621
69638
69649
69668
69669
69684
69686
69692
69725
69732
69734
69741
69744
69748
69761
69764
69768
69769
69771
69786
69788
69797
69801
69845
69866
69876
69898
69898
69899
69901
69961
69968
69982
69989
69992
69993
69993
69999
70019
70021
70035
70037
70039
70042
70055
70060
70061
70063
70069
70097
70156
70166
70171
70189
70201
70210
70218
70228
70279
70316
70321
70324
70342
70345
70349
70351
70351
70356
70368
70371
70373
70378
70385
70405
70417
70436
70442
70450
70452
70453
70456
70462
70492
70492
70500
70512
70516
70535
70535
70548
70549
70554
70558
70559
70584
70586
70588
70589
70600
70616
70626
70630
70638
70642
70651
70655
70698
70700
70708
70722
70725
70726
70738
70745
70757
70760
70761
70762
70770
70781
70789
70809
70809
70818
70823
70836
70858
70860
70871
70908
70909
70919
70931
70936
70942
70958
70959
70964
70982
70989
70998
71000
71000
71000
71003
71020
71024
71025
71029
71038
71039
71046
71053
71061
71064
71083
71086
71089
71096
71118
71120
71122
71126
71130
71141
71143
71144
71147
71148
71174
71185
71185
71192
71208
71223
71242
71254
71260
71280
71283
71284
71292
71301
71311
71325
71334
71348
71358
71360
71364
71377
71378
71380
71391
71395
71404
71412
71416
71437
71442
71445
71465
71501
71505
71534
71567
71571
71572
71596
71599
71601
71626
71635
71642
71664
71666
71668
71671
71676
71698
71703
71711
71725
71730
71742
71752
71760
71768
71774
71823
71824
71836
71855
71882
71886
71925
71927
71937
71937
71959
71975
71995
71998
72001
72005
72013
72023
72024
72026
72034
72042
72057
72079
72104
72108
72108
72127
72150
72153
72154
72156
72159
72172
72190
72222
72246
72255
72259
72269
72270
72272
72279
72330
72342
72352
72380
72401
72403
72405
72423
72439
72459
72485
72490
72495
72496
72500
72501
72504
72511
72515
72540
72572
72578
72579
72580
72583
72586
72614
72622
72625
72629
72633
72640
72650
72658
72660
72661
72666
72667
72679
72682
72688
72690
72691
72697
72735
72735
72740
72758
72768
72770
72773
72778
72784
72800
72803
72820
72844
72846
72869
72873
72884
72911
72936
72940
72947
72956
72961
72984
72987
72997
73003
73010
73010
73011
73031
73039
73041
73075
73079
73086
73112
73124
73139
73145
73148
73161
73169
73173
73187
73193
73195
73216
73216
73218
73242
73242
73248
73253
73258
73263
73300
73318
73318
73319
73323
73369
73377
73388
73389
73405
73413
73423
73440
73441
73443
73444
73451
73456
73456
73460
73478
73497
73505
73525
73528
73536
73551
73570
73579
73586
73587
73597
73611
73621
73644
73666
73692
73703
73704
73719
73733
73736
73738
73749
73753
73763
73765
73781
73789
73800
73806
73813
73817
73824
73824
73833
73838
73884
73891
73899
73909
73928
73953
73966
73994
74009
74014
74022
74034
74048
74059
74068
74107
74109
74123
74123
74137
74170
74175
74182
74183
74235
74237
74239
74240
74245
74265
74271
74274
74277
74287
74296
74296
74300
74300
74304
74307
74309
74312
74314
74314
74318
74329
74334
74343
74358
74364
74385
74387
74389
74400
74417
74420
74424
74443
74444
74445
74453
74475
74500
74502
74510
74510
74515
74552
74579
74587
74602
74603
74609
74610
74626
74634
74637
74651
74671
74679
74689
74697
74707
74708
74718
74719
74722
74731
74733
74733
74740
74750
74759
74779
74780
74786
74792
74799
74802
74808
74818
74828
74834
74835
74843
74851
74856
74887
74901
74934
74935
74937
74943
74946
74949
74957
74973
74975
75050
75052
75053
75073
75100
75123
75123
75127
75136
75166
75168
75171
75173
75176
75178
75199
75204
75216
75220
75227
75261
75267
75292
75322
75323
75324
75363
75369
75374
75400
75403
75406
75436
75461
75472
75475
75482
75483
75483
75497
75505
75514
75516
75545
75548
75558
75568
75568
75578
75578
75578
75579
75586
75596
75615
75619
75629
75656
75664
75672
75676
75676
75679
75690
75698
75700
75711
75713
75740
75765
75784
75811
75856
75866
75867
75892
75898
75902
75907
75936
75942
75942
75944
75952
75957
75961
75966
76013
76016
76016
76023
76025
76029
76032
76044
76054
76055
76057
76061
76064
76075
76107
76110
76111
76111
76114
76118
76127
76141
76142
76148
76162
76163
76164
76166
76174
76177
76180
76181
76189
76193
76199
76225
76226
76252
76261
76265
76266
76271
76280
76310
76312
76320
76323
76327
76345
76348
76360
76365
76381
76406
76410
76413
76417
76420
76421
76462
76471
76472
76489
76490
76507
76511
76546
76558
76579
76580
76583
76588
76599
76607
76611
76616
76618
76622
76628
76637
76660
76660
76681
76708
76713
76716
76723
76723
76731
76755
76765
76771
76785
76791
76803
76803
76826
76831
76833
76835
76870
76884
76884
76891
76911
76912
76922
76934
76935
76939
76945
76950
76956
76983
77001
77001
77004
77008
77008
77016
77022
77027
77034
77042
77051
77051
77059
77065
77074
77092
77094
77102
77106
77106
77131
77141
77195
77227
77240
77241
77294
77294
77309
77310
77314
77323
77332
77350
77354
77357
77388
77435
77436
77440
77443
77445
77453
77457
77460
77461
77461
77474
77481
77490
77491
77496
77504
77524
77531
77534
77552
77554
77580
77585
77619
77643
77647
77650
77659
77677
77685
77706
77721
77733
77737
77760
77770
77772
77775
77808
77812
77815
77830
77841
77851
77873
77884
77891
77893
77897
77899
77916
77961
77962
77970
77971
77971
77976
77978
77984
77984
77986
77989
77991
77993
78007
78010
78015
78018
78018
78023
78026
78027
78029
78033
78043
78052
78053
78078
78081
78082
78090
78096
78105
78111
78118
78119
78126
78139
78139
78140
78150
78171
78181
78182
78186
78190
78213
78221
78223
78226
78232
78240
78249
78252
78254
78258
78258
78259
78264
78284
78288
78299
78323
78350
78382
78387
78392
78393
78400
78412
78424
78426
78431
78450
78454
78460
78469
78477
78479
78485
78487
78496
78496
78498
78509
78511
78516
78533
78536
78545
78547
78550
78559
78559
78562
78577
78579
78601
78609
78609
78613
78614
78615
78625
78629
78636
78636
78654
78658
78659
78662
78665
78671
78673
78679
78689
78691
78697
78699
78714
78718
78724
78725
78731
78732
78735
78736
78747
78754
78758
78759
78778
78784
78793
78814
78816
78818
78823
78841
78844
78844
78854
78859
78904
78907
78920
78923
78939
78942
78957
78976
78980
78982
78989
79001
79004
79022
79053
79058
79072
79075
79081
79085
79099
79109
79123
79130
79132
79145
79151
79162
79176
79178
79184
79185
79191
79214
79216
79221
79240
79242
79242
79253
79258
79271
79279
79284
79286
79306
79314
79324
79332
79337
79345
79360
79363
79371
79372
79373
79392
79400
79421
79426
79455
79468
79468
79471
79477
79478
79483
79491
79493
79508
79508
79511
79537
79582
79583
79588
79612
79637
79648
79650
79656
79656
79666
79694
79699
79767
79768
79776
79777
79800
79823
79825
79828
79846
79849
79850
79851
79852
79882
79884
79895
79908
79919
79921
79931
79939
79944
79950
79962
79965
80005
80022
80022
80028
80034
80036
80047
80072
80077
80099
80102
80116
80116
80119
80121
80130
80138
80148
80156
80190
80191
80196
80197
80217
80219
80280
80284
80284
80294
80304
80310
80333
80338
80343
80345
80366
80382
80406
80419
80447
80471
80479
80483
80507
80576
80581
80592
80596
80598
80601
80601
80612
80625
80633
80645
80659
80667
80681
80683
80697
80704
80705
80708
80719
80728
80756
80760
80763
80783
80806
80807
80809
80812
80836
80839
80843
80852
80857
80880
80881
80890
80892
80896
80898
80905
80908
80910
80920
80925
80931
80936
80942
80948
80955
80962
80971
80972
80981
80983
81035
81061
81063
81065
81070
81072
81078
81092
81100
81119
81120
81121
81126
81131
81137
81144
81148
81157
81158
81161
81188
81189
81191
81209
81213
81215
81216
81231
81245
81259
81260
81265
81285
81295
81305
81315
81330
81331
81336
81338
81346
81362
81363
81375
81401
81439
81439
81451
81453
81456
81457
81462
81464
81465
81469
81475
81494
81494
81497
81522
81544
81563
81564
81582
81584
81589
81600
81606
81612
81615
81622
81632
81652
81660
81662
81666
81681
81714
81727
81735
81749
81782
81782
81791
81827
81834
81857
81871
81911
81917
81920
81921
81921
81929
81949
81969
81991
81991
81993
82000
82009
82019
82021
82024
82036
82076
82085
82091
82105
82112
82147
82148
82170
82190
82200
82208
82212
82216
82232
82234
82236
82251
82258
82265
82284
82301
82308
82311
82319
82322
82323
82328
82342
82365
82377
82390
82396
82396
82401
82410
82431
82434
82438
82440
82440
82447
82454
82463
82467
82469
82474
82489
82492
82501
82542
82550
82553
82558
82564
82572
82581
82586
82587
82591
82596
82597
82606
82616
82622
82631
82640
82650
82661
82672
82677
82715
82726
82726
82747
82756
82760
82762
82778
82778
82788
82806
82822
82823
82848
82852
82860
82867
82876
82882
82891
82906
82906
82907
82920
82922
82934
82937
82938
82940
82959
82987
82990
82997
83006
83007
83009
83010
83014
83016
83022
83027
83030
83034
83037
83046
83047
83047
83048
83069
83077
83096
83106
83107
83115
83122
83130
83168
83176
83184
83200
83228
83273
83279
83285
83303
83334
83340
83341
83347
83350
83369
83383
83390
83394
83395
83406
83406
83407
83412
83412
83425
83432
83434
83441
83457
83457
83465
83470
83473
83479
83483
83487
83488
83502
83554
83606
83616
83625
83630
83640
83640
83644
83652
83659
83660
83660
83673
83685
83701
83725
83735
83749
83753
83771
83773
83774
83786
83787
83805
83816
83832
83835
83840
83845
83845
83871
83880
83882
83891
83900
83901
83905
83916
83916
83924
83950
83956
83964
83991
83994
83996
83998
84000
84001
84015
84031
84049
84053
84065
84066
84073
84074
84087
84094
84096
84119
84121
84127
84165
84182
84191
84192
84195
84205
84212
84230
84231
84243
84246
84254
84277
84277
84282
84283
84287
84294
84301
84307
84310
84329
84331
84338
84369
84392
84409
84429
84442
84449
84462
84491
84508
84529
84551
84554
84563
84564
84565
84570
84577
84584
84606
84618
84625
84632
84633
84664
84665
84675
84682
84690
84714
84727
84731
84740
84743
84771
84776
84803
84812
84815
84817
84828
84837
84839
84848
84849
84853
84882
84910
84930
84931
84932
84947
84973
84974
84976
85003
85013
85021
85027
85032
85061
85062
85065
85068
85075
85077
85077
85104
85118
85120
85124
85140
85144
85147
85177
85178
85183
85185
85197
85198
85213
85223
85235
85241
85246
85248
85261
85265
85271
85286
85295
85295
85306
85350
85358
85362
85365
85368
85373
85390
85391
85401
85423
85429
85432
85434
85435
85442
85447
85458
85462
85462
85476
85512
85547
85562
85574
85578
85592
85597
85602
85619
85620
85628
85634
85640
85648
85653
85692
85693
85710
85725
85734
85739
85747
85772
85780
85781
85792
85804
85806
85828
85832
85847
85851
85853
85865
85886
85895
85898
85899
85899
85918
85922
85944
85947
85953
85954
85972
85974
85997
86010
86011
86036
86043
86055
86067
86082
86087
86091
86094
86116
86129
86130
86131
86139
86150
86151
86180
86188
86195
86197
86229
86239
86250
86256
86261
86267
86269
86291
86303
86306
86312
86364
86367
86383
86384
86391
86408
86413
86413
86415
86421
86425
86426
86439
86442
86471
86494
86495
86495
86507
86526
86530
86580
86583
86585
86593
86604
86613
86620
86625
86636
86642
86654
86654
86660
86680
86682
86686
86692
86695
86696
86701
86704
86749
86782
86784
86806
86813
86815
86824
86840
86847
86863
86884
86898
86927
86936
86944
86945
86948
86953
86953
86956
86967
86987
86989
86997
87018
87047
87050
87055
87056
87066
87074
87102
87110
87131
87152
87165
87175
87219
87227
87234
87234
87248
87254
87259
87272
87274
87301
87304
87307
87318
87327
87344
87345
87357
87369
87369
87380
87381
87383
87388
87399
87416
87422
87426
87426
87429
87429
87457
87458
87460
87470
87477
87478
87491
87516
87519
87528
87529
87538
87551
87560
87579
87581
87583
87602
87606
87610
87616
87622
87623
87643
87661
87664
87666
87667
87667
87692
87697
87703
87720
87725
87730
87741
87743
87749
87752
87755
87791
87793
87813
87829
87844
87846
87846
87847
87865
87904
87911
87913
87944
87954
87956
87962
87969
87987
88025
88043
88056
88058
88067
88067
88068
88092
88099
88108
88115
88122
88128
88146
88162
88170
88174
88191
88204
88210
88237
88238
88240
88255
88257
88261
88272
88276
88282
88319
88321
88339
88346
88369
88384
88390
88421
88432
88440
88444
88453
88454
88465
88466
88473
88485
88492
88497
88505
88509
88512
88514
88520
88536
88546
88554
88561
88566
88570
88580
88594
88616
88625
88637
88647
88664
88675
88728
88740
88746
88759
88764
88770
88774
88780
88784
88793
88803
88825
88835
88837
88848
88859
88868
88870
88939
88960
88965
88984
88993
88995
89033
89036
89037
89046
89065
89090
89099
89104
89111
89124
89129
89130
89149
89149
89149
89151
89154
89188
89192
89192
89193
89204
89212
89219
89220
89230
89241
89242
89247
89247
89250
89256
89257
89264
89267
89279
89294
89300
89300
89318
89326
89326
89327
89341
89346
89372
89379
89391
89398
89417
89425
89426
89432
89444
89445
89447
89454
89455
89459
89461
89465
89477
89490
89498
89530
89539
89544
89548
89551
89573
89583
89590
89601
89604
89618
89622
89636
89638
89656
89667
89672
89679
89695
89713
89714
89724
89739
89741
89746
89757
89767
89776
89786
89827
89847
89849
89862
89877
89897
89904
89907
89914
89919
89927
89927
89939
89966
89967
89971
90000
90033
90036
90040
90048
90055
90057
90119
90123
90136
90168
90170
90173
90188
90189
90190
90197
90223
90232
90241
90271
90274
90300
90302
90302
90311
90314
90315
90327
90341
90341
90358
90358
90365
90371
90386
90387
90399
90401
90421
90437
90438
90472
90473
90507
90519
90531
90552
90595
90596
90608
90608
90620
90628
90650
90653
90664
90673
90689
90691
90703
90706
90718
90718
90747
90751
90779
90782
90804
90815
90828
90836
90849
90887
90889
90899
90903
90938
90955
90980
90988
91028
91088
91096
91096
91101
91109
91110
91113
91120
91125
91128
91139
91141
91155
91166
91174
91208
91211
91218
91219
91225
91228
91231
91243
91244
91251
91253
91253
91292
91292
91296
91301
91305
91329
91357
91358
91361
91384
91386
91393
91405
91436
91448
91463
91469
91472
91480
91493
91502
91509
91520
91529
91536
91536
91543
91545
91581
91598
91598
91600
91601
91604
91606
91624
91629
91650
91650
91652
91672
91675
91677
91678
91682
91688
91705
91726
91728
91736
91746
91754
91763
91765
91768
91779
91793
91798
91811
91821
91844
91869
91871
91876
91878
91878
91881
91888
91892
91894
91902
91918
91923
91925
91946
91947
91953
91954
91965
91968
91979
91982
91985
91988
91997
92001
92025
92025
92025
92027
92027
92030
92055
92056
92063
92070
92074
92075
92077
92084
92116
92121
92128
92135
92136
92145
92155
92160
92165
92171
92172
92178
92195
92218
92250
92258
92260
92267
92268
92279
92303
92303
92308
92313
92316
92317
92332
92351
92362
92389
92392
92417
92418
92421
92422
92428
92435
92439
92440
92459
92489
92496
92515
92518
92520
92522
92537
92538
92538
92541
92565
92579
92590
92596
92597
92614
92619
92626
92627
92649
92654
92696
92706
92723
92723
92741
92751
92764
92769
92779
92782
92790
92795
92800
92814
92831
92833
92839
92841
92848
92874
92874
92884
92900
92903
92933
92938
92951
92956
92977
93008
93035
93043
93063
93070
93071
93083
93092
93095
93107
93109
93118
93119
93123
93143
93144
93144
93188
93198
93215
93216
93219
93224
93225
93262
93267
93291
93296
93317
93322
93328
93366
93393
93420
93423
93426
93431
93446
93454
93475
93487
93509
93511
93513
93515
93540
93544
93545
93562
93562
93575
93575
93579
93579
93633
93677
93686
93737
93742
93750
93753
93754
93757
93758
93762
93762
93785
93798
93805
93806
93814
93836
93868
93868
93886
93887
93908
93913
93933
93933
93941
93950
93958
93958
93963
94001
94005
94029
94032
94045
94061
94074
94103
94115
94120
94128
94147
94149
94169
94183
94188
94190
94196
94211
94238
94245
94264
94269
94270
94272
94272
94273
94275
94276
94279
94283
94287
94301
94312
94320
94336
94348
94353
94354
94358
94359
94361
94378
94379
94381
94390
94390
94398
94426
94427
94440
94450
94457
94511
94528
94565
94573
94577
94587
94600
94604
94619
94622
94626
94640
94645
94652
94660
94661
94689
94693
94709
94720
94763
94783
94790
94798
94800
94806
94816
94821
94827
94827
94832
94845
94851
94855
94865
94866
94877
94885
94921
94925
94944
94960
94975
94976
94981
94987
94993
95012
95038
95042
95068
95082
95083
95100
95108
95110
95114
95127
95128
95131
95131
95170
95191
95203
95205
95208
95217
95223
95234
95246
95249
95253
95262
95278
95281
95286
95298
95318
95336
95343
95356
95361
95380
95382
95403
95418
95447
95449
95456
95457
95459
95476
95478
95493
95495
95501
95502
95536
95542
95561
95565
95578
95607
95610
95613
95624
95626
95628
95652
95672
95682
95689
95689
95707
95712
95715
95724
95739
95779
95798
95799
95801
95821
95857
95863
95877
95880
95885
95903
95905
95908
95913
95915
95979
95985
95988
95989
95991
96002
96034
96050
96054
96060
96066
96068
96091
96091
96098
96116
96119
96132
96154
96167
96181
96208
96219
96239
96240
96254
96264
96274
96276
96276
96280
96280
96288
96291
96323
96329
96334
96363
96382
96399
96409
96412
96413
96444
96452
96474
96540
96551
96568
96570
96575
96577
96582
96620
96627
96645
96658
96665
96671
96681
96692
96694
96702
96706
96712
96719
96719
96720
96724
96734
96735
96740
96748
96753
96759
96785
96800
96804
96808
96826
96827
96835
96850
96855
96865
96889
96906
96927
96935
96943
96944
96946
96948
96960
96964
96974
96984
96987
96988
96997
97001
97003
97013
97028
97029
97031
97034
97070
97080
97080
97088
97097
97106
97110
97145
97155
97168
97193
97194
97215
97229
97252
97259
97263
97267
97304
97314
97316
97322
97343
97348
97355
97356
97357
97358
97365
97366
97380
97386
97387
97414
97415
97423
97425
97426
97435
97439
97440
97442
97442
97453
97456
97456
97470
97492
97493
97499
97503
97510
97514
97528
97546
97547
97554
97558
97606
97617
97623
97629
97634
97637
97650
97653
97658
97663
97665
97670
97691
97710
97712
97727
97732
97738
97768
97779
97795
97796
97800
97805
97842
97843
97867
97884
97889
97889
97893
97893
97899
97911
97917
97920
97931
97943
97954
97980
97986
97988
98031
98036
98046
98053
98057
98058
98065
98072
98072
98077
98078
98079
98095
98096
98099
98104
98158
98162
98181
98185
98187
98189
98190
98207
98207
98233
98234
98239
98239
98258
98261
98265
98285
98285
98290
98296
98310
98318
98320
98322
98332
98335
98350
98351
98359
98360
98362
98404
98405
98406
98426
98430
98432
98442
98480
98481
98490
98492
98526
98527
98542
98543
98549
98557
98564
98572
98583
98585
98588
98625
98628
98633
98634
98641
98653
98680
98682
98684
98687
98693
98701
98702
98710
98715
98737
98746
98769
98777
98807
98808
98812
98815
98839
98843
98850
98857
98891
98903
98923
98931
98956
98964
98967
98983
98994
99008
99010
99010
99013
99014
99022
99031
99067
99090
99093
99127
99139
99144
99148
99191
99201
99207
99210
99225
99228
99247
99264
99266
99270
99279
99281
99288
99291
99311
99311
99322
99336
99347
99354
99357
99360
99366
99382
99386
99394
99405
99407
99408
99415
99424
99449
99452
99491
99493
99494
99518
99519
99524
99534
99539
99540
99543
99545
99548
99566
99567
99570
99586
99590
99592
99600
99602
99628
99628
99628
99641
99643
99645
99649
99693
99695
99707
99710
99711
99729
99755
99759
99770
99779
99784
99788
99802
99811
99811
99811
99811
99818
99821
99840
99867
99881
99885
99888
99890
99895
99898
99900
99905
99908
99916
99936
99987
