6
18
33
43
45
47
48
75
89
93
101
106
108
114
141
160
161
172
177
192
194
207
208
227
229
252
255
269
275
279
289
295
295
302
304
332
338
354
355
358
363
368
376
377
396
411
417
419
433
436
450
453
455
462
473
475
492
500
507
547
550
550
570
577
587
593
614
618
635
639
644
674
679
686
693
704
733
734
741
743
748
751
772
786
791
801
816
837
844
862
870
874
878
897
897
900
914
914
940
981
984
1007
1017
1040
1056
1058
1066
1069
1086
1107
1108
1112
1122
1134
1140
1143
1158
1164
1178
1180
1191
1197
1199
1206
1213
1236
1239
1281
1290
1295
1300
1326
1326
1346
1348
1354
1355
1358
1363
1365
1378
1381
1419
1427
1429
1439
1445
1453
1454
1459
1470
1484
1491
1493
1505
1509
1515
1524
1542
1545
1564
1571
1592
1596
1608
1625
1627
1645
1646
1664
1669
1681
1690
1703
1720
1722
1737
1740
1740
1742
1766
1768
1774
1783
1789
1796
1811
1832
1853
1854
1861
1882
1889
1894
1910
1915
1922
1936
1939
1954
1965
1969
1979
1983
1983
2000
2006
2019
2024
2036
2037
2050
2053
2056
2059
2072
2101
2107
2121
2156
2168
2173
2176
2177
2198
2198
2204
2213
2214
2218
2233
2236
2240
2250
2260
2263
2278
2289
2291
2293
2302
2304
2319
2321
2322
2329
2347
2349
2356
2378
2394
2400
2400
2420
2420
2430
2446
2477
2477
2517
2518
2539
2540
2543
2569
2596
2602
2617
2633
2634
2634
2635
2636
2641
2645
2661
2683
2700
2713
2735
2744
2756
2766
2778
2780
2786
2795
2795
2840
2867
2868
2875
2878
2882
2897
2907
2910
2911
2948
2954
2960
2972
2976
2977
3005
3006
3019
3041
3045
3052
3065
3066
3067
3069
3074
3077
3078
3078
3106
3124
3129
3137
3157
3160
3187
3189
3204
3210
3224
3226
3238
3240
3248
3253
3254
3264
3296
3297
3307
3330
3336
3348
3352
3354
3367
3370
3382
3384
3407
3409
3412
3427
3432
3450
3457
3470
3483
3486
3495
3508
3512
3533
3535
3541
3550
3567
3598
3656
3658
3675
3685
3689
3703
3711
3713
3729
3739
3744
3747
3749
3778
3782
3786
3799
3817
3819
3822
3823
3824
3825
3844
3846
3869
3883
3900
3910
3913
3916
3917
3935
3936
3953
3973
3975
3991
3992
4004
4004
4012
4025
4044
4051
4061
4074
4078
4084
4094
4102
4113
4128
4152
4167
4175
4193
4217
4222
4241
4246
4247
4249
4257
4274
4284
4290
4301
4305
4306
4318
4325
4330
4330
4350
4357
4369
4377
4389
4402
4406
4409
4421
4427
4429
4433
4439
4455
4463
4505
4518
4536
4538
4542
4543
4543
4544
4558
4560
4561
4572
4602
4612
4614
4618
4618
4622
4629
4647
4648
4652
4654
4658
4660
4669
4671
4678
4683
4690
4695
4697
4701
4718
4722
4728
4733
4738
4748
4756
4776
4779
4783
4801
4810
4817
4817
4826
4828
4828
4836
4844
4850
4854
4854
4857
4869
4876
4891
4936
4943
4949
4952
4953
4954
4965
5008
5008
5011
5021
5036
5036
5037
5037
5046
5056
5060
5061
5064
5080
5095
5097
5102
5111
5124
5136
5174
5178
5182
5186
5195
5202
5211
5218
5223
5227
5233
5256
5260
5273
5284
5302
5339
5349
5352
5356
5380
5383
5383
5389
5403
5412
5463
5467
5471
5476
5476
5477
5501
5517
5517
5519
5526
5534
5540
5544
5553
5554
5569
5575
5575
5584
5586
5596
5605
5606
5639
5641
5674
5681
5686
5688
5695
5698
5700
5712
5714
5715
5719
5722
5734
5735
5742
5750
5763
5779
5781
5782
5802
5814
5821
5836
5836
5856
5861
5869
5869
5870
5887
5892
5896
5947
5949
5960
5968
5997
5998
6004
6013
6020
6043
6086
6087
6100
6100
6124
6128
6131
6135
6145
6152
6180
6184
6186
6199
6244
6244
6269
6274
6285
6285
6288
6294
6298
6301
6303
6305
6330
6334
6350
6356
6358
6371
6372
6373
6392
6403
6412
6446
6454
6455
6466
6523
6525
6528
6531
6533
6533
6535
6537
6539
6542
6555
6559
6573
6603
6604
6613
6616
6621
6624
6625
6630
6643
6643
6649
6664
6671
6672
6678
6693
6698
6699
6700
6712
6724
6747
6753
6760
6770
6771
6786
6801
6802
6825
6836
6840
6844
6865
6872
6875
6905
6906
6914
6921
6942
6949
6963
6965
6978
6983
7012
7015
7020
7020
7022
7028
7038
7046
7050
7066
7073
7084
7091
7107
7117
7139
7153
7157
7157
7169
7171
7190
7190
7192
7216
7227
7237
7252
7253
7286
7302
7309
7315
7321
7323
7352
7355
7374
7378
7379
7383
7394
7405
7416
7431
7433
7435
7447
7450
7456
7456
7464
7486
7498
7498
7501
7505
7506
7541
7542
7553
7568
7579
7592
7608
7622
7628
7645
7654
7656
7657
7675
7684
7687
7701
7710
7738
7750
7753
7754
7768
7774
7823
7867
7873
7876
7883
7891
7896
7901
7925
7932
7948
7954
7987
7991
7991
8006
8019
8028
8037
8055
8059
8059
8090
8103
8117
8133
8135
8137
8143
8156
8164
8178
8185
8187
8210
8211
8212
8221
8234
8246
8248
8250
8259
8264
8277
8300
8304
8316
8325
8342
8350
8357
8371
8381
8391
8396
8404
8405
8405
8416
8418
8435
8453
8466
8467
8484
8499
8510
8515
8517
8531
8543
8551
8565
8569
8574
8589
8596
8596
8600
8614
8627
8628
8634
8642
8647
8653
8687
8692
8706
8711
8721
8724
8740
8740
8748
8750
8761
8766
8775
8778
8779
8782
8794
8819
8828
8834
8846
8870
8885
8887
8896
8937
8941
8941
8983
8987
8988
9002
9017
9022
9036
9059
9062
9067
9074
9079
9109
9122
9124
9156
9160
9188
9195
9204
9222
9222
9236
9252
9268
9269
9273
9286
9287
9288
9304
9305
9326
9348
9349
9354
9389
9392
9400
9404
9404
9415
9417
9418
9420
9421
9437
9453
9460
9465
9485
9486
9504
9517
9521
9524
9537
9539
9557
9560
9561
9591
9592
9592
9593
9594
9598
9610
9616
9636
9642
9644
9660
9671
9673
9675
9695
9696
9738
9770
9774
9796
9797
9800
9803
9821
9848
9882
9882
9890
9906
9908
9911
9917
9942
9961
9965
9966
9971
9974
9982
10007
10016
10019
10050
10058
10058
10073
10101
10104
10105
10130
10142
10145
10158
10161
10168
10171
10185
10212
10213
10213
10218
10220
10225
10234
10237
10242
10243
10250
10281
10288
10294
10298
10298
10313
10320
10335
10337
10338
10342
10354
10355
10359
10363
10373
10374
10385
10386
10410
10446
10452
10454
10457
10468
10473
10477
10478
10489
10496
10508
10520
10525
10526
10544
10552
10553
10554
10559
10559
10563
10571
10574
10574
10576
10581
10586
10589
10593
10595
10614
10615
10626
10628
10643
10644
10677
10679
10680
10688
10690
10704
10709
10711
10714
10724
10726
10737
10740
10742
10751
10815
10829
10846
10859
10859
10860
10860
10875
10879
10883
10889
10898
10899
10959
10965
10981
10999
11010
11012
11015
11024
11034
11041
11044
11052
11054
11077
11084
11100
11105
11117
11121
11123
11125
11138
11159
11159
11162
11176
11187
11195
11209
11220
11227
11231
11243
11250
11254
11264
11267
11290
11301
11313
11320
11338
11340
11345
11346
11346
11351
11356
11387
11389
11394
11402
11406
11409
11410
11422
11442
11446
11452
11453
11458
11472
11509
11530
11535
11544
11545
11546
11565
11575
11594
11605
11606
11607
11610
11613
11615
11617
11626
11627
11635
11643
11646
11662
11677
11686
11695
11701
11723
11743
11743
11754
11793
11827
11833
11834
11846
11884
11894
11898
11910
11948
11965
12017
12022
12028
12038
12039
12058
12077
12087
12096
12123
12134
12147
12153
12153
12157
12160
12164
12187
12191
12215
12219
12231
12233
12239
12263
12271
12292
12296
12305
12312
12313
12313
12314
12320
12331
12334
12347
12348
12351
12353
12357
12382
12390
12447
12450
12459
12463
12467
12468
12478
12486
12494
12509
12561
12573
12574
12583
12590
12591
12592
12608
12621
12625
12640
12644
12649
12668
12670
12674
12676
12686
12712
12715
12716
12720
12728
12733
12735
12735
12748
12762
12768
12781
12815
12819
12832
12847
12854
12856
12867
12868
12878
12881
12882
12897
12898
12908
12922
12933
12937
12946
12949
12953
12975
12986
12988
12989
12993
13011
13016
13021
13031
13065
13069
13073
13091
13095
13097
13103
13134
13142
13161
13175
13185
13198
13217
13219
13252
13253
13256
13260
13282
13304
13322
13324
13344
13352
13368
13370
13390
13412
13412
13413
13418
13453
13455
13456
13471
13475
13490
13492
13511
13533
13539
13569
13578
13581
13582
13596
13609
13631
13643
13643
13645
13665
13679
13689
13689
13704
13705
13726
13739
13749
13762
13777
13777
13780
13791
13825
13825
13846
13860
13877
13888
13890
13921
13938
13941
13947
13969
13977
13979
13984
13985
13991
13996
14005
14020
14032
14041
14041
14042
14042
14049
14061
14070
14077
14082
14094
14098
14102
14113
14115
14130
14131
14155
14159
14160
14166
14173
14196
14197
14210
14213
14215
14234
14241
14253
14268
14301
14328
14340
14341
14383
14413
14422
14434
14444
14450
14477
14477
14480
14484
14511
14519
14527
14538
14540
14545
14545
14558
14559
14564
14569
14575
14583
14593
14597
14608
14613
14636
14644
14678
14692
14696
14700
14706
14713
14717
14754
14774
14777
14788
14812
14838
14858
14870
14872
14888
14914
14916
14934
14937
14939
14981
14984
14998
15006
15052
15058
15060
15061
15062
15096
15096
15126
15143
15143
15146
15169
15180
15199
15218
15228
15235
15248
15252
15253
15256
15272
15282
15306
15309
15309
15313
15327
15329
15339
15344
15362
15363
15372
15375
15395
15418
15434
15437
15466
15498
15501
15502
15505
15520
15547
15560
15561
15562
15566
15577
15583
15593
15594
15599
15608
15615
15628
15631
15652
15669
15675
15688
15688
15710
15715
15723
15723
15728
15756
15757
15759
15772
15789
15793
15809
15814
15821
15836
15836
15837
15871
15875
15883
15885
15893
15919
15922
15924
15926
15929
15947
15979
15987
15992
15997
16006
16010
16011
16056
16065
16065
16065
16071
16071
16077
16109
16114
16115
16122
16125
16133
16137
16138
16163
16165
16189
16206
16207
16211
16212
16221
16246
16254
16255
16266
16273
16286
16298
16299
16318
16319
16321
16328
16330
16346
16359
16391
16395
16400
16402
16405
16413
16417
16430
16453
16455
16473
16483
16492
16502
16519
16531
16539
16547
16548
16558
16571
16573
16575
16579
16587
16591
16598
16603
16613
16617
16622
16634
16639
16646
16656
16661
16674
16675
16697
16728
16744
16752
16768
16781
16809
16828
16831
16837
16850
16863
16914
16918
16919
16929
16931
16936
16944
16953
16964
16967
16970
16992
16994
17023
17030
17047
17058
17061
17077
17079
17093
17111
17113
17135
17149
17156
17162
17162
17165
17203
17246
17254
17255
17262
17270
17274
17276
17277
17280
17288
17290
17293
17308
17322
17329
17331
17346
17355
17370
17374
17379
17396
17411
17419
17431
17452
17456
17464
17478
17481
17482
17488
17498
17513
17516
17523
17549
17558
17559
17560
17586
17608
17617
17629
17629
17647
17651
17663
17663
17672
17687
17693
17696
17697
17708
17715
17730
17747
17751
17764
17773
17803
17812
17819
17823
17849
17870
17885
17889
17901
17902
17919
17923
17927
17934
17957
17972
17976
17980
17989
17997
18033
18042
18046
18052
18055
18079
18145
18147
18164
18178
18195
18205
18209
18212
18213
18220
18272
18279
18293
18296
18299
18305
18309
18310
18313
18326
18326
18333
18351
18365
18373
18382
18421
18424
18425
18432
18446
18456
18466
18466
18472
18474
18481
18487
18513
18545
18567
18580
18591
18591
18592
18598
18615
18630
18636
18641
18703
18706
18739
18742
18762
18771
18778
18787
18792
18797
18805
18809
18825
18856
18858
18873
18881
18886
18887
18901
18910
18928
18930
18938
18939
18954
18960
18966
18978
18988
19000
19010
19023
19032
19037
19043
19049
19055
19062
19076
19084
19112
19116
19135
19138
19143
19144
19150
19152
19156
19166
19185
19190
19211
19234
19242
19246
19251
19252
19254
19264
19274
19294
19309
19311
19332
19342
19342
19348
19353
19359
19377
19429
19431
19445
19457
19459
19464
19464
19469
19478
19482
19492
19499
19501
19503
19512
19517
19525
19536
19547
19550
19558
19560
19569
19597
19615
19620
19621
19624
19625
19627
19629
19646
19655
19662
19664
19701
19732
19746
19753
19754
19758
19776
19785
19785
19786
19802
19819
19853
19853
19857
19867
19869
19876
19883
19899
19908
19916
19922
19930
19934
19957
19973
19976
19988
20003
20007
20023
20033
20036
20045
20063
20077
20080
20083
20091
20106
20119
20120
20121
20122
20125
20130
20134
20141
20168
20178
20185
20191
20194
20202
20207
20216
20222
20224
20263
20264
20271
20277
20284
20293
20301
20312
20344
20361
20366
20417
20420
20436
20457
20464
20468
20469
20483
20485
20487
20500
20520
20521
20523
20539
20554
20568
20569
20574
20579
20581
20591
20594
20599
20641
20651
20659
20659
20675
20684
20684
20684
20690
20703
20712
20719
20720
20723
20723
20732
20752
20759
20759
20761
20781
20790
20791
20793
20814
20830
20837
20849
20855
20872
20880
20892
20901
20915
20925
20944
20948
20968
20984
20989
21003
21009
21013
21015
21020
21032
21041
21051
21071
21071
21074
21083
21085
21110
21118
21123
21126
21128
21166
21186
21236
21242
21246
21268
21270
21284
21289
21293
21295
21310
21311
21316
21339
21342
21347
21353
21366
21369
21381
21382
21397
21398
21416
21427
21435
21439
21443
21446
21447
21448
21449
21461
21471
21504
21505
21536
21578
21599
21601
21620
21640
21651
21657
21666
21670
21670
21674
21679
21683
21686
21688
21694
21696
21712
21715
21719
21725
21725
21734
21738
21741
21743
21748
21760
21783
21792
21806
21810
21820
21824
21846
21871
21877
21881
21889
21899
21903
21910
21911
21923
21931
21945
21945
21946
21967
21967
21972
21972
21986
21995
22019
22020
22030
22035
22045
22086
22095
22113
22117
22141
22150
22151
22162
22165
22188
22217
22219
22229
22231
22233
22234
22242
22260
22266
22266
22276
22278
22288
22310
22313
22323
22331
22342
22343
22350
22352
22374
22378
22379
22381
22390
22408
22412
22414
22436
22437
22442
22446
22452
22460
22464
22473
22480
22483
22484
22487
22511
22522
22525
22535
22580
22588
22610
22623
22631
22655
22675
22690
22691
22694
22700
22703
22723
22736
22740
22747
22749
22750
22750
22753
22753
22759
22761
22768
22771
22773
22781
22819
22819
22823
22826
22827
22828
22835
22839
22840
22856
22869
22899
22926
22927
22956
22965
22971
22975
22999
23040
23075
23093
23103
23108
23109
23109
23133
23135
23140
23148
23164
23180
23239
23259
23267
23275
23308
23333
23343
23346
23353
23357
23367
23383
23384
23387
23403
23414
23422
23423
23423
23433
23439
23440
23445
23450
23472
23479
23496
23504
23505
23517
23529
23550
23553
23584
23602
23614
23638
23649
23649
23649
23660
23661
23685
23715
23740
23749
23758
23766
23768
23778
23780
23798
23801
23801
23827
23830
23839
23842
23863
23866
23881
23890
23898
23901
23902
23911
23930
23956
23957
23974
23978
23981
23985
23993
24020
24025
24026
24040
24044
24057
24062
24064
24082
24112
24121
24123
24126
24144
24157
24163
24168
24216
24226
24228
24235
24251
24255
24257
24275
24276
24299
24300
24312
24316
24325
24331
24337
24347
24359
24370
24371
24375
24394
24396
24398
24399
24411
24411
24418
24436
24442
24457
24458
24465
24466
24481
24507
24511
24516
24518
24524
24526
24527
24538
24546
24551
24553
24577
24581
24596
24623
24642
24650
24655
24672
24677
24685
24690
24696
24708
24716
24718
24743
24753
24759
24768
24804
24805
24816
24816
24819
24825
24830
24835
24836
24840
24850
24857
24868
24870
24882
24893
24905
24919
24922
24925
24945
24951
24972
24975
24991
24991
24999
25005
25008
25011
25018
25019
25037
25049
25055
25057
25072
25082
25100
25104
25110
25133
25171
25172
25191
25197
25203
25210
25233
25234
25250
25252
25253
25259
25267
25312
25313
25327
25333
25357
25359
25370
25373
25392
25394
25403
25411
25434
25458
25466
25479
25508
25513
25523
25525
25533
25543
25549
25596
25605
25620
25621
25633
25637
25640
25643
25677
25691
25698
25701
25708
25708
25711
25748
25761
25769
25771
25780
25785
25789
25798
25817
25825
25830
25889
25920
25932
25942
25947
25949
25960
25966
25972
25974
25990
26008
26010
26011
26022
26024
26026
26032
26037
26037
26038
26042
26044
26055
26071
26075
26095
26097
26100
26115
26139
26147
26158
26160
26164
26173
26196
26209
26215
26220
26223
26224
26227
26245
26265
26271
26282
26295
26298
26306
26306
26309
26318
26340
26341
26355
26360
26377
26389
26432
26443
26465
26466
26466
26468
26479
26512
26527
26540
26541
26559
26580
26580
26596
26606
26621
26626
26628
26637
26644
26651
26654
26681
26682
26693
26710
26711
26714
26726
26733
26735
26744
26752
26756
26759
26760
26772
26790
26790
26794
26814
26820
26823
26836
26842
26853
26894
26895
26895
26906
26911
26933
26950
26951
26952
26958
26968
26969
26976
27014
27034
27046
27048
27055
27058
27068
27074
27078
27098
27117
27122
27129
27132
27146
27175
27183
27198
27199
27207
27254
27297
27321
27327
27331
27333
27333
27338
27342
27348
27353
27357
27367
27377
27444
27445
27451
27451
27457
27469
27474
27493
27496
27509
27512
27515
27532
27535
27542
27546
27550
27553
27554
27573
27574
27587
27589
27623
27636
27650
27651
27684
27702
27715
27719
27729
27754
27764
27769
27774
27775
27778
27791
27801
27807
27822
27851
27862
27867
27888
27889
27895
27897
27911
27926
27935
27955
27955
27965
27968
27985
27987
27987
27991
28003
28010
28015
28032
28048
28069
28101
28103
28120
28136
28137
28137
28145
28158
28166
28181
28199
28213
28220
28228
28239
28245
28259
28261
28272
28273
28283
28308
28311
28312
28324
28338
28341
28341
28360
28382
28385
28407
28413
28454
28473
28477
28487
28488
28492
28506
28519
28519
28523
28538
28542
28554
28564
28567
28577
28577
28586
28592
28594
28599
28619
28623
28637
28644
28654
28661
28661
28681
28693
28738
28750
28773
28796
28811
28818
28832
28844
28848
28876
28879
28881
28887
28888
28892
28899
28909
28925
28926
28942
28961
28962
28973
28985
28994
29006
29006
29027
29037
29040
29044
29044
29047
29063
29065
29076
29078
29083
29084
29092
29093
29098
29103
29110
29111
29111
29114
29131
29145
29159
29162
29176
29191
29196
29216
29234
29239
29245
29263
29269
29270
29284
29291
29293
29302
29323
29328
29352
29366
29367
29399
29406
29427
29428
29454
29457
29478
29479
29490
29495
29496
29513
29516
29517
29527
29531
29538
29541
29541
29555
29556
29584
29596
29604
29609
29652
29662
29673
29677
29683
29690
29731
29739
29744
29786
29792
29793
29801
29809
29811
29813
29831
29850
29860
29869
29871
29873
29880
29888
29908
29910
29919
29934
29943
29989
29996
29998
30012
30021
30026
30029
30031
30034
30045
30048
30056
30065
30079
30093
30094
30095
30095
30100
30104
30107
30116
30119
30122
30123
30135
30142
30152
30155
30183
30190
30214
30225
30230
30232
30254
30257
30260
30268
30270
30293
30305
30307
30309
30318
30331
30339
30344
30351
30361
30372
30372
30374
30383
30387
30396
30409
30410
30424
30431
30457
30478
30506
30507
30508
30512
30514
30517
30534
30542
30542
30545
30585
30591
30596
30600
30610
30630
30636
30638
30653
30665
30666
30672
30675
30690
30722
30724
30760
30761
30773
30789
30797
30808
30816
30840
30845
30862
30883
30916
30947
30950
30958
30969
30971
30973
30974
31036
31047
31055
31063
31093
31109
31119
31129
31136
31147
31159
31161
31163
31179
31184
31199
31201
31210
31211
31219
31222
31230
31233
31233
31239
31247
31255
31259
31273
31275
31279
31309
31316
31330
31334
31346
31354
31365
31376
31384
31387
31400
31401
31432
31435
31459
31482
31484
31510
31527
31531
31534
31543
31559
31575
31581
31583
31611
31613
31614
31617
31623
31629
31629
31654
31665
31665
31671
31673
31690
31696
31696
31698
31715
31724
31727
31728
31733
31736
31797
31808
31827
31854
31860
31887
31902
31910
31910
31914
31917
31924
31932
31936
31950
31950
31950
31971
31997
32002
32008
32022
32043
32064
32069
32073
32076
32098
32101
32103
32103
32124
32130
32142
32165
32181
32192
32200
32205
32206
32235
32253
32256
32258
32264
32280
32293
32320
32323
32331
32339
32346
32350
32352
32382
32385
32397
32400
32406
32420
32422
32425
32425
32430
32435
32448
32453
32456
32462
32462
32477
32484
32485
32488
32488
32493
32499
32510
32518
32548
32568
32573
32575
32582
32590
32596
32604
32608
32611
32621
32629
32646
32649
32651
32653
32705
32706
32706
32732
32737
32748
32768
32778
32781
32801
32850
32852
32854
32857
32867
32881
32882
32885
32892
32917
32922
32925
32930
32942
32960
32967
32967
32971
32985
32985
32990
33027
33050
33053
33056
33085
33092
33101
33103
33123
33136
33141
33146
33150
33152
33159
33174
33177
33188
33191
33191
33224
33225
33240
33242
33244
33255
33256
33270
33277
33277
33302
33321
33335
33345
33345
33349
33387
33389
33454
33467
33472
33473
33489
33511
33512
33523
33532
33536
33564
33569
33580
33590
33595
33600
33617
33638
33643
33658
33705
33709
33712
33734
33734
33746
33747
33748
33755
33756
33764
33811
33817
33847
33852
33858
33880
33911
33929
33943
33944
33958
33986
33990
33998
34000
34000
34002
34020
34034
34037
34037
34038
34044
34046
34054
34069
34072
34088
34094
34096
34096
34115
34124
34143
34145
34145
34161
34162
34172
34185
34187
34203
34205
34219
34244
34267
34267
34288
34313
34324
34327
34335
34335
34335
34367
34369
34369
34378
34393
34436
34437
34440
34451
34455
34458
34463
34468
34469
34476
34481
34506
34514
34529
34563
34578
34588
34592
34597
34604
34636
34637
34646
34655
34656
34660
34664
34668
34686
34688
34700
34732
34770
34773
34775
34781
34784
34794
34795
34795
34823
34824
34825
34826
34842
34853
34871
34873
34914
34916
34922
34925
34944
34954
34964
34976
34977
34995
34999
35004
35011
35017
35026
35040
35050
35053
35061
35064
35065
35070
35074
35074
35075
35078
35096
35100
35112
35116
35124
35128
35145
35154
35164
35171
35199
35199
35200
35216
35217
35223
35255
35260
35260
35263
35274
35275
35286
35288
35306
35306
35321
35348
35361
35361
35367
35371
35413
35413
35420
35421
35422
35435
35450
35470
35480
35486
35497
35498
35508
35532
35533
35542
35551
35551
35568
35569
35576
35585
35599
35612
35646
35656
35672
35674
35678
35680
35680
35684
35701
35703
35708
35711
35722
35734
35757
35768
35768
35779
35797
35820
35821
35831
35835
35841
35845
35863
35879
35888
35902
35907
35927
35960
35980
35989
35999
36027
36035
36037
36049
36059
36062
36072
36076
36101
36106
36125
36129
36131
36147
36147
36156
36161
36161
36166
36167
36176
36178
36178
36186
36213
36217
36219
36223
36224
36241
36248
36258
36264
36268
36275
36291
36303
36307
36334
36334
36335
36340
36342
36345
36353
36379
36383
36394
36403
36412
36419
36427
36472
36522
36524
36525
36552
36558
36559
36575
36588
36608
36609
36614
36618
36628
36628
36635
36637
36639
36639
36640
36641
36669
36684
36694
36709
36724
36727
36727
36767
36769
36773
36819
36822
36851
36854
36854
36867
36881
36882
36917
36927
36928
36942
36945
36973
36984
36996
37001
37025
37025
37039
37063
37068
37072
37086
37095
37103
37123
37135
37139
37142
37154
37156
37168
37171
37175
37179
37191
37196
37200
37216
37228
37229
37232
37233
37246
37271
37280
37300
37335
37338
37347
37358
37374
37384
37389
37396
37410
37414
37423
37448
37461
37484
37493
37503
37535
37535
37543
37551
37552
37570
37581
37584
37584
37589
37619
37619
37627
37661
37669
37675
37676
37676
37716
37718
37728
37729
37735
37741
37749
37756
37760
37763
37775
37799
37801
37806
37812
37818
37818
37823
37835
37854
37865
37899
37907
37924
37929
37936
37937
37944
37946
37947
37960
37968
37969
37984
37988
37996
38022
38024
38025
38037
38045
38051
38053
38061
38087
38089
38104
38106
38112
38115
38123
38124
38144
38159
38175
38184
38197
38235
38244
38247
38253
38274
38295
38314
38330
38352
38386
38386
38415
38423
38425
38432
38436
38436
38446
38447
38455
38464
38492
38492
38495
38500
38522
38528
38535
38553
38560
38561
38563
38574
38590
38596
38616
38617
38620
38630
38635
38642
38656
38670
38672
38680
38689
38693
38694
38703
38714
38736
38746
38756
38773
38775
38783
38794
38799
38817
38827
38836
38843
38858
38872
38876
38878
38887
38939
38957
38977
38978
38979
38980
39006
39007
39014
39033
39049
39050
39051
39052
39057
39059
39064
39083
39084
39096
39101
39104
39113
39119
39137
39143
39155
39158
39164
39176
39177
39179
39222
39253
39265
39277
39288
39293
39306
39316
39341
39345
39346
39377
39377
39416
39417
39427
39430
39435
39443
39447
39450
39451
39477
39487
39489
39493
39510
39533
39538
39546
39551
39575
39602
39603
39615
39618
39626
39628
39656
39661
39668
39679
39683
39685
39688
39707
39712
39727
39733
39754
39777
39790
39796
39849
39856
39876
39882
39884
39887
39894
39895
39917
39936
39972
39982
39990
39993
40004
40014
40019
40020
40029
40039
40040
40043
40049
40053
40064
40069
40092
40093
40100
40102
40105
40106
40118
40121
40147
40151
40152
40169
40179
40193
40243
40247
40290
40291
40299
40302
40303
40307
40318
40334
40350
40366
40370
40402
40422
40425
40425
40436
40450
40451
40458
40484
40511
40513
40519
40527
40537
40546
40549
40560
40569
40579
40580
40590
40594
40608
40631
40633
40645
40648
40648
40648
40664
40665
40670
40671
40681
40693
40695
40701
40701
40704
40719
40724
40747
40757
40773
40779
40788
40792
40801
40844
40875
40885
40895
40901
40906
40907
40918
40920
40925
40926
40926
40931
40933
40951
40977
40979
41005
41022
41024
41025
41031
41043
41050
41053
41055
41059
41067
41070
41072
41086
41094
41137
41155
41159
41162
41163
41199
41208
41217
41222
41230
41239
41256
41265
41265
41273
41280
41286
41288
41290
41291
41296
41311
41312
41319
41322
41334
41362
41396
41396
41399
41400
41418
41420
41424
41435
41482
41487
41488
41505
41506
41510
41512
41522
41535
41538
41551
41575
41598
41616
41622
41625
41628
41641
41646
41656
41672
41688
41704
41708
41720
41720
41721
41742
41746
41758
41765
41767
41796
41820
41844
41854
41865
41874
41896
41914
41914
41918
41927
41932
41943
41947
41966
41972
41994
41994
42013
42027
42038
42041
42041
42042
42050
42053
42054
42060
42067
42077
42094
42103
42150
42167
42183
42188
42209
42210
42228
42230
42232
42247
42257
42260
42264
42279
42284
42295
42310
42315
42319
42334
42337
42347
42366
42372
42378
42382
42393
42398
42404
42427
42438
42443
42447
42451
42466
42504
42531
42543
42547
42558
42562
42570
42596
42625
42631
42633
42634
42651
42678
42688
42715
42724
42729
42731
42751
42787
42790
42790
42796
42807
42815
42822
42843
42849
42868
42888
42888
42893
42895
42904
42913
42928
42930
42936
42969
42971
42983
42984
42993
42993
42997
43065
43066
43087
43089
43091
43098
43100
43130
43155
43168
43196
43243
43245
43248
43268
43268
43269
43299
43302
43306
43317
43319
43352
43354
43354
43362
43379
43400
43406
43430
43457
43458
43463
43463
43476
43476
43481
43485
43495
43495
43501
43505
43510
43532
43533
43548
43554
43554
43559
43564
43582
43593
43601
43609
43609
43614
43615
43619
43619
43620
43638
43639
43656
43676
43689
43697
43709
43740
43751
43753
43764
43783
43799
43801
43804
43838
43872
43876
43881
43902
43906
43912
43915
43928
43973
43998
44007
44014
44021
44035
44039
44050
44071
44073
44078
44081
44090
44118
44136
44150
44163
44171
44180
44193
44218
44229
44236
44252
44255
44270
44278
44281
44292
44294
44294
44303
44316
44341
44361
44363
44369
44374
44403
44408
44419
44423
44430
44447
44448
44476
44479
44479
44480
44482
44483
44491
44492
44497
44501
44510
44513
44523
44537
44545
44546
44563
44569
44575
44576
44591
44591
44592
44622
44635
44638
44648
44660
44696
44700
44703
44710
44722
44725
44751
44752
44777
44797
44806
44809
44817
44831
44835
44872
44877
44900
44903
44908
44914
44920
44922
44924
44941
44966
44967
44974
44975
44993
45018
45026
45041
45059
45070
45079
45081
45100
45132
45152
45153
45164
45181
45181
45197
45199
45214
45215
45216
45219
45235
45253
45270
45287
45296
45302
45317
45333
45333
45335
45357
45357
45365
45369
45413
45423
45425
45433
45444
45457
45463
45472
45480
45482
45483
45483
45495
45499
45503
45517
45527
45530
45538
45547
45554
45555
45590
45597
45611
45622
45624
45656
45657
45671
45715
45727
45736
45760
45765
45766
45773
45777
45795
45802
45802
45831
45835
45851
45869
45870
45912
45918
45931
45958
45965
45965
45990
45998
46024
46032
46057
46069
46074
46081
46119
46125
46156
46160
46160
46225
46230
46231
46235
46239
46247
46249
46254
46263
46269
46272
46281
46282
46290
46291
46333
46351
46368
46380
46391
46405
46417
46417
46427
46429
46432
46434
46434
46443
46453
46482
46500
46501
46513
46531
46536
46550
46560
46570
46573
46585
46587
46587
46594
46614
46619
46627
46628
46633
46666
46674
46696
46718
46743
46748
46761
46787
46792
46804
46805
46808
46829
46836
46839
46847
46854
46856
46867
46867
46876
46886
46887
46925
46927
46928
46928
46928
46935
46936
46970
46977
46979
46984
46989
46999
47000
47001
47017
47020
47023
47023
47078
47081
47089
47090
47096
47136
47150
47162
47164
47169
47169
47179
47182
47191
47207
47209
47211
47222
47242
47256
47259
47261
47283
47289
47297
47342
47343
47345
47348
47349
47349
47375
47375
47384
47397
47401
47402
47402
47423
47423
47464
47484
47485
47498
47504
47511
47537
47538
47539
47544
47564
47564
47579
47581
47593
47603
47612
47650
47654
47656
47659
47670
47683
47700
47719
47720
47720
47726
47733
47756
47765
47776
47788
47798
47848
47848
47856
47866
47881
47896
47900
47900
47930
47936
47944
47951
47954
47960
47961
47973
47999
48028
48038
48050
48056
48056
48068
48070
48085
48097
48110
48121
48127
48155
48161
48163
48163
48174
48180
48183
48189
48191
48194
48195
48196
48209
48210
48213
48216
48223
48235
48235
48248
48278
48310
48317
48318
48335
48362
48365
48372
48382
48386
48404
48410
48425
48426
48436
48443
48450
48459
48462
48467
48470
48472
48473
48475
48485
48496
48499
48502
48504
48506
48508
48509
48516
48516
48533
48543
48544
48554
48565
48576
48615
48620
48620
48622
48626
48633
48634
48644
48651
48669
48673
48678
48688
48695
48700
48708
48713
48716
48728
48731
48751
48792
48794
48797
48803
48803
48819
48825
48831
48856
48860
48861
48862
48869
48870
48878
48883
48892
48896
48897
48903
48907
48917
48923
48935
48935
48936
48948
48958
48987
48988
49009
49025
49026
49030
49053
49079
49096
49111
49124
49127
49129
49152
49157
49186
49189
49193
49199
49213
49227
49239
49255
49276
49281
49291
49318
49319
49326
49330
49331
49352
49361
49378
49384
49397
49400
49400
49401
49416
49428
49430
49440
49466
49471
49475
49487
49496
49514
49529
49552
49552
49558
49596
49598
49636
49654
49656
49656
49677
49688
49701
49708
49711
49750
49765
49770
49790
49822
49827
49846
49859
49862
49867
49885
49891
49894
49895
49902
49905
49922
49929
49955
49955
49958
49986
49998
50002
50004
50005
50009
50018
50021
50028
50043
50054
50097
50122
50143
50151
50157
50170
50174
50189
50193
50246
50251
50253
50257
50263
50266
50271
50276
50278
50278
50280
50285
50291
50304
50326
50336
50338
50365
50368
50379
50388
50402
50402
50457
50464
50464
50469
50473
50474
50492
50511
50511
50516
50555
50573
50574
50585
50596
50611
50633
50639
50648
50650
50657
50659
50675
50696
50698
50706
50710
50718
50738
50739
50749
50750
50765
50773
50803
50803
50805
50835
50835
50842
50849
50854
50856
50878
50899
50902
50926
50928
50935
50938
50938
50941
50952
50953
50954
50968
50990
51012
51022
51036
51057
51062
51066
51069
51071
51071
51078
51086
51098
51110
51115
51117
51121
51133
51148
51161
51166
51169
51172
51175
51195
51211
51220
51221
51222
51243
51245
51249
51253
51261
51262
51297
51304
51320
51320
51332
51335
51339
51340
51353
51359
51364
51365
51375
51388
51391
51393
51394
51398
51429
51430
51430
51439
51449
51455
51461
51474
51485
51521
51541
51544
51570
51577
51577
51591
51595
51601
51606
51609
51626
51630
51641
51659
51660
51684
51695
51704
51710
51712
51716
51720
51722
51724
51725
51726
51734
51747
51757
51777
51784
51785
51794
51809
51830
51836
51841
51856
51877
51887
51890
51902
51904
51914
51923
51941
51962
51967
52024
52026
52033
52062
52072
52094
52102
52110
52117
52121
52122
52162
52172
52190
52196
52202
52211
52227
52228
52244
52271
52279
52283
52287
52287
52287
52291
52293
52301
52305
52321
52342
52343
52346
52349
52373
52389
52421
52435
52438
52447
52453
52458
52458
52460
52464
52465
52467
52468
52469
52498
52506
52507
52518
52529
52547
52556
52560
52561
52562
52567
52578
52583
52594
52609
52620
52624
52624
52649
52650
52652
52679
52693
52723
52725
52739
52740
52745
52747
52749
52756
52765
52780
52787
52791
52808
52811
52855
52869
52872
52883
52884
52902
52923
52927
52971
52975
52985
52999
53000
53009
53021
53062
53063
53065
53091
53112
53122
53128
53130
53134
53138
53151
53175
53176
53177
53186
53200
53219
53230
53231
53232
53236
53239
53266
53267
53278
53283
53286
53304
53313
53346
53349
53351
53364
53371
53378
53383
53389
53419
53425
53426
53445
53459
53460
53462
53467
53478
53481
53489
53493
53517
53528
53538
53539
53545
53550
53554
53559
53579
53580
53591
53612
53622
53631
53631
53641
53647
53653
53662
53673
53692
53693
53697
53707
53714
53732
53735
53739
53742
53751
53762
53787
53796
53802
53810
53812
53812
53815
53836
53854
53856
53857
53878
53891
53892
53902
53903
53927
53949
53950
53959
53995
54002
54017
54025
54027
54032
54065
54083
54087
54108
54108
54117
54126
54137
54138
54143
54144
54148
54157
54174
54176
54177
54190
54195
54199
54210
54241
54256
54273
54291
54325
54325
54326
54333
54341
54348
54350
54357
54361
54363
54383
54390
54396
54398
54405
54425
54427
54430
54440
54481
54495
54526
54530
54533
54535
54546
54564
54577
54579
54599
54602
54606
54611
54612
54631
54633
54635
54651
54674
54676
54680
54686
54702
54709
54735
54736
54764
54770
54777
54792
54807
54821
54823
54827
54844
54846
54870
54926
54926
54927
54927
54942
54974
54994
54995
54996
54998
55007
55015
55043
55056
55059
55062
55092
55122
55156
55176
55176
55183
55207
55220
55222
55235
55238
55265
55276
55278
55284
55312
55314
55323
55327
55332
55353
55357
55375
55406
55422
55423
55426
55433
55439
55446
55454
55469
55471
55475
55493
55494
55507
55510
55513
55518
55528
55538
55563
55622
55627
55627
55633
55644
55648
55656
55666
55674
55683
55723
55725
55726
55738
55746
55746
55773
55783
55811
55811
55833
55834
55852
55856
55856
55862
55877
55879
55883
55885
55899
55901
55903
55924
55926
55933
55942
55944
55958
55959
55967
55968
55976
55976
55995
56002
56009
56013
56017
56039
56044
56053
56064
56069
56071
56075
56087
56087
56106
56108
56117
56117
56120
56128
56129
56132
56135
56142
56157
56157
56164
56172
56174
56176
56179
56183
56191
56195
56218
56236
56237
56240
56241
56250
56253
56254
56255
56259
56315
56315
56322
56325
56334
56359
56362
56368
56397
56398
56431
56439
56451
56474
56494
56496
56535
56550
56551
56552
56562
56575
56590
56604
56613
56618
56621
56636
56649
56660
56676
56677
56680
56717
56729
56732
56735
56757
56760
56774
56783
56783
56803
56819
56821
56832
56834
56840
56844
56846
56853
56874
56877
56887
56898
56900
56903
56916
56922
56930
56933
56936
56936
56939
56953
56968
56987
56991
57009
57010
57011
57015
57016
57024
57032
57035
57059
57061
57067
57070
57077
57083
57089
57094
57102
57103
57129
57148
57157
57172
57189
57220
57220
57227
57232
57239
57244
57271
57293
57318
57318
57324
57326
57334
57343
57363
57379
57383
57390
57390
57393
57407
57416
57434
57437
57439
57442
57449
57458
57459
57459
57469
57484
57499
57513
57520
57525
57529
57535
57553
57557
57558
57572
57577
57587
57590
57591
57592
57599
57600
57606
57610
57619
57657
57657
57663
57664
57674
57682
57700
57701
57704
57704
57707
57718
57727
57729
57734
57737
57749
57752
57779
57802
57821
57825
57872
57874
57875
57890
57890
57898
57921
57941
57956
57971
57994
58005
58010
58017
58020
58025
58027
58031
58037
58043
58054
58065
58067
58075
58090
58095
58097
58109
58110
58110
58127
58133
58139
58139
58149
58159
58167
58170
58179
58183
58187
58199
58201
58202
58210
58220
58221
58225
58226
58226
58237
58249
58255
58258
58280
58284
58291
58300
58330
58331
58339
58340
58362
58365
58380
58381
58381
58382
58382
58401
58425
58444
58449
58451
58476
58488
58491
58507
58511
58514
58526
58531
58542
58560
58565
58593
58595
58599
58612
58638
58643
58675
58675
58709
58727
58734
58748
58785
58790
58792
58803
58822
58828
58833
58834
58846
58848
58849
58872
58878
58879
58902
58921
58926
58929
58941
58956
58956
58957
58986
59028
59045
59052
59061
59065
59065
59067
59071
59084
59107
59111
59115
59117
59119
59144
59146
59194
59195
59199
59205
59214
59271
59278
59281
59317
59355
59355
59378
59387
59396
59427
59429
59475
59476
59487
59514
59529
59537
59562
59564
59570
59573
59581
59586
59594
59600
59606
59608
59608
59615
59621
59634
59635
59637
59642
59646
59658
59669
59674
59680
59685
59709
59713
59718
59721
59726
59733
59739
59742
59751
59751
59754
59762
59769
59774
59794
59799
59836
59853
59854
59880
59883
59897
59905
59910
59921
59928
59939
59941
59945
59951
59958
59960
59980
59992
60018
60028
60039
60047
60053
60070
60080
60089
60090
60098
60123
60125
60137
60144
60164
60185
60214
60224
60248
60299
60302
60304
60305
60316
60321
60335
60337
60338
60355
60365
60369
60377
60388
60397
60421
60426
60442
60446
60456
60460
60476
60479
60481
60487
60494
60503
60538
60544
60546
60551
60554
60558
60559
60579
60587
60594
60599
60609
60620
60636
60642
60652
60670
60679
60682
60691
60696
60703
60707
60713
60722
60732
60743
60744
60765
60766
60774
60785
60787
60800
60806
60834
60834
60844
60854
60864
60865
60867
60874
60898
60918
60928
60929
60936
60958
60978
60980
60981
60987
60994
60999
61005
61024
61031
61034
61036
61041
61050
61057
61063
61075
61077
61087
61110
61117
61127
61130
61135
61147
61152
61154
61167
61169
61177
61215
61243
61257
61257
61258
61268
61289
61301
61307
61314
61326
61326
61348
61349
61357
61358
61361
61366
61379
61384
61385
61405
61416
61422
61426
61446
61453
61472
61479
61483
61492
61509
61522
61542
61548
61570
61572
61585
61623
61642
61651
61655
61664
61670
61686
61692
61695
61695
61707
61713
61730
61753
61756
61766
61776
61790
61792
61826
61832
61835
61850
61864
61877
61894
61898
61911
61913
61914
61914
61935
61937
61947
61959
61970
61971
62014
62016
62024
62029
62045
62045
62091
62118
62119
62121
62132
62133
62141
62143
62147
62181
62185
62189
62190
62200
62204
62205
62207
62207
62218
62218
62219
62220
62229
62265
62267
62286
62290
62301
62301
62303
62305
62312
62331
62331
62384
62388
62399
62408
62418
62424
62452
62489
62491
62506
62511
62521
62522
62537
62544
62544
62544
62552
62563
62563
62568
62577
62580
62590
62612
62618
62622
62623
62627
62629
62644
62660
62677
62678
62693
62698
62702
62723
62726
62731
62731
62757
62763
62766
62771
62802
62803
62816
62845
62852
62855
62857
62858
62872
62878
62878
62882
62888
62896
62906
62907
62908
62913
62921
62923
62943
62946
62972
62992
62993
62997
63004
63033
63045
63049
63054
63068
63080
63087
63089
63090
63106
63117
63129
63131
63151
63153
63154
63167
63168
63176
63178
63180
63181
63187
63202
63210
63249
63259
63261
63267
63268
63272
63293
63305
63313
63319
63328
63355
63357
63358
63393
63406
63412
63424
63427
63434
63442
63454
63459
63471
63476
63486
63486
63521
63525
63549
63553
63581
63583
63587
63588
63590
63613
63614
63616
63620
63625
63629
63635
63654
63656
63659
63670
63673
63674
63692
63701
63707
63719
63729
63731
63737
63740
63743
63754
63780
63793
63799
63810
63861
63882
63914
63922
63935
63938
63952
63957
63970
63977
64001
64005
64017
64021
64023
64029
64031
64050
64059
64065
64069
64073
64074
64075
64077
64094
64099
64105
64108
64125
64133
64154
64164
64176
64182
64183
64190
64202
64228
64253
64259
64270
64290
64296
64314
64328
64336
64342
64366
64380
64391
64415
64415
64419
64425
64434
64453
64454
64462
64472
64481
64488
64521
64522
64524
64537
64558
64569
64569
64574
64580
64586
64607
64626
64640
64645
64662
64677
64681
64711
64712
64715
64715
64729
64734
64735
64754
64756
64761
64766
64781
64789
64791
64806
64813
64825
64835
64846
64858
64861
64863
64875
64876
64882
64884
64935
64948
64960
64960
64964
64977
64996
64998
65044
65071
65077
65091
65100
65124
65132
65157
65160
65164
65164
65198
65204
65208
65215
65228
65263
65264
65275
65310
65311
65327
65328
65330
65361
65364
65366
65371
65374
65385
65410
65429
65449
65452
65457
65457
65466
65476
65510
65522
65533
65534
65540
65542
65570
65575
65581
65584
65593
65595
65610
65629
65643
65664
65708
65708
65735
65738
65738
65752
65770
65771
65777
65785
65791
65800
65810
65814
65814
65825
65881
65887
65912
65915
65928
65930
65932
65939
65951
65956
65965
65971
65993
65996
66002
66006
66012
66022
66026
66032
66049
66070
66079
66087
66098
66102
66103
66105
66121
66127
66130
66146
66158
66172
66184
66206
66207
66238
66251
66257
66279
66286
66291
66312
66315
66327
66348
66365
66369
66398
66425
66462
66489
66513
66517
66517
66519
66524
66530
66547
66559
66570
66581
66608
66620
66623
66626
66633
66638
66639
66655
66689
66704
66708
66774
66782
66794
66803
66805
66819
66826
66835
66836
66839
66850
66851
66853
66874
66878
66880
66886
66887
66906
66908
66913
66917
66934
66936
66952
66965
66967
66975
66979
67013
67016
67033
67033
67047
67048
67050
67063
67085
67085
67086
67100
67106
67111
67113
67121
67148
67153
67153
67157
67162
67169
67206
67227
67255
67257
67265
67279
67280
67281
67296
67296
67303
67311
67327
67344
67357
67367
67368
67372
67377
67390
67417
67463
67465
67466
67466
67472
67473
67487
67489
67494
67520
67548
67557
67562
67565
67566
67568
67569
67575
67612
67615
67617
67628
67639
67652
67652
67667
67669
67670
67678
67688
67710
67720
67734
67744
67759
67764
67767
67768
67771
67797
67800
67806
67818
67839
67840
67849
67859
67864
67865
67880
67898
67907
67915
67924
67929
67930
67933
67942
67948
67951
67962
67983
67989
67990
67996
68001
68014
68020
68023
68060
68068
68079
68082
68088
68091
68097
68104
68109
68116
68119
68122
68132
68181
68183
68190
68192
68204
68208
68210
68220
68226
68234
68245
68259
68276
68276
68278
68285
68287
68294
68310
68317
68323
68325
68332
68337
68347
68377
68390
68418
68433
68440
68457
68458
68479
68479
68508
68540
68541
68553
68568
68581
68597
68614
68614
68624
68631
68641
68646
68646
68649
68650
68650
68693
68700
68704
68737
68746
68753
68760
68785
68792
68795
68807
68831
68848
68850
68857
68858
68871
68876
68880
68885
68890
68896
68898
68901
68911
68934
68960
68980
68999
69008
69009
69041
69045
69050
69093
69108
69119
69130
69152
69156
69160
69169
69184
69188
69194
69196
69199
69214
69217
69235
69271
69275
69276
69279
69282
69296
69317
69320
69321
69331
69354
69356
69356
69379
69387
69393
69397
69409
69410
69425
69433
69442
69453
69458
69483
69493
69499
69507
69528
69531
69533
69537
69539
69545
69548
69550
69552
69570
69594
69605
69617
69618
69618
69637
69638
69641
69653
69669
69682
69692
69693
69702
69719
69744
69752
69753
69768
69771
69797
69798
69804
69829
69837
69841
69841
69845
69846
69846
69852
69852
69861
69866
69869
69884
69895
69905
69912
69912
69913
69923
69936
69942
69965
69975
69978
69986
69996
70012
70030
70039
70060
70076
70080
70143
70148
70164
70167
70172
70194
70195
70212
70224
70226
70229
70237
70242
70242
70259
70260
70270
70275
70276
70281
70292
70301
70303
70305
70313
70316
70336
70342
70349
70352
70354
70366
70387
70391
70401
70423
70425
70431
70432
70434
70443
70444
70453
70462
70479
70487
70499
70499
70503
70514
70515
70515
70526
70526
70540
70553
70561
70578
70608
70632
70643
70656
70661
70665
70681
70686
70688
70690
70700
70715
70737
70740
70771
70779
70783
70800
70809
70827
70836
70840
70841
70841
70874
70876
70879
70887
70889
70894
70920
70928
70938
70939
70944
70960
70968
70973
70978
70979
70994
71031
71036
71052
71056
71079
71088
71131
71154
71158
71195
71196
71208
71210
71211
71212
71230
71233
71256
71341
71352
71360
71361
71372
71381
71389
71392
71403
71413
71416
71419
71427
71433
71433
71441
71443
71459
71462
71468
71484
71504
71505
71516
71546
71560
71577
71578
71612
71617
71624
71625
71632
71672
71680
71699
71708
71717
71721
71724
71732
71750
71766
71766
71779
71800
71811
71818
71824
71826
71877
71879
71904
71909
71913
71928
71952
71959
71960
71973
71973
71977
71995
72009
72016
72055
72059
72074
72092
72109
72134
72155
72207
72210
72221
72231
72265
72268
72273
72278
72283
72298
72301
72314
72322
72331
72342
72362
72378
72444
72457
72475
72503
72526
72528
72530
72534
72546
72560
72575
72587
72588
72611
72617
72635
72644
72651
72657
72660
72660
72662
72662
72669
72670
72675
72701
72709
72712
72721
72723
72723
72766
72775
72782
72784
72787
72795
72798
72802
72813
72822
72830
72847
72857
72873
72875
72875
72892
72911
72946
72948
72950
72951
72956
72962
72965
72975
73007
73030
73032
73046
73064
73065
73073
73078
73101
73117
73120
73136
73137
73143
73146
73147
73174
73178
73196
73196
73216
73216
73231
73240
73248
73252
73265
73279
73279
73302
73317
73324
73325
73330
73349
73362
73375
73380
73399
73471
73473
73500
73518
73557
73566
73601
73604
73616
73639
73648
73651
73668
73681
73688
73694
73725
73736
73740
73761
73780
73796
73798
73802
73808
73820
73831
73839
73844
73860
73860
73862
73872
73872
73900
73902
73911
73912
73918
73928
73933
73944
73968
73970
73990
73991
73995
74018
74022
74023
74036
74042
74046
74051
74076
74085
74100
74107
74122
74138
74138
74144
74154
74155
74160
74177
74189
74200
74217
74239
74279
74280
74287
74289
74305
74332
74337
74341
74347
74350
74355
74356
74366
74383
74395
74399
74413
74444
74458
74461
74464
74465
74477
74482
74501
74518
74518
74532
74540
74546
74554
74560
74564
74566
74587
74589
74611
74613
74618
74638
74645
74659
74663
74690
74710
74749
74749
74756
74760
74760
74778
74779
74781
74793
74807
74810
74830
74841
74848
74876
74880
74880
74881
74890
74896
74897
74915
74927
74930
74936
74936
74939
74943
74947
74950
74960
74970
74992
75005
75015
75017
75017
75035
75062
75067
75078
75085
75099
75113
75114
75134
75147
75176
75180
75209
75216
75225
75234
75237
75239
75248
75270
75273
75285
75302
75315
75317
75322
75328
75363
75375
75381
75411
75417
75440
75456
75509
75516
75522
75523
75540
75543
75556
75563
75565
75580
75597
75598
75617
75624
75629
75630
75634
75641
75668
75669
75676
75693
75694
75700
75713
75725
75726
75737
75745
75745
75754
75759
75761
75777
75787
75788
75791
75796
75805
75810
75818
75824
75829
75839
75843
75859
75867
75875
75888
75894
75895
75900
75908
75913
75926
75931
75933
75951
75955
75962
75969
75971
75983
75988
76000
76003
76012
76012
76014
76016
76025
76035
76042
76044
76045
76051
76054
76060
76061
76071
76080
76103
76106
76114
76124
76143
76146
76164
76179
76180
76186
76193
76211
76218
76263
76268
76284
76305
76309
76309
76312
76316
76323
76326
76351
76358
76360
76377
76396
76397
76417
76419
76439
76450
76453
76457
76480
76507
76509
76519
76521
76536
76545
76579
76587
76599
76619
76619
76620
76622
76630
76644
76654
76668
76670
76673
76674
76675
76697
76704
76705
76705
76717
76719
76733
76741
76749
76774
76782
76793
76798
76801
76803
76806
76841
76860
76863
76870
76884
76903
76904
76925
76926
76929
76932
76942
76957
76975
77055
77064
77070
77082
77104
77116
77119
77127
77127
77131
77140
77140
77166
77168
77190
77198
77215
77219
77232
77257
77268
77274
77307
77323
77331
77332
77334
77368
77371
77373
77376
77382
77390
77399
77406
77421
77422
77432
77460
77462
77476
77479
77539
77560
77605
77609
77622
77626
77630
77634
77649
77661
77680
77681
77691
77698
77716
77720
77731
77734
77739
77742
77755
77756
77774
77774
77779
77783
77799
77813
77832
77863
77870
77875
77875
77882
77884
77890
77913
77937
77958
77961
77968
77972
77982
77991
77995
78003
78003
78014
78054
78059
78064
78069
78070
78104
78134
78141
78143
78149
78153
78159
78162
78180
78180
78187
78199
78225
78232
78240
78243
78270
78275
78279
78286
78291
78300
78313
78314
78346
78355
78382
78456
78461
78536
78544
78547
78557
78566
78574
78606
78627
78648
78650
78664
78692
78706
78737
78746
78755
78764
78767
78769
78771
78778
78793
78806
78831
78837
78838
78857
78858
78868
78875
78887
78905
78916
78919
78926
78928
78931
78933
78936
78942
78950
78955
78956
78959
78985
78994
79010
79013
79023
79026
79028
79034
79035
79035
79040
79046
79072
79085
79107
79135
79144
79162
79188
79205
79206
79229
79235
79235
79244
79256
79283
79284
79290
79294
79299
79318
79325
79329
79330
79334
79336
79340
79344
79355
79358
79366
79368
79383
79386
79397
79406
79409
79416
79441
79442
79454
79464
79467
79477
79478
79485
79501
79502
79517
79518
79521
79525
79528
79534
79546
79549
79584
79600
79612
79626
79642
79644
79658
79660
79679
79687
79698
79716
79736
79738
79738
79745
79750
79758
79758
79774
79777
79777
79801
79851
79858
79858
79861
79892
79901
79905
79921
79959
79993
79994
80002
80021
80039
80060
80067
80070
80075
80087
80091
80095
80121
80125
80130
80137
80140
80149
80155
80157
80177
80180
80189
80200
80200
80201
80214
80218
80220
80226
80236
80239
80243
80247
80249
80300
80318
80357
80369
80370
80375
80378
80396
80411
80423
80438
80441
80445
80453
80466
80477
80514
80515
80529
80543
80574
80581
80588
80596
80600
80618
80621
80626
80633
80642
80652
80657
80673
80699
80709
80712
80730
80739
80752
80762
80796
80798
80799
80801
80802
80803
80810
80816
80820
80822
80836
80861
80874
80902
80914
80931
80952
80965
80975
80989
80992
80993
81013
81017
81028
81065
81068
81068
81079
81102
81106
81135
81146
81155
81155
81157
81159
81162
81175
81193
81213
81217
81251
81256
81261
81265
81284
81291
81309
81327
81330
81360
81365
81370
81377
81388
81404
81418
81420
81426
81433
81486
81494
81507
81513
81528
81536
81541
81561
81572
81592
81609
81610
81617
81622
81637
81704
81712
81729
81738
81743
81763
81776
81780
81785
81786
81819
81829
81878
81879
81879
81889
81900
81903
81904
81907
81913
81913
81915
81925
81933
81952
81954
81969
81970
82012
82012
82027
82045
82088
82101
82104
82114
82131
82163
82174
82180
82187
82196
82204
82211
82217
82221
82227
82236
82246
82252
82270
82275
82285
82290
82295
82302
82306
82308
82313
82319
82325
82326
82328
82334
82335
82357
82363
82379
82403
82406
82406
82417
82423
82454
82454
82470
82479
82518
82519
82524
82528
82560
82563
82572
82574
82585
82611
82660
82665
82683
82685
82689
82704
82711
82712
82718
82719
82721
82724
82737
82741
82741
82747
82764
82766
82770
82777
82785
82800
82807
82812
82823
82824
82840
82844
82844
82883
82893
82901
82926
82946
82951
82954
82965
82983
82986
82997
83002
83023
83025
83032
83035
83045
83054
83059
83065
83065
83075
83076
83077
83084
83084
83088
83110
83118
83123
83131
83136
83141
83151
83154
83158
83198
83201
83208
83213
83218
83248
83267
83268
83284
83296
83300
83309
83344
83346
83361
83367
83376
83401
83403
83403
83417
83435
83449
83449
83476
83487
83507
83538
83558
83570
83576
83586
83605
83608
83614
83641
83658
83662
83681
83691
83694
83700
83711
83711
83718
83718
83730
83734
83746
83748
83748
83751
83764
83774
83774
83774
83781
83784
83788
83807
83816
83831
83834
83837
83861
83863
83866
83874
83878
83889
83893
83900
83903
83914
83931
83947
83958
83965
83968
83975
84016
84016
84043
84055
84062
84065
84075
84075
84090
84091
84094
84097
84105
84106
84108
84144
84146
84149
84154
84156
84157
84164
84169
84200
84213
84217
84222
84261
84270
84277
84278
84293
84297
84298
84305
84307
84309
84319
84343
84346
84353
84360
84363
84397
84397
84440
84441
84448
84457
84461
84462
84473
84485
84500
84505
84535
84548
84582
84616
84627
84637
84641
84682
84683
84688
84689
84695
84698
84706
84719
84725
84753
84758
84763
84781
84791
84792
84849
84851
84851
84857
84859
84864
84879
84903
84910
84913
84914
84914
84924
84930
84963
84965
84969
84973
84976
85005
85011
85015
85025
85030
85031
85048
85052
85054
85059
85067
85081
85129
85133
85135
85146
85162
85177
85196
85204
85210
85215
85231
85262
85282
85289
85305
85308
85316
85337
85338
85359
85373
85384
85407
85441
85454
85458
85464
85476
85479
85495
85498
85511
85527
85549
85556
85561
85566
85572
85574
85606
85609
85624
85632
85638
85654
85693
85701
85703
85715
85715
85717
85732
85734
85745
85754
85764
85778
85781
85789
85793
85802
85826
85831
85841
85847
85850
85860
85862
85886
85887
85893
85894
85907
85920
85926
85932
85958
85969
85974
85981
85989
85991
85997
85999
86005
86024
86026
86033
86049
86066
86068
86089
86091
86099
86101
86111
86118
86130
86132
86139
86140
86145
86145
86157
86157
86165
86176
86187
86209
86219
86224
86239
86240
86242
86246
86248
86282
86284
86284
86285
86288
86309
86312
86345
86349
86352
86366
86378
86380
86383
86393
86398
86418
86425
86426
86435
86437
86438
86451
86466
86470
86476
86499
86516
86519
86520
86521
86526
86534
86545
86553
86564
86568
86570
86578
86611
86629
86634
86637
86638
86640
86644
86660
86707
86709
86725
86726
86727
86734
86735
86745
86752
86753
86759
86783
86795
86795
86816
86821
86857
86864
86865
86868
86876
86877
86883
86886
86900
86901
86911
86914
86914
86932
86944
86967
86974
86978
87000
87011
87013
87020
87042
87054
87070
87096
87110
87114
87117
87124
87124
87126
87129
87134
87137
87149
87151
87167
87175
87178
87181
87197
87208
87217
87219
87220
87223
87224
87253
87259
87272
87286
87289
87299
87307
87308
87312
87323
87326
87327
87345
87366
87370
87373
87376
87379
87385
87411
87416
87420
87425
87429
87435
87436
87438
87439
87444
87450
87455
87455
87462
87462
87471
87476
87488
87499
87500
87501
87507
87516
87520
87521
87523
87543
87551
87556
87558
87574
87576
87578
87583
87588
87596
87597
87600
87612
87613
87622
87653
87658
87668
87702
87705
87705
87705
87715
87721
87733
87745
87750
87750
87761
87766
87768
87769
87772
87778
87779
87785
87787
87790
87798
87816
87817
87822
87838
87846
87854
87864
87867
87877
87887
87899
87900
87901
87933
87947
87965
87965
87967
87972
87988
88000
88014
88021
88025
88044
88053
88056
88059
88067
88075
88076
88077
88082
88091
88105
88109
88124
88133
88153
88166
88166
88168
88173
88174
88186
88190
88191
88192
88196
88211
88224
88225
88233
88240
88249
88259
88284
88294
88307
88308
88315
88325
88337
88337
88351
88363
88364
88367
88385
88388
88405
88408
88412
88421
88431
88462
88475
88484
88487
88491
88507
88518
88519
88539
88558
88590
88620
88623
88640
88664
88668
88680
88694
88719
88722
88755
88769
88790
88797
88808
88809
88821
88823
88831
88836
88841
88845
88872
88875
88876
88879
88881
88897
88900
88901
88905
88917
88922
88939
88946
88947
88970
88971
88991
89002
89007
89041
89059
89061
89066
89073
89076
89080
89085
89098
89124
89151
89155
89158
89191
89197
89202
89208
89219
89224
89227
89265
89336
89341
89377
89392
89392
89395
89398
89428
89433
89434
89442
89453
89455
89456
89464
89469
89480
89490
89492
89495
89502
89504
89530
89535
89545
89553
89559
89562
89570
89588
89591
89592
89599
89603
89621
89623
89624
89626
89637
89637
89640
89658
89666
89670
89680
89680
89682
89694
89706
89713
89723
89723
89729
89735
89739
89776
89781
89782
89784
89788
89799
89820
89843
89848
89849
89855
89874
89913
89924
89935
89936
89949
89964
89987
89996
89996
90011
90036
90048
90081
90091
90094
90105
90111
90120
90131
90133
90149
90151
90162
90172
90184
90187
90195
90203
90206
90209
90222
90230
90246
90247
90252
90254
90256
90259
90273
90273
90282
90291
90310
90321
90328
90333
90367
90403
90406
90420
90427
90446
90446
90456
90475
90481
90489
90501
90501
90506
90507
90523
90526
90552
90569
90574
90579
90587
90600
90604
90610
90611
90621
90627
90628
90652
90656
90660
90670
90674
90683
90689
90744
90750
90759
90762
90770
90789
90793
90802
90802
90810
90818
90828
90832
90834
90853
90860
90880
90898
90906
90906
90909
90914
90918
90941
90951
90971
90977
90980
90983
91007
91007
91009
91011
91012
91029
91035
91046
91055
91064
91069
91070
91085
91086
91099
91121
91131
91139
91144
91146
91170
91172
91185
91205
91221
91241
91246
91252
91278
91281
91290
91293
91294
91324
91327
91331
91337
91340
91342
91354
91356
91367
91367
91377
91379
91380
91384
91388
91390
91414
91438
91438
91445
91450
91453
91463
91466
91474
91477
91477
91510
91522
91529
91534
91553
91554
91576
91589
91596
91602
91607
91616
91624
91668
91675
91686
91688
91688
91700
91702
91714
91739
91760
91766
91788
91798
91801
91805
91814
91826
91831
91839
91845
91862
91863
91865
91876
91888
91896
91939
91947
91948
91955
91957
91964
91985
91998
92007
92027
92030
92035
92036
92046
92053
92073
92073
92095
92107
92109
92116
92118
92121
92129
92130
92135
92135
92143
92147
92156
92176
92181
92194
92204
92207
92208
92213
92219
92235
92252
92259
92281
92281
92283
92289
92292
92313
92321
92360
92361
92381
92442
92466
92473
92477
92493
92494
92500
92502
92518
92521
92526
92534
92545
92549
92550
92567
92567
92569
92594
92595
92598
92601
92625
92631
92634
92645
92653
92654
92661
92662
92668
92687
92719
92727
92732
92738
92739
92739
92740
92741
92743
92743
92761
92765
92767
92786
92789
92793
92806
92810
92811
92814
92817
92823
92825
92828
92835
92841
92845
92860
92863
92873
92892
92896
92902
92907
92907
92915
92919
92926
92946
92954
92975
92977
92982
92986
93009
93016
93056
93084
93086
93095
93099
93101
93104
93109
93110
93117
93129
93139
93141
93161
93179
93187
93198
93203
93205
93205
93234
93236
93237
93240
93246
93249
93292
93341
93342
93352
93383
93387
93442
93446
93446
93482
93503
93510
93525
93552
93552
93556
93563
93594
93614
93647
93655
93664
93673
93684
93701
93711
93714
93718
93753
93754
93760
93761
93770
93772
93796
93797
93805
93807
93813
93825
93829
93848
93855
93856
93887
93905
93906
93911
93942
93958
93961
93968
93990
93997
94003
94015
94016
94019
94054
94058
94062
94075
94079
94090
94096
94098
94099
94100
94112
94119
94142
94143
94146
94171
94190
94191
94192
94200
94216
94228
94239
94245
94260
94266
94279
94281
94284
94288
94296
94308
94309
94323
94330
94344
94366
94370
94386
94394
94402
94409
94410
94420
94428
94450
94454
94472
94481
94501
94503
94505
94521
94522
94537
94558
94570
94590
94596
94598
94599
94601
94601
94602
94614
94619
94620
94623
94624
94634
94639
94646
94661
94663
94664
94718
94738
94745
94766
94776
94802
94815
94821
94828
94829
94832
94852
94853
94884
94885
94894
94894
94900
94920
94921
94944
94950
94953
94960
94968
94973
94989
95001
95038
95047
95056
95063
95082
95088
95099
95121
95127
95129
95136
95144
95155
95159
95181
95190
95193
95205
95206
95214
95218
95226
95229
95230
95234
95239
95249
95266
95273
95278
95281
95298
95306
95308
95314
95321
95326
95334
95351
95357
95369
95371
95386
95409
95414
95422
95427
95434
95463
95465
95465
95475
95477
95483
95489
95502
95504
95536
95547
95577
95598
95644
95644
95644
95652
95658
95663
95668
95677
95678
95699
95701
95703
95709
95710
95728
95732
95733
95747
95747
95764
95765
95770
95789
95792
95806
95826
95848
95848
95874
95878
95886
95918
95922
95935
95946
95948
95956
95978
95988
96004
96009
96017
96031
96038
96044
96053
96062
96072
96078
96091
96107
96147
96186
96200
96203
96213
96221
96226
96229
96235
96246
96249
96257
96261
96262
96287
96295
96299
96302
96305
96322
96323
96361
96363
96373
96391
96429
96439
96441
96464
96465
96487
96501
96529
96530
96552
96554
96563
96573
96578
96580
96583
96586
96620
96621
96629
96633
96652
96680
96685
96687
96696
96757
96761
96770
96771
96798
96800
96815
96831
96841
96851
96854
96856
96858
96859
96861
96877
96880
96888
96889
96890
96894
96895
96933
96946
96961
96963
96970
96971
96972
96972
96984
96993
96995
97000
97014
97029
97037
97042
97047
97068
97069
97082
97106
97120
97128
97145
97150
97156
97156
97161
97165
97167
97170
97195
97202
97205
97210
97234
97279
97279
97293
97300
97303
97312
97317
97328
97330
97332
97345
97355
97355
97358
97360
97366
97395
97399
97400
97412
97417
97421
97430
97433
97442
97445
97447
97464
97465
97479
97484
97501
97505
97529
97539
97558
97568
97595
97598
97610
97644
97648
97660
97664
97664
97691
97692
97712
97732
97746
97759
97771
97774
97778
97794
97794
97806
97816
97845
97854
97856
97858
97865
97880
97900
97905
97911
97936
97961
97966
97972
97982
97988
97989
97997
98014
98014
98022
98035
98035
98043
98044
98047
98050
98065
98069
98073
98100
98103
98120
98127
98136
98140
98159
98163
98177
98192
98193
98197
98213
98215
98220
98244
98250
98267
98270
98283
98286
98312
98315
98315
98331
98335
98340
98343
98343
98345
98368
98370
98375
98389
98449
98457
98458
98465
98465
98487
98501
98509
98518
98533
98583
98594
98596
98598
98603
98613
98615
98618
98632
98650
98674
98688
98696
98706
98706
98713
98714
98716
98718
98736
98737
98741
98742
98745
98746
98748
98761
98764
98768
98772
98788
98792
98797
98801
98803
98804
98816
98818
98821
98838
98859
98865
98871
98887
98891
98896
98921
98924
98925
98948
98966
98968
98970
98980
98982
98984
98991
98995
99029
99042
99049
99071
99072
99093
99101
99109
99121
99125
99170
99185
99191
99193
99197
99204
99210
99218
99219
99228
99249
99266
99272
99280
99286
99290
99293
99302
99306
99328
99337
99338
99356
99362
99376
99381
99388
99394
99409
99439
99453
99454
99473
99473
99478
99529
99533
99541
99551
99563
99583
99588
99592
99642
99644
99651
99679
99680
99713
99723
99725
99731
99735
99756
99756
99761
99770
99789
99790
99793
99798
99821
99823
99836
99854
99875
99879
99886
99887
99893
99899
99900
99905
99906
99917
99920
99922
99934
99944
99945
99955
99967
99979
99979
99981
99981
99986
99992
