5
6
11
35
46
56
73
95
122
123
128
129
130
140
146
155
156
157
157
166
167
171
176
192
209
213
214
223
252
252
260
266
266
276
293
293
321
349
358
375
381
381
394
398
407
408
432
439
444
448
465
514
515
518
518
528
543
546
547
548
551
564
570
582
583
596
614
615
622
638
644
644
645
656
660
672
678
700
703
714
715
715
736
742
743
767
783
807
815
816
826
850
880
914
919
921
925
931
933
934
938
1031
1044
1054
1070
1071
1072
1074
1080
1103
1123
1126
1133
1141
1151
1168
1175
1175
1178
1203
1205
1223
1223
1226
1246
1260
1287
1296
1300
1300
1302
1311
1318
1327
1329
1333
1345
1349
1363
1370
1377
1379
1381
1387
1406
1411
1422
1425
1429
1434
1449
1459
1494
1501
1561
1569
1577
1586
1590
1593
1598
1619
1619
1630
1640
1664
1666
1667
1677
1679
1680
1691
1693
1698
1699
1722
1757
1761
1782
1802
1812
1820
1832
1842
1852
1853
1886
1887
1889
1899
1914
1917
1924
1932
1933
1945
1948
1959
1967
1967
1971
1982
1988
1996
2005
2009
2015
2027
2027
2031
2045
2060
2077
2110
2112
2122
2154
2167
2174
2186
2201
2212
2214
2239
2239
2255
2256
2266
2281
2283
2306
2312
2319
2331
2354
2378
2381
2389
2393
2401
2422
2424
2430
2444
2449
2451
2455
2466
2470
2479
2499
2514
2514
2518
2519
2524
2527
2534
2538
2566
2571
2591
2613
2614
2663
2678
2681
2725
2735
2760
2762
2765
2803
2814
2823
2839
2844
2850
2857
2890
2895
2906
2919
2931
2936
2959
2970
2993
3010
3010
3049
3053
3097
3118
3130
3144
3160
3167
3202
3221
3227
3228
3235
3238
3240
3248
3252
3269
3302
3354
3355
3368
3398
3401
3416
3434
3438
3451
3474
3487
3497
3518
3554
3568
3570
3585
3593
3601
3602
3613
3623
3634
3637
3647
3680
3688
3718
3719
3727
3738
3761
3762
3808
3826
3868
3871
3877
3879
3890
3891
3905
3911
3919
3932
3936
3957
3958
3958
3965
3982
3982
3998
4036
4041
4063
4064
4066
4067
4085
4091
4091
4106
4109
4113
4113
4118
4122
4126
4130
4135
4136
4140
4151
4153
4155
4158
4162
4166
4168
4174
4195
4196
4201
4202
4221
4223
4228
4228
4231
4240
4245
4249
4251
4254
4262
4267
4279
4286
4291
4310
4316
4319
4330
4331
4331
4354
4355
4361
4368
4379
4382
4386
4387
4398
4399
4424
4430
4449
4454
4499
4501
4523
4524
4538
4551
4555
4565
4576
4591
4598
4626
4629
4636
4639
4645
4653
4662
4679
4691
4695
4706
4717
4728
4735
4761
4765
4771
4843
4846
4864
4896
4923
4935
4952
4965
4967
4972
4974
4980
5003
5025
5034
5036
5054
5057
5059
5087
5087
5104
5106
5117
5147
5151
5174
5182
5185
5213
5214
5224
5229
5241
5241
5244
5246
5250
5252
5257
5257
5269
5295
5296
5301
5308
5317
5318
5323
5325
5350
5367
5368
5369
5393
5398
5405
5413
5420
5443
5445
5453
5454
5476
5489
5492
5492
5515
5519
5521
5527
5539
5556
5559
5563
5566
5572
5577
5585
5600
5603
5609
5611
5618
5619
5627
5640
5644
5670
5696
5707
5714
5717
5724
5730
5748
5763
5766
5775
5776
5776
5776
5782
5791
5806
5825
5832
5841
5842
5849
5850
5869
5869
5870
5880
5888
5901
5918
5923
5939
5944
5953
5959
5963
5990
5991
6002
6015
6017
6052
6058
6097
6107
6110
6113
6119
6124
6132
6135
6136
6139
6145
6153
6155
6157
6157
6171
6176
6176
6178
6192
6192
6197
6219
6229
6232
6243
6263
6278
6305
6311
6312
6320
6331
6339
6345
6347
6348
6364
6371
6371
6372
6379
6396
6401
6407
6415
6424
6425
6433
6435
6449
6450
6451
6469
6476
6499
6502
6502
6504
6545
6555
6560
6560
6578
6585
6588
6588
6626
6630
6648
6654
6675
6683
6699
6732
6737
6741
6748
6763
6775
6782
6784
6796
6799
6806
6808
6835
6857
6863
6863
6867
6885
6900
6909
6915
6916
6922
6954
6968
6977
6982
6991
7010
7015
7018
7027
7027
7029
7050
7054
7062
7070
7072
7105
7107
7119
7122
7122
7125
7127
7128
7135
7137
7138
7139
7142
7143
7144
7145
7156
7158
7160
7174
7190
7206
7217
7237
7252
7254
7276
7288
7290
7305
7311
7326
7335
7341
7346
7351
7367
7377
7387
7412
7414
7415
7418
7430
7434
7436
7458
7479
7512
7515
7518
7551
7551
7551
7557
7568
7575
7577
7585
7587
7593
7612
7614
7617
7619
7621
7621
7635
7645
7646
7651
7666
7676
7695
7696
7698
7714
7719
7727
7743
7744
7745
7747
7765
7779
7784
7807
7809
7827
7839
7841
7867
7878
7894
7907
7913
7930
7932
7944
7950
7984
7986
7994
8004
8015
8021
8023
8035
8071
8084
8096
8101
8106
8129
8130
8136
8138
8152
8159
8164
8173
8174
8185
8195
8218
8237
8253
8263
8294
8297
8305
8312
8318
8323
8324
8326
8331
8336
8343
8354
8362
8367
8377
8388
8394
8415
8432
8456
8477
8483
8494
8498
8506
8508
8512
8515
8529
8532
8544
8549
8551
8553
8560
8572
8581
8587
8591
8596
8601
8606
8615
8663
8669
8670
8671
8674
8681
8686
8705
8721
8729
8730
8732
8748
8750
8750
8752
8760
8772
8799
8799
8833
8833
8853
8854
8859
8903
8909
8914
8928
8932
8936
8950
8976
8981
8991
9000
9001
9018
9024
9049
9058
9072
9080
9092
9100
9105
9114
9127
9136
9139
9146
9152
9164
9168
9177
9187
9188
9203
9230
9237
9243
9243
9253
9256
9260
9266
9276
9292
9294
9296
9313
9317
9317
9321
9330
9352
9375
9385
9385
9386
9389
9395
9398
9403
9421
9425
9448
9479
9484
9484
9498
9508
9540
9555
9567
9583
9615
9619
9622
9622
9629
9635
9636
9642
9652
9701
9701
9703
9716
9729
9758
9760
9767
9776
9780
9792
9800
9822
9828
9858
9869
9873
9878
9900
9912
9920
9922
9922
9926
9943
9947
9949
9949
9969
9971
9979
9986
9999
10000
10002
10020
10023
10027
10028
10030
10043
10072
10096
10125
10134
10136
10148
10150
10156
10159
10159
10180
10183
10186
10206
10206
10209
10228
10234
10237
10241
10243
10249
10252
10256
10256
10269
10283
10290
10301
10303
10313
10330
10343
10348
10354
10371
10374
10386
10418
10425
10429
10451
10467
10482
10483
10494
10500
10509
10516
10516
10518
10529
10552
10556
10564
10576
10583
10583
10589
10594
10595
10596
10604
10616
10647
10662
10680
10683
10699
10720
10723
10724
10725
10733
10742
10744
10773
10785
10795
10795
10821
10832
10853
10859
10867
10875
10887
10891
10896
10909
10910
10929
10933
10939
10945
10958
10979
10982
10999
11010
11020
11020
11022
11031
11081
11093
11094
11099
11116
11125
11125
11127
11138
11144
11144
11147
11152
11156
11158
11169
11176
11178
11186
11197
11200
11202
11206
11206
11217
11220
11228
11230
11238
11239
11244
11250
11267
11283
11316
11324
11336
11337
11340
11352
11355
11364
11370
11379
11384
11384
11392
11400
11420
11449
11474
11480
11482
11493
11495
11500
11505
11517
11524
11527
11556
11562
11580
11588
11588
11599
11600
11609
11611
11614
11625
11643
11648
11656
11661
11681
11734
11740
11770
11772
11782
11784
11813
11823
11827
11829
11840
11842
11852
11856
11863
11866
11868
11906
11909
11910
11920
11943
11946
11954
11962
11966
11975
11980
11996
12025
12026
12035
12037
12042
12045
12048
12080
12090
12098
12102
12108
12116
12130
12131
12131
12155
12155
12156
12157
12161
12164
12165
12169
12209
12219
12244
12255
12256
12262
12270
12282
12284
12290
12292
12293
12296
12320
12322
12351
12364
12372
12386
12390
12393
12406
12411
12419
12420
12421
12429
12436
12442
12448
12460
12464
12478
12483
12483
12506
12518
12539
12547
12550
12565
12567
12569
12576
12584
12597
12605
12611
12624
12628
12632
12679
12683
12687
12689
12704
12723
12732
12770
12781
12783
12784
12784
12793
12803
12806
12823
12825
12861
12864
12871
12893
12895
12896
12896
12901
12926
12951
12953
12954
12976
12987
12999
13009
13018
13026
13032
13046
13076
13090
13094
13096
13099
13099
13105
13121
13136
13178
13183
13187
13190
13207
13216
13218
13222
13226
13227
13229
13232
13235
13236
13258
13269
13272
13274
13276
13303
13323
13343
13346
13351
13363
13367
13373
13380
13381
13402
13402
13404
13411
13428
13429
13431
13443
13445
13446
13453
13473
13477
13494
13503
13506
13538
13547
13550
13556
13589
13607
13613
13617
13623
13638
13647
13672
13673
13681
13690
13693
13699
13701
13703
13706
13717
13747
13750
13753
13765
13779
13784
13785
13787
13792
13819
13822
13839
13846
13852
13855
13857
13868
13876
13881
13886
13886
13894
13895
13909
13910
13931
13938
13938
13949
13966
13979
13986
14008
14010
14016
14020
14021
14034
14038
14055
14059
14068
14078
14098
14098
14103
14106
14108
14115
14118
14124
14147
14178
14191
14194
14208
14230
14240
14254
14261
14302
14307
14308
14339
14364
14374
14388
14403
14409
14422
14430
14430
14452
14472
14477
14477
14478
14501
14503
14507
14523
14533
14533
14540
14541
14553
14569
14577
14580
14593
14603
14610
14646
14655
14665
14668
14672
14684
14702
14703
14710
14743
14750
14761
14773
14788
14814
14823
14828
14833
14840
14846
14855
14862
14862
14864
14874
14883
14890
14893
14897
14900
14919
14948
14950
14971
14975
14981
14995
14998
15002
15010
15013
15056
15074
15078
15080
15085
15100
15104
15105
15106
15150
15156
15167
15174
15184
15188
15199
15216
15243
15246
15281
15312
15336
15337
15341
15355
15363
15367
15389
15397
15404
15414
15423
15449
15463
15471
15474
15474
15499
15501
15529
15543
15563
15590
15591
15596
15602
15647
15653
15664
15688
15695
15704
15708
15708
15709
15709
15713
15714
15717
15729
15740
15760
15763
15770
15777
15780
15828
15835
15874
15874
15875
15875
15884
15885
15888
15908
15910
15915
15931
15937
15940
15947
15951
15957
15966
15990
15997
16009
16012
16016
16022
16025
16027
16036
16036
16039
16041
16058
16060
16061
16065
16065
16070
16080
16083
16087
16089
16106
16121
16129
16153
16154
16160
16181
16187
16199
16202
16206
16213
16229
16236
16245
16254
16259
16263
16278
16291
16304
16315
16323
16344
16355
16365
16368
16370
16387
16407
16411
16413
16416
16425
16427
16439
16454
16457
16461
16462
16472
16477
16509
16510
16516
16520
16521
16528
16536
16574
16593
16597
16605
16609
16614
16616
16643
16643
16652
16656
16659
16662
16670
16673
16705
16713
16714
16725
16740
16744
16745
16748
16776
16793
16819
16824
16835
16848
16867
16877
16882
16885
16885
16887
16911
16915
16916
16922
16923
16933
16934
16936
16940
16940
16959
16971
16982
16987
16989
16989
16989
17005
17006
17012
17013
17018
17026
17049
17056
17077
17078
17095
17109
17111
17138
17148
17148
17149
17169
17173
17200
17204
17213
17218
17221
17226
17234
17237
17243
17263
17263
17270
17276
17282
17284
17294
17296
17297
17298
17298
17304
17322
17332
17360
17375
17381
17395
17420
17422
17427
17439
17467
17469
17473
17473
17474
17484
17503
17513
17541
17565
17568
17585
17591
17593
17600
17611
17625
17629
17629
17630
17634
17640
17646
17663
17663
17664
17683
17684
17703
17706
17710
17722
17725
17733
17734
17735
17736
17748
17748
17750
17758
17764
17764
17775
17778
17780
17782
17783
17802
17805
17812
17819
17820
17839
17883
17895
17910
17929
17933
17934
17944
17945
17957
17973
17975
17976
17977
17978
17978
17984
18009
18012
18032
18053
18068
18073
18085
18107
18115
18121
18145
18152
18179
18179
18199
18200
18205
18220
18221
18232
18234
18235
18244
18253
18281
18285
18325
18342
18351
18365
18366
18375
18432
18437
18438
18443
18443
18455
18471
18473
18483
18487
18517
18519
18521
18526
18526
18531
18536
18552
18571
18585
18586
18604
18612
18612
18627
18629
18630
18670
18671
18693
18726
18763
18770
18780
18786
18801
18827
18845
18853
18874
18901
18904
18905
18905
18930
18940
18945
18945
18969
18975
18975
18999
19021
19022
19022
19027
19033
19038
19040
19058
19071
19094
19095
19097
19102
19112
19117
19119
19128
19138
19150
19154
19190
19196
19207
19210
19231
19260
19281
19288
19297
19305
19329
19363
19381
19384
19385
19392
19399
19407
19419
19426
19429
19440
19459
19461
19470
19479
19497
19499
19524
19533
19533
19546
19558
19583
19585
19586
19594
19609
19618
19623
19627
19627
19642
19645
19651
19654
19657
19657
19659
19669
19693
19696
19701
19713
19728
19740
19769
19771
19774
19780
19790
19791
19826
19840
19861
19906
19914
19928
19937
19972
19983
20007
20015
20016
20020
20023
20024
20034
20037
20038
20038
20056
20076
20087
20099
20122
20122
20133
20148
20148
20151
20163
20171
20184
20206
20236
20244
20274
20284
20289
20303
20309
20315
20322
20333
20333
20336
20341
20355
20360
20365
20408
20422
20432
20434
20439
20439
20445
20445
20450
20453
20466
20469
20489
20495
20501
20513
20516
20522
20526
20544
20555
20559
20566
20570
20572
20586
20598
20604
20605
20607
20608
20614
20618
20622
20635
20651
20663
20669
20679
20680
20695
20697
20716
20727
20743
20743
20744
20748
20765
20770
20819
20831
20834
20841
20850
20870
20891
20893
20909
20912
20927
20940
20984
20990
20997
21000
21013
21031
21032
21037
21041
21041
21043
21056
21062
21064
21073
21073
21081
21086
21089
21107
21112
21113
21115
21117
21146
21155
21174
21180
21186
21213
21215
21227
21230
21250
21253
21269
21277
21287
21287
21320
21366
21371
21372
21398
21487
21493
21501
21502
21519
21530
21532
21536
21539
21542
21547
21558
21572
21573
21594
21599
21618
21630
21635
21638
21639
21640
21644
21651
21653
21664
21673
21683
21686
21707
21708
21708
21710
21712
21719
21723
21724
21729
21733
21743
21762
21763
21770
21777
21790
21797
21807
21822
21831
21863
21868
21871
21884
21889
21891
21938
21956
21988
21989
22012
22013
22016
22019
22022
22027
22062
22096
22097
22103
22106
22120
22126
22127
22127
22135
22139
22153
22187
22190
22190
22204
22212
22229
22231
22256
22264
22273
22273
22274
22277
22279
22286
22317
22325
22333
22350
22363
22363
22369
22381
22419
22422
22425
22427
22447
22449
22469
22489
22490
22491
22491
22503
22516
22517
22536
22543
22563
22599
22615
22635
22646
22655
22662
22663
22664
22665
22668
22679
22679
22687
22719
22731
22737
22746
22749
22751
22752
22758
22771
22773
22787
22801
22817
22835
22845
22901
22903
22905
22922
22930
22935
22936
22944
22944
22957
22963
22967
22977
22988
23021
23025
23036
23069
23081
23100
23105
23108
23112
23139
23140
23144
23173
23174
23185
23188
23190
23191
23201
23207
23207
23227
23233
23234
23240
23244
23257
23259
23296
23337
23343
23350
23353
23356
23361
23368
23397
23407
23408
23418
23430
23432
23435
23479
23484
23495
23496
23510
23518
23524
23544
23544
23547
23548
23560
23591
23604
23608
23619
23627
23631
23634
23647
23648
23656
23664
23668
23680
23682
23702
23711
23724
23734
23734
23745
23768
23769
23770
23776
23777
23778
23793
23795
23808
23808
23808
23809
23809
23810
23814
23815
23838
23851
23856
23870
23870
23888
23889
23890
23892
23894
23924
23928
23933
23959
23964
23983
23987
23987
23994
23998
24018
24023
24041
24050
24055
24056
24057
24064
24066
24073
24090
24107
24133
24153
24159
24184
24186
24194
24212
24213
24214
24216
24223
24225
24229
24279
24289
24295
24296
24300
24347
24353
24361
24366
24372
24376
24377
24380
24390
24399
24407
24415
24426
24438
24440
24459
24460
24461
24494
24523
24529
24531
24534
24536
24559
24560
24561
24590
24600
24600
24612
24618
24632
24648
24679
24682
24685
24703
24707
24707
24741
24770
24779
24783
24792
24828
24846
24848
24865
24885
24901
24909
24913
24927
24928
24933
24950
24951
24955
24967
24969
25015
25022
25024
25028
25032
25033
25036
25053
25061
25061
25065
25086
25096
25129
25137
25159
25180
25194
25220
25235
25266
25269
25276
25286
25295
25304
25314
25314
25315
25372
25372
25378
25386
25396
25402
25445
25463
25467
25471
25474
25476
25478
25480
25489
25499
25504
25510
25515
25517
25525
25531
25536
25545
25554
25560
25560
25568
25578
25596
25617
25624
25626
25646
25647
25655
25673
25686
25691
25704
25706
25739
25747
25752
25757
25759
25763
25765
25773
25792
25812
25824
25827
25834
25836
25837
25850
25851
25865
25870
25887
25910
25911
25913
25915
25922
25928
25936
25944
25971
26001
26006
26014
26018
26023
26041
26048
26054
26086
26093
26113
26116
26117
26121
26135
26142
26163
26185
26187
26212
26214
26226
26231
26236
26242
26247
26248
26272
26279
26281
26285
26307
26310
26323
26324
26361
26365
26372
26374
26377
26379
26382
26387
26396
26400
26412
26421
26421
26428
26438
26445
26451
26460
26462
26476
26477
26499
26502
26516
26530
26530
26536
26575
26584
26586
26593
26595
26612
26651
26653
26670
26685
26688
26702
26710
26722
26740
26746
26775
26780
26791
26802
26803
26811
26824
26834
26840
26844
26851
26871
26889
26916
26924
26925
26929
26945
26957
26960
26973
26984
26994
26997
27002
27006
27012
27017
27029
27030
27032
27033
27049
27059
27060
27087
27092
27098
27105
27116
27117
27118
27131
27141
27150
27157
27165
27199
27200
27200
27202
27208
27210
27236
27241
27252
27253
27264
27268
27276
27312
27320
27329
27351
27360
27387
27406
27412
27415
27417
27422
27425
27450
27454
27459
27460
27499
27523
27523
27530
27534
27540
27570
27572
27581
27591
27601
27601
27607
27618
27637
27637
27671
27676
27694
27721
27724
27729
27734
27738
27747
27750
27756
27762
27765
27766
27769
27784
27832
27838
27854
27863
27864
27887
27897
27907
27915
27938
27956
27956
27961
27962
27970
27976
27978
27978
27980
27981
27984
27987
27995
27995
27997
28018
28029
28042
28054
28060
28060
28062
28064
28068
28069
28073
28091
28097
28114
28115
28123
28139
28143
28154
28176
28187
28188
28190
28195
28218
28231
28232
28237
28242
28276
28281
28282
28300
28312
28313
28324
28330
28335
28352
28360
28361
28376
28379
28406
28414
28426
28436
28437
28459
28464
28477
28481
28481
28488
28489
28491
28502
28503
28520
28528
28529
28530
28547
28547
28563
28567
28570
28585
28611
28646
28649
28652
28654
28665
28681
28685
28689
28697
28701
28705
28709
28728
28733
28738
28742
28751
28755
28778
28799
28811
28830
28831
28839
28879
28880
28882
28882
28895
28902
28923
28941
28948
28955
28969
28986
29007
29018
29023
29025
29031
29032
29053
29054
29058
29076
29084
29101
29110
29115
29117
29135
29136
29148
29158
29161
29171
29175
29177
29178
29180
29204
29209
29212
29246
29266
29270
29270
29272
29275
29285
29295
29300
29320
29328
29342
29350
29365
29369
29370
29385
29424
29426
29467
29468
29470
29477
29483
29487
29507
29520
29531
29534
29536
29539
29540
29542
29554
29554
29556
29560
29563
29565
29574
29589
29592
29598
29609
29617
29628
29631
29635
29643
29665
29673
29680
29692
29693
29698
29700
29705
29707
29709
29710
29752
29771
29780
29782
29805
29821
29824
29829
29832
29871
29877
29894
29895
29916
29917
29934
29954
29969
30025
30054
30059
30060
30085
30086
30103
30104
30107
30119
30128
30130
30138
30150
30152
30169
30173
30189
30206
30231
30242
30256
30271
30285
30303
30308
30318
30345
30366
30368
30379
30380
30386
30388
30405
30407
30420
30424
30444
30460
30461
30466
30474
30474
30478
30487
30488
30490
30523
30523
30537
30544
30544
30552
30553
30560
30568
30571
30572
30579
30581
30588
30594
30603
30612
30657
30662
30678
30679
30684
30733
30735
30748
30756
30763
30766
30783
30804
30807
30818
30835
30837
30857
30884
30888
30888
30890
30892
30898
30899
30906
30912
30923
30926
30933
30938
30939
30944
30953
30955
30956
30966
30970
30970
30976
30982
30988
31002
31015
31026
31031
31038
31039
31060
31074
31078
31091
31091
31096
31101
31112
31130
31146
31156
31158
31170
31183
31205
31207
31211
31213
31220
31226
31227
31240
31246
31248
31261
31261
31277
31282
31285
31299
31329
31347
31350
31360
31369
31378
31382
31400
31410
31417
31441
31450
31456
31464
31483
31484
31490
31491
31508
31508
31508
31511
31523
31524
31530
31534
31549
31553
31557
31558
31558
31562
31566
31569
31590
31591
31608
31622
31622
31624
31650
31657
31658
31659
31667
31671
31679
31684
31685
31693
31704
31723
31731
31733
31751
31761
31770
31776
31780
31783
31790
31800
31800
31803
31835
31853
31856
31862
31888
31897
31924
31972
31981
31983
31998
32011
32011
32019
32020
32043
32044
32046
32057
32071
32077
32079
32096
32110
32111
32132
32135
32150
32165
32168
32171
32191
32251
32265
32288
32295
32318
32322
32329
32344
32356
32358
32367
32381
32392
32419
32442
32462
32467
32482
32486
32488
32494
32500
32502
32509
32523
32530
32542
32557
32573
32588
32588
32598
32601
32632
32633
32642
32653
32655
32657
32708
32746
32747
32747
32752
32757
32769
32790
32805
32814
32815
32816
32823
32823
32848
32856
32862
32879
32881
32892
32895
32898
32903
32904
32910
32913
32919
32929
32938
32939
32941
32944
32968
32987
32991
32995
32997
33002
33016
33046
33075
33076
33077
33080
33083
33086
33088
33092
33119
33128
33138
33139
33147
33163
33190
33193
33199
33203
33205
33218
33224
33234
33239
33243
33244
33248
33254
33271
33294
33294
33307
33330
33332
33346
33364
33377
33377
33395
33395
33407
33416
33427
33432
33441
33461
33470
33504
33554
33560
33572
33574
33606
33614
33619
33624
33635
33644
33652
33663
33663
33670
33672
33673
33675
33682
33685
33687
33699
33710
33711
33721
33725
33735
33751
33754
33765
33768
33785
33796
33809
33811
33814
33828
33839
33847
33868
33871
33871
33874
33875
33885
33896
33904
33906
33907
33917
33923
33942
33946
33948
33962
33973
33975
33982
33987
33992
33999
34004
34010
34012
34012
34015
34043
34065
34065
34067
34075
34080
34106
34129
34137
34151
34160
34172
34197
34203
34206
34221
34251
34293
34293
34297
34331
34336
34345
34361
34374
34397
34411
34413
34438
34456
34456
34468
34482
34488
34505
34507
34521
34528
34538
34547
34562
34617
34635
34637
34653
34653
34676
34681
34689
34693
34734
34740
34740
34764
34780
34783
34790
34824
34839
34840
34858
34878
34881
34888
34896
34898
34911
34912
34913
34918
34920
34924
34932
34968
34968
34973
34980
34984
34988
34989
35015
35020
35022
35034
35038
35039
35046
35098
35111
35120
35125
35141
35145
35166
35174
35179
35187
35228
35245
35250
35270
35277
35286
35312
35314
35317
35328
35336
35339
35340
35353
35355
35369
35377
35381
35397
35401
35414
35415
35416
35418
35423
35442
35456
35463
35467
35468
35478
35478
35512
35520
35521
35550
35554
35560
35575
35582
35593
35618
35626
35627
35632
35641
35642
35646
35646
35650
35654
35663
35667
35670
35676
35680
35686
35700
35700
35711
35723
35737
35740
35744
35752
35784
35817
35817
35819
35823
35830
35833
35838
35856
35858
35859
35878
35890
35891
35899
35901
35904
35906
35917
35920
35949
35958
36015
36027
36034
36051
36058
36069
36094
36100
36107
36111
36120
36141
36146
36147
36179
36190
36197
36197
36206
36223
36233
36234
36238
36257
36261
36271
36291
36307
36328
36356
36361
36382
36394
36396
36403
36414
36429
36453
36466
36497
36502
36507
36532
36539
36546
36565
36573
36582
36595
36595
36604
36641
36654
36659
36667
36684
36691
36702
36719
36734
36741
36744
36754
36754
36759
36766
36775
36779
36789
36790
36815
36829
36853
36854
36859
36869
36870
36875
36888
36893
36899
36900
36900
36902
36915
36931
36937
36944
36945
36954
36971
36985
36989
37025
37036
37038
37044
37054
37063
37084
37097
37133
37137
37150
37150
37152
37152
37163
37165
37169
37173
37177
37181
37182
37203
37205
37230
37236
37250
37256
37258
37270
37280
37282
37294
37298
37301
37319
37319
37334
37350
37377
37385
37424
37438
37446
37448
37475
37506
37507
37511
37511
37511
37513
37520
37540
37542
37547
37556
37568
37569
37578
37580
37593
37604
37638
37655
37669
37680
37681
37683
37683
37707
37709
37709
37711
37723
37738
37740
37748
37754
37778
37781
37790
37820
37830
37849
37855
37861
37864
37865
37866
37900
37902
37914
37915
37962
37972
38010
38018
38025
38044
38052
38057
38101
38120
38123
38134
38137
38167
38212
38216
38216
38229
38252
38257
38258
38278
38279
38284
38288
38291
38292
38316
38322
38323
38331
38339
38342
38343
38357
38362
38363
38371
38376
38376
38379
38381
38397
38401
38424
38425
38433
38440
38464
38472
38488
38489
38521
38550
38569
38571
38572
38576
38584
38589
38595
38598
38610
38611
38614
38626
38628
38635
38638
38642
38650
38666
38668
38671
38674
38680
38681
38691
38703
38711
38712
38717
38744
38776
38786
38807
38807
38818
38823
38825
38833
38877
38891
38896
38909
38911
38917
38930
38934
38941
38950
38950
38957
38973
38980
38982
38987
39007
39020
39024
39041
39048
39069
39087
39089
39113
39118
39119
39122
39136
39146
39157
39158
39190
39206
39210
39224
39232
39240
39241
39242
39260
39265
39286
39299
39326
39340
39363
39384
39388
39397
39398
39401
39402
39419
39423
39439
39441
39446
39446
39454
39463
39492
39507
39515
39529
39566
39575
39591
39610
39616
39623
39625
39630
39634
39643
39647
39658
39659
39664
39664
39667
39669
39696
39711
39711
39730
39733
39742
39748
39756
39767
39769
39787
39788
39807
39807
39808
39827
39827
39837
39842
39842
39848
39854
39854
39870
39871
39892
39910
39946
39949
39956
39962
39966
39971
39983
39989
40010
40020
40033
40045
40051
40062
40066
40080
40090
40095
40103
40107
40143
40151
40151
40153
40161
40166
40167
40173
40173
40176
40193
40203
40214
40223
40229
40232
40238
40239
40252
40255
40259
40268
40284
40298
40309
40316
40316
40320
40341
40350
40353
40367
40396
40402
40422
40424
40432
40443
40477
40489
40489
40494
40498
40498
40507
40510
40517
40542
40544
40550
40551
40562
40565
40566
40573
40592
40602
40602
40608
40621
40626
40631
40632
40651
40662
40676
40688
40689
40723
40724
40747
40750
40754
40761
40763
40772
40774
40780
40791
40811
40812
40812
40832
40848
40856
40867
40880
40882
40901
40906
40915
40915
40918
40924
40946
40969
40973
40984
40989
41018
41024
41040
41049
41058
41063
41067
41077
41082
41089
41094
41096
41102
41113
41117
41122
41146
41152
41154
41184
41197
41199
41213
41214
41217
41224
41242
41265
41277
41288
41292
41295
41298
41313
41326
41336
41356
41358
41361
41365
41380
41389
41402
41451
41454
41508
41527
41528
41530
41540
41549
41552
41558
41559
41567
41571
41575
41585
41586
41595
41603
41621
41625
41642
41654
41679
41680
41693
41721
41727
41734
41795
41797
41806
41806
41812
41846
41856
41875
41880
41881
41885
41908
41925
41931
41943
41951
41956
41962
41991
42005
42011
42013
42014
42014
42023
42024
42027
42030
42034
42037
42053
42064
42080
42101
42115
42122
42133
42136
42160
42162
42166
42170
42191
42196
42224
42233
42237
42239
42243
42261
42267
42272
42293
42302
42307
42316
42316
42319
42327
42330
42337
42355
42355
42366
42371
42380
42386
42390
42393
42394
42401
42403
42436
42453
42457
42461
42463
42463
42475
42477
42500
42506
42508
42517
42517
42528
42544
42559
42564
42565
42569
42572
42580
42612
42630
42635
42650
42654
42669
42671
42680
42695
42698
42700
42702
42708
42713
42718
42722
42733
42737
42743
42749
42751
42758
42759
42764
42775
42800
42810
42847
42850
42850
42853
42862
42864
42870
42886
42890
42896
42901
42931
42935
42951
42956
42956
42972
42973
42974
43009
43014
43016
43016
43114
43123
43133
43134
43150
43155
43161
43212
43283
43297
43300
43346
43350
43351
43376
43384
43387
43397
43399
43406
43428
43444
43449
43449
43460
43464
43474
43488
43507
43511
43511
43511
43523
43524
43540
43545
43566
43577
43581
43605
43633
43645
43663
43683
43696
43711
43741
43768
43774
43788
43791
43806
43814
43822
43822
43879
43889
43889
43893
43897
43902
43909
43914
43917
43921
43922
43924
43938
43940
43942
43951
43963
43965
43968
43975
43976
43983
44006
44013
44019
44040
44055
44056
44064
44074
44084
44085
44101
44101
44102
44123
44124
44136
44139
44139
44142
44147
44166
44186
44206
44223
44232
44241
44264
44276
44280
44281
44284
44307
44321
44323
44324
44325
44340
44342
44358
44358
44361
44378
44389
44389
44391
44417
44428
44450
44460
44467
44474
44475
44479
44520
44578
44580
44607
44607
44611
44613
44622
44625
44633
44642
44650
44673
44675
44677
44682
44684
44699
44707
44711
44721
44727
44732
44735
44736
44737
44762
44767
44772
44784
44809
44819
44832
44838
44840
44858
44865
44894
44905
44906
44911
44919
44934
44942
44945
44946
44951
44992
44993
45009
45014
45029
45031
45032
45035
45059
45060
45060
45065
45141
45153
45172
45185
45192
45206
45208
45214
45227
45240
45246
45250
45255
45270
45271
45282
45293
45304
45328
45340
45351
45370
45381
45386
45386
45391
45396
45398
45413
45415
45431
45479
45484
45486
45494
45505
45505
45532
45539
45542
45545
45556
45560
45577
45581
45605
45611
45619
45622
45632
45640
45653
45662
45664
45675
45686
45711
45713
45718
45721
45731
45769
45773
45779
45783
45811
45812
45834
45837
45851
45866
45882
45909
45940
45950
45956
45956
45957
45962
45964
45990
45993
46001
46005
46019
46022
46030
46036
46059
46070
46076
46084
46103
46107
46131
46136
46141
46151
46162
46174
46174
46182
46187
46190
46194
46234
46236
46248
46252
46270
46275
46276
46279
46298
46302
46306
46311
46318
46319
46322
46322
46333
46345
46363
46366
46366
46383
46403
46403
46406
46435
46438
46444
46450
46457
46458
46462
46474
46480
46482
46492
46497
46499
46520
46521
46526
46526
46547
46568
46568
46577
46620
46623
46656
46661
46679
46705
46709
46715
46730
46733
46737
46753
46759
46776
46810
46815
46832
46848
46849
46861
46875
46881
46899
46899
46903
46906
46922
46946
46969
46973
46983
46984
46993
46996
46996
47013
47042
47042
47045
47047
47054
47086
47111
47155
47158
47177
47186
47228
47256
47265
47271
47279
47282
47314
47322
47327
47329
47348
47365
47372
47387
47401
47404
47416
47451
47465
47466
47472
47498
47509
47526
47550
47563
47574
47578
47630
47660
47660
47697
47712
47722
47742
47756
47757
47760
47763
47780
47790
47791
47795
47798
47800
47808
47826
47831
47845
47850
47857
47864
47874
47885
47888
47890
47903
47915
47941
47942
47947
47960
47977
47980
47981
47999
48005
48014
48017
48021
48022
48052
48057
48061
48065
48069
48092
48097
48141
48143
48144
48154
48164
48176
48183
48192
48216
48217
48219
48228
48229
48235
48239
48251
48259
48264
48270
48297
48297
48309
48309
48316
48334
48340
48352
48381
48382
48389
48393
48410
48415
48416
48424
48441
48461
48473
48482
48491
48496
48507
48555
48558
48559
48565
48570
48589
48596
48600
48606
48609
48610
48623
48648
48653
48656
48669
48680
48688
48695
48725
48727
48734
48737
48741
48755
48757
48761
48775
48783
48785
48786
48791
48795
48800
48801
48811
48815
48817
48848
48849
48873
48876
48881
48885
48927
48935
48951
48954
48958
48980
48992
48993
49014
49035
49046
49064
49071
49072
49115
49118
49121
49127
49156
49164
49173
49176
49188
49203
49235
49247
49247
49249
49262
49268
49272
49278
49285
49297
49302
49314
49326
49327
49360
49379
49380
49401
49402
49406
49409
49416
49439
49442
49449
49456
49469
49481
49505
49511
49546
49552
49556
49564
49577
49579
49585
49587
49601
49627
49629
49652
49686
49706
49718
49737
49746
49755
49762
49781
49790
49816
49821
49821
49825
49843
49845
49861
49862
49866
49867
49880
49885
49890
49904
49920
49922
49934
49941
49945
49975
49979
49983
50011
50013
50023
50055
50062
50065
50090
50097
50104
50131
50153
50173
50181
50185
50186
50225
50238
50263
50264
50270
50280
50297
50313
50371
50388
50399
50403
50410
50419
50419
50428
50435
50461
50484
50487
50495
50498
50498
50498
50532
50535
50539
50574
50578
50583
50589
50593
50601
50627
50628
50635
50640
50644
50648
50666
50669
50671
50671
50680
50692
50701
50707
50709
50719
50721
50728
50733
50763
50777
50788
50820
50822
50832
50841
50847
50862
50878
50880
50887
50891
50919
50941
50953
50983
50983
50988
51008
51042
51087
51089
51109
51110
51115
51116
51122
51152
51186
51210
51214
51220
51249
51268
51283
51305
51307
51314
51330
51343
51356
51372
51378
51392
51395
51414
51430
51434
51442
51458
51483
51502
51508
51541
51549
51555
51559
51561
51567
51595
51611
51612
51624
51624
51627
51633
51634
51656
51681
51691
51701
51710
51711
51711
51717
51720
51726
51726
51772
51824
51830
51841
51847
51865
51867
51885
51885
51918
51919
51942
51948
51952
51952
51976
51984
51993
51995
52045
52095
52101
52103
52108
52111
52132
52141
52142
52143
52166
52178
52185
52199
52207
52213
52231
52234
52243
52260
52266
52275
52289
52294
52296
52301
52310
52318
52323
52327
52328
52330
52334
52341
52342
52345
52366
52375
52386
52393
52402
52404
52408
52418
52428
52446
52455
52477
52480
52487
52501
52514
52517
52527
52550
52568
52579
52580
52586
52595
52603
52618
52637
52667
52671
52718
52736
52742
52743
52746
52756
52761
52762
52785
52802
52806
52830
52842
52845
52847
52859
52869
52884
52898
52914
52923
52928
52947
52956
52961
52975
52978
53012
53017
53030
53033
53040
53043
53044
53045
53063
53076
53093
53103
53107
53121
53127
53140
53141
53146
53168
53206
53213
53219
53231
53238
53249
53249
53258
53275
53280
53283
53287
53288
53291
53296
53325
53345
53347
53354
53356
53369
53374
53377
53378
53380
53429
53438
53452
53486
53506
53517
53524
53549
53563
53569
53580
53586
53593
53600
53609
53623
53630
53662
53678
53710
53712
53732
53746
53758
53762
53769
53770
53771
53778
53802
53824
53827
53836
53839
53844
53869
53872
53877
53923
53930
53935
53941
53945
53966
53987
54004
54004
54032
54035
54038
54046
54054
54064
54083
54092
54096
54102
54123
54126
54131
54133
54138
54138
54143
54145
54154
54159
54161
54165
54167
54190
54203
54213
54213
54220
54227
54237
54261
54268
54272
54275
54291
54292
54299
54312
54314
54317
54333
54349
54357
54364
54368
54372
54383
54384
54419
54425
54427
54444
54445
54450
54468
54474
54474
54478
54479
54487
54518
54545
54546
54557
54567
54577
54585
54593
54626
54628
54629
54634
54635
54644
54645
54669
54678
54681
54686
54701
54708
54725
54732
54734
54743
54753
54779
54799
54826
54835
54842
54844
54847
54855
54857
54879
54884
54893
54897
54899
54912
54916
54926
54927
54936
54937
54950
54969
54981
54985
54986
54993
54993
54999
55019
55061
55062
55063
55080
55081
55082
55084
55101
55116
55125
55130
55165
55165
55168
55177
55180
55186
55187
55194
55196
55198
55201
55204
55205
55219
55223
55230
55230
55239
55250
55263
55278
55284
55294
55318
55337
55340
55346
55348
55352
55354
55381
55392
55394
55415
55426
55463
55470
55475
55481
55500
55502
55513
55518
55528
55533
55542
55551
55551
55556
55578
55609
55623
55633
55660
55669
55680
55687
55701
55710
55711
55715
55721
55735
55763
55766
55830
55834
55847
55852
55876
55890
55891
55896
55903
55920
55939
55948
55955
55958
55972
55972
55982
55987
55991
56001
56003
56023
56036
56046
56052
56061
56064
56066
56075
56097
56100
56103
56122
56127
56135
56138
56139
56146
56172
56183
56193
56197
56228
56229
56232
56233
56235
56237
56251
56292
56296
56316
56333
56338
56361
56361
56366
56368
56373
56376
56384
56406
56420
56454
56472
56477
56479
56489
56491
56505
56513
56523
56523
56526
56536
56536
56540
56548
56565
56585
56586
56588
56590
56596
56600
56606
56611
56616
56621
56629
56632
56638
56652
56661
56664
56669
56671
56673
56674
56676
56688
56695
56700
56706
56717
56718
56736
56762
56782
56799
56801
56802
56813
56819
56842
56844
56844
56846
56859
56873
56890
56898
56905
56906
56916
56918
56949
56963
57003
57005
57032
57034
57074
57094
57099
57101
57105
57123
57134
57135
57139
57142
57150
57173
57179
57183
57184
57192
57198
57199
57211
57211
57213
57217
57219
57244
57245
57246
57249
57291
57296
57320
57332
57343
57348
57371
57377
57379
57379
57411
57411
57425
57435
57439
57454
57457
57472
57484
57498
57504
57529
57532
57540
57552
57553
57556
57563
57568
57571
57599
57616
57621
57649
57650
57652
57669
57679
57695
57696
57699
57707
57712
57720
57749
57756
57768
57775
57782
57801
57807
57815
57848
57871
57872
57881
57890
57909
57910
57912
57951
57960
57971
57976
57987
57988
57990
57999
58004
58026
58028
58032
58037
58057
58058
58060
58076
58089
58095
58104
58131
58138
58140
58170
58177
58177
58179
58191
58194
58200
58209
58223
58233
58251
58262
58277
58288
58288
58294
58297
58315
58319
58342
58351
58360
58361
58363
58382
58393
58394
58401
58404
58408
58424
58424
58430
58439
58447
58460
58476
58492
58504
58526
58548
58562
58574
58585
58593
58605
58622
58623
58677
58680
58689
58712
58713
58714
58715
58719
58723
58743
58743
58753
58758
58766
58779
58780
58783
58799
58799
58823
58823
58826
58828
58841
58850
58907
58912
58913
58923
58945
58960
58969
58997
59001
59007
59014
59031
59036
59044
59051
59063
59073
59080
59081
59091
59105
59107
59110
59111
59123
59129
59133
59134
59134
59144
59158
59165
59169
59182
59198
59203
59241
59244
59247
59262
59274
59285
59296
59298
59299
59309
59309
59311
59337
59344
59349
59354
59356
59383
59383
59394
59394
59405
59437
59452
59463
59469
59483
59486
59502
59512
59526
59530
59536
59561
59572
59573
59580
59585
59589
59590
59597
59611
59619
59623
59626
59639
59652
59688
59694
59732
59740
59762
59770
59784
59790
59808
59812
59816
59820
59827
59834
59836
59839
59858
59869
59908
59910
59914
59933
59934
59945
59947
59956
59959
59964
59964
59965
59968
59982
59984
59986
60014
60017
60021
60030
60057
60059
60062
60071
60079
60141
60143
60145
60157
60169
60170
60191
60198
60210
60223
60228
60251
60259
60260
60264
60269
60281
60282
60298
60299
60300
60315
60332
60346
60351
60358
60366
60383
60390
60392
60418
60425
60452
60464
60464
60477
60490
60494
60497
60512
60522
60527
60533
60534
60538
60558
60559
60596
60603
60614
60633
60636
60644
60660
60661
60662
60674
60695
60711
60717
60749
60756
60772
60816
60825
60833
60845
60853
60860
60868
60879
60880
60892
60898
60904
60934
60938
60942
60950
60973
60980
60983
60984
60984
60996
61025
61031
61046
61060
61061
61075
61075
61091
61102
61104
61125
61132
61149
61156
61168
61172
61172
61173
61174
61178
61187
61197
61225
61269
61271
61275
61283
61313
61319
61327
61328
61334
61339
61341
61342
61364
61372
61379
61385
61407
61435
61444
61448
61459
61466
61478
61478
61487
61505
61508
61513
61529
61533
61537
61538
61542
61545
61546
61550
61552
61579
61589
61593
61600
61617
61626
61629
61630
61631
61632
61641
61666
61667
61668
61671
61678
61687
61703
61712
61722
61725
61742
61750
61759
61765
61781
61787
61809
61827
61850
61856
61860
61871
61878
61882
61882
61882
61883
61894
61895
61910
61914
61919
61928
61942
61947
61952
61954
61966
61982
61996
62012
62018
62032
62051
62062
62072
62092
62092
62111
62138
62152
62163
62166
62172
62215
62226
62234
62245
62252
62265
62266
62287
62300
62320
62348
62349
62351
62373
62389
62418
62427
62453
62466
62472
62475
62476
62478
62487
62496
62498
62521
62523
62525
62528
62529
62531
62534
62542
62547
62569
62581
62582
62588
62593
62596
62601
62623
62637
62640
62652
62662
62681
62687
62690
62697
62713
62752
62757
62761
62765
62775
62794
62807
62809
62811
62822
62832
62842
62850
62892
62895
62904
62915
62925
62926
62938
62946
62958
62981
62982
63002
63007
63009
63011
63042
63052
63079
63114
63134
63135
63135
63140
63156
63160
63168
63174
63178
63184
63184
63188
63201
63220
63220
63243
63262
63267
63295
63338
63346
63348
63352
63353
63354
63375
63379
63385
63388
63404
63404
63406
63461
63473
63489
63491
63497
63513
63525
63531
63537
63541
63549
63561
63566
63586
63608
63637
63642
63645
63677
63679
63691
63702
63702
63715
63718
63732
63736
63739
63744
63757
63760
63780
63782
63799
63800
63810
63813
63821
63823
63827
63832
63837
63846
63853
63855
63862
63866
63868
63888
63915
63933
63940
63959
63973
63975
63978
63983
63985
64010
64017
64038
64039
64068
64076
64088
64108
64119
64131
64132
64145
64174
64174
64179
64190
64206
64208
64220
64224
64228
64232
64244
64245
64247
64248
64250
64264
64297
64314
64316
64359
64365
64375
64379
64385
64391
64399
64405
64428
64437
64455
64456
64463
64467
64468
64472
64480
64483
64501
64516
64525
64535
64555
64558
64558
64564
64593
64613
64613
64627
64631
64637
64641
64642
64652
64675
64678
64684
64684
64702
64712
64712
64717
64718
64745
64748
64768
64775
64777
64778
64791
64793
64804
64811
64811
64815
64816
64822
64832
64832
64842
64851
64852
64876
64877
64878
64897
64906
64920
64922
64932
64935
64942
64942
64960
64963
64980
64987
64993
65000
65001
65016
65039
65062
65086
65090
65091
65093
65101
65114
65119
65125
65127
65142
65161
65168
65174
65178
65185
65239
65241
65253
65257
65261
65262
65289
65305
65322
65331
65343
65349
65353
65356
65370
65394
65394
65408
65425
65434
65461
65469
65491
65491
65495
65506
65516
65533
65541
65545
65570
65584
65590
65594
65601
65612
65612
65623
65631
65633
65656
65659
65660
65662
65662
65685
65691
65698
65700
65703
65704
65704
65729
65741
65745
65754
65763
65764
65769
65772
65780
65783
65786
65792
65803
65809
65810
65819
65829
65859
65859
65873
65898
65898
65901
65904
65909
65918
65947
65960
65966
65967
65986
65997
66023
66025
66033
66042
66047
66063
66081
66081
66082
66103
66108
66118
66154
66157
66162
66173
66174
66180
66193
66205
66212
66215
66219
66221
66250
66255
66256
66257
66258
66259
66265
66270
66274
66292
66296
66304
66309
66325
66331
66337
66344
66363
66377
66380
66402
66416
66426
66431
66479
66501
66516
66520
66521
66525
66536
66539
66545
66565
66585
66587
66602
66627
66654
66669
66675
66680
66685
66687
66703
66716
66719
66719
66724
66749
66802
66840
66843
66846
66892
66901
66903
66905
66905
66916
66924
66924
66933
66939
66949
66952
66974
66976
66978
66989
66992
66992
66995
66999
66999
67000
67006
67018
67038
67038
67049
67052
67059
67064
67086
67086
67107
67117
67125
67137
67153
67158
67185
67190
67195
67200
67219
67227
67228
67277
67282
67292
67295
67306
67307
67325
67329
67330
67334
67336
67339
67357
67378
67381
67383
67404
67405
67409
67423
67438
67442
67464
67532
67542
67551
67585
67592
67592
67598
67603
67611
67611
67617
67618
67629
67632
67639
67640
67645
67648
67664
67664
67676
67680
67685
67693
67696
67697
67701
67731
67735
67746
67754
67763
67764
67768
67768
67777
67790
67793
67801
67819
67835
67839
67845
67855
67870
67871
67879
67891
67921
67936
67953
67955
67968
67979
67988
67990
67994
67997
68001
68004
68007
68013
68028
68032
68039
68040
68041
68046
68056
68064
68079
68089
68110
68122
68126
68142
68155
68158
68173
68193
68202
68204
68229
68230
68237
68283
68302
68346
68352
68368
68371
68377
68380
68394
68394
68397
68409
68442
68448
68449
68467
68475
68495
68499
68505
68506
68519
68532
68553
68563
68622
68633
68636
68640
68646
68650
68652
68670
68673
68685
68689
68700
68708
68733
68737
68740
68750
68755
68755
68760
68761
68775
68792
68795
68837
68841
68845
68847
68852
68869
68876
68897
68899
68924
68954
68968
68989
69005
69019
69034
69053
69060
69061
69067
69095
69096
69098
69117
69125
69126
69154
69160
69167
69168
69178
69178
69180
69182
69202
69211
69215
69217
69221
69224
69232
69256
69260
69276
69280
69291
69298
69299
69305
69305
69345
69351
69359
69363
69386
69388
69389
69404
69404
69404
69428
69430
69431
69436
69437
69442
69445
69457
69459
69459
69463
69489
69490
69492
69497
69498
69504
69506
69517
69522
69530
69534
69543
69556
69594
69596
69604
69617
69620
69628
69637
69651
69673
69675
69679
69682
69713
69714
69716
69753
69780
69789
69800
69806
69821
69825
69825
69827
69830
69839
69848
69880
69881
69882
69887
69888
69891
69896
69899
69916
69917
69929
69944
69953
69975
69978
69978
69981
69993
69998
70009
70013
70018
70029
70031
70046
70069
70075
70075
70080
70088
70089
70090
70100
70101
70113
70120
70121
70125
70130
70137
70150
70167
70168
70189
70189
70200
70229
70245
70252
70257
70262
70277
70285
70293
70307
70321
70322
70334
70358
70368
70381
70381
70390
70395
70396
70414
70420
70424
70432
70437
70439
70443
70454
70460
70464
70472
70483
70487
70493
70496
70498
70501
70520
70538
70549
70563
70566
70583
70594
70594
70595
70598
70609
70627
70634
70645
70645
70661
70665
70701
70703
70710
70715
70716
70758
70775
70776
70805
70805
70811
70816
70818
70818
70824
70831
70834
70836
70854
70866
70875
70879
70880
70903
70915
70920
70923
70924
70940
70949
70950
70957
70961
70976
70976
70983
71002
71003
71004
71047
71053
71058
71062
71073
71085
71086
71091
71097
71101
71105
71128
71141
71141
71162
71174
71183
71216
71223
71252
71254
71255
71268
71282
71325
71329
71334
71338
71350
71376
71399
71403
71405
71408
71412
71412
71417
71423
71432
71474
71495
71519
71535
71535
71538
71560
71561
71561
71564
71571
71588
71589
71593
71621
71628
71632
71635
71650
71665
71670
71672
71698
71734
71744
71765
71774
71786
71789
71798
71799
71801
71807
71819
71820
71839
71853
71862
71880
71927
71942
71953
71973
71991
72010
72042
72050
72050
72053
72055
72065
72095
72101
72113
72128
72133
72134
72136
72179
72181
72203
72212
72225
72244
72261
72264
72269
72270
72306
72319
72322
72325
72344
72346
72355
72357
72361
72365
72376
72377
72379
72382
72387
72402
72406
72408
72418
72430
72431
72441
72475
72482
72497
72515
72515
72522
72525
72541
72549
72558
72559
72568
72579
72581
72587
72591
72601
72632
72634
72675
72691
72695
72698
72699
72703
72710
72711
72715
72716
72719
72720
72734
72736
72737
72743
72753
72765
72772
72808
72822
72828
72831
72834
72845
72849
72869
72872
72881
72887
72894
72900
72906
72918
72921
72934
72975
72983
72988
72997
72999
73005
73009
73009
73031
73044
73066
73076
73084
73104
73115
73122
73138
73159
73170
73170
73174
73178
73204
73206
73227
73243
73243
73247
73260
73272
73279
73280
73286
73287
73293
73293
73301
73308
73331
73361
73363
73363
73389
73404
73412
73415
73419
73423
73427
73428
73439
73445
73450
73467
73490
73495
73512
73513
73524
73525
73531
73531
73539
73544
73545
73567
73575
73581
73588
73595
73607
73615
73616
73618
73631
73634
73647
73648
73651
73657
73663
73670
73677
73709
73713
73714
73731
73733
73750
73751
73751
73753
73755
73763
73770
73772
73776
73781
73782
73793
73800
73809
73816
73827
73827
73832
73845
73847
73848
73853
73857
73859
73875
73880
73884
73891
73928
73934
73936
73937
73948
73961
73964
74005
74006
74006
74024
74026
74045
74072
74080
74107
74109
74110
74116
74126
74139
74144
74155
74163
74171
74200
74201
74201
74214
74215
74218
74219
74230
74252
74253
74259
74262
74264
74285
74297
74308
74315
74330
74334
74338
74342
74345
74357
74360
74385
74397
74408
74426
74444
74455
74469
74478
74483
74486
74495
74498
74508
74512
74518
74526
74531
74544
74564
74587
74588
74602
74602
74613
74621
74626
74649
74652
74652
74655
74672
74674
74721
74727
74739
74759
74763
74763
74767
74769
74785
74786
74807
74808
74809
74811
74816
74826
74826
74840
74843
74859
74876
74892
74906
74933
74947
74950
74956
74970
74995
75006
75010
75011
75026
75061
75067
75072
75090
75096
75105
75147
75163
75226
75232
75236
75243
75246
75256
75268
75273
75280
75283
75286
75287
75299
75317
75332
75341
75344
75361
75363
75365
75368
75384
75384
75389
75411
75414
75435
75449
75454
75461
75473
75474
75488
75495
75499
75505
75506
75509
75538
75538
75543
75543
75552
75553
75557
75561
75599
75606
75628
75642
75643
75647
75654
75675
75680
75689
75700
75713
75716
75721
75732
75754
75757
75758
75768
75776
75788
75797
75798
75808
75809
75822
75837
75838
75857
75866
75867
75868
75875
75897
75943
75949
75953
75966
75968
75972
75977
75982
75990
75999
76008
76029
76033
76071
76072
76074
76083
76122
76124
76148
76155
76160
76163
76197
76199
76230
76240
76245
76248
76269
76284
76286
76288
76293
76309
76313
76318
76319
76325
76335
76351
76353
76354
76356
76362
76390
76398
76422
76431
76445
76448
76456
76460
76462
76473
76491
76495
76515
76534
76551
76567
76569
76577
76589
76594
76599
76601
76615
76616
76621
76630
76658
76659
76690
76702
76712
76713
76723
76728
76731
76739
76739
76757
76768
76770
76776
76784
76787
76789
76802
76808
76808
76818
76822
76854
76862
76876
76886
76889
76894
76898
76898
76906
76926
76945
76945
76948
76963
76964
76965
76973
76987
76989
76993
77003
77006
77007
77021
77021
77027
77069
77071
77080
77088
77091
77109
77117
77118
77118
77133
77133
77136
77138
77146
77169
77193
77209
77228
77232
77250
77252
77260
77263
77287
77293
77300
77301
77307
77315
77338
77342
77363
77364
77395
77415
77418
77421
77424
77436
77440
77442
77448
77463
77559
77567
77583
77598
77601
77619
77623
77625
77632
77643
77657
77660
77661
77663
77664
77675
77682
77689
77720
77721
77730
77736
77738
77749
77750
77759
77782
77783
77784
77787
77808
77808
77833
77833
77840
77841
77843
77859
77866
77882
77882
77898
77909
77924
77929
77936
77939
77964
77966
77969
77988
77990
77990
77996
78009
78013
78020
78037
78060
78063
78067
78077
78089
78090
78101
78103
78104
78115
78117
78129
78133
78154
78166
78180
78190
78196
78205
78207
78208
78210
78250
78256
78258
78259
78272
78276
78289
78311
78314
78319
78348
78353
78371
78378
78380
78381
78385
78429
78431
78435
78438
78443
78461
78464
78476
78531
78547
78548
78568
78587
78591
78636
78639
78664
78678
78680
78692
78699
78714
78717
78727
78739
78746
78748
78785
78787
78793
78803
78805
78808
78827
78828
78830
78838
78873
78878
78881
78893
78897
78914
78926
78944
78945
78950
78967
78969
78981
78985
78985
78986
78988
78995
79045
79056
79068
79074
79075
79076
79081
79102
79118
79128
79134
79145
79147
79147
79162
79164
79177
79182
79192
79193
79198
79208
79213
79233
79244
79248
79250
79254
79274
79303
79351
79352
79363
79376
79395
79396
79401
79410
79435
79437
79439
79450
79455
79492
79508
79517
79518
79519
79562
79563
79574
79575
79599
79600
79615
79632
79648
79678
79685
79695
79746
79798
79802
79806
79809
79809
79816
79835
79837
79839
79846
79848
79861
79868
79871
79872
79894
79894
79906
79912
79935
79942
79981
79999
80007
80018
80049
80057
80087
80094
80106
80107
80110
80112
80117
80123
80130
80180
80194
80206
80263
80278
80284
80285
80306
80316
80318
80327
80335
80344
80344
80354
80372
80381
80385
80392
80413
80416
80417
80430
80434
80436
80451
80457
80459
80463
80519
80551
80559
80568
80577
80587
80599
80610
80611
80626
80643
80648
80653
80655
80663
80666
80669
80672
80673
80682
80713
80717
80719
80726
80739
80755
80784
80809
80816
80816
80821
80838
80842
80863
80871
80873
80875
80894
80895
80899
80904
80913
80916
80928
80929
80930
80953
80975
80976
80993
81002
81014
81015
81017
81025
81037
81050
81054
81066
81085
81093
81110
81124
81128
81142
81148
81149
81150
81151
81198
81209
81210
81257
81275
81295
81299
81299
81300
81311
81316
81358
81361
81366
81380
81382
81382
81394
81410
81412
81417
81421
81430
81434
81441
81449
81455
81485
81539
81549
81556
81559
81571
81578
81582
81582
81609
81615
81624
81632
81640
81641
81644
81655
81673
81695
81705
81714
81722
81726
81734
81737
81751
81759
81774
81779
81788
81789
81793
81794
81834
81841
81844
81861
81882
81892
81893
81901
81915
81924
81927
81928
81943
81967
81977
81986
82007
82012
82042
82075
82080
82090
82114
82115
82119
82122
82124
82144
82149
82177
82180
82180
82188
82194
82206
82208
82222
82228
82236
82239
82242
82261
82280
82295
82304
82320
82322
82335
82355
82370
82379
82380
82384
82385
82390
82415
82423
82460
82477
82485
82493
82505
82527
82527
82531
82562
82570
82570
82596
82597
82607
82627
82633
82642
82673
82673
82688
82697
82701
82744
82747
82785
82785
82791
82792
82810
82816
82816
82831
82847
82855
82861
82865
82892
82896
82897
82915
82923
82959
82963
82969
82993
82993
82994
83017
83020
83040
83041
83073
83075
83086
83111
83112
83119
83124
83168
83177
83183
83184
83201
83249
83255
83260
83263
83282
83289
83299
83306
83332
83334
83334
83338
83351
83353
83355
83359
83383
83388
83396
83414
83420
83431
83431
83433
83490
83504
83512
83528
83539
83552
83555
83561
83571
83580
83586
83593
83604
83604
83610
83644
83653
83657
83672
83683
83689
83721
83726
83727
83727
83739
83741
83746
83747
83761
83762
83763
83764
83768
83782
83804
83809
83820
83824
83834
83850
83855
83877
83877
83889
83916
83927
83935
83936
83939
83957
83959
83978
83980
83982
83986
83993
84003
84005
84022
84027
84028
84034
84052
84074
84085
84097
84106
84115
84122
84128
84140
84182
84194
84199
84212
84213
84218
84221
84259
84262
84278
84294
84295
84311
84312
84328
84349
84369
84371
84389
84390
84408
84427
84431
84456
84473
84482
84497
84511
84515
84531
84535
84566
84597
84602
84603
84603
84629
84649
84655
84666
84670
84675
84679
84687
84696
84703
84707
84709
84712
84722
84734
84736
84743
84748
84759
84775
84784
84799
84811
84816
84825
84857
84858
84868
84872
84879
84915
84915
84942
84948
84972
84978
84991
84992
84999
85009
85025
85025
85044
85054
85067
85072
85072
85080
85084
85105
85126
85126
85164
85165
85168
85192
85201
85236
85243
85254
85275
85312
85322
85331
85348
85351
85369
85376
85381
85390
85408
85428
85465
85479
85483
85483
85491
85493
85500
85515
85530
85537
85541
85552
85552
85559
85563
85568
85569
85578
85595
85599
85631
85638
85654
85660
85663
85674
85674
85689
85698
85722
85723
85746
85749
85751
85780
85797
85801
85801
85804
85805
85812
85824
85830
85832
85833
85843
85870
85870
85892
85898
85915
85935
85938
85940
85941
85955
85968
85980
85980
86002
86004
86009
86016
86018
86023
86032
86032
86049
86066
86069
86092
86096
86098
86105
86115
86135
86142
86160
86186
86187
86194
86215
86220
86238
86240
86257
86258
86260
86266
86282
86302
86305
86305
86305
86310
86339
86339
86353
86355
86359
86362
86365
86366
86380
86432
86451
86453
86453
86455
86458
86460
86461
86461
86479
86502
86504
86509
86511
86541
86553
86557
86558
86580
86586
86598
86604
86606
86610
86610
86610
86621
86637
86653
86660
86688
86702
86726
86728
86756
86756
86768
86777
86810
86821
86825
86828
86861
86881
86887
86897
86913
86914
86922
86930
86945
86950
86959
86975
86984
86993
87003
87007
87018
87031
87044
87070
87088
87090
87105
87153
87162
87171
87202
87225
87249
87265
87282
87289
87290
87291
87301
87310
87343
87348
87358
87360
87377
87380
87387
87393
87402
87444
87449
87454
87468
87484
87507
87511
87512
87547
87565
87577
87579
87591
87591
87609
87610
87610
87613
87662
87669
87670
87686
87690
87690
87701
87706
87720
87730
87738
87772
87773
87784
87802
87819
87841
87842
87893
87904
87923
87949
87961
87962
87966
87987
88004
88023
88031
88032
88035
88061
88073
88094
88100
88101
88104
88105
88111
88113
88119
88125
88135
88138
88150
88164
88179
88181
88195
88208
88209
88221
88242
88243
88248
88260
88266
88319
88319
88345
88348
88361
88369
88369
88382
88388
88402
88412
88418
88436
88445
88446
88456
88472
88483
88494
88500
88500
88506
88520
88521
88535
88549
88561
88566
88567
88583
88596
88604
88606
88631
88633
88664
88672
88703
88711
88727
88731
88742
88751
88775
88782
88786
88789
88792
88814
88826
88853
88870
88871
88872
88890
88909
88920
88936
88936
88937
88943
88943
88955
88969
88980
88987
88991
89000
89001
89034
89036
89037
89053
89054
89055
89066
89077
89080
89087
89087
89106
89116
89148
89149
89153
89154
89160
89161
89162
89163
89165
89165
89169
89172
89180
89186
89201
89203
89204
89214
89240
89257
89258
89265
89269
89271
89275
89289
89299
89313
89315
89323
89328
89330
89330
89367
89368
89387
89388
89391
89399
89435
89446
89455
89461
89470
89478
89486
89498
89500
89551
89555
89564
89577
89582
89586
89603
89605
89607
89616
89619
89625
89634
89645
89661
89689
89695
89707
89714
89740
89740
89743
89750
89764
89765
89769
89797
89800
89822
89823
89848
89849
89851
89851
89867
89870
89871
89874
89878
89883
89899
89925
89928
89946
89947
89953
89956
89958
89972
89982
90002
90003
90006
90006
90016
90023
90034
90037
90054
90060
90074
90076
90078
90086
90092
90119
90125
90133
90137
90140
90142
90145
90153
90186
90187
90188
90190
90199
90214
90215
90234
90235
90250
90265
90286
90287
90295
90303
90318
90330
90331
90340
90358
90363
90367
90368
90371
90389
90390
90391
90425
90432
90450
90454
90460
90477
90483
90486
90494
90499
90502
90505
90511
90521
90542
90555
90565
90595
90597
90612
90626
90631
90641
90654
90665
90676
90695
90706
90711
90738
90747
90752
90761
90811
90818
90829
90830
90844
90845
90855
90886
90888
90894
90910
90911
90913
90915
90943
90959
90973
90974
90976
90983
90986
90990
90998
91010
91011
91019
91031
91035
91036
91039
91040
91044
91049
91057
91058
91058
91086
91092
91093
91099
91099
91105
91111
91123
91123
91125
91126
91128
91138
91139
91141
91144
91147
91157
91159
91186
91188
91200
91201
91201
91204
91209
91219
91221
91236
91241
91254
91265
91293
91306
91314
91315
91323
91340
91342
91349
91360
91363
91384
91393
91395
91396
91396
91403
91413
91428
91443
91447
91458
91460
91470
91500
91526
91556
91556
91571
91572
91580
91627
91641
91650
91656
91657
91667
91680
91695
91699
91735
91736
91753
91770
91776
91778
91790
91792
91809
91814
91825
91840
91856
91862
91888
91889
91904
91914
91918
91924
91927
91933
91957
91971
91993
92002
92003
92003
92068
92075
92079
92086
92093
92098
92147
92169
92171
92174
92176
92186
92192
92196
92198
92205
92205
92227
92239
92248
92249
92249
92254
92258
92260
92265
92272
92274
92285
92302
92312
92322
92351
92374
92381
92386
92387
92408
92414
92418
92420
92432
92462
92467
92469
92497
92500
92510
92522
92542
92553
92583
92589
92602
92618
92633
92640
92643
92648
92658
92679
92684
92695
92702
92711
92717
92726
92727
92750
92773
92776
92779
92780
92782
92784
92799
92801
92823
92831
92848
92853
92862
92869
92896
92909
92915
92935
92940
92942
92944
92960
93025
93033
93059
93081
93082
93090
93091
93091
93104
93125
93154
93157
93211
93215
93250
93257
93262
93270
93274
93282
93283
93285
93299
93301
93309
93314
93327
93327
93360
93364
93396
93416
93421
93451
93453
93468
93468
93476
93480
93483
93485
93492
93497
93501
93507
93511
93518
93530
93534
93543
93551
93572
93590
93615
93622
93627
93636
93638
93693
93704
93707
93710
93719
93726
93727
93730
93732
93732
93738
93765
93775
93777
93785
93786
93799
93805
93810
93813
93815
93819
93827
93831
93844
93845
93860
93875
93898
93902
93906
93909
93933
93962
93967
93982
93986
93987
93991
93992
94010
94021
94026
94041
94046
94064
94076
94085
94092
94093
94099
94100
94114
94121
94142
94146
94151
94163
94166
94181
94187
94190
94191
94199
94201
94213
94215
94217
94226
94228
94251
94255
94255
94259
94261
94268
94299
94301
94310
94328
94340
94345
94349
94353
94371
94385
94401
94417
94431
94436
94451
94458
94460
94496
94497
94502
94520
94533
94539
94540
94572
94587
94592
94606
94624
94632
94637
94651
94657
94671
94675
94678
94683
94701
94718
94718
94727
94731
94743
94754
94782
94787
94798
94806
94812
94816
94820
94851
94863
94869
94870
94882
94918
94946
94954
94975
94982
94993
95001
95008
95011
95017
95038
95047
95049
95049
95062
95064
95074
95080
95108
95115
95143
95144
95153
95163
95182
95184
95193
95194
95204
95205
95208
95227
95228
95228
95241
95257
95269
95278
95282
95288
95291
95295
95296
95296
95300
95329
95335
95347
95358
95378
95410
95425
95430
95449
95454
95463
95477
95480
95484
95491
95542
95564
95566
95573
95575
95579
95586
95586
95590
95599
95602
95604
95605
95615
95616
95624
95626
95628
95633
95638
95659
95672
95674
95674
95691
95694
95696
95696
95698
95699
95709
95722
95748
95764
95773
95820
95846
95851
95852
95867
95876
95905
95911
95921
95926
95961
95983
95983
95995
96007
96019
96020
96023
96034
96036
96037
96039
96045
96064
96077
96079
96101
96107
96107
96118
96128
96130
96132
96137
96141
96177
96178
96198
96200
96201
96208
96210
96220
96243
96245
96250
96266
96269
96280
96282
96303
96311
96321
96321
96341
96348
96355
96360
96365
96390
96395
96402
96426
96437
96440
96457
96458
96480
96498
96521
96525
96535
96537
96565
96588
96590
96622
96631
96636
96638
96642
96644
96660
96701
96710
96712
96719
96721
96727
96731
96735
96744
96750
96763
96769
96772
96775
96781
96817
96837
96844
96859
96861
96866
96889
96894
96897
96901
96928
96929
96935
96940
96956
96986
96991
96999
97009
97015
97018
97024
97031
97031
97032
97063
97064
97087
97110
97114
97131
97132
97145
97150
97155
97157
97159
97162
97163
97177
97181
97201
97212
97213
97229
97236
97255
97295
97298
97309
97317
97334
97339
97341
97342
97356
97389
97391
97406
97414
97414
97419
97423
97429
97477
97480
97497
97499
97503
97517
97537
97565
97573
97587
97593
97596
97604
97609
97618
97621
97623
97630
97634
97649
97657
97659
97672
97673
97678
97730
97743
97744
97755
97767
97783
97792
97797
97797
97818
97838
97842
97848
97858
97878
97879
97883
97916
97919
97933
97939
97947
97977
97981
97987
97998
98012
98027
98030
98037
98041
98049
98049
98076
98077
98081
98090
98122
98140
98148
98159
98166
98179
98186
98199
98209
98215
98240
98277
98323
98328
98332
98342
98342
98374
98379
98393
98406
98408
98414
98436
98468
98480
98481
98510
98514
98514
98527
98533
98539
98546
98548
98548
98555
98563
98563
98583
98586
98588
98588
98589
98594
98610
98620
98629
98631
98634
98638
98647
98648
98662
98676
98690
98706
98707
98730
98736
98780
98781
98797
98807
98827
98840
98844
98853
98858
98871
98881
98881
98911
98923
98926
98937
98940
98941
98960
98964
98964
98985
98993
98998
99002
99003
99017
99020
99028
99034
99055
99062
99086
99099
99123
99124
99135
99140
99156
99188
99191
99196
99208
99222
99232
99241
99252
99259
99263
99286
99287
99290
99296
99308
99324
99345
99360
99363
99364
99383
99388
99389
99390
99393
99416
99434
99441
99468
99480
99485
99507
99524
99539
99540
99545
99561
99595
99596
99596
99601
99611
99625
99625
99627
99658
99680
99690
99696
99710
99743
99745
99747
99769
99812
99824
99837
99843
99844
99851
99865
99872
99875
99878
99883
99898
99910
99913
99923
99928
99961
99961
99969
99980
99997
