0
4
20
20
22
23
30
36
36
88
100
104
106
111
134
150
153
161
162
163
165
169
169
170
172
197
202
237
254
263
269
286
289
293
334
340
348
359
366
368
380
394
402
417
417
428
434
452
459
470
480
487
494
500
515
528
554
555
561
571
578
600
604
622
635
639
647
674
676
681
705
717
730
731
740
764
779
786
795
795
797
821
843
867
870
873
874
877
886
907
946
955
959
968
974
1005
1009
1019
1067
1074
1076
1085
1088
1117
1123
1138
1149
1151
1181
1188
1189
1201
1207
1208
1221
1224
1226
1230
1272
1292
1293
1294
1296
1303
1321
1322
1331
1341
1342
1368
1377
1382
1390
1390
1411
1426
1442
1450
1470
1486
1488
1500
1518
1536
1546
1561
1562
1565
1583
1600
1602
1611
1611
1622
1627
1641
1641
1649
1651
1658
1658
1672
1677
1696
1706
1706
1729
1748
1770
1773
1773
1808
1847
1868
1872
1877
1884
1897
1905
1912
1913
1930
1936
1947
1948
1949
1959
1971
1978
1978
1988
2003
2011
2026
2027
2030
2049
2055
2058
2058
2071
2075
2104
2116
2117
2124
2173
2181
2183
2183
2204
2206
2212
2219
2224
2227
2242
2246
2263
2279
2280
2283
2298
2308
2314
2321
2325
2332
2350
2354
2359
2367
2376
2378
2381
2388
2390
2397
2398
2423
2426
2430
2430
2440
2450
2483
2490
2515
2521
2527
2546
2560
2566
2572
2573
2584
2601
2607
2608
2610
2618
2627
2660
2667
2698
2711
2715
2727
2749
2756
2771
2786
2787
2795
2796
2799
2802
2813
2835
2842
2849
2853
2865
2874
2886
2927
2945
2945
2970
2997
3002
3012
3030
3032
3073
3111
3115
3121
3165
3172
3174
3176
3176
3179
3186
3187
3195
3205
3208
3212
3223
3249
3268
3269
3277
3287
3293
3295
3304
3315
3335
3343
3348
3356
3359
3382
3385
3389
3390
3394
3417
3418
3426
3428
3437
3444
3446
3451
3468
3484
3500
3507
3525
3528
3551
3565
3566
3568
3605
3633
3649
3651
3661
3663
3665
3694
3711
3713
3722
3741
3747
3755
3767
3773
3791
3793
3794
3799
3802
3811
3818
3834
3846
3859
3869
3891
3893
3915
3921
3923
3935
3937
3948
3967
3968
3972
3979
3986
4006
4019
4033
4045
4047
4062
4076
4080
4091
4110
4118
4136
4137
4140
4153
4189
4205
4218
4222
4233
4243
4246
4253
4262
4270
4298
4307
4327
4349
4383
4406
4417
4439
4442
4449
4457
4490
4497
4557
4572
4596
4609
4619
4631
4644
4650
4654
4666
4668
4669
4677
4733
4736
4737
4739
4745
4752
4754
4760
4776
4789
4816
4820
4832
4834
4851
4871
4874
4895
4906
4925
4938
4954
4955
4976
4993
5007
5022
5028
5056
5072
5090
5106
5120
5121
5126
5156
5165
5167
5192
5198
5202
5203
5208
5211
5234
5259
5268
5278
5284
5287
5287
5290
5296
5300
5315
5323
5340
5340
5342
5362
5362
5369
5395
5410
5420
5425
5440
5443
5450
5452
5456
5489
5506
5507
5554
5558
5594
5600
5603
5605
5606
5607
5622
5623
5635
5636
5638
5644
5644
5660
5678
5706
5712
5716
5720
5722
5726
5727
5739
5740
5764
5764
5770
5800
5804
5812
5819
5821
5836
5838
5856
5858
5860
5869
5881
5888
5896
5906
5909
5921
5923
5938
5948
5969
5970
5978
5979
5983
5984
5998
6006
6008
6009
6029
6042
6044
6047
6059
6073
6076
6084
6092
6098
6106
6137
6142
6145
6146
6147
6147
6150
6167
6182
6214
6223
6224
6233
6235
6265
6288
6296
6311
6340
6340
6354
6359
6359
6362
6366
6368
6380
6382
6400
6408
6426
6431
6448
6460
6479
6497
6505
6505
6525
6527
6531
6540
6573
6581
6591
6594
6605
6606
6612
6623
6631
6632
6649
6656
6667
6667
6679
6682
6684
6685
6711
6713
6723
6727
6730
6741
6748
6757
6777
6783
6799
6807
6826
6856
6858
6859
6860
6861
6868
6891
6892
6899
6911
6944
6966
6988
7005
7007
7011
7015
7027
7042
7052
7073
7086
7098
7103
7106
7119
7121
7125
7129
7131
7218
7229
7236
7247
7255
7258
7270
7270
7289
7299
7309
7320
7321
7341
7345
7345
7362
7363
7389
7390
7408
7418
7423
7425
7428
7437
7445
7454
7456
7462
7557
7557
7568
7572
7573
7590
7608
7608
7609
7610
7617
7628
7635
7669
7677
7687
7692
7700
7704
7708
7712
7714
7716
7721
7738
7738
7755
7767
7780
7781
7795
7808
7816
7816
7820
7826
7839
7866
7877
7883
7885
7894
7897
7901
7908
7922
7929
7938
7959
7961
7962
7966
7967
7969
7971
7975
7990
8004
8013
8030
8031
8031
8036
8055
8061
8067
8110
8124
8134
8137
8150
8170
8173
8193
8206
8208
8211
8214
8219
8228
8256
8259
8269
8271
8280
8280
8282
8308
8319
8338
8344
8354
8362
8379
8383
8396
8400
8401
8405
8407
8450
8482
8516
8524
8533
8547
8549
8582
8602
8608
8621
8623
8634
8711
8711
8718
8720
8726
8751
8751
8752
8757
8759
8778
8802
8811
8823
8855
8885
8886
8890
8903
8907
8945
8951
8955
8957
8958
8971
8973
8979
9000
9000
9020
9022
9043
9054
9055
9062
9064
9079
9083
9099
9109
9111
9125
9125
9128
9136
9142
9150
9161
9175
9194
9202
9231
9235
9240
9265
9293
9300
9306
9311
9314
9322
9341
9343
9343
9353
9355
9356
9357
9361
9362
9365
9383
9393
9395
9408
9414
9432
9433
9447
9450
9453
9463
9464
9472
9492
9495
9497
9518
9529
9535
9548
9565
9590
9600
9609
9610
9621
9650
9651
9656
9657
9658
9661
9669
9678
9688
9690
9702
9715
9728
9742
9751
9751
9758
9775
9778
9781
9793
9825
9831
9863
9868
9880
9881
9898
9906
9907
9946
9951
9955
9968
9983
9984
10006
10007
10017
10019
10049
10059
10071
10082
10095
10103
10124
10129
10130
10138
10156
10157
10161
10162
10208
10221
10241
10269
10293
10318
10321
10328
10339
10358
10365
10380
10398
10401
10411
10412
10420
10428
10438
10447
10454
10457
10468
10477
10484
10487
10509
10530
10535
10547
10550
10553
10555
10568
10573
10580
10597
10597
10602
10603
10607
10609
10621
10633
10643
10644
10647
10658
10680
10684
10710
10711
10712
10735
10748
10749
10766
10768
10777
10786
10801
10808
10833
10845
10866
10868
10891
10891
10927
10935
10954
10965
10985
11026
11031
11042
11053
11059
11075
11076
11089
11095
11098
11111
11117
11140
11165
11167
11207
11213
11232
11263
11272
11272
11282
11283
11286
11290
11299
11304
11309
11321
11324
11328
11340
11340
11343
11344
11347
11349
11359
11375
11375
11395
11406
11407
11418
11431
11452
11454
11467
11474
11482
11507
11508
11509
11518
11530
11545
11553
11559
11564
11564
11569
11572
11578
11595
11608
11613
11618
11621
11635
11645
11662
11681
11685
11687
11690
11697
11714
11717
11719
11724
11734
11735
11740
11743
11753
11765
11789
11792
11806
11813
11819
11834
11853
11859
11879
11886
11899
11904
11909
11926
11930
11954
11963
11972
11975
11978
11982
11984
11990
11995
11999
12003
12015
12018
12019
12020
12023
12034
12039
12066
12068
12079
12098
12106
12119
12134
12139
12141
12151
12155
12170
12188
12207
12213
12243
12251
12267
12270
12273
12278
12321
12326
12352
12376
12387
12396
12402
12418
12423
12437
12440
12443
12454
12474
12479
12484
12488
12491
12497
12499
12501
12506
12528
12530
12540
12541
12556
12588
12604
12614
12624
12636
12637
12642
12646
12650
12664
12682
12700
12734
12819
12821
12846
12874
12878
12881
12930
12935
12967
12970
12998
13002
13006
13017
13036
13054
13063
13077
13077
13086
13106
13121
13133
13146
13149
13150
13154
13155
13160
13191
13192
13198
13227
13229
13231
13238
13244
13247
13252
13266
13272
13279
13283
13305
13320
13327
13338
13339
13355
13356
13357
13392
13410
13418
13419
13423
13426
13434
13436
13438
13461
13469
13489
13492
13516
13518
13525
13529
13530
13532
13540
13546
13550
13577
13579
13586
13593
13609
13630
13635
13668
13674
13694
13700
13703
13712
13728
13729
13730
13733
13734
13760
13770
13772
13775
13775
13778
13783
13817
13820
13835
13837
13842
13845
13874
13877
13881
13891
13901
13903
13914
13921
13930
13973
13982
13983
13989
13996
14012
14019
14022
14024
14037
14051
14059
14064
14065
14072
14079
14081
14084
14086
14092
14094
14100
14102
14108
14109
14122
14127
14130
14133
14133
14137
14145
14167
14183
14192
14199
14210
14215
14217
14227
14230
14244
14251
14254
14275
14291
14308
14313
14380
14381
14398
14400
14402
14404
14424
14429
14431
14435
14437
14448
14477
14481
14483
14484
14484
14510
14512
14520
14532
14533
14539
14554
14556
14584
14587
14592
14593
14612
14623
14623
14642
14644
14646
14671
14693
14700
14703
14711
14713
14716
14717
14719
14725
14727
14729
14757
14761
14768
14770
14772
14780
14791
14794
14805
14815
14827
14859
14860
14860
14871
14877
14881
14901
14902
14904
14924
14926
14942
14947
14947
14958
14958
14970
14971
14978
14981
15014
15016
15017
15021
15032
15061
15075
15083
15098
15110
15119
15135
15148
15153
15168
15182
15182
15189
15194
15219
15224
15233
15236
15242
15251
15256
15261
15269
15270
15270
15281
15283
15291
15294
15299
15309
15319
15359
15373
15383
15415
15434
15449
15454
15458
15460
15462
15463
15477
15506
15517
15537
15542
15548
15553
15561
15618
15619
15627
15631
15632
15657
15662
15668
15689
15698
15699
15703
15712
15736
15745
15753
15762
15768
15771
15779
15781
15786
15787
15793
15798
15825
15833
15859
15887
15902
15915
15917
15918
15920
15929
15936
15941
15949
15971
15995
16011
16018
16035
16036
16049
16057
16068
16077
16090
16104
16106
16115
16120
16127
16147
16149
16160
16213
16213
16214
16216
16221
16228
16230
16243
16263
16270
16273
16277
16279
16284
16295
16300
16308
16312
16312
16322
16328
16338
16363
16376
16376
16388
16394
16412
16416
16425
16433
16442
16443
16451
16464
16464
16487
16501
16518
16520
16524
16528
16537
16540
16556
16578
16580
16584
16584
16587
16611
16612
16635
16636
16644
16651
16675
16696
16701
16707
16738
16746
16772
16780
16792
16795
16805
16805
16817
16828
16843
16843
16847
16852
16884
16894
16902
16914
16946
16955
16960
16962
16969
16977
16981
16985
16987
16989
17011
17020
17022
17027
17041
17067
17073
17075
17080
17082
17085
17087
17092
17101
17103
17105
17124
17133
17135
17140
17140
17146
17149
17165
17166
17185
17186
17186
17188
17188
17192
17207
17208
17223
17238
17241
17250
17280
17282
17300
17302
17307
17307
17309
17312
17312
17322
17325
17349
17357
17362
17385
17387
17389
17404
17434
17435
17439
17444
17478
17486
17523
17524
17544
17578
17581
17581
17582
17607
17609
17613
17616
17639
17649
17657
17665
17706
17713
17718
17727
17727
17734
17743
17761
17762
17769
17782
17783
17788
17793
17793
17822
17836
17864
17874
17882
17885
17887
17902
17917
17933
17934
17942
17948
17950
17952
17960
17970
18010
18034
18042
18052
18058
18062
18083
18083
18085
18089
18090
18104
18123
18123
18131
18133
18136
18138
18153
18154
18154
18169
18170
18179
18192
18204
18208
18213
18214
18230
18230
18234
18255
18260
18265
18280
18281
18325
18332
18346
18360
18370
18387
18387
18391
18421
18429
18432
18454
18476
18483
18485
18490
18490
18508
18512
18529
18540
18540
18550
18551
18569
18588
18589
18603
18623
18625
18639
18668
18671
18690
18706
18724
18738
18742
18751
18758
18766
18766
18766
18773
18779
18785
18792
18798
18823
18826
18840
18862
18863
18867
18886
18886
18894
18895
18898
18923
18932
18933
18944
18955
18962
18966
19012
19041
19059
19071
19076
19093
19103
19117
19122
19125
19130
19152
19171
19180
19187
19202
19217
19255
19268
19277
19282
19283
19305
19310
19322
19322
19325
19331
19332
19362
19366
19378
19386
19404
19406
19420
19423
19432
19435
19448
19451
19456
19457
19457
19459
19461
19463
19478
19478
19478
19482
19497
19504
19505
19514
19517
19528
19563
19574
19575
19582
19585
19592
19633
19647
19678
19680
19681
19686
19690
19691
19715
19720
19786
19799
19804
19826
19873
19897
19900
19901
19912
19914
19928
19930
19937
19977
19977
20004
20014
20018
20019
20049
20056
20076
20083
20096
20115
20119
20125
20139
20142
20183
20197
20206
20208
20214
20215
20228
20230
20240
20247
20267
20272
20275
20276
20278
20281
20284
20285
20299
20302
20306
20318
20347
20347
20359
20376
20394
20395
20401
20415
20417
20421
20428
20440
20451
20458
20461
20466
20478
20484
20484
20488
20491
20493
20497
20497
20507
20517
20518
20536
20552
20553
20567
20568
20579
20583
20589
20634
20640
20660
20684
20687
20701
20707
20754
20754
20755
20757
20759
20770
20777
20784
20816
20849
20862
20895
20895
20901
20917
20922
20936
20965
20972
20983
20993
20999
21009
21019
21020
21031
21041
21052
21069
21070
21092
21133
21141
21193
21204
21214
21225
21234
21236
21248
21249
21250
21258
21262
21266
21274
21275
21279
21284
21286
21294
21298
21334
21336
21345
21346
21348
21357
21364
21367
21370
21377
21379
21384
21386
21403
21410
21418
21420
21429
21431
21445
21465
21493
21501
21503
21513
21520
21526
21530
21537
21557
21558
21604
21611
21633
21642
21644
21660
21686
21694
21709
21711
21713
21714
21717
21730
21735
21786
21792
21792
21793
21805
21836
21837
21869
21879
21894
21901
21903
21907
21916
21929
21930
21937
21948
21950
21960
21961
21977
21986
21989
21991
22014
22033
22035
22051
22070
22074
22088
22095
22096
22102
22108
22109
22120
22129
22130
22136
22137
22161
22181
22188
22191
22212
22220
22233
22263
22269
22273
22278
22291
22292
22293
22295
22298
22312
22312
22315
22327
22345
22358
22366
22366
22402
22409
22412
22417
22425
22428
22435
22478
22481
22499
22501
22506
22506
22510
22536
22546
22560
22565
22582
22584
22588
22596
22616
22617
22636
22640
22640
22654
22658
22663
22688
22701
22710
22719
22726
22749
22761
22762
22787
22790
22796
22802
22831
22834
22840
22841
22847
22860
22889
22890
22907
22915
22916
22916
22922
22923
22959
22969
22973
22974
22974
22982
22992
23004
23008
23029
23035
23047
23056
23063
23065
23073
23076
23104
23148
23163
23177
23206
23213
23222
23234
23239
23244
23271
23284
23294
23311
23313
23389
23403
23407
23436
23437
23440
23446
23466
23479
23486
23491
23501
23502
23503
23528
23529
23543
23550
23551
23557
23566
23571
23572
23579
23589
23598
23599
23618
23635
23651
23658
23665
23672
23676
23679
23684
23693
23698
23708
23710
23730
23734
23744
23773
23780
23782
23797
23825
23839
23863
23865
23888
23896
23902
23903
23916
23941
23941
23948
23961
23965
23965
23973
23975
23993
23996
24002
24018
24033
24042
24042
24054
24061
24062
24064
24066
24070
24083
24089
24105
24109
24116
24124
24128
24128
24143
24166
24177
24179
24204
24207
24217
24220
24222
24229
24236
24243
24255
24268
24274
24277
24282
24293
24308
24320
24326
24356
24361
24364
24367
24381
24397
24404
24407
24422
24449
24475
24478
24486
24497
24499
24502
24513
24520
24531
24540
24543
24544
24563
24569
24570
24577
24578
24582
24587
24595
24603
24617
24628
24634
24637
24660
24670
24693
24697
24707
24711
24717
24723
24743
24754
24756
24757
24777
24781
24783
24784
24802
24805
24814
24833
24873
24877
24878
24881
24881
24889
24916
24920
24923
24937
24965
24966
24974
24980
24980
24993
24994
25003
25025
25055
25059
25074
25097
25100
25103
25116
25125
25132
25138
25158
25162
25190
25206
25217
25220
25222
25243
25252
25260
25267
25285
25286
25295
25295
25313
25334
25374
25394
25399
25399
25438
25452
25454
25455
25466
25471
25482
25486
25487
25507
25522
25531
25540
25550
25551
25552
25560
25563
25568
25569
25571
25577
25589
25593
25609
25609
25623
25638
25642
25654
25656
25667
25674
25681
25683
25684
25685
25708
25711
25747
25748
25750
25766
25771
25778
25788
25792
25793
25795
25803
25813
25820
25854
25854
25869
25874
25885
25899
25899
25909
25912
25921
25922
25961
25986
25992
25994
25996
26006
26012
26054
26063
26074
26080
26084
26089
26114
26119
26120
26131
26135
26178
26200
26205
26222
26238
26259
26281
26302
26307
26327
26328
26328
26334
26336
26341
26350
26354
26361
26367
26390
26398
26428
26440
26441
26449
26455
26455
26477
26478
26482
26515
26529
26535
26549
26552
26578
26587
26595
26595
26602
26606
26630
26631
26658
26671
26692
26697
26700
26702
26710
26781
26781
26788
26794
26797
26818
26831
26839
26851
26858
26882
26884
26896
26896
26900
26902
26905
26916
26918
26927
26942
26944
26948
26954
26962
26969
26976
26988
26998
27000
27005
27013
27043
27049
27057
27059
27061
27064
27065
27068
27077
27082
27122
27144
27161
27163
27166
27185
27188
27217
27284
27295
27302
27304
27308
27313
27313
27347
27353
27370
27379
27395
27395
27404
27408
27414
27419
27427
27427
27433
27455
27466
27481
27482
27486
27493
27511
27520
27552
27561
27571
27579
27579
27582
27583
27587
27587
27603
27606
27610
27629
27636
27643
27643
27654
27657
27662
27666
27678
27678
27694
27707
27737
27742
27743
27744
27746
27755
27765
27771
27771
27781
27793
27817
27817
27820
27825
27838
27844
27847
27870
27883
27887
27923
27934
27961
27967
27969
27972
28020
28061
28061
28087
28094
28095
28102
28117
28118
28143
28143
28159
28172
28175
28181
28191
28195
28212
28229
28255
28256
28258
28260
28260
28274
28277
28290
28295
28312
28350
28382
28390
28399
28411
28413
28415
28420
28425
28454
28472
28472
28479
28506
28524
28536
28539
28540
28549
28568
28580
28583
28584
28596
28596
28601
28610
28612
28625
28646
28653
28664
28669
28670
28671
28696
28701
28706
28716
28727
28730
28734
28735
28751
28759
28761
28785
28797
28797
28812
28816
28821
28832
28844
28860
28861
28861
28873
28880
28905
28910
28917
28918
28923
28927
28930
28932
28936
28968
28971
28976
28979
28985
28990
28994
28995
29013
29026
29034
29040
29050
29076
29077
29079
29097
29097
29098
29099
29099
29102
29102
29108
29119
29126
29126
29130
29139
29144
29149
29162
29162
29163
29167
29178
29180
29186
29201
29203
29212
29221
29225
29246
29283
29310
29310
29310
29319
29331
29341
29356
29379
29388
29393
29420
29437
29448
29450
29451
29452
29462
29504
29511
29531
29534
29542
29543
29543
29546
29546
29547
29548
29549
29559
29568
29573
29585
29585
29598
29608
29626
29641
29647
29647
29650
29657
29657
29692
29696
29697
29698
29718
29720
29722
29763
29770
29777
29782
29782
29795
29814
29818
29821
29828
29833
29836
29843
29851
29859
29862
29871
29895
29919
29921
29925
29932
29933
29949
29969
29976
29992
30011
30011
30011
30013
30028
30043
30055
30062
30063
30068
30068
30071
30071
30097
30105
30118
30120
30143
30158
30167
30170
30178
30185
30202
30203
30207
30211
30222
30226
30254
30261
30285
30331
30341
30347
30351
30376
30389
30411
30413
30421
30435
30439
30448
30463
30473
30475
30476
30492
30503
30506
30508
30526
30543
30559
30560
30562
30580
30605
30614
30628
30629
30630
30644
30645
30645
30681
30686
30696
30716
30721
30732
30738
30750
30757
30784
30809
30825
30831
30840
30855
30859
30866
30869
30873
30889
30903
30904
30927
30947
30969
30972
30976
30985
30989
30995
31001
31014
31017
31039
31045
31052
31058
31093
31114
31121
31122
31135
31136
31141
31159
31182
31198
31202
31202
31209
31209
31276
31282
31283
31290
31300
31311
31321
31348
31384
31393
31400
31403
31415
31437
31448
31450
31451
31468
31479
31479
31490
31493
31523
31539
31542
31555
31572
31586
31596
31606
31610
31616
31637
31674
31692
31711
31711
31712
31712
31734
31735
31741
31742
31749
31762
31763
31783
31790
31799
31801
31803
31822
31824
31848
31854
31890
31906
31918
31929
31931
31942
31956
31973
31978
31979
31988
32005
32027
32034
32037
32045
32050
32052
32063
32064
32070
32083
32088
32094
32112
32128
32134
32134
32136
32139
32143
32165
32185
32201
32218
32223
32228
32233
32243
32249
32264
32266
32269
32287
32290
32296
32320
32321
32335
32344
32353
32377
32378
32396
32428
32440
32454
32455
32462
32480
32485
32491
32493
32510
32511
32514
32518
32520
32524
32525
32526
32535
32537
32557
32557
32567
32569
32599
32616
32627
32629
32644
32654
32662
32670
32683
32688
32694
32696
32699
32709
32713
32715
32719
32732
32734
32736
32755
32756
32761
32769
32828
32836
32837
32845
32860
32863
32886
32901
32906
32940
32971
32975
32997
33010
33023
33023
33036
33054
33056
33061
33064
33065
33078
33082
33089
33096
33097
33118
33125
33130
33140
33153
33157
33175
33217
33252
33264
33287
33299
33301
33307
33352
33383
33397
33420
33427
33444
33450
33463
33497
33506
33507
33509
33541
33542
33581
33584
33599
33604
33608
33610
33615
33615
33620
33658
33677
33686
33693
33698
33702
33703
33705
33705
33721
33740
33741
33760
33775
33777
33779
33809
33809
33821
33823
33825
33843
33855
33871
33878
33881
33886
33887
33911
33917
33923
33931
33940
33951
33953
33959
33960
33972
33973
33984
34005
34011
34012
34034
34041
34045
34065
34065
34067
34067
34073
34085
34098
34112
34127
34133
34139
34139
34144
34170
34188
34202
34214
34245
34247
34250
34252
34253
34260
34276
34284
34290
34306
34307
34314
34315
34319
34346
34359
34360
34380
34388
34406
34416
34454
34457
34469
34474
34475
34483
34503
34508
34528
34543
34543
34557
34557
34567
34584
34603
34610
34611
34621
34624
34632
34636
34668
34668
34672
34673
34673
34675
34679
34683
34687
34697
34702
34710
34721
34730
34756
34759
34760
34763
34764
34770
34774
34776
34778
34780
34790
34799
34802
34806
34806
34809
34810
34814
34842
34846
34849
34861
34865
34867
34870
34910
34913
34918
34922
34925
34931
34949
34952
34953
34955
34959
34966
34975
34989
35003
35004
35023
35030
35045
35045
35051
35054
35063
35072
35075
35084
35089
35090
35095
35105
35117
35127
35132
35154
35168
35178
35186
35191
35191
35206
35211
35212
35229
35254
35268
35270
35274
35287
35293
35296
35303
35316
35339
35340
35346
35348
35353
35377
35384
35391
35400
35408
35412
35430
35435
35436
35444
35449
35456
35473
35477
35481
35494
35497
35503
35508
35513
35534
35546
35564
35566
35566
35567
35573
35588
35593
35605
35629
35638
35649
35682
35695
35708
35724
35738
35749
35756
35764
35768
35772
35786
35788
35790
35791
35812
35821
35822
35822
35831
35868
35880
35899
35918
35923
35929
35966
35973
35984
36017
36051
36058
36059
36075
36077
36092
36095
36109
36127
36129
36140
36148
36162
36181
36202
36205
36209
36212
36214
36234
36252
36259
36260
36272
36285
36289
36305
36314
36315
36318
36323
36330
36334
36344
36354
36398
36425
36428
36430
36431
36438
36441
36452
36453
36464
36492
36507
36508
36519
36524
36561
36592
36603
36614
36653
36653
36660
36662
36666
36670
36679
36684
36689
36707
36710
36756
36770
36772
36774
36782
36787
36787
36792
36797
36797
36798
36802
36815
36816
36855
36855
36855
36863
36869
36876
36889
36897
36899
36900
36919
36927
36928
36929
36938
36948
36960
36978
36986
37015
37066
37073
37074
37076
37079
37083
37100
37133
37134
37165
37166
37179
37196
37197
37206
37233
37245
37260
37282
37282
37298
37306
37314
37323
37331
37339
37363
37374
37374
37377
37378
37422
37444
37459
37460
37466
37504
37512
37524
37525
37547
37555
37565
37571
37574
37599
37611
37626
37628
37628
37631
37633
37633
37650
37667
37670
37679
37691
37705
37714
37727
37738
37741
37741
37778
37780
37784
37795
37816
37816
37832
37855
37858
37868
37913
37934
37942
37960
37966
37976
37990
37992
37992
37994
37994
37995
38011
38022
38030
38033
38034
38044
38046
38048
38050
38054
38055
38055
38057
38061
38101
38116
38122
38125
38139
38146
38154
38156
38162
38173
38173
38188
38189
38204
38207
38212
38219
38236
38238
38238
38239
38266
38283
38284
38284
38284
38306
38309
38326
38354
38374
38381
38388
38389
38410
38419
38429
38431
38445
38449
38456
38491
38492
38493
38503
38529
38537
38537
38541
38550
38558
38561
38590
38596
38597
38604
38617
38626
38654
38666
38667
38675
38685
38689
38695
38703
38725
38737
38740
38758
38786
38787
38792
38804
38812
38818
38827
38872
38876
38878
38879
38883
38894
38912
38936
38937
38955
38960
38962
39023
39045
39047
39055
39064
39065
39079
39110
39115
39116
39125
39125
39138
39139
39143
39184
39189
39204
39209
39225
39226
39235
39272
39314
39325
39330
39352
39395
39421
39426
39429
39447
39449
39453
39454
39461
39464
39478
39484
39510
39516
39527
39536
39550
39551
39560
39567
39577
39579
39582
39583
39589
39600
39607
39616
39618
39626
39631
39645
39679
39685
39687
39703
39712
39715
39719
39744
39763
39768
39784
39814
39820
39832
39881
39894
39910
39910
39928
39933
39948
39968
39972
39973
39981
39996
39997
40010
40012
40030
40031
40034
40039
40041
40052
40061
40098
40103
40104
40137
40152
40170
40188
40191
40198
40213
40213
40217
40232
40242
40245
40256
40259
40259
40266
40271
40294
40322
40333
40340
40346
40348
40350
40360
40369
40397
40397
40401
40407
40409
40416
40418
40423
40437
40453
40453
40459
40471
40478
40482
40491
40491
40506
40509
40536
40539
40557
40564
40566
40573
40600
40619
40624
40639
40652
40657
40677
40681
40683
40712
40729
40750
40751
40778
40782
40811
40846
40849
40850
40858
40862
40862
40868
40869
40871
40879
40917
40939
40942
40952
40955
40957
40972
40983
40993
41007
41008
41010
41011
41011
41015
41028
41038
41038
41049
41057
41060
41070
41071
41080
41106
41122
41123
41137
41137
41161
41200
41201
41201
41206
41217
41243
41255
41258
41277
41322
41335
41378
41388
41402
41408
41426
41429
41431
41432
41438
41439
41445
41448
41461
41468
41468
41483
41495
41495
41495
41501
41506
41507
41537
41563
41575
41579
41586
41587
41588
41611
41617
41617
41625
41646
41653
41713
41719
41736
41739
41752
41771
41776
41791
41808
41820
41821
41850
41851
41856
41879
41892
41924
41939
41957
41973
41976
41982
41986
42013
42019
42021
42050
42062
42065
42088
42090
42111
42122
42136
42146
42155
42164
42171
42171
42200
42205
42207
42228
42233
42234
42235
42235
42241
42242
42243
42246
42252
42253
42258
42279
42281
42286
42290
42297
42302
42314
42329
42331
42380
42382
42383
42394
42399
42402
42409
42410
42412
42413
42418
42422
42437
42454
42455
42455
42458
42474
42476
42481
42497
42516
42517
42520
42520
42530
42550
42557
42563
42565
42585
42586
42595
42596
42624
42633
42639
42673
42683
42685
42688
42693
42708
42708
42719
42736
42746
42751
42756
42788
42792
42804
42813
42832
42837
42842
42844
42851
42858
42881
42891
42896
42898
42903
42910
42925
42931
42945
42950
42960
42978
42985
42987
42987
43008
43017
43025
43040
43042
43043
43062
43095
43102
43120
43233
43291
43293
43311
43316
43318
43319
43321
43337
43352
43358
43361
43369
43372
43376
43433
43489
43544
43567
43583
43596
43608
43610
43630
43638
43673
43674
43712
43765
43771
43771
43812
43817
43818
43847
43862
43877
43898
43914
43932
43937
43947
43949
43953
43957
43971
43982
43990
43997
43999
44004
44005
44005
44011
44012
44013
44014
44014
44017
44022
44035
44043
44055
44058
44062
44085
44089
44093
44096
44100
44108
44129
44137
44159
44163
44171
44175
44193
44203
44218
44250
44250
44258
44271
44286
44304
44308
44319
44321
44324
44325
44331
44332
44362
44372
44397
44402
44416
44428
44434
44442
44444
44455
44490
44500
44501
44503
44515
44518
44530
44537
44538
44561
44576
44579
44592
44593
44600
44620
44623
44629
44631
44654
44666
44669
44671
44675
44676
44680
44684
44692
44701
44716
44728
44729
44735
44738
44746
44756
44758
44766
44774
44781
44816
44818
44818
44849
44854
44856
44856
44859
44867
44871
44875
44882
44891
44905
44915
44920
44920
44920
44941
44963
44977
44979
44981
44982
44986
44996
45003
45007
45020
45021
45030
45030
45045
45055
45059
45076
45082
45091
45092
45092
45098
45103
45114
45131
45149
45159
45174
45178
45180
45189
45198
45221
45222
45236
45237
45237
45248
45258
45279
45284
45297
45302
45318
45332
45346
45347
45352
45354
45358
45374
45375
45375
45414
45432
45433
45436
45463
45465
45470
45482
45483
45504
45535
45545
45553
45575
45576
45577
45600
45601
45617
45634
45648
45658
45675
45675
45679
45683
45713
45727
45731
45746
45749
45755
45759
45779
45784
45796
45803
45808
45817
45837
45867
45872
45877
45908
45921
45932
45945
45955
45957
45968
45980
45986
45997
45998
45998
46020
46027
46029
46036
46046
46050
46067
46087
46096
46101
46103
46125
46125
46127
46167
46168
46172
46175
46184
46187
46199
46207
46212
46224
46232
46239
46250
46274
46284
46288
46295
46296
46313
46317
46320
46322
46330
46333
46334
46336
46340
46340
46342
46348
46355
46364
46373
46394
46406
46411
46419
46421
46435
46441
46443
46453
46455
46456
46456
46457
46466
46467
46473
46503
46513
46529
46530
46537
46549
46565
46565
46583
46599
46619
46619
46621
46640
46642
46645
46671
46680
46685
46689
46697
46719
46734
46746
46748
46750
46750
46768
46783
46807
46815
46820
46824
46835
46841
46857
46858
46906
46907
46932
46935
46942
46954
46965
46971
46972
46990
47000
47003
47015
47021
47024
47044
47045
47048
47058
47064
47071
47077
47087
47088
47107
47122
47167
47188
47193
47202
47203
47205
47208
47221
47225
47227
47228
47228
47246
47247
47259
47268
47273
47274
47275
47288
47290
47320
47322
47346
47347
47358
47359
47363
47374
47387
47407
47419
47427
47434
47446
47450
47458
47463
47490
47492
47495
47544
47554
47555
47570
47575
47580
47580
47582
47589
47591
47592
47611
47616
47626
47626
47644
47645
47656
47663
47679
47691
47702
47711
47718
47719
47729
47748
47766
47769
47776
47782
47788
47789
47802
47805
47822
47831
47834
47850
47855
47859
47864
47885
47901
47913
47920
47921
47926
47930
47931
47934
47935
47946
47955
47972
47974
47989
48000
48030
48033
48038
48073
48081
48081
48082
48092
48095
48105
48119
48149
48156
48161
48162
48170
48177
48184
48193
48200
48200
48205
48205
48207
48226
48228
48239
48259
48261
48263
48270
48299
48305
48329
48344
48371
48390
48393
48395
48407
48412
48414
48428
48442
48445
48454
48461
48475
48489
48505
48537
48550
48553
48561
48583
48595
48598
48612
48615
48630
48640
48673
48691
48703
48705
48705
48716
48723
48731
48750
48758
48759
48763
48794
48802
48808
48845
48846
48846
48854
48863
48875
48887
48887
48898
48899
48911
48950
48958
48958
48960
48960
48963
48966
48970
49002
49006
49012
49014
49027
49032
49036
49053
49058
49069
49079
49112
49116
49125
49139
49143
49144
49146
49167
49168
49178
49190
49207
49215
49216
49231
49253
49283
49322
49324
49332
49336
49342
49375
49379
49383
49388
49392
49396
49406
49433
49465
49470
49477
49482
49487
49489
49517
49523
49525
49531
49541
49550
49560
49562
49570
49571
49583
49595
49597
49608
49612
49619
49656
49660
49691
49695
49706
49719
49728
49749
49751
49755
49756
49763
49777
49777
49784
49795
49817
49826
49830
49833
49841
49847
49851
49878
49889
49891
49898
49899
49921
49946
49953
49955
49975
49979
50009
50012
50052
50058
50065
50081
50103
50103
50103
50113
50129
50133
50148
50150
50151
50158
50159
50173
50178
50181
50187
50194
50195
50197
50213
50215
50220
50221
50224
50228
50235
50249
50253
50254
50260
50264
50277
50284
50288
50292
50300
50309
50323
50328
50332
50342
50355
50357
50361
50368
50381
50382
50412
50420
50422
50424
50455
50460
50462
50470
50474
50475
50478
50493
50496
50505
50506
50516
50519
50529
50537
50540
50540
50542
50546
50550
50572
50577
50602
50602
50614
50622
50644
50645
50656
50658
50663
50686
50693
50702
50722
50725
50741
50746
50757
50763
50782
50806
50809
50811
50840
50866
50882
50888
50894
50896
50907
50914
50916
50918
50925
50980
50983
50988
50994
50996
51008
51018
51029
51031
51035
51041
51053
51067
51069
51082
51086
51089
51098
51109
51111
51118
51133
51135
51145
51161
51163
51177
51183
51188
51218
51223
51223
51229
51230
51230
51238
51258
51269
51294
51310
51325
51329
51329
51336
51372
51373
51387
51401
51404
51404
51410
51412
51428
51431
51441
51441
51447
51452
51455
51459
51459
51465
51466
51466
51468
51468
51495
51545
51553
51559
51559
51561
51585
51595
51606
51608
51670
51673
51685
51693
51699
51712
51712
51727
51728
51730
51732
51738
51744
51759
51767
51767
51769
51785
51793
51801
51807
51813
51832
51853
51857
51872
51873
51877
51878
51881
51895
51895
51897
51899
51903
51906
51907
51910
51927
51950
51950
51952
51971
51992
52002
52015
52036
52040
52042
52070
52070
52122
52125
52125
52126
52133
52135
52156
52164
52165
52168
52173
52176
52199
52199
52200
52200
52230
52238
52245
52248
52248
52272
52285
52287
52291
52294
52304
52311
52312
52315
52322
52322
52328
52355
52361
52363
52379
52383
52385
52403
52416
52437
52452
52482
52485
52501
52505
52506
52512
52535
52540
52555
52564
52572
52575
52578
52581
52591
52609
52619
52629
52629
52635
52641
52695
52700
52728
52743
52743
52748
52756
52759
52772
52783
52796
52819
52827
52847
52850
52871
52887
52917
52932
52936
52950
52957
52961
52989
52994
52997
53006
53009
53029
53036
53046
53047
53067
53067
53073
53080
53111
53118
53138
53146
53152
53185
53187
53224
53225
53227
53247
53249
53255
53260
53272
53277
53297
53336
53339
53345
53359
53361
53369
53381
53392
53400
53409
53410
53430
53435
53449
53461
53471
53473
53486
53493
53510
53511
53523
53524
53544
53552
53552
53555
53559
53573
53588
53594
53640
53641
53647
53689
53700
53703
53711
53719
53720
53754
53768
53785
53812
53819
53819
53844
53858
53863
53864
53887
53899
53911
53919
53932
53935
53936
53936
53938
53948
53949
53973
53992
53996
54000
54013
54016
54018
54018
54022
54022
54030
54036
54039
54048
54053
54056
54060
54091
54105
54106
54115
54125
54131
54148
54148
54158
54172
54190
54195
54196
54197
54203
54205
54227
54231
54231
54250
54268
54272
54274
54286
54296
54299
54306
54320
54335
54346
54366
54382
54389
54390
54394
54402
54424
54430
54435
54439
54456
54488
54489
54496
54503
54503
54505
54512
54516
54543
54564
54587
54604
54611
54629
54630
54630
54645
54657
54663
54665
54670
54676
54681
54684
54686
54702
54710
54711
54717
54731
54739
54751
54766
54770
54776
54783
54799
54800
54812
54814
54828
54846
54851
54859
54873
54875
54880
54886
54899
54901
54927
54930
54960
54961
54983
54986
54987
54991
55014
55020
55022
55028
55034
55039
55045
55048
55056
55062
55065
55069
55071
55073
55077
55083
55092
55093
55102
55112
55134
55139
55144
55150
55150
55158
55160
55172
55190
55199
55200
55201
55203
55212
55213
55214
55227
55231
55254
55264
55266
55297
55320
55321
55327
55330
55330
55336
55339
55339
55346
55347
55362
55366
55370
55420
55422
55424
55426
55427
55448
55452
55459
55462
55466
55466
55467
55474
55499
55519
55523
55523
55526
55529
55533
55536
55540
55542
55575
55577
55579
55590
55595
55595
55602
55618
55638
55641
55648
55651
55658
55669
55670
55709
55725
55738
55738
55747
55761
55763
55804
55832
55832
55846
55863
55867
55879
55886
55892
55894
55906
55906
55937
55944
55947
55953
55960
55989
55990
55992
56019
56021
56029
56075
56076
56083
56084
56087
56089
56093
56170
56170
56171
56174
56176
56181
56185
56191
56191
56193
56206
56214
56218
56222
56238
56242
56245
56252
56263
56287
56289
56303
56309
56309
56313
56315
56317
56326
56332
56333
56334
56334
56336
56356
56362
56365
56386
56391
56391
56414
56418
56424
56426
56429
56430
56442
56454
56466
56491
56497
56507
56516
56517
56521
56524
56551
56560
56576
56585
56592
56603
56606
56657
56676
56677
56702
56713
56723
56726
56751
56751
56753
56758
56773
56784
56800
56801
56802
56803
56803
56816
56818
56821
56825
56838
56863
56878
56885
56891
56910
56926
56929
56942
56957
56963
56977
56986
56990
56991
56992
56997
56998
57010
57021
57029
57032
57036
57039
57048
57051
57089
57095
57102
57102
57104
57105
57113
57114
57124
57151
57160
57165
57181
57186
57187
57201
57201
57206
57210
57210
57212
57213
57243
57250
57256
57259
57260
57271
57274
57274
57275
57285
57292
57294
57296
57303
57305
57306
57310
57315
57317
57319
57347
57349
57374
57382
57384
57397
57422
57424
57426
57443
57448
57450
57454
57463
57507
57524
57527
57529
57531
57533
57548
57551
57574
57581
57590
57652
57655
57659
57678
57679
57681
57687
57691
57694
57710
57739
57750
57752
57786
57799
57809
57814
57821
57823
57834
57836
57840
57846
57846
57848
57849
57849
57850
57858
57873
57874
57894
57902
57905
57929
57936
57949
57952
57960
57961
58000
58001
58005
58006
58007
58010
58015
58035
58036
58038
58042
58070
58078
58092
58095
58098
58103
58116
58117
58126
58126
58142
58156
58157
58163
58177
58188
58192
58194
58205
58209
58228
58230
58243
58258
58260
58265
58290
58316
58326
58327
58370
58377
58380
58382
58385
58401
58416
58428
58434
58448
58454
58454
58483
58492
58494
58497
58544
58556
58558
58574
58598
58604
58610
58612
58621
58624
58649
58670
58671
58676
58692
58701
58706
58713
58715
58721
58723
58725
58727
58731
58732
58735
58740
58740
58742
58743
58743
58758
58761
58764
58801
58807
58831
58850
58874
58874
58885
58903
58911
58927
58935
58937
58946
58948
58954
58961
58962
58972
59030
59030
59032
59035
59045
59064
59065
59066
59069
59070
59076
59084
59084
59102
59104
59151
59153
59155
59157
59168
59172
59188
59202
59207
59237
59271
59297
59312
59319
59342
59344
59346
59354
59359
59363
59372
59378
59378
59379
59396
59402
59407
59417
59428
59438
59443
59454
59465
59471
59491
59502
59513
59547
59553
59562
59566
59578
59617
59628
59639
59686
59689
59694
59695
59704
59708
59715
59726
59735
59737
59739
59743
59746
59757
59758
59763
59764
59777
59806
59819
59819
59822
59840
59846
59864
59881
59894
59907
59909
59914
59915
59924
59925
59959
59985
59992
60017
60028
60046
60073
60076
60080
60111
60125
60204
60214
60216
60227
60233
60235
60235
60283
60288
60292
60319
60339
60342
60349
60361
60370
60376
60377
60385
60392
60406
60413
60417
60422
60422
60437
60462
60469
60469
60473
60478
60487
60492
60509
60513
60517
60524
60525
60531
60565
60571
60583
60594
60597
60622
60638
60663
60666
60666
60668
60674
60681
60695
60725
60727
60754
60791
60796
60798
60836
60837
60847
60855
60860
60860
60873
60874
60912
60938
60943
60954
60963
60990
60990
61025
61030
61057
61063
61067
61082
61084
61120
61121
61170
61179
61183
61194
61219
61241
61242
61284
61296
61297
61307
61315
61322
61335
61348
61358
61360
61379
61387
61407
61417
61423
61427
61451
61458
61464
61474
61475
61513
61537
61552
61569
61578
61618
61618
61627
61631
61646
61651
61654
61655
61692
61698
61702
61706
61716
61739
61778
61780
61795
61798
61799
61804
61813
61825
61896
61910
61910
61920
61959
61969
61997
62001
62009
62049
62055
62056
62070
62073
62083
62084
62084
62096
62098
62128
62143
62152
62157
62174
62179
62185
62186
62196
62198
62204
62212
62241
62242
62254
62256
62258
62264
62288
62305
62305
62317
62324
62336
62336
62340
62345
62362
62374
62376
62377
62379
62385
62389
62391
62418
62420
62436
62440
62443
62450
62452
62461
62467
62478
62479
62502
62506
62507
62521
62530
62544
62547
62550
62554
62596
62615
62621
62624
62628
62632
62651
62662
62662
62664
62668
62671
62683
62685
62700
62705
62715
62723
62747
62774
62797
62808
62842
62853
62866
62881
62881
62886
62894
62897
62900
62926
62934
62937
62939
62958
62970
62983
62992
63004
63030
63032
63036
63051
63053
63055
63066
63077
63087
63103
63104
63116
63123
63131
63174
63178
63181
63189
63230
63234
63238
63239
63239
63243
63244
63249
63256
63271
63273
63289
63303
63325
63354
63358
63361
63362
63374
63374
63375
63376
63389
63397
63435
63440
63446
63449
63459
63466
63470
63488
63507
63509
63534
63557
63559
63571
63572
63572
63598
63608
63614
63631
63646
63651
63673
63674
63677
63685
63716
63720
63720
63722
63790
63792
63810
63815
63817
63835
63847
63854
63877
63877
63885
63888
63889
63895
63908
63910
63959
63960
63975
63975
63989
63998
64008
64014
64015
64031
64048
64060
64075
64098
64108
64115
64117
64122
64135
64136
64147
64153
64155
64167
64169
64171
64182
64186
64190
64198
64210
64212
64226
64229
64237
64241
64262
64263
64287
64288
64289
64299
64303
64309
64345
64348
64348
64351
64353
64371
64378
64382
64390
64404
64427
64434
64444
64479
64484
64486
64499
64533
64539
64565
64567
64576
64599
64602
64610
64616
64619
64622
64645
64646
64654
64673
64681
64689
64697
64698
64701
64706
64708
64712
64720
64726
64736
64736
64743
64750
64750
64756
64760
64769
64777
64778
64817
64823
64859
64860
64872
64880
64893
64899
64906
64907
64908
64914
64920
64926
64941
64950
64956
64971
64982
64984
64984
64985
65000
65020
65021
65053
65060
65062
65075
65084
65089
65097
65131
65141
65156
65167
65194
65205
65205
65206
65208
65227
65246
65256
65257
65264
65268
65290
65304
65305
65310
65310
65314
65317
65317
65324
65342
65343
65358
65394
65395
65400
65408
65413
65431
65437
65447
65450
65454
65466
65472
65481
65488
65509
65517
65551
65553
65555
65561
65565
65596
65596
65597
65611
65624
65625
65650
65653
65668
65669
65675
65685
65723
65753
65758
65765
65769
65769
65771
65772
65793
65794
65798
65799
65815
65815
65819
65823
65825
65829
65839
65844
65870
65871
65875
65876
65882
65885
65896
65923
65924
65927
65935
65946
65947
65977
65979
65991
65992
66006
66006
66052
66055
66083
66084
66086
66106
66115
66122
66122
66127
66132
66133
66141
66142
66164
66182
66192
66200
66209
66217
66228
66244
66257
66273
66283
66291
66301
66308
66319
66354
66365
66392
66393
66394
66414
66431
66440
66455
66456
66458
66468
66469
66480
66481
66512
66517
66532
66534
66539
66563
66572
66574
66611
66618
66622
66630
66649
66659
66685
66688
66689
66689
66689
66700
66704
66741
66753
66760
66771
66781
66787
66789
66792
66793
66799
66810
66816
66816
66824
66824
66824
66833
66834
66836
66846
66899
66911
66921
66933
66942
66943
66946
66955
66960
66961
66973
66979
66980
66984
67000
67006
67020
67030
67048
67049
67050
67055
67056
67065
67081
67086
67124
67125
67129
67130
67131
67133
67134
67138
67139
67139
67145
67149
67158
67171
67177
67178
67180
67224
67231
67244
67256
67261
67282
67290
67294
67302
67311
67316
67324
67325
67334
67360
67362
67366
67383
67384
67400
67406
67409
67413
67427
67430
67443
67443
67459
67463
67468
67470
67475
67482
67525
67530
67558
67559
67570
67576
67592
67597
67597
67608
67630
67631
67632
67636
67653
67666
67674
67675
67677
67703
67706
67725
67729
67736
67743
67754
67762
67762
67763
67769
67775
67778
67790
67798
67838
67857
67867
67873
67892
67894
67896
67899
67920
67945
67970
67971
67982
67985
67998
68008
68011
68019
68021
68029
68029
68031
68034
68061
68068
68080
68083
68113
68124
68130
68135
68151
68163
68170
68195
68195
68198
68199
68204
68211
68215
68226
68239
68240
68258
68261
68268
68274
68292
68293
68304
68306
68321
68359
68369
68375
68390
68394
68399
68404
68406
68417
68428
68430
68437
68441
68459
68479
68498
68499
68500
68511
68520
68543
68550
68564
68572
68579
68581
68590
68594
68622
68628
68631
68636
68643
68682
68703
68708
68713
68728
68733
68740
68761
68765
68778
68779
68792
68815
68833
68841
68851
68856
68859
68883
68890
68896
68906
68920
68927
68987
68987
69004
69006
69007
69009
69026
69034
69049
69055
69056
69061
69072
69092
69098
69100
69100
69106
69107
69115
69119
69131
69146
69164
69191
69207
69212
69229
69241
69248
69282
69289
69316
69324
69333
69339
69339
69349
69353
69380
69387
69389
69394
69400
69404
69406
69410
69416
69428
69435
69449
69452
69458
69458
69461
69465
69475
69482
69485
69498
69505
69510
69512
69516
69528
69529
69536
69542
69553
69557
69564
69572
69573
69575
69582
69615
69621
69630
69636
69647
69666
69671
69679
69692
69702
69717
69721
69762
69770
69771
69773
69802
69804
69814
69832
69835
69867
69872
69875
69877
69911
69927
69957
69966
69971
69977
69982
70006
70007
70051
70055
70057
70080
70101
70104
70104
70128
70132
70159
70162
70172
70195
70202
70206
70217
70223
70226
70276
70297
70315
70329
70338
70350
70353
70358
70388
70411
70412
70416
70433
70443
70445
70449
70468
70473
70485
70489
70507
70508
70525
70533
70546
70550
70553
70565
70569
70596
70599
70609
70612
70618
70619
70631
70631
70636
70652
70658
70663
70677
70691
70691
70742
70757
70783
70800
70817
70819
70830
70830
70849
70852
70856
70857
70859
70860
70863
70890
70893
70895
70898
70923
70931
70936
70957
70996
71005
71031
71051
71053
71054
71074
71086
71092
71102
71117
71135
71161
71163
71165
71175
71182
71183
71202
71229
71233
71237
71239
71242
71273
71273
71289
71294
71308
71317
71334
71335
71347
71347
71356
71358
71366
71367
71375
71376
71390
71411
71414
71416
71417
71420
71430
71446
71453
71464
71476
71476
71477
71490
71493
71495
71501
71502
71521
71537
71537
71551
71554
71559
71577
71580
71587
71590
71594
71595
71597
71618
71634
71636
71675
71694
71701
71708
71714
71724
71742
71752
71757
71777
71778
71798
71802
71804
71819
71822
71822
71827
71829
71843
71847
71848
71849
71850
71875
71881
71895
71901
71912
71917
71918
71925
71941
71951
71956
71990
72001
72001
72006
72008
72022
72024
72034
72038
72048
72067
72072
72091
72094
72096
72099
72109
72109
72113
72123
72143
72144
72147
72165
72168
72170
72179
72179
72190
72194
72199
72200
72203
72232
72246
72262
72283
72286
72298
72301
72305
72310
72332
72354
72357
72405
72410
72425
72437
72446
72450
72524
72529
72535
72546
72548
72561
72568
72571
72583
72602
72626
72634
72641
72650
72658
72661
72685
72692
72699
72701
72706
72712
72724
72748
72752
72755
72773
72785
72790
72791
72791
72794
72809
72840
72862
72873
72879
72929
72932
72935
72948
72951
72962
72962
72973
72974
72977
72977
72979
72988
72998
73026
73029
73030
73042
73045
73049
73056
73062
73073
73100
73110
73118
73125
73126
73160
73166
73181
73191
73206
73209
73214
73223
73234
73245
73253
73254
73263
73266
73281
73291
73299
73301
73308
73314
73315
73331
73335
73347
73349
73352
73357
73358
73359
73384
73427
73436
73448
73449
73478
73482
73505
73507
73528
73528
73535
73564
73565
73583
73598
73602
73618
73621
73623
73652
73654
73661
73666
73671
73681
73698
73722
73724
73728
73733
73739
73750
73757
73760
73768
73774
73775
73787
73788
73797
73813
73830
73833
73835
73838
73839
73846
73855
73872
73917
73923
73937
73942
73960
73963
73970
73985
74005
74007
74013
74014
74031
74039
74045
74053
74070
74104
74113
74126
74129
74135
74139
74151
74153
74158
74183
74191
74195
74219
74219
74235
74236
74240
74252
74253
74261
74269
74292
74296
74302
74308
74310
74312
74322
74322
74330
74333
74333
74339
74340
74357
74359
74365
74385
74386
74388
74390
74400
74409
74427
74430
74440
74441
74446
74448
74449
74454
74461
74476
74495
74511
74514
74518
74538
74550
74568
74582
74584
74594
74604
74606
74614
74626
74650
74653
74660
74661
74672
74679
74679
74687
74692
74693
74709
74717
74732
74743
74757
74768
74772
74790
74797
74799
74809
74813
74816
74818
74821
74827
74828
74834
74843
74852
74852
74884
74886
74887
74891
74894
74900
74908
74939
74940
74970
74975
74991
75018
75024
75031
75036
75042
75048
75054
75073
75083
75084
75086
75098
75134
75135
75156
75162
75162
75172
75178
75181
75193
75205
75215
75228
75229
75239
75249
75255
75262
75314
75315
75321
75329
75330
75340
75344
75344
75360
75363
75366
75367
75373
75376
75385
75400
75413
75417
75432
75468
75469
75475
75477
75486
75520
75528
75537
75542
75546
75555
75565
75567
75590
75609
75611
75619
75619
75621
75628
75644
75646
75721
75728
75736
75738
75757
75758
75786
75795
75802
75804
75812
75822
75828
75835
75836
75857
75879
75881
75890
75893
75913
75915
75917
75920
75922
75941
75941
75957
75959
75972
75975
75975
75981
75981
75995
76000
76004
76026
76037
76038
76040
76057
76069
76088
76094
76109
76118
76118
76134
76145
76147
76154
76162
76180
76186
76193
76198
76199
76200
76202
76208
76215
76225
76244
76252
76267
76269
76274
76278
76281
76286
76291
76300
76312
76316
76325
76326
76327
76339
76347
76387
76415
76417
76418
76437
76457
76461
76477
76487
76511
76512
76515
76523
76528
76550
76553
76555
76555
76564
76581
76584
76587
76590
76605
76616
76632
76632
76635
76638
76648
76697
76699
76706
76713
76714
76714
76733
76739
76752
76766
76770
76771
76784
76785
76794
76811
76814
76827
76829
76829
76832
76838
76842
76844
76847
76870
76875
76875
76882
76897
76902
76911
76911
76913
76925
76925
76949
76960
76991
76996
77004
77007
77034
77037
77056
77081
77097
77101
77122
77122
77130
77137
77147
77174
77188
77204
77215
77216
77219
77222
77236
77238
77239
77242
77253
77262
77272
77274
77340
77344
77378
77383
77403
77408
77414
77423
77426
77427
77432
77440
77481
77486
77500
77505
77534
77545
77574
77580
77589
77603
77603
77626
77629
77638
77642
77668
77673
77680
77682
77693
77694
77701
77710
77718
77724
77729
77731
77741
77746
77758
77761
77766
77776
77778
77784
77784
77791
77814
77824
77834
77848
77849
77851
77871
77891
77893
77895
77904
77915
77935
77936
77936
77946
77946
77961
77985
77992
78001
78012
78026
78035
78051
78052
78057
78057
78082
78094
78108
78128
78156
78157
78160
78167
78176
78178
78181
78190
78195
78201
78236
78239
78246
78247
78266
78276
78289
78300
78337
78343
78362
78369
78379
78421
78427
78427
78429
78432
78436
78444
78446
78447
78451
78468
78470
78479
78488
78503
78505
78505
78507
78509
78524
78530
78534
78536
78550
78561
78565
78565
78566
78579
78586
78597
78597
78600
78606
78615
78630
78656
78662
78669
78688
78707
78724
78726
78731
78731
78733
78737
78746
78753
78766
78777
78793
78805
78812
78824
78827
78834
78845
78861
78865
78871
78873
78892
78935
78945
78950
78953
78957
78963
78973
78987
78999
79027
79033
79037
79047
79070
79072
79073
79082
79096
79109
79117
79129
79133
79133
79152
79156
79178
79185
79189
79199
79224
79238
79250
79260
79262
79271
79276
79278
79280
79287
79293
79293
79295
79309
79320
79341
79351
79355
79391
79396
79423
79424
79454
79463
79470
79471
79480
79496
79502
79505
79539
79548
79549
79552
79556
79561
79576
79577
79584
79601
79607
79610
79614
79618
79626
79655
79656
79666
79667
79672
79674
79698
79722
79742
79743
79796
79809
79812
79814
79846
79856
79858
79858
79866
79879
79882
79897
79912
79913
79944
79955
79961
79966
79983
79984
79985
79988
79990
80013
80022
80024
80037
80076
80089
80092
80111
80113
80117
80127
80140
80142
80148
80159
80181
80181
80187
80192
80234
80235
80241
80243
80251
80255
80294
80297
80301
80307
80307
80309
80309
80319
80327
80340
80351
80355
80358
80371
80389
80422
80426
80429
80436
80443
80449
80450
80455
80462
80479
80482
80483
80485
80503
80506
80518
80519
80527
80558
80567
80580
80595
80598
80600
80614
80632
80640
80642
80655
80656
80660
80661
80672
80688
80690
80696
80697
80699
80714
80714
80726
80732
80738
80772
80780
80787
80796
80801
80808
80809
80831
80833
80836
80858
80882
80925
80933
80952
80962
80978
80991
80993
81001
81011
81025
81029
81041
81042
81044
81057
81067
81078
81078
81085
81091
81100
81127
81147
81166
81188
81191
81205
81214
81247
81249
81279
81283
81293
81302
81314
81325
81333
81347
81358
81363
81364
81380
81394
81405
81475
81488
81492
81521
81526
81552
81558
81576
81595
81613
81617
81621
81625
81634
81643
81645
81651
81665
81669
81673
81679
81680
81692
81692
81698
81705
81723
81734
81735
81741
81747
81767
81769
81776
81792
81823
81829
81841
81848
81855
81868
81883
81899
81909
81946
81950
81967
81970
81974
81985
81986
81994
81998
82005
82033
82039
82047
82058
82080
82089
82092
82096
82123
82126
82128
82130
82132
82138
82140
82152
82155
82157
82159
82163
82168
82174
82182
82184
82200
82205
82207
82211
82233
82237
82257
82264
82267
82271
82280
82286
82324
82325
82365
82365
82384
82392
82404
82406
82409
82413
82416
82430
82431
82438
82448
82459
82464
82466
82505
82509
82536
82566
82569
82593
82611
82620
82626
82627
82656
82660
82678
82686
82689
82704
82712
82728
82738
82768
82771
82779
82802
82811
82812
82820
82828
82842
82846
82855
82874
82877
82889
82889
82891
82922
82931
82960
82961
82961
82978
82978
82990
82990
83012
83013
83028
83045
83064
83064
83067
83105
83120
83127
83144
83151
83156
83159
83162
83166
83167
83192
83197
83199
83201
83204
83222
83222
83223
83226
83239
83246
83258
83261
83277
83283
83295
83303
83308
83326
83340
83344
83353
83359
83360
83364
83372
83376
83379
83386
83401
83401
83409
83409
83422
83423
83426
83436
83438
83442
83447
83448
83448
83464
83465
83481
83481
83486
83495
83498
83509
83517
83528
83543
83557
83558
83588
83592
83600
83604
83605
83624
83628
83630
83634
83637
83660
83660
83663
83663
83666
83666
83697
83703
83707
83709
83733
83783
83790
83801
83823
83825
83826
83831
83839
83853
83868
83873
83879
83881
83891
83891
83894
83895
83906
83949
83952
83953
83954
83959
83961
83962
83963
83964
83985
83985
83996
84000
84001
84006
84008
84029
84038
84040
84089
84109
84116
84121
84124
84126
84129
84134
84137
84172
84178
84207
84214
84229
84235
84235
84252
84257
84263
84267
84302
84304
84305
84311
84331
84342
84352
84366
84379
84413
84416
84424
84442
84447
84449
84462
84478
84479
84482
84484
84484
84485
84487
84488
84491
84499
84526
84538
84540
84552
84567
84591
84599
84604
84618
84622
84628
84634
84638
84639
84640
84644
84646
84663
84664
84671
84672
84678
84690
84696
84699
84706
84710
84715
84721
84727
84744
84750
84765
84774
84788
84788
84801
84839
84865
84886
84893
84896
84904
84931
84933
84939
84941
84944
84961
84962
84982
84983
84985
84986
84990
85008
85043
85055
85080
85090
85093
85099
85108
85126
85134
85145
85147
85161
85168
85187
85190
85192
85211
85219
85237
85243
85262
85279
85295
85302
85313
85314
85388
85393
85398
85417
85426
85436
85469
85481
85481
85482
85487
85489
85511
85551
85567
85572
85575
85577
85582
85585
85586
85587
85588
85600
85605
85610
85611
85618
85619
85636
85638
85640
85642
85650
85650
85653
85658
85660
85669
85671
85671
85678
85682
85694
85731
85748
85758
85762
85769
85801
85803
85805
85813
85824
85831
85839
85844
85854
85857
85861
85880
85881
85892
85917
85936
85959
85975
85975
86005
86015
86019
86060
86087
86094
86101
86120
86122
86127
86144
86150
86156
86173
86196
86226
86254
86257
86260
86272
86289
86301
86316
86336
86341
86344
86344
86392
86396
86405
86411
86424
86425
86430
86434
86440
86449
86450
86451
86453
86455
86467
86480
86480
86483
86485
86487
86489
86502
86507
86508
86539
86550
86552
86553
86558
86562
86580
86587
86591
86595
86611
86623
86634
86636
86643
86665
86675
86677
86681
86684
86700
86701
86725
86737
86749
86759
86784
86819
86822
86829
86840
86840
86848
86853
86854
86870
86889
86891
86895
86897
86903
86908
86922
86966
86971
86974
86982
86987
86997
86998
86998
87006
87035
87037
87039
87043
87058
87068
87079
87096
87097
87115
87127
87135
87148
87151
87164
87164
87167
87168
87173
87193
87198
87198
87209
87240
87251
87261
87272
87272
87272
87276
87280
87303
87305
87306
87308
87316
87331
87336
87338
87353
87353
87355
87361
87367
87386
87390
87390
87399
87405
87431
87433
87474
87474
87476
87494
87497
87507
87520
87522
87548
87562
87579
87589
87604
87616
87618
87623
87631
87651
87663
87668
87671
87674
87686
87696
87696
87706
87709
87713
87726
87727
87730
87733
87737
87738
87762
87765
87783
87791
87792
87802
87807
87811
87821
87825
87846
87847
87848
87853
87863
87863
87868
87868
87871
87904
87920
87925
87929
87932
87958
87987
87988
88005
88024
88025
88028
88041
88046
88048
88051
88060
88062
88068
88087
88089
88091
88092
88100
88105
88106
88108
88124
88144
88144
88147
88148
88164
88186
88197
88197
88215
88220
88223
88223
88229
88231
88234
88246
88276
88285
88285
88287
88291
88292
88323
88340
88353
88357
88357
88357
88381
88401
88403
88410
88413
88416
88432
88438
88511
88528
88532
88543
88548
88550
88595
88598
88606
88642
88662
88690
88699
88700
88713
88715
88718
88726
88741
88747
88763
88776
88778
88781
88791
88806
88820
88822
88825
88830
88839
88859
88869
88873
88956
88960
88965
88972
88983
88984
88989
88995
88999
89008
89018
89022
89041
89044
89046
89050
89057
89062
89075
89087
89094
89095
89107
89109
89118
89134
89154
89175
89203
89203
89218
89225
89230
89240
89247
89253
89257
89315
89317
89319
89323
89325
89326
89327
89338
89343
89373
89380
89389
89393
89410
89419
89420
89427
89427
89446
89450
89451
89452
89459
89462
89462
89465
89466
89470
89495
89499
89519
89577
89600
89609
89624
89625
89630
89632
89644
89676
89701
89703
89705
89706
89714
89736
89758
89763
89773
89776
89802
89807
89828
89836
89838
89847
89860
89860
89900
89901
89908
89910
89931
89934
89937
89939
89951
89954
89957
89959
89959
89985
90015
90024
90028
90056
90061
90073
90073
90095
90104
90110
90118
90118
90150
90162
90187
90198
90210
90228
90239
90253
90266
90269
90276
90279
90290
90308
90333
90374
90375
90387
90388
90393
90402
90439
90455
90468
90468
90488
90515
90524
90532
90535
90560
90609
90643
90646
90657
90664
90675
90680
90705
90716
90721
90721
90735
90764
90768
90771
90783
90784
90794
90854
90855
90864
90868
90874
90888
90915
90924
90924
90928
90937
90959
90971
90991
91004
91037
91050
91065
91081
91101
91113
91128
91138
91147
91150
91166
91174
91197
91205
91213
91243
91246
91249
91251
91259
91260
91272
91280
91287
91308
91312
91316
91374
91380
91386
91403
91409
91411
91411
91413
91416
91421
91447
91473
91488
91489
91497
91500
91515
91519
91520
91521
91521
91523
91554
91565
91572
91578
91587
91597
91600
91601
91609
91611
91622
91627
91636
91641
91650
91655
91667
91678
91708
91716
91733
91739
91750
91766
91767
91812
91822
91829
91831
91840
91849
91857
91874
91884
91912
91920
91945
91957
91962
91963
91968
91978
91984
91995
91996
92016
92052
92062
92065
92079
92095
92115
92122
92126
92128
92131
92175
92187
92206
92219
92228
92230
92232
92234
92246
92257
92260
92269
92279
92303
92325
92326
92347
92350
92350
92351
92359
92360
92372
92373
92386
92388
92395
92404
92457
92470
92485
92489
92527
92533
92534
92539
92555
92561
92594
92594
92607
92613
92621
92627
92629
92636
92648
92658
92666
92667
92669
92675
92677
92686
92702
92719
92763
92774
92814
92815
92820
92821
92823
92825
92826
92827
92828
92834
92871
92873
92881
92896
92921
92924
92925
92936
92940
92945
92973
92994
92998
93002
93006
93012
93019
93037
93038
93055
93055
93058
93066
93080
93093
93102
93106
93129
93129
93132
93141
93173
93181
93183
93184
93187
93236
93253
93254
93278
93282
93283
93294
93319
93327
93361
93386
93401
93401
93431
93441
93443
93462
93479
93489
93492
93501
93508
93513
93514
93540
93546
93577
93582
93584
93588
93593
93608
93626
93635
93649
93651
93664
93665
93674
93676
93683
93688
93697
93700
93704
93708
93710
93726
93728
93730
93734
93746
93760
93783
93809
93813
93828
93829
93850
93856
93859
93864
93871
93884
93908
93919
93949
93952
93952
93956
93963
93963
93964
93974
93982
93991
94002
94006
94007
94016
94062
94065
94074
94095
94097
94109
94125
94134
94136
94136
94150
94150
94157
94162
94173
94174
94182
94190
94199
94210
94221
94232
94270
94275
94283
94329
94334
94339
94351
94352
94371
94371
94373
94386
94389
94393
94404
94405
94425
94432
94441
94442
94443
94459
94459
94478
94492
94497
94513
94544
94565
94574
94586
94612
94624
94636
94638
94652
94670
94674
94681
94683
94703
94704
94717
94719
94719
94721
94730
94737
94739
94742
94743
94745
94759
94789
94810
94835
94857
94869
94873
94874
94882
94883
94884
94885
94893
94896
94897
94905
94919
94921
94934
94936
94945
94951
94953
94971
94973
94976
94977
94985
94998
94998
95003
95044
95049
95057
95067
95074
95083
95084
95109
95119
95132
95142
95159
95162
95194
95199
95202
95209
95217
95217
95232
95259
95270
95274
95280
95282
95309
95334
95334
95338
95382
95384
95397
95398
95404
95428
95436
95438
95439
95440
95442
95449
95449
95449
95454
95488
95496
95500
95502
95518
95523
95529
95562
95571
95571
95588
95591
95608
95613
95623
95623
95631
95637
95658
95661
95663
95679
95680
95681
95686
95695
95706
95741
95745
95750
95752
95765
95767
95775
95777
95789
95797
95797
95815
95828
95842
95862
95864
95868
95884
95918
95924
95935
95941
95948
95961
95970
95971
95979
95986
96027
96034
96036
96054
96060
96106
96124
96138
96154
96164
96165
96169
96173
96187
96201
96215
96225
96225
96229
96232
96235
96240
96247
96256
96267
96270
96294
96305
96309
96317
96325
96326
96330
96339
96355
96358
96382
96383
96399
96403
96409
96424
96438
96446
96469
96471
96471
96483
96503
96503
96507
96528
96540
96542
96546
96552
96563
96571
96603
96624
96676
96677
96683
96710
96713
96715
96728
96762
96824
96827
96834
96846
96848
96859
96864
96874
96909
96910
96920
96935
96948
96959
96965
96971
96977
96987
96989
97002
97020
97035
97045
97059
97063
97089
97093
97115
97119
97132
97136
97137
97167
97177
97179
97200
97219
97220
97226
97243
97245
97254
97255
97256
97259
97275
97285
97312
97314
97320
97322
97330
97331
97334
97340
97345
97350
97384
97391
97399
97412
97465
97467
97472
97483
97495
97503
97508
97509
97515
97532
97547
97570
97589
97593
97599
97611
97617
97619
97623
97624
97633
97646
97647
97673
97689
97714
97717
97744
97750
97751
97779
97795
97802
97871
97873
97888
97896
97929
97932
97950
97950
97961
97962
97967
97973
97974
98033
98068
98075
98081
98134
98137
98159
98159
98177
98189
98194
98206
98212
98214
98229
98232
98233
98236
98239
98247
98270
98294
98299
98360
98368
98404
98414
98425
98449
98450
98462
98470
98475
98477
98510
98535
98535
98537
98538
98569
98572
98578
98591
98591
98602
98636
98639
98653
98671
98707
98717
98737
98744
98752
98802
98804
98806
98807
98811
98818
98824
98825
98835
98868
98910
98928
98935
98946
98947
98962
99040
99049
99053
99056
99061
99077
99094
99135
99163
99172
99179
99198
99201
99205
99206
99229
99229
99239
99273
99275
99303
99320
99339
99356
99365
99378
99379
99404
99408
99435
99455
99456
99460
99480
99495
99506
99521
99532
99536
99539
99544
99554
99567
99592
99596
99600
99616
99636
99652
99653
99676
99676
99694
99696
99696
99708
99726
99735
99740
99745
99745
99756
99772
99779
99789
99790
99813
99821
99858
99872
99880
99883
99898
99910
99924
99924
99983
