18
28
33
36
44
50
54
62
69
73
89
91
95
96
98
111
114
117
120
124
128
142
143
146
153
164
166
181
186
189
194
198
218
239
250
251
259
279
279
290
297
327
328
329
332
357
357
368
383
387
396
423
445
447
455
468
500
502
504
509
516
539
554
560
572
594
595
600
601
621
622
635
648
656
658
671
673
677
702
707
707
710
744
763
779
802
808
832
838
854
858
876
878
883
887
906
950
958
972
976
979
992
1037
1058
1061
1065
1065
1068
1081
1090
1095
1097
1121
1122
1124
1150
1165
1169
1171
1183
1185
1192
1195
1197
1209
1218
1224
1225
1226
1264
1269
1270
1300
1309
1309
1316
1329
1354
1356
1374
1378
1379
1384
1406
1474
1481
1485
1507
1508
1539
1548
1566
1574
1588
1589
1598
1610
1630
1643
1653
1655
1666
1676
1677
1691
1691
1701
1704
1706
1726
1735
1735
1737
1755
1756
1792
1794
1797
1799
1800
1807
1810
1812
1826
1826
1830
1848
1857
1872
1874
1891
1897
1901
1926
1933
1934
1946
1959
1980
1981
1983
1994
2012
2020
2022
2026
2037
2059
2060
2081
2102
2109
2118
2122
2124
2131
2148
2165
2170
2177
2179
2183
2185
2185
2190
2199
2207
2207
2228
2228
2233
2266
2274
2280
2291
2291
2294
2298
2312
2314
2316
2342
2342
2375
2381
2384
2384
2400
2412
2415
2423
2427
2431
2431
2441
2448
2451
2462
2500
2514
2526
2534
2535
2550
2552
2569
2572
2604
2605
2625
2633
2636
2649
2650
2655
2667
2680
2694
2710
2735
2744
2755
2756
2764
2769
2784
2784
2796
2798
2798
2834
2844
2856
2873
2883
2887
2897
2911
2913
2923
2935
2942
2949
2965
2965
2969
3000
3015
3016
3019
3028
3038
3053
3062
3071
3074
3100
3119
3120
3147
3154
3174
3176
3192
3194
3198
3203
3205
3253
3255
3264
3264
3266
3281
3285
3296
3299
3302
3303
3306
3312
3315
3316
3332
3336
3384
3405
3410
3430
3440
3444
3448
3456
3465
3466
3472
3480
3496
3532
3533
3549
3556
3569
3582
3593
3602
3615
3630
3632
3635
3639
3643
3660
3684
3741
3764
3766
3771
3788
3792
3795
3800
3807
3833
3856
3872
3877
3886
3896
3912
3920
3930
3935
3942
3947
3953
3954
3984
3988
3996
4035
4046
4057
4059
4060
4095
4130
4132
4151
4160
4167
4182
4197
4202
4207
4224
4229
4232
4241
4242
4249
4267
4275
4275
4282
4291
4299
4300
4307
4307
4307
4335
4361
4365
4367
4368
4370
4381
4410
4471
4479
4483
4489
4495
4500
4502
4506
4510
4510
4536
4548
4555
4558
4570
4574
4580
4592
4593
4599
4602
4623
4648
4648
4655
4659
4683
4688
4688
4704
4709
4721
4727
4746
4748
4751
4775
4799
4833
4845
4854
4858
4868
4873
4897
4916
4917
4965
4973
4982
4992
4994
5019
5036
5055
5080
5091
5091
5097
5097
5102
5110
5167
5169
5173
5173
5182
5186
5193
5221
5234
5246
5258
5259
5288
5300
5317
5328
5335
5336
5340
5342
5342
5375
5387
5406
5406
5412
5421
5442
5457
5470
5473
5475
5487
5499
5501
5521
5526
5530
5530
5544
5557
5565
5570
5573
5574
5582
5586
5599
5600
5617
5619
5633
5645
5655
5660
5664
5711
5744
5758
5759
5777
5783
5787
5805
5806
5807
5809
5813
5817
5819
5821
5829
5832
5838
5843
5873
5874
5882
5885
5897
5902
5906
5921
5932
5953
5958
5972
5987
6008
6026
6033
6038
6050
6054
6060
6068
6075
6076
6081
6090
6097
6101
6112
6147
6162
6172
6181
6193
6200
6217
6223
6224
6227
6229
6246
6249
6254
6256
6267
6280
6294
6314
6318
6325
6337
6349
6365
6379
6406
6428
6440
6452
6467
6472
6492
6500
6500
6507
6516
6542
6555
6559
6569
6582
6583
6599
6601
6603
6616
6616
6629
6636
6636
6636
6643
6645
6654
6657
6657
6659
6672
6685
6715
6717
6721
6742
6757
6759
6767
6778
6789
6811
6827
6838
6841
6851
6875
6876
6891
6892
6896
6902
6912
6942
6951
6959
6962
6967
6973
6988
6989
6999
7016
7033
7036
7046
7051
7060
7075
7100
7101
7109
7124
7124
7131
7173
7175
7198
7203
7219
7268
7293
7301
7380
7381
7410
7410
7417
7458
7458
7463
7464
7464
7480
7502
7502
7510
7529
7529
7533
7559
7601
7609
7612
7632
7639
7664
7678
7682
7691
7695
7695
7707
7726
7728
7728
7803
7804
7816
7816
7822
7862
7880
7891
7895
7902
7906
7928
7943
7946
7950
7956
7961
7987
7995
8015
8017
8018
8024
8027
8033
8037
8043
8056
8076
8096
8113
8125
8148
8152
8166
8170
8176
8180
8194
8222
8226
8258
8260
8261
8271
8289
8291
8291
8293
8295
8303
8313
8336
8338
8350
8351
8352
8355
8402
8428
8433
8437
8439
8447
8470
8479
8483
8497
8500
8502
8510
8514
8515
8522
8535
8543
8568
8608
8609
8611
8613
8617
8617
8619
8624
8626
8627
8630
8632
8636
8643
8646
8684
8691
8729
8745
8764
8807
8817
8827
8841
8844
8851
8858
8862
8887
8895
8903
8921
8931
8937
8940
8943
8957
8958
8983
8989
8993
9002
9008
9016
9018
9033
9036
9037
9043
9048
9048
9049
9054
9083
9088
9106
9109
9143
9156
9158
9159
9185
9216
9236
9241
9251
9252
9266
9275
9277
9282
9285
9287
9299
9304
9334
9350
9356
9402
9405
9430
9435
9453
9461
9470
9474
9475
9491
9493
9515
9521
9531
9534
9552
9561
9564
9572
9589
9590
9591
9613
9628
9631
9645
9649
9649
9661
9667
9679
9697
9706
9711
9721
9724
9725
9725
9738
9740
9750
9754
9757
9758
9776
9779
9801
9801
9815
9833
9834
9839
9844
9846
9861
9862
9862
9868
9899
9919
9932
9946
9948
9952
9953
9954
9962
9969
9973
9975
9988
9993
10008
10032
10052
10095
10097
10100
10100
10105
10107
10127
10137
10146
10147
10171
10215
10221
10238
10257
10263
10263
10264
10272
10298
10320
10324
10349
10352
10354
10358
10371
10384
10392
10392
10415
10437
10449
10454
10456
10457
10468
10475
10480
10480
10512
10550
10551
10556
10556
10570
10585
10588
10591
10609
10621
10625
10629
10638
10642
10651
10652
10663
10672
10678
10693
10700
10722
10725
10726
10741
10747
10748
10779
10786
10787
10790
10793
10797
10815
10821
10834
10837
10877
10886
10896
10905
10907
10911
10925
10927
10937
10948
10950
10951
10974
11000
11009
11023
11062
11064
11065
11077
11105
11126
11137
11154
11158
11163
11172
11176
11206
11210
11223
11232
11239
11253
11266
11267
11279
11282
11296
11326
11341
11344
11345
11350
11361
11371
11372
11389
11392
11395
11406
11415
11435
11441
11445
11456
11465
11472
11476
11492
11504
11516
11518
11533
11548
11578
11591
11598
11602
11617
11623
11625
11634
11653
11657
11668
11685
11698
11703
11719
11734
11748
11752
11777
11801
11821
11840
11849
11851
11860
11894
11906
11909
11911
11911
11915
11918
11927
11934
11935
11940
11942
11980
11992
12061
12066
12070
12098
12099
12114
12134
12155
12159
12165
12183
12187
12208
12209
12212
12222
12223
12248
12261
12263
12275
12277
12281
12286
12288
12296
12314
12314
12318
12321
12343
12354
12358
12371
12391
12392
12408
12415
12419
12442
12452
12453
12454
12460
12477
12497
12502
12518
12521
12526
12554
12573
12575
12583
12593
12596
12612
12619
12653
12661
12668
12668
12688
12690
12702
12707
12711
12711
12726
12748
12758
12783
12799
12806
12817
12821
12832
12846
12848
12868
12885
12885
12889
12901
12904
12908
12914
12926
12929
12942
12943
12959
12963
12977
13033
13037
13067
13073
13077
13079
13084
13090
13093
13096
13104
13105
13114
13124
13128
13131
13143
13165
13173
13173
13175
13221
13237
13258
13264
13265
13265
13277
13277
13288
13295
13297
13315
13316
13331
13338
13345
13345
13353
13356
13357
13362
13373
13406
13424
13432
13436
13441
13463
13477
13479
13514
13534
13542
13559
13581
13593
13599
13604
13607
13633
13640
13641
13648
13674
13677
13687
13689
13691
13692
13692
13722
13725
13739
13751
13753
13774
13777
13815
13829
13832
13837
13864
13865
13879
13884
13903
13920
13932
13933
13937
13966
13973
13983
13988
14011
14014
14025
14032
14052
14071
14074
14079
14094
14116
14118
14125
14134
14147
14155
14155
14159
14166
14167
14186
14188
14189
14191
14217
14247
14271
14295
14298
14304
14339
14341
14349
14381
14415
14426
14428
14434
14443
14448
14481
14485
14500
14520
14521
14522
14583
14588
14590
14592
14607
14627
14630
14650
14672
14675
14689
14700
14708
14721
14740
14756
14768
14774
14777
14790
14799
14803
14827
14847
14849
14865
14868
14879
14883
14885
14910
14912
14920
14921
14925
14925
14936
14971
14972
14977
14982
14983
15018
15028
15045
15052
15092
15096
15097
15103
15105
15109
15125
15153
15172
15174
15176
15182
15182
15185
15189
15213
15217
15222
15223
15227
15238
15242
15246
15248
15250
15256
15263
15266
15276
15281
15283
15301
15304
15332
15333
15334
15366
15416
15430
15430
15448
15450
15461
15465
15468
15473
15482
15486
15498
15508
15536
15538
15543
15551
15553
15554
15557
15580
15583
15606
15607
15611
15634
15652
15666
15670
15678
15685
15689
15707
15709
15713
15714
15722
15725
15729
15748
15766
15795
15834
15838
15841
15850
15854
15866
15877
15881
15885
15886
15903
15913
15915
15923
15927
15932
15932
15955
15958
15962
15978
15980
15981
15982
15985
15994
16032
16038
16045
16050
16050
16061
16064
16072
16074
16076
16096
16102
16107
16107
16113
16126
16141
16149
16173
16199
16216
16222
16228
16236
16259
16261
16275
16289
16292
16297
16328
16342
16352
16353
16358
16364
16383
16397
16406
16410
16416
16428
16431
16441
16465
16469
16470
16474
16476
16485
16494
16497
16505
16515
16515
16522
16527
16533
16537
16551
16570
16575
16577
16591
16601
16621
16622
16622
16639
16647
16656
16665
16670
16673
16675
16680
16689
16692
16695
16698
16707
16716
16732
16737
16748
16754
16764
16779
16784
16807
16813
16818
16824
16833
16834
16852
16852
16852
16871
16882
16896
16902
16929
16930
16933
16938
16960
16980
16984
16988
16996
16997
17015
17022
17027
17038
17045
17047
17051
17059
17063
17079
17079
17083
17095
17122
17128
17137
17146
17151
17186
17189
17198
17200
17204
17218
17224
17238
17269
17270
17274
17289
17318
17322
17326
17327
17330
17335
17335
17339
17347
17354
17377
17385
17389
17391
17401
17412
17426
17433
17434
17463
17464
17465
17466
17467
17473
17485
17496
17504
17514
17525
17528
17546
17559
17559
17567
17583
17588
17589
17590
17599
17599
17620
17621
17624
17625
17628
17632
17632
17668
17682
17682
17691
17723
17724
17730
17736
17739
17741
17749
17750
17775
17782
17787
17791
17791
17801
17812
17817
17826
17842
17845
17863
17863
17887
17889
17891
17908
17912
17916
17919
17920
17928
17934
17961
17964
17970
17977
17981
17989
17995
18007
18014
18016
18021
18034
18066
18077
18081
18090
18106
18111
18113
18136
18147
18183
18197
18204
18218
18222
18224
18228
18232
18243
18246
18248
18264
18268
18275
18298
18316
18324
18350
18355
18373
18374
18398
18419
18426
18431
18438
18449
18452
18492
18514
18522
18526
18556
18558
18576
18592
18593
18601
18616
18618
18627
18643
18646
18652
18654
18656
18681
18682
18702
18710
18728
18736
18741
18754
18755
18756
18780
18787
18800
18813
18829
18837
18843
18845
18846
18873
18874
18893
18896
18906
18923
18936
18941
18950
18962
18963
18966
18975
18980
18986
18987
18988
19001
19004
19027
19036
19043
19043
19048
19052
19066
19070
19071
19091
19095
19096
19111
19128
19144
19150
19161
19165
19167
19203
19220
19220
19234
19236
19252
19253
19274
19282
19293
19298
19303
19316
19330
19376
19391
19391
19396
19401
19411
19413
19428
19439
19446
19451
19462
19464
19465
19466
19472
19483
19484
19504
19509
19527
19527
19535
19541
19545
19549
19556
19562
19562
19572
19601
19603
19609
19610
19619
19619
19623
19629
19640
19647
19651
19652
19671
19680
19685
19693
19737
19738
19748
19768
19777
19778
19781
19798
19813
19818
19818
19825
19826
19850
19863
19868
19877
19907
19920
19923
19924
19930
19934
19939
19945
19946
19949
19964
19971
19976
19996
20045
20052
20066
20072
20092
20126
20130
20139
20154
20156
20183
20198
20203
20225
20229
20239
20243
20268
20268
20270
20272
20289
20295
20296
20297
20307
20320
20321
20339
20346
20354
20363
20384
20392
20410
20414
20423
20441
20449
20456
20457
20477
20493
20496
20500
20502
20507
20509
20519
20525
20543
20547
20560
20561
20579
20589
20590
20607
20620
20644
20648
20648
20648
20668
20669
20673
20677
20678
20681
20681
20681
20687
20695
20701
20712
20716
20718
20733
20737
20738
20745
20756
20763
20776
20780
20782
20788
20792
20798
20813
20830
20831
20842
20882
20886
20886
20889
20892
20893
20899
20938
20941
20945
20966
20982
20994
21010
21022
21033
21047
21051
21057
21059
21071
21075
21076
21099
21103
21106
21131
21138
21148
21149
21170
21174
21177
21187
21196
21198
21204
21220
21224
21231
21233
21238
21245
21249
21253
21260
21270
21283
21287
21293
21294
21307
21308
21310
21312
21321
21327
21328
21351
21363
21389
21421
21422
21441
21474
21485
21489
21504
21515
21518
21536
21540
21544
21561
21579
21609
21615
21626
21630
21631
21642
21643
21651
21657
21670
21679
21680
21680
21681
21685
21689
21690
21700
21721
21726
21729
21734
21750
21764
21775
21792
21792
21828
21847
21870
21873
21886
21892
21896
21904
21912
21935
21948
21957
21959
21970
21987
21991
21992
22010
22011
22024
22025
22043
22064
22065
22090
22092
22093
22093
22127
22149
22170
22183
22195
22207
22217
22221
22238
22242
22280
22284
22286
22286
22290
22298
22322
22323
22364
22365
22381
22382
22399
22401
22412
22413
22426
22428
22432
22476
22485
22505
22536
22564
22566
22566
22572
22601
22604
22611
22611
22625
22633
22637
22642
22643
22655
22700
22712
22718
22721
22740
22741
22745
22750
22762
22764
22765
22786
22799
22809
22815
22819
22827
22829
22836
22836
22838
22845
22861
22865
22869
22871
22879
22886
22888
22893
22904
22907
22916
22924
22927
22942
22951
22981
22986
23026
23026
23037
23048
23048
23050
23060
23061
23069
23089
23094
23110
23117
23118
23121
23121
23139
23144
23155
23162
23165
23165
23176
23179
23187
23206
23208
23219
23223
23244
23251
23270
23284
23288
23324
23339
23345
23346
23348
23350
23359
23363
23371
23372
23388
23396
23403
23405
23407
23438
23464
23476
23486
23488
23506
23509
23520
23522
23530
23541
23563
23578
23582
23613
23618
23618
23619
23629
23646
23665
23670
23674
23677
23680
23690
23691
23700
23715
23727
23731
23737
23738
23747
23755
23755
23763
23779
23783
23791
23813
23825
23832
23849
23851
23854
23856
23888
23892
23896
23908
23921
23930
23934
23941
23950
23966
23985
24006
24011
24022
24054
24057
24081
24084
24126
24127
24134
24152
24165
24170
24172
24174
24183
24188
24188
24198
24218
24237
24241
24245
24268
24270
24271
24280
24284
24287
24301
24308
24329
24335
24342
24352
24365
24366
24370
24384
24401
24410
24424
24438
24448
24454
24465
24477
24489
24516
24521
24525
24547
24548
24552
24563
24573
24578
24593
24598
24600
24602
24615
24643
24644
24654
24655
24655
24670
24677
24678
24698
24699
24702
24702
24707
24713
24724
24740
24749
24760
24772
24776
24780
24783
24785
24790
24795
24807
24814
24837
24849
24862
24866
24875
24884
24893
24895
24908
24909
24910
24914
24915
24926
24933
24935
24952
24958
24996
24999
25006
25035
25040
25040
25070
25071
25077
25080
25084
25101
25102
25106
25108
25131
25132
25149
25156
25158
25160
25161
25170
25174
25182
25191
25193
25194
25206
25210
25210
25262
25267
25276
25299
25315
25326
25368
25381
25395
25407
25431
25441
25448
25459
25466
25473
25481
25484
25492
25517
25522
25530
25531
25558
25574
25578
25582
25586
25594
25598
25598
25604
25612
25613
25620
25622
25626
25632
25642
25647
25648
25650
25684
25699
25727
25758
25776
25786
25792
25811
25834
25837
25837
25838
25861
25866
25890
25895
25901
25906
25918
25919
25923
25933
25933
25943
25955
25967
25971
26009
26027
26027
26036
26046
26047
26056
26062
26064
26069
26069
26083
26093
26110
26117
26125
26131
26151
26153
26157
26165
26190
26208
26209
26216
26227
26234
26245
26254
26296
26299
26300
26303
26304
26346
26365
26368
26370
26384
26389
26422
26434
26440
26454
26459
26464
26479
26482
26486
26487
26502
26519
26521
26525
26525
26544
26549
26550
26556
26561
26562
26585
26596
26614
26628
26638
26672
26673
26679
26684
26697
26698
26701
26704
26712
26720
26724
26751
26753
26754
26756
26767
26769
26786
26811
26827
26828
26831
26838
26847
26853
26855
26856
26862
26863
26883
26890
26892
26906
26944
26963
26968
26983
27003
27004
27008
27017
27026
27026
27038
27039
27057
27106
27108
27112
27114
27135
27136
27150
27161
27167
27171
27172
27194
27199
27234
27239
27239
27249
27277
27309
27312
27317
27318
27322
27330
27331
27345
27390
27395
27401
27423
27426
27426
27429
27439
27453
27457
27460
27465
27475
27480
27480
27483
27486
27488
27501
27503
27512
27535
27539
27546
27585
27588
27591
27592
27598
27601
27641
27656
27659
27669
27676
27683
27696
27724
27741
27747
27757
27766
27771
27774
27777
27780
27791
27792
27797
27803
27804
27814
27820
27829
27858
27862
27863
27875
27887
27897
27910
27913
27914
27941
27946
27951
27954
27971
27974
27980
27991
27996
28001
28001
28002
28008
28009
28022
28029
28030
28039
28040
28060
28065
28068
28079
28092
28094
28094
28096
28104
28105
28125
28145
28164
28196
28200
28210
28242
28246
28248
28293
28306
28310
28322
28337
28352
28353
28368
28396
28405
28451
28462
28473
28512
28522
28530
28544
28545
28574
28581
28609
28622
28642
28646
28675
28686
28697
28701
28724
28743
28747
28751
28762
28765
28786
28796
28804
28814
28842
28847
28853
28863
28864
28865
28868
28874
28882
28898
28910
28926
28941
28946
28962
28966
28972
28976
28991
28996
29000
29023
29032
29034
29047
29049
29053
29053
29055
29085
29101
29105
29107
29108
29120
29127
29133
29135
29162
29173
29185
29187
29194
29211
29222
29228
29245
29247
29257
29257
29259
29272
29280
29293
29295
29307
29320
29331
29336
29340
29342
29356
29371
29375
29385
29414
29427
29428
29437
29441
29446
29450
29459
29461
29467
29468
29485
29516
29523
29526
29536
29546
29549
29550
29551
29567
29578
29585
29587
29590
29596
29607
29617
29626
29627
29628
29635
29648
29670
29687
29694
29697
29707
29718
29741
29753
29756
29776
29784
29846
29849
29850
29871
29884
29885
29900
29905
29931
29934
29937
29941
29943
29946
29946
29950
29972
29979
30004
30012
30013
30016
30021
30028
30057
30068
30081
30082
30088
30099
30113
30120
30129
30132
30137
30154
30159
30161
30178
30181
30188
30192
30196
30196
30207
30212
30249
30254
30259
30266
30276
30299
30299
30305
30306
30322
30322
30371
30374
30378
30380
30390
30393
30396
30423
30423
30424
30425
30426
30433
30439
30449
30449
30468
30469
30475
30487
30506
30506
30511
30522
30524
30552
30558
30563
30582
30584
30603
30617
30647
30672
30674
30679
30683
30707
30721
30723
30739
30742
30743
30743
30745
30745
30759
30769
30778
30790
30790
30793
30798
30815
30823
30825
30830
30830
30847
30847
30852
30858
30875
30882
30889
30894
30895
30911
30913
30916
30917
30936
30938
30962
30979
30991
31003
31004
31019
31029
31037
31049
31062
31082
31089
31090
31091
31111
31130
31135
31135
31161
31171
31183
31190
31196
31214
31216
31219
31219
31231
31238
31246
31246
31250
31262
31270
31274
31288
31298
31300
31304
31319
31354
31388
31403
31409
31416
31418
31420
31425
31428
31434
31444
31467
31481
31483
31490
31493
31495
31513
31513
31516
31559
31577
31589
31598
31599
31611
31624
31668
31668
31670
31675
31708
31715
31730
31730
31732
31744
31748
31754
31774
31779
31779
31784
31802
31804
31809
31816
31819
31829
31835
31849
31853
31858
31861
31864
31875
31889
31893
31895
31896
31897
31906
31909
31912
31913
31920
31920
31922
31930
31954
31956
31957
31960
31996
31997
32003
32016
32025
32026
32029
32044
32044
32049
32050
32083
32089
32090
32131
32147
32147
32164
32177
32179
32187
32196
32202
32204
32210
32220
32223
32224
32226
32240
32263
32272
32315
32320
32331
32332
32355
32365
32369
32391
32420
32430
32441
32464
32481
32491
32504
32504
32507
32528
32531
32538
32545
32547
32553
32556
32565
32594
32605
32608
32626
32631
32632
32632
32636
32637
32684
32693
32707
32711
32716
32718
32746
32800
32811
32816
32819
32825
32828
32833
32842
32852
32854
32882
32890
32907
32923
32925
32939
32956
32962
32964
32973
32987
33012
33052
33054
33083
33087
33097
33109
33111
33125
33132
33147
33155
33161
33173
33176
33188
33208
33227
33229
33242
33251
33273
33274
33280
33294
33296
33320
33336
33343
33350
33357
33357
33368
33369
33369
33370
33371
33373
33373
33374
33382
33410
33427
33428
33470
33471
33473
33486
33500
33514
33525
33526
33527
33527
33546
33575
33583
33597
33615
33662
33668
33680
33683
33688
33690
33712
33713
33719
33731
33734
33736
33771
33807
33831
33852
33868
33870
33878
33908
33909
33913
33925
33932
33944
33956
33974
33991
33996
34019
34025
34033
34041
34043
34051
34076
34079
34080
34082
34115
34144
34146
34155
34157
34167
34189
34249
34249
34263
34268
34268
34296
34296
34301
34302
34317
34324
34326
34330
34342
34343
34343
34349
34355
34372
34395
34399
34404
34407
34425
34446
34461
34470
34481
34484
34506
34510
34513
34525
34531
34551
34551
34558
34562
34570
34573
34575
34581
34586
34592
34594
34652
34654
34658
34659
34664
34668
34675
34680
34695
34696
34717
34717
34738
34746
34754
34757
34768
34769
34782
34782
34803
34852
34853
34853
34855
34860
34866
34904
34921
34931
34940
34941
34948
34949
34962
34966
34967
34968
34970
34985
34987
34989
34994
35017
35022
35023
35049
35050
35067
35080
35093
35094
35101
35117
35118
35121
35135
35143
35162
35163
35187
35197
35197
35198
35199
35202
35216
35222
35233
35245
35289
35303
35308
35322
35347
35376
35381
35382
35398
35403
35422
35426
35439
35442
35445
35448
35449
35456
35461
35487
35490
35498
35502
35507
35509
35518
35523
35527
35527
35543
35547
35551
35562
35568
35576
35584
35585
35588
35588
35605
35616
35633
35641
35652
35665
35669
35675
35676
35688
35709
35727
35728
35734
35743
35749
35759
35771
35772
35774
35789
35813
35816
35821
35840
35844
35844
35849
35852
35872
35885
35887
35897
35903
35919
35929
35939
35941
35943
35945
35945
35957
35971
35992
35993
35993
36005
36017
36023
36044
36049
36056
36059
36064
36070
36104
36121
36143
36145
36147
36208
36211
36239
36243
36287
36294
36298
36309
36321
36326
36337
36366
36371
36373
36389
36393
36395
36401
36411
36412
36425
36425
36445
36463
36465
36473
36484
36493
36530
36535
36550
36554
36565
36573
36592
36598
36601
36616
36622
36629
36632
36635
36643
36645
36656
36676
36698
36698
36703
36712
36723
36727
36738
36742
36760
36765
36771
36779
36797
36804
36812
36839
36852
36860
36863
36873
36882
36887
36888
36904
36904
36908
36917
36917
36956
36958
36966
36968
36971
36984
36993
37009
37034
37050
37057
37069
37078
37087
37117
37123
37128
37131
37140
37141
37155
37163
37164
37167
37181
37181
37195
37203
37204
37214
37216
37220
37226
37227
37232
37246
37274
37285
37295
37307
37308
37317
37318
37319
37321
37331
37343
37350
37352
37367
37368
37390
37412
37422
37427
37430
37439
37447
37473
37474
37489
37514
37524
37525
37528
37528
37537
37538
37549
37549
37557
37564
37566
37572
37590
37590
37597
37607
37608
37614
37617
37619
37627
37650
37654
37655
37655
37660
37678
37693
37694
37696
37700
37702
37716
37743
37747
37780
37780
37796
37807
37811
37817
37858
37861
37862
37870
37874
37891
37905
37908
37910
37933
37944
37948
37954
37957
37961
37968
37969
37970
37987
37988
38000
38003
38023
38026
38030
38036
38048
38050
38054
38057
38063
38078
38085
38088
38096
38098
38099
38100
38119
38122
38124
38169
38173
38188
38199
38207
38211
38226
38236
38240
38274
38280
38280
38289
38356
38370
38371
38378
38382
38383
38397
38424
38450
38462
38474
38493
38493
38525
38526
38542
38548
38559
38578
38579
38593
38610
38614
38620
38630
38636
38653
38656
38675
38677
38688
38699
38706
38716
38731
38734
38738
38757
38774
38787
38794
38802
38809
38816
38817
38824
38832
38847
38849
38852
38868
38884
38884
38902
38903
38929
38999
39010
39014
39025
39051
39056
39080
39083
39087
39090
39101
39104
39125
39127
39128
39128
39128
39145
39146
39146
39156
39157
39178
39180
39185
39198
39214
39219
39220
39221
39222
39224
39242
39254
39259
39288
39295
39302
39308
39340
39356
39381
39394
39400
39443
39465
39468
39482
39516
39539
39557
39569
39577
39606
39611
39619
39623
39627
39628
39629
39630
39640
39641
39650
39698
39718
39718
39721
39723
39762
39766
39781
39783
39790
39821
39851
39855
39877
39881
39881
39907
39920
39920
39927
39928
39939
39944
39962
39971
39973
39980
39983
39995
40031
40039
40104
40105
40110
40117
40120
40123
40133
40140
40148
40152
40160
40167
40199
40218
40223
40240
40248
40256
40258
40260
40261
40277
40314
40318
40342
40359
40366
40390
40390
40397
40411
40427
40434
40437
40439
40441
40457
40459
40461
40467
40473
40474
40495
40496
40513
40516
40532
40543
40582
40599
40605
40616
40617
40659
40662
40675
40676
40692
40709
40721
40740
40763
40773
40774
40789
40798
40810
40811
40819
40820
40823
40837
40873
40913
40914
40915
40937
40947
40951
40954
40955
40992
40992
40992
40999
40999
41003
41039
41041
41043
41086
41089
41097
41100
41106
41115
41136
41141
41150
41169
41169
41174
41195
41207
41210
41219
41224
41228
41228
41267
41273
41285
41290
41291
41299
41302
41306
41314
41335
41371
41373
41379
41398
41409
41432
41449
41453
41460
41476
41482
41501
41503
41504
41506
41509
41519
41521
41524
41527
41530
41533
41535
41554
41560
41564
41566
41576
41578
41584
41588
41595
41596
41609
41610
41612
41644
41644
41646
41654
41662
41663
41671
41682
41731
41738
41745
41747
41758
41773
41775
41808
41832
41843
41848
41857
41859
41867
41868
41879
41883
41888
41890
41902
41921
41938
41959
41974
41986
42008
42010
42029
42031
42065
42076
42083
42085
42096
42098
42104
42118
42120
42161
42168
42176
42180
42182
42184
42208
42245
42267
42280
42322
42329
42330
42331
42333
42335
42343
42356
42360
42361
42370
42389
42393
42397
42405
42417
42419
42420
42421
42439
42444
42450
42451
42466
42492
42500
42520
42521
42523
42546
42554
42557
42564
42566
42567
42567
42571
42572
42588
42588
42590
42595
42600
42620
42628
42628
42664
42680
42694
42708
42713
42714
42727
42739
42751
42757
42770
42777
42777
42787
42787
42787
42787
42789
42797
42798
42798
42801
42818
42837
42842
42851
42857
42874
42876
42879
42883
42893
42898
42927
42945
42957
42960
42967
42971
42980
42983
42983
42984
42984
42987
42992
42999
43042
43045
43058
43076
43097
43119
43120
43135
43186
43203
43240
43259
43260
43271
43309
43309
43310
43314
43332
43338
43346
43348
43355
43365
43382
43395
43396
43408
43427
43435
43462
43477
43487
43489
43500
43507
43508
43521
43531
43563
43576
43587
43618
43618
43666
43682
43701
43710
43717
43724
43732
43761
43761
43774
43775
43804
43813
43821
43830
43850
43853
43857
43870
43874
43907
43918
43918
43926
43937
43947
43947
43951
43960
43965
43970
43974
43997
44010
44014
44081
44082
44088
44095
44096
44099
44109
44124
44140
44142
44142
44155
44165
44174
44179
44181
44186
44190
44200
44209
44213
44217
44222
44237
44253
44260
44289
44293
44309
44310
44317
44327
44347
44350
44352
44381
44384
44399
44400
44417
44421
44422
44440
44447
44459
44463
44467
44486
44494
44526
44532
44539
44576
44583
44587
44599
44617
44617
44621
44623
44625
44632
44633
44635
44643
44643
44701
44720
44721
44726
44726
44741
44746
44754
44764
44771
44772
44776
44780
44796
44806
44825
44832
44835
44851
44862
44873
44883
44890
44911
44914
44921
44950
44954
44955
44961
44970
44974
44981
45013
45019
45037
45037
45060
45070
45076
45113
45116
45119
45145
45172
45185
45186
45221
45221
45258
45266
45269
45286
45329
45333
45334
45341
45347
45355
45378
45386
45388
45408
45422
45432
45435
45452
45464
45464
45492
45496
45525
45526
45551
45553
45561
45569
45572
45573
45574
45585
45594
45601
45649
45659
45670
45685
45686
45687
45705
45707
45707
45709
45730
45731
45740
45757
45772
45774
45780
45783
45790
45800
45801
45808
45829
45836
45850
45878
45881
45884
45889
45892
45898
45902
45914
45917
45919
45924
45949
45951
45957
45961
45965
45983
45993
45993
46001
46005
46011
46022
46025
46026
46028
46035
46055
46072
46113
46118
46119
46120
46138
46138
46141
46173
46185
46198
46212
46216
46235
46239
46242
46267
46277
46278
46294
46299
46300
46310
46319
46351
46353
46353
46355
46359
46364
46399
46406
46419
46432
46437
46445
46455
46473
46498
46504
46506
46507
46539
46566
46568
46571
46594
46607
46616
46622
46626
46629
46629
46630
46638
46656
46666
46670
46695
46697
46709
46735
46753
46780
46783
46786
46799
46808
46833
46845
46850
46857
46867
46873
46891
46906
46910
46914
46922
46927
46930
46936
46937
46947
46949
46963
46975
46976
46992
47014
47016
47021
47048
47063
47085
47092
47094
47097
47102
47112
47117
47141
47143
47154
47158
47160
47164
47177
47179
47180
47200
47202
47204
47221
47225
47232
47246
47249
47282
47289
47293
47312
47316
47320
47326
47336
47340
47341
47361
47367
47370
47377
47386
47387
47388
47391
47407
47413
47419
47420
47420
47426
47440
47464
47498
47505
47508
47517
47521
47530
47542
47544
47553
47559
47561
47585
47586
47599
47601
47610
47621
47646
47646
47648
47652
47655
47665
47669
47676
47685
47798
47830
47839
47844
47844
47860
47863
47863
47864
47865
47865
47874
47875
47886
47896
47922
47947
47948
47962
48000
48054
48068
48070
48076
48080
48083
48085
48089
48091
48105
48106
48107
48113
48124
48129
48133
48134
48136
48150
48159
48181
48186
48199
48205
48222
48225
48232
48238
48248
48256
48270
48270
48286
48293
48298
48300
48306
48309
48318
48361
48379
48398
48398
48401
48412
48413
48422
48425
48447
48450
48462
48471
48495
48495
48497
48501
48510
48510
48522
48526
48556
48558
48579
48579
48594
48599
48602
48605
48608
48614
48615
48623
48630
48637
48640
48648
48652
48659
48666
48667
48667
48683
48696
48708
48708
48735
48736
48747
48749
48754
48764
48789
48798
48816
48859
48875
48875
48883
48886
48900
48904
48908
48912
48930
48930
48931
48933
48954
48958
48963
48965
48976
49003
49016
49017
49022
49027
49031
49041
49069
49084
49085
49095
49095
49101
49115
49122
49135
49165
49179
49180
49207
49214
49226
49236
49238
49249
49249
49281
49286
49309
49318
49319
49324
49324
49331
49342
49367
49379
49383
49388
49396
49397
49403
49424
49430
49431
49447
49452
49459
49464
49465
49471
49507
49507
49515
49516
49518
49542
49542
49561
49564
49565
49579
49581
49603
49604
49605
49607
49616
49626
49642
49661
49679
49685
49688
49691
49692
49712
49738
49754
49763
49780
49781
49782
49787
49791
49815
49819
49820
49826
49846
49853
49873
49878
49888
49900
49904
49917
49936
49951
49964
49974
49974
49980
49997
50011
50013
50041
50063
50068
50087
50089
50095
50097
50104
50106
50125
50136
50159
50161
50173
50211
50215
50261
50269
50271
50276
50278
50322
50336
50365
50394
50395
50397
50421
50425
50426
50431
50434
50442
50445
50451
50467
50511
50527
50546
50566
50570
50583
50591
50592
50606
50635
50651
50660
50662
50669
50673
50684
50707
50711
50738
50753
50768
50773
50790
50797
50797
50803
50813
50816
50833
50837
50839
50845
50852
50854
50855
50856
50864
50871
50875
50880
50908
50911
50913
50914
50922
50926
50938
50943
50945
50959
50968
50969
50985
50989
51001
51003
51006
51007
51014
51022
51040
51049
51058
51061
51063
51065
51097
51120
51134
51136
51169
51197
51199
51203
51212
51226
51251
51273
51296
51300
51302
51304
51310
51310
51320
51322
51345
51346
51369
51371
51389
51390
51410
51411
51418
51419
51424
51427
51428
51437
51439
51450
51454
51454
51461
51461
51464
51470
51480
51501
51505
51517
51533
51540
51547
51560
51580
51600
51615
51623
51636
51637
51637
51653
51653
51661
51661
51685
51694
51696
51703
51716
51718
51723
51729
51733
51759
51771
51789
51814
51823
51824
51855
51871
51882
51887
51911
51929
51959
51963
51971
51979
52025
52040
52048
52083
52085
52094
52105
52122
52138
52139
52142
52150
52152
52165
52186
52223
52226
52241
52253
52291
52293
52306
52306
52308
52322
52334
52342
52343
52366
52369
52370
52372
52372
52414
52447
52457
52467
52485
52485
52491
52504
52515
52530
52538
52544
52546
52547
52557
52557
52577
52602
52611
52625
52625
52646
52653
52666
52673
52709
52715
52745
52745
52755
52759
52763
52790
52792
52793
52794
52796
52798
52805
52808
52810
52839
52860
52874
52880
52901
52916
52918
52975
52984
52988
52995
52997
53006
53008
53019
53026
53033
53039
53039
53041
53050
53052
53054
53063
53087
53110
53139
53140
53160
53166
53171
53184
53185
53188
53204
53210
53210
53215
53218
53251
53267
53279
53294
53297
53311
53316
53317
53321
53344
53348
53358
53370
53372
53399
53406
53409
53409
53415
53426
53436
53439
53448
53453
53459
53475
53480
53524
53527
53537
53538
53547
53558
53560
53562
53563
53566
53590
53623
53650
53667
53697
53701
53746
53762
53775
53809
53833
53856
53859
53863
53882
53886
53921
53923
53926
53935
53978
53982
54000
54006
54006
54009
54052
54060
54060
54061
54064
54076
54082
54100
54102
54115
54126
54141
54149
54149
54169
54183
54197
54205
54211
54243
54263
54295
54299
54317
54326
54330
54331
54351
54361
54363
54372
54373
54374
54377
54382
54394
54401
54411
54424
54427
54439
54441
54449
54456
54477
54480
54493
54501
54503
54514
54530
54531
54560
54568
54569
54580
54581
54582
54588
54592
54601
54601
54607
54609
54610
54630
54635
54648
54653
54665
54666
54669
54673
54677
54683
54683
54693
54696
54708
54717
54719
54730
54750
54775
54777
54797
54810
54812
54818
54831
54843
54844
54853
54854
54875
54899
54910
54921
54924
54927
54930
54961
54965
54975
54982
54986
54997
55001
55012
55016
55019
55036
55047
55064
55074
55074
55082
55093
55095
55110
55120
55129
55136
55151
55156
55159
55161
55170
55187
55188
55196
55203
55204
55213
55215
55225
55229
55239
55248
55262
55277
55289
55297
55301
55305
55316
55320
55330
55341
55349
55385
55394
55424
55425
55444
55451
55466
55467
55485
55513
55528
55534
55537
55557
55573
55581
55582
55590
55590
55598
55600
55607
55615
55618
55640
55644
55648
55650
55660
55667
55670
55671
55673
55692
55705
55706
55718
55725
55725
55726
55727
55741
55745
55755
55774
55795
55801
55821
55821
55825
55836
55837
55847
55854
55858
55860
55861
55868
55869
55919
55921
55936
55937
55962
55972
55974
55993
55994
56010
56010
56017
56036
56036
56042
56062
56062
56064
56084
56106
56106
56115
56119
56126
56132
56135
56163
56166
56192
56211
56217
56222
56230
56231
56255
56260
56282
56293
56304
56311
56322
56330
56333
56339
56342
56354
56382
56386
56386
56393
56396
56423
56440
56441
56451
56454
56463
56469
56476
56477
56477
56486
56487
56493
56499
56510
56522
56530
56530
56531
56557
56558
56568
56577
56578
56612
56614
56619
56628
56657
56659
56662
56663
56667
56697
56706
56714
56715
56734
56739
56752
56764
56790
56797
56806
56825
56830
56830
56839
56840
56850
56856
56874
56883
56936
56939
56949
56953
56963
56979
56985
56990
56996
56999
57002
57007
57007
57029
57057
57077
57081
57088
57109
57110
57113
57118
57176
57180
57195
57196
57197
57217
57226
57241
57243
57250
57269
57282
57291
57297
57297
57312
57314
57322
57324
57329
57331
57345
57351
57365
57374
57382
57383
57400
57419
57420
57428
57437
57440
57453
57485
57507
57509
57514
57514
57517
57522
57544
57560
57565
57595
57596
57598
57621
57625
57630
57636
57640
57655
57657
57673
57677
57695
57700
57724
57725
57737
57746
57747
57791
57801
57802
57816
57838
57892
57898
57914
57916
57939
57958
57977
57978
57979
57985
57989
58005
58013
58014
58022
58028
58033
58036
58048
58123
58124
58131
58136
58140
58140
58141
58154
58158
58160
58178
58183
58183
58198
58214
58218
58231
58241
58246
58249
58258
58261
58275
58285
58298
58302
58305
58314
58325
58329
58341
58341
58351
58365
58366
58405
58410
58420
58425
58443
58452
58453
58453
58458
58458
58485
58497
58508
58512
58524
58541
58545
58558
58595
58601
58619
58644
58649
58651
58653
58654
58669
58687
58692
58707
58721
58721
58749
58757
58762
58764
58818
58836
58840
58846
58847
58861
58866
58886
58897
58948
58950
58969
58976
58979
58980
58989
59013
59014
59027
59043
59044
59050
59052
59075
59110
59117
59118
59157
59161
59165
59194
59216
59217
59227
59228
59229
59231
59232
59242
59246
59255
59259
59267
59305
59312
59327
59328
59337
59348
59350
59356
59359
59368
59369
59370
59377
59385
59389
59395
59403
59417
59434
59445
59446
59452
59453
59459
59468
59473
59546
59554
59569
59572
59579
59587
59588
59599
59604
59647
59679
59692
59701
59709
59722
59734
59736
59747
59752
59752
59766
59768
59784
59785
59787
59802
59808
59845
59850
59851
59884
59889
59898
59915
59915
59919
59931
59940
59949
59953
59961
59967
59976
59996
59997
60017
60024
60077
60082
60092
60093
60100
60100
60101
60103
60137
60146
60181
60220
60232
60235
60236
60242
60257
60258
60272
60280
60294
60301
60308
60327
60331
60350
60363
60372
60380
60382
60383
60384
60404
60410
60433
60456
60465
60483
60498
60504
60517
60517
60531
60539
60580
60613
60619
60621
60631
60638
60641
60645
60646
60671
60685
60698
60703
60706
60719
60734
60745
60748
60751
60755
60757
60758
60759
60766
60794
60795
60802
60812
60835
60851
60851
60863
60866
60877
60888
60893
60894
60899
60904
60909
60912
60933
60935
60943
60967
60971
60978
60981
60986
60987
61005
61010
61010
61024
61033
61037
61047
61052
61060
61071
61072
61087
61094
61098
61110
61113
61121
61148
61186
61189
61195
61195
61208
61216
61218
61218
61221
61222
61234
61234
61237
61238
61242
61245
61253
61261
61267
61281
61282
61296
61303
61307
61317
61323
61354
61372
61377
61382
61395
61403
61403
61418
61440
61442
61453
61457
61461
61472
61487
61508
61517
61523
61544
61556
61584
61619
61629
61639
61640
61650
61678
61690
61708
61708
61715
61737
61744
61751
61758
61758
61771
61773
61776
61779
61788
61795
61807
61816
61824
61826
61845
61847
61854
61874
61883
61883
61902
61907
61921
61930
61934
61971
61977
61978
61997
62016
62026
62027
62040
62047
62058
62068
62078
62081
62100
62107
62111
62138
62142
62185
62186
62189
62205
62223
62224
62225
62230
62240
62250
62251
62270
62285
62287
62303
62335
62359
62370
62374
62378
62387
62407
62418
62422
62437
62446
62447
62457
62473
62473
62475
62488
62489
62522
62524
62527
62530
62536
62547
62553
62584
62593
62604
62628
62640
62654
62662
62667
62675
62677
62678
62706
62724
62730
62738
62742
62745
62749
62754
62786
62802
62804
62808
62831
62840
62853
62862
62868
62892
62911
62917
62917
62926
62934
62938
62948
62967
62980
62984
63003
63014
63018
63039
63043
63057
63068
63080
63083
63089
63103
63115
63117
63129
63148
63149
63170
63176
63191
63223
63231
63238
63240
63245
63245
63268
63275
63275
63311
63314
63332
63337
63346
63347
63358
63364
63368
63392
63404
63419
63426
63431
63432
63435
63445
63447
63456
63462
63467
63471
63473
63477
63480
63489
63492
63505
63509
63513
63515
63517
63535
63539
63540
63550
63555
63582
63583
63620
63631
63632
63640
63650
63681
63687
63691
63694
63700
63700
63715
63725
63731
63736
63755
63761
63773
63778
63784
63794
63798
63801
63805
63811
63834
63838
63844
63861
63885
63891
63919
63970
63972
63992
64034
64049
64060
64065
64069
64091
64104
64112
64114
64125
64126
64135
64139
64146
64152
64161
64163
64175
64183
64187
64191
64198
64200
64208
64252
64253
64262
64268
64269
64283
64285
64285
64304
64310
64315
64319
64329
64362
64403
64419
64423
64424
64454
64458
64459
64459
64461
64466
64470
64500
64505
64525
64527
64535
64548
64548
64558
64568
64578
64582
64607
64610
64621
64630
64640
64680
64686
64718
64735
64745
64767
64769
64793
64803
64814
64816
64819
64825
64840
64841
64874
64874
64875
64876
64892
64895
64914
64919
64929
64930
64940
64954
64954
64972
64999
65017
65045
65046
65046
65047
65068
65073
65078
65111
65117
65138
65144
65152
65165
65166
65171
65178
65184
65197
65207
65207
65218
65228
65268
65274
65301
65316
65369
65370
65375
65377
65417
65418
65425
65426
65433
65433
65440
65445
65455
65471
65476
65493
65493
65495
65496
65509
65518
65523
65536
65537
65560
65563
65578
65590
65611
65613
65620
65627
65636
65651
65656
65660
65687
65717
65717
65726
65731
65783
65787
65814
65828
65836
65889
65919
65922
65963
65965
65966
65967
65990
65997
65998
66050
66055
66075
66087
66093
66100
66112
66115
66116
66140
66142
66143
66157
66161
66164
66168
66177
66178
66213
66224
66225
66230
66244
66249
66255
66315
66320
66323
66329
66333
66338
66355
66372
66388
66395
66397
66441
66442
66442
66461
66461
66465
66476
66477
66482
66505
66524
66524
66550
66557
66558
66562
66566
66573
66574
66579
66589
66606
66607
66631
66661
66690
66698
66716
66741
66743
66743
66744
66751
66765
66786
66797
66815
66822
66828
66842
66857
66890
66910
66940
66957
66967
66999
67006
67008
67016
67026
67034
67035
67036
67044
67069
67075
67079
67087
67093
67119
67127
67127
67135
67140
67162
67170
67175
67190
67192
67215
67218
67220
67228
67240
67245
67252
67254
67264
67275
67282
67283
67302
67305
67318
67352
67368
67378
67380
67388
67396
67402
67419
67419
67429
67431
67435
67437
67478
67486
67497
67504
67519
67525
67527
67532
67535
67540
67551
67564
67583
67584
67592
67602
67604
67640
67642
67651
67675
67676
67687
67701
67709
67710
67721
67735
67737
67743
67763
67779
67799
67815
67818
67871
67875
67878
67884
67885
67888
67904
67910
67922
67937
67942
67950
67974
67977
67999
68002
68014
68016
68025
68034
68045
68059
68067
68072
68073
68095
68112
68142
68144
68146
68150
68153
68207
68216
68254
68279
68285
68289
68293
68300
68305
68332
68338
68361
68383
68393
68397
68399
68404
68410
68418
68418
68425
68428
68457
68472
68474
68510
68523
68524
68526
68533
68533
68539
68549
68550
68554
68563
68573
68577
68581
68588
68619
68625
68626
68629
68669
68718
68723
68735
68737
68751
68764
68776
68776
68785
68787
68794
68796
68816
68824
68840
68844
68845
68855
68875
68882
68928
68929
68941
68975
68976
68982
68988
68991
68995
69005
69021
69024
69027
69031
69036
69036
69038
69058
69079
69102
69103
69103
69108
69113
69123
69147
69163
69165
69183
69183
69185
69203
69205
69213
69213
69223
69226
69230
69232
69253
69275
69286
69289
69307
69313
69321
69325
69354
69357
69361
69365
69365
69372
69392
69410
69416
69431
69431
69439
69445
69446
69448
69480
69486
69488
69490
69505
69511
69512
69517
69520
69572
69588
69592
69621
69625
69629
69631
69651
69652
69656
69670
69671
69677
69683
69683
69687
69697
69701
69715
69727
69729
69740
69742
69745
69745
69771
69775
69786
69814
69831
69833
69855
69862
69894
69900
69901
69908
69909
69909
69912
69920
69924
69928
69936
69938
69965
69970
69971
70030
70037
70051
70056
70057
70061
70076
70080
70104
70107
70109
70129
70145
70152
70157
70168
70176
70180
70187
70189
70191
70212
70253
70255
70299
70300
70341
70343
70346
70395
70429
70435
70468
70470
70471
70474
70492
70501
70503
70515
70518
70521
70531
70536
70536
70554
70564
70576
70584
70586
70594
70602
70604
70633
70642
70643
70644
70646
70652
70655
70673
70676
70711
70719
70749
70755
70772
70778
70788
70793
70795
70801
70803
70807
70828
70828
70838
70843
70849
70858
70865
70872
70896
70900
70916
70917
70917
70926
70935
70951
70957
70964
70973
70978
70989
71009
71016
71020
71025
71054
71058
71062
71065
71065
71069
71070
71076
71077
71089
71109
71116
71117
71119
71135
71136
71137
71152
71156
71164
71164
71181
71198
71198
71215
71232
71232
71240
71241
71247
71259
71267
71268
71311
71315
71319
71345
71347
71354
71364
71371
71376
71377
71382
71389
71398
71403
71406
71407
71413
71418
71424
71424
71430
71433
71435
71444
71445
71450
71482
71485
71503
71530
71555
71557
71561
71567
71581
71591
71600
71607
71626
71636
71640
71661
71662
71682
71695
71700
71705
71716
71731
71744
71755
71757
71758
71760
71779
71784
71787
71793
71795
71821
71828
71829
71829
71846
71866
71881
71885
71900
71900
71908
71923
71932
71935
71944
71945
71945
71953
71957
71967
71975
71983
72010
72019
72027
72035
72046
72048
72054
72079
72101
72103
72108
72114
72127
72137
72142
72159
72160
72176
72183
72185
72185
72212
72218
72245
72267
72267
72276
72304
72307
72327
72331
72354
72373
72381
72396
72420
72422
72439
72448
72468
72470
72489
72499
72504
72505
72506
72511
72515
72562
72562
72593
72602
72602
72611
72617
72619
72625
72629
72639
72641
72666
72669
72674
72688
72706
72729
72747
72748
72754
72761
72776
72781
72783
72801
72802
72810
72810
72825
72830
72841
72845
72870
72877
72900
72900
72900
72928
72957
72963
72968
72977
72984
73006
73031
73032
73034
73036
73051
73056
73058
73079
73083
73098
73128
73131
73134
73140
73142
73186
73188
73205
73206
73208
73213
73223
73228
73228
73232
73246
73246
73250
73259
73259
73259
73277
73279
73279
73281
73327
73329
73335
73350
73355
73356
73357
73372
73387
73387
73391
73391
73395
73398
73400
73411
73425
73430
73448
73490
73492
73498
73499
73526
73541
73555
73557
73565
73576
73580
73596
73607
73608
73615
73623
73630
73636
73642
73644
73646
73647
73650
73657
73668
73701
73707
73740
73743
73744
73745
73763
73765
73782
73793
73800
73809
73835
73851
73857
73858
73859
73862
73865
73866
73876
73882
73894
73896
73909
73910
73916
73923
73935
73972
73974
73976
73979
74002
74004
74010
74013
74015
74025
74028
74040
74047
74053
74056
74057
74062
74070
74083
74097
74101
74108
74128
74154
74162
74165
74167
74175
74175
74176
74205
74240
74243
74248
74251
74254
74263
74264
74267
74278
74278
74295
74304
74307
74314
74320
74334
74339
74340
74348
74360
74361
74400
74401
74404
74411
74446
74457
74481
74482
74495
74500
74512
74512
74513
74516
74551
74558
74560
74591
74594
74596
74599
74608
74619
74630
74631
74632
74641
74647
74653
74674
74677
74679
74694
74695
74696
74697
74715
74715
74724
74726
74734
74735
74754
74755
74757
74825
74828
74841
74852
74856
74860
74868
74870
74920
74932
74935
74940
74942
74959
74962
74964
74967
74980
75013
75017
75033
75035
75038
75051
75057
75064
75068
75068
75081
75082
75088
75098
75105
75105
75106
75108
75109
75118
75119
75127
75132
75135
75140
75146
75159
75186
75200
75202
75203
75205
75212
75216
75230
75230
75272
75274
75277
75280
75300
75303
75310
75313
75314
75319
75333
75350
75358
75362
75378
75386
75387
75401
75410
75416
75428
75430
75451
75454
75462
75471
75495
75513
75520
75531
75555
75564
75566
75569
75579
75599
75603
75608
75618
75623
75630
75635
75639
75642
75648
75659
75662
75668
75683
75691
75693
75697
75713
75755
75757
75770
75772
75772
75779
75787
75801
75812
75826
75835
75835
75838
75841
75870
75879
75884
75884
75888
75892
75895
75898
75902
75918
75923
75926
75931
75968
75975
75978
75982
75982
75988
75994
75998
76012
76036
76044
76058
76059
76059
76067
76067
76068
76090
76093
76096
76118
76128
76134
76135
76139
76143
76152
76160
76163
76171
76214
76224
76228
76241
76249
76259
76260
76261
76263
76268
76277
76289
76307
76309
76314
76335
76376
76379
76381
76390
76392
76393
76403
76406
76434
76472
76476
76483
76489
76497
76499
76505
76506
76507
76528
76545
76553
76557
76581
76582
76586
76587
76595
76603
76610
76641
76655
76657
76670
76673
76683
76693
76706
76709
76719
76719
76723
76730
76740
76775
76791
76799
76803
76804
76808
76818
76826
76831
76833
76836
76843
76847
76854
76856
76861
76877
76881
76882
76902
76903
76907
76910
76912
76952
76976
76992
77030
77033
77038
77038
77038
77064
77079
77080
77094
77100
77110
77119
77126
77129
77147
77150
77153
77161
77182
77183
77187
77195
77202
77212
77290
77295
77319
77327
77337
77339
77375
77377
77397
77397
77404
77405
77437
77449
77450
77450
77456
77470
77490
77493
77520
77534
77546
77551
77564
77565
77571
77585
77586
77624
77629
77632
77637
77649
77655
77663
77679
77680
77707
77717
77731
77745
77746
77766
77777
77780
77798
77808
77860
77871
77876
77878
77881
77892
77899
77905
77945
77949
77950
77950
77962
77971
77972
77973
77976
77988
77992
77993
78007
78011
78031
78035
78037
78040
78047
78055
78075
78088
78094
78104
78109
78112
78120
78122
78125
78167
78170
78181
78183
78183
78193
78198
78224
78229
78236
78250
78251
78262
78263
78280
78295
78298
78304
78375
78408
78415
78426
78436
78443
78445
78457
78461
78463
78469
78483
78499
78507
78507
78507
78526
78553
78556
78560
78561
78565
78589
78596
78608
78613
78624
78634
78634
78635
78648
78655
78659
78664
78664
78667
78668
78669
78669
78680
78681
78727
78762
78765
78766
78769
78776
78784
78800
78802
78810
78815
78828
78840
78845
78862
78881
78885
78892
78916
78922
78928
78931
78938
78940
78945
78964
78970
78991
78995
79013
79021
79033
79033
79034
79038
79038
79040
79055
79061
79074
79076
79076
79092
79092
79109
79125
79133
79133
79138
79140
79142
79153
79156
79170
79185
79186
79193
79208
79215
79216
79218
79220
79223
79242
79243
79259
79273
79294
79305
79307
79345
79359
79366
79367
79371
79375
79381
79382
79394
79395
79401
79409
79430
79437
79450
79452
79463
79467
79482
79493
79506
79531
79536
79565
79573
79578
79586
79586
79602
79603
79606
79621
79640
79651
79651
79656
79659
79661
79662
79679
79686
79686
79694
79699
79708
79709
79718
79723
79729
79732
79746
79754
79777
79785
79800
79814
79818
79829
79836
79849
79851
79864
79871
79882
79882
79888
79889
79890
79901
79906
79921
79925
79947
79968
79982
79987
80006
80010
80013
80030
80031
80039
80046
80048
80053
80068
80092
80102
80116
80121
80130
80133
80136
80147
80159
80185
80193
80209
80216
80223
80241
80250
80252
80274
80285
80287
80298
80302
80308
80310
80310
80315
80343
80351
80357
80365
80370
80384
80385
80398
80401
80403
80417
80427
80449
80459
80460
80482
80493
80493
80494
80500
80510
80510
80518
80533
80546
80547
80553
80558
80562
80602
80613
80618
80621
80631
80631
80641
80642
80645
80653
80656
80664
80665
80668
80671
80673
80677
80680
80700
80701
80714
80751
80755
80758
80768
80781
80790
80798
80823
80826
80843
80860
80869
80879
80884
80889
80893
80897
80912
80923
80941
80941
80949
80949
80957
80963
80963
80981
81027
81028
81051
81057
81057
81064
81077
81100
81118
81132
81132
81134
81138
81180
81181
81195
81203
81209
81215
81225
81229
81231
81234
81238
81255
81258
81264
81273
81284
81290
81327
81329
81331
81333
81334
81347
81351
81359
81361
81362
81366
81373
81387
81393
81403
81407
81419
81435
81447
81476
81496
81497
81518
81523
81523
81528
81543
81589
81598
81603
81613
81628
81631
81635
81644
81660
81667
81683
81689
81693
81697
81699
81713
81713
81723
81738
81748
81758
81766
81768
81778
81799
81824
81834
81845
81855
81880
81882
81894
81908
81917
81922
81932
81955
81988
82003
82007
82009
82024
82052
82055
82056
82059
82067
82089
82089
82090
82090
82091
82102
82102
82137
82139
82139
82145
82148
82160
82164
82195
82203
82208
82213
82290
82291
82297
82299
82300
82308
82310
82317
82317
82317
82342
82349
82402
82413
82415
82416
82444
82446
82452
82455
82475
82478
82484
82511
82516
82519
82541
82555
82556
82575
82617
82621
82626
82633
82634
82644
82652
82659
82661
82680
82681
82687
82690
82711
82738
82749
82752
82761
82775
82778
82781
82797
82801
82833
82839
82839
82870
82874
82878
82887
82910
82921
82923
82924
82931
82934
82934
82941
82972
82980
83028
83029
83032
83039
83044
83058
83065
83081
83101
83101
83106
83108
83110
83110
83112
83113
83121
83168
83171
83176
83223
83225
83228
83238
83251
83251
83253
83254
83266
83279
83290
83295
83318
83337
83338
83338
83339
83347
83364
83385
83393
83405
83411
83427
83428
83438
83445
83446
83466
83467
83472
83482
83490
83490
83492
83498
83528
83529
83534
83536
83540
83540
83544
83548
83557
83562
83583
83596
83601
83612
83625
83645
83647
83661
83695
83716
83724
83734
83740
83766
83767
83770
83778
83814
83828
83834
83848
83868
83875
83875
83881
83892
83896
83898
83939
83943
83958
83970
83977
83986
83991
84007
84042
84050
84050
84054
84069
84079
84086
84089
84096
84127
84134
84137
84142
84144
84146
84162
84176
84197
84200
84206
84210
84216
84216
84238
84245
84276
84296
84332
84356
84361
84370
84373
84384
84391
84397
84408
84411
84448
84448
84456
84470
84476
84477
84491
84502
84516
84518
84558
84590
84606
84624
84630
84635
84653
84668
84702
84721
84723
84742
84744
84744
84744
84745
84758
84767
84787
84792
84795
84801
84829
84848
84856
84857
84863
84865
84892
84905
84907
84923
84927
84937
84942
84977
84981
85007
85013
85016
85023
85030
85043
85046
85061
85063
85072
85074
85075
85081
85088
85096
85099
85114
85131
85136
85137
85151
85168
85200
85206
85217
85219
85251
85251
85282
85291
85304
85309
85326
85333
85338
85342
85349
85350
85364
85365
85370
85378
85409
85434
85449
85461
85465
85495
85497
85499
85499
85502
85516
85531
85532
85533
85535
85540
85543
85544
85548
85556
85566
85568
85576
85587
85597
85628
85633
85645
85656
85656
85705
85711
85724
85738
85743
85745
85746
85754
85766
85774
85782
85802
85805
85818
85847
85862
85881
85902
85903
85908
85914
85919
85930
85933
85937
85949
85962
85977
85997
86002
86004
86009
86021
86022
86035
86049
86057
86058
86070
86093
86096
86119
86147
86154
86202
86215
86219
86223
86225
86241
86242
86279
86290
86306
86312
86317
86319
86329
86329
86331
86343
86344
86392
86413
86455
86464
86482
86483
86484
86485
86486
86496
86504
86510
86513
86516
86516
86517
86524
86524
86525
86544
86544
86547
86564
86571
86573
86579
86627
86634
86637
86638
86655
86658
86660
86666
86689
86710
86719
86721
86747
86767
86787
86788
86846
86848
86852
86867
86887
86889
86890
86892
86896
86898
86932
86933
86939
86941
86947
86965
86969
86975
87000
87005
87016
87020
87020
87026
87027
87032
87038
87067
87073
87078
87083
87096
87103
87110
87112
87112
87120
87124
87145
87155
87203
87209
87214
87219
87230
87252
87266
87273
87298
87302
87302
87303
87308
87320
87345
87355
87357
87366
87372
87394
87415
87419
87444
87453
87458
87467
87473
87476
87531
87538
87552
87559
87561
87598
87610
87614
87633
87645
87648
87652
87667
87673
87685
87691
87692
87694
87709
87717
87726
87728
87730
87734
87739
87742
87756
87766
87769
87772
87774
87775
87786
87791
87807
87809
87823
87823
87834
87838
87839
87846
87850
87855
87873
87879
87887
87901
87905
87940
87954
87957
87966
87972
87980
88023
88027
88030
88036
88041
88044
88053
88058
88068
88078
88092
88106
88116
88127
88128
88128
88141
88163
88170
88182
88185
88203
88220
88221
88222
88222
88241
88243
88264
88272
88272
88292
88307
88323
88324
88331
88361
88365
88374
88383
88402
88417
88422
88431
88435
88447
88448
88449
88449
88459
88471
88474
88493
88494
88503
88509
88516
88524
88526
88526
88533
88552
88554
88590
88603
88613
88614
88615
88623
88623
88626
88626
88640
88646
88663
88669
88689
88690
88694
88701
88702
88713
88715
88717
88720
88726
88731
88739
88745
88782
88794
88818
88823
88826
88843
88855
88877
88879
88882
88895
88903
88918
88933
88936
88939
88957
88973
88998
89002
89003
89016
89018
89038
89040
89043
89050
89051
89070
89080
89092
89104
89112
89127
89130
89148
89149
89152
89160
89168
89200
89231
89252
89269
89270
89274
89287
89309
89311
89314
89318
89330
89340
89341
89361
89366
89370
89398
89402
89405
89450
89469
89473
89475
89484
89487
89496
89520
89530
89530
89539
89543
89556
89570
89573
89584
89585
89595
89596
89630
89632
89665
89668
89668
89680
89691
89714
89729
89753
89755
89765
89779
89786
89786
89789
89821
89830
89835
89849
89860
89863
89863
89867
89910
89911
89920
89923
89927
89930
89945
89953
89965
89992
89997
90015
90022
90043
90047
90070
90076
90086
90097
90098
90107
90108
90111
90115
90127
90130
90131
90141
90173
90195
90200
90211
90219
90235
90238
90252
90266
90267
90271
90301
90317
90325
90335
90352
90382
90382
90435
90458
90475
90476
90478
90490
90504
90504
90511
90518
90522
90538
90540
90542
90549
90552
90578
90588
90597
90607
90608
90618
90622
90638
90650
90656
90672
90673
90675
90680
90695
90700
90702
90704
90749
90754
90764
90766
90786
90787
90790
90797
90806
90816
90824
90837
90842
90847
90849
90867
90870
90886
90888
90922
90929
90929
90992
91002
91017
91029
91063
91063
91064
91066
91068
91072
91104
91123
91130
91149
91152
91155
91158
91161
91162
91172
91177
91177
91179
91181
91187
91193
91212
91222
91225
91232
91252
91264
91266
91267
91277
91288
91314
91337
91365
91369
91370
91392
91393
91399
91414
91430
91449
91502
91507
91515
91522
91522
91528
91550
91550
91551
91554
91564
91569
91570
91577
91589
91601
91608
91609
91613
91619
91623
91633
91643
91644
91654
91655
91656
91669
91674
91683
91689
91692
91707
91708
91714
91728
91731
91751
91755
91760
91772
91785
91789
91793
91797
91802
91818
91832
91833
91833
91835
91847
91854
91859
91875
91881
91928
91929
91954
91958
91959
91965
91971
91980
91985
91998
91999
92005
92006
92014
92018
92058
92062
92075
92083
92088
92113
92115
92117
92132
92146
92152
92162
92166
92176
92207
92209
92217
92246
92258
92264
92273
92284
92287
92307
92309
92359
92361
92365
92398
92400
92401
92407
92409
92417
92423
92425
92430
92439
92443
92459
92461
92497
92499
92508
92514
92515
92549
92568
92580
92588
92593
92602
92611
92625
92634
92640
92655
92682
92693
92697
92718
92720
92725
92735
92766
92779
92786
92789
92798
92803
92824
92827
92834
92845
92851
92853
92861
92870
92881
92881
92899
92910
92914
92916
92917
92922
92928
92931
92939
92945
92946
92956
92959
92970
92996
93002
93014
93042
93042
93052
93055
93063
93064
93075
93085
93099
93103
93112
93120
93123
93126
93136
93138
93147
93155
93156
93163
93170
93170
93193
93211
93217
93225
93242
93250
93251
93312
93325
93329
93335
93340
93391
93408
93419
93420
93422
93450
93453
93461
93495
93513
93516
93521
93528
93557
93561
93561
93591
93607
93663
93673
93703
93704
93710
93736
93749
93749
93766
93771
93789
93809
93826
93838
93845
93857
93858
93886
93891
93894
93906
93909
93932
93950
93956
93982
93987
94007
94012
94019
94038
94058
94059
94083
94085
94097
94106
94120
94143
94144
94151
94156
94157
94160
94164
94172
94179
94189
94210
94211
94216
94224
94225
94243
94243
94258
94263
94265
94283
94286
94293
94299
94348
94367
94367
94370
94394
94398
94399
94399
94400
94435
94436
94452
94487
94491
94493
94493
94499
94502
94515
94532
94555
94560
94562
94582
94582
94587
94589
94600
94612
94616
94622
94624
94631
94637
94641
94654
94664
94674
94694
94695
94705
94708
94719
94723
94738
94745
94747
94760
94783
94789
94795
94807
94814
94819
94865
94876
94900
94903
94917
94917
94919
94923
94934
94935
94963
94964
94964
95021
95041
95048
95057
95070
95072
95092
95094
95108
95108
95111
95116
95118
95138
95138
95146
95146
95148
95161
95164
95169
95174
95175
95182
95188
95215
95218
95225
95227
95238
95259
95263
95268
95280
95283
95284
95305
95320
95327
95334
95341
95341
95355
95362
95373
95405
95420
95440
95441
95442
95461
95464
95467
95477
95485
95494
95498
95503
95519
95544
95565
95566
95591
95638
95642
95659
95661
95684
95687
95688
95707
95711
95714
95727
95734
95736
95752
95763
95774
95795
95799
95800
95814
95820
95825
95839
95842
95850
95855
95867
95872
95875
95879
95881
95884
95908
95911
95919
95924
95938
95943
95953
95954
95959
95991
95996
95999
96000
96013
96015
96023
96034
96038
96039
96041
96053
96053
96054
96072
96103
96108
96120
96121
96128
96129
96131
96132
96133
96139
96146
96152
96153
96169
96172
96173
96186
96191
96197
96224
96230
96233
96247
96249
96259
96264
96277
96281
96298
96301
96305
96315
96317
96322
96326
96334
96341
96351
96356
96361
96377
96381
96398
96416
96437
96437
96438
96444
96448
96464
96464
96465
96466
96472
96493
96493
96497
96500
96506
96513
96524
96552
96553
96565
96567
96574
96586
96587
96589
96601
96620
96626
96628
96630
96639
96645
96678
96690
96692
96695
96703
96718
96751
96776
96799
96806
96806
96820
96823
96837
96837
96854
96887
96887
96891
96916
96919
96954
96970
96972
96972
96983
96986
97015
97019
97035
97041
97088
97089
97097
97103
97117
97123
97132
97151
97168
97168
97177
97178
97184
97201
97233
97235
97237
97239
97241
97277
97278
97296
97304
97309
97314
97324
97336
97353
97358
97372
97380
97382
97392
97410
97410
97413
97427
97432
97432
97436
97438
97451
97466
97470
97481
97491
97505
97505
97541
97543
97552
97570
97581
97590
97600
97608
97617
97622
97633
97634
97635
97649
97657
97663
97668
97675
97676
97677
97706
97734
97737
97742
97749
97750
97756
97762
97762
97765
97779
97788
97792
97797
97802
97804
97833
97837
97847
97872
97885
97886
97905
97908
97915
97920
97920
97921
97925
97927
97927
97929
97935
97938
97964
97996
98066
98074
98078
98090
98097
98113
98116
98191
98194
98213
98219
98222
98237
98254
98264
98275
98279
98287
98303
98326
98329
98331
98344
98344
98347
98355
98397
98425
98435
98436
98447
98447
98464
98465
98468
98475
98490
98509
98532
98532
98532
98553
98564
98569
98584
98585
98587
98593
98604
98606
98612
98616
98631
98637
98651
98670
98672
98705
98711
98738
98773
98779
98794
98794
98801
98812
98816
98821
98826
98875
98880
98921
98923
98937
98950
98955
98980
99002
99003
99029
99034
99053
99054
99059
99061
99064
99072
99081
99086
99101
99107
99109
99122
99131
99159
99170
99189
99190
99202
99207
99213
99228
99242
99246
99255
99255
99258
99270
99290
99312
99315
99321
99333
99353
99373
99376
99393
99400
99417
99420
99433
99434
99438
99453
99455
99470
99482
99489
99504
99505
99528
99530
99560
99568
99587
99605
99617
99618
99686
99689
99691
99695
99711
99717
99723
99742
99743
99761
99761
99763
99786
99809
99810
99835
99881
99884
99886
99908
99910
99922
99943
