2
9
18
28
33
33
39
40
48
52
72
79
82
103
118
133
138
142
156
157
162
166
166
169
169
174
175
195
205
208
209
212
263
266
275
311
313
317
331
337
345
376
382
392
394
395
407
430
444
470
474
475
493
510
514
516
518
523
550
559
563
565
567
577
585
590
591
596
602
602
624
632
647
648
668
673
673
675
677
681
683
684
692
705
709
738
753
756
766
775
779
790
796
800
807
811
813
814
821
826
834
837
860
868
869
876
882
899
904
934
950
958
962
976
987
995
1005
1021
1023
1043
1054
1062
1075
1088
1101
1104
1106
1107
1116
1117
1125
1125
1133
1140
1141
1150
1157
1167
1184
1188
1193
1199
1203
1211
1232
1237
1247
1247
1253
1259
1276
1279
1325
1346
1350
1352
1359
1367
1368
1372
1388
1410
1411
1431
1461
1462
1476
1496
1504
1527
1527
1546
1563
1592
1600
1602
1608
1612
1626
1639
1654
1664
1664
1695
1702
1704
1709
1719
1721
1727
1728
1732
1748
1762
1782
1787
1791
1792
1794
1809
1826
1832
1852
1869
1872
1881
1885
1888
1909
1909
1913
1924
1940
1970
1998
2017
2023
2032
2039
2048
2063
2065
2083
2087
2089
2105
2117
2128
2135
2136
2147
2152
2160
2162
2165
2166
2168
2197
2210
2238
2239
2248
2258
2274
2276
2286
2310
2317
2332
2334
2350
2354
2363
2376
2417
2420
2446
2457
2478
2486
2490
2498
2506
2513
2517
2522
2524
2542
2542
2543
2558
2565
2568
2582
2587
2587
2616
2635
2648
2659
2660
2661
2669
2709
2713
2714
2756
2772
2776
2787
2787
2792
2810
2815
2820
2831
2836
2837
2852
2887
2888
2894
2925
2934
2952
2956
2982
2983
2998
3001
3012
3019
3021
3037
3038
3064
3070
3078
3080
3082
3097
3114
3117
3122
3124
3143
3168
3170
3182
3195
3207
3218
3221
3223
3231
3236
3239
3242
3247
3251
3256
3260
3263
3269
3286
3296
3303
3310
3326
3347
3367
3367
3371
3372
3375
3378
3384
3395
3399
3404
3427
3429
3456
3459
3472
3481
3505
3506
3509
3522
3532
3542
3550
3557
3607
3624
3661
3679
3692
3698
3707
3723
3724
3727
3738
3742
3757
3774
3807
3820
3824
3824
3842
3845
3846
3854
3854
3864
3874
3882
3888
3891
3897
3909
3921
3927
3927
3934
3938
3954
3955
3961
3971
3980
3982
3985
3996
4032
4035
4038
4039
4045
4050
4056
4062
4063
4064
4068
4069
4074
4075
4108
4124
4130
4143
4176
4178
4188
4208
4212
4215
4226
4249
4251
4251
4266
4266
4272
4287
4316
4334
4335
4358
4369
4376
4390
4393
4402
4423
4431
4451
4456
4460
4463
4467
4490
4501
4515
4523
4526
4528
4529
4539
4562
4565
4577
4578
4581
4596
4621
4622
4623
4631
4643
4652
4652
4654
4657
4672
4679
4697
4705
4725
4731
4747
4755
4772
4790
4815
4820
4822
4824
4829
4830
4834
4836
4838
4839
4845
4874
4878
4888
4899
4907
4908
4909
4913
4919
4920
4922
4950
5038
5056
5057
5074
5075
5081
5083
5089
5091
5108
5111
5114
5132
5142
5153
5175
5185
5198
5199
5216
5235
5237
5268
5271
5287
5313
5315
5327
5339
5340
5342
5345
5346
5351
5357
5359
5363
5370
5379
5383
5387
5396
5396
5410
5418
5442
5452
5461
5462
5484
5490
5495
5499
5502
5503
5507
5507
5511
5516
5533
5544
5547
5549
5552
5554
5560
5566
5568
5571
5580
5582
5587
5590
5598
5598
5633
5652
5666
5672
5692
5696
5701
5706
5713
5717
5717
5723
5738
5744
5760
5764
5768
5778
5794
5795
5828
5831
5832
5832
5850
5858
5859
5873
5876
5888
5892
5892
5896
5921
5928
5928
5948
5956
5995
6004
6010
6020
6025
6036
6043
6059
6072
6081
6085
6095
6097
6098
6106
6121
6145
6149
6157
6157
6169
6191
6202
6203
6221
6229
6234
6246
6264
6281
6299
6328
6332
6340
6343
6345
6351
6357
6358
6364
6371
6381
6384
6397
6402
6402
6446
6449
6449
6462
6463
6467
6469
6471
6475
6483
6496
6504
6519
6521
6531
6542
6556
6563
6565
6567
6600
6607
6610
6634
6646
6660
6680
6688
6713
6723
6734
6738
6743
6744
6759
6762
6770
6825
6828
6829
6844
6854
6854
6874
6883
6885
6888
6888
6902
6916
6920
6935
6945
6949
6973
6990
7026
7030
7039
7054
7058
7058
7085
7085
7093
7096
7097
7105
7114
7117
7124
7129
7135
7167
7174
7180
7189
7196
7198
7220
7222
7224
7228
7234
7234
7247
7271
7276
7293
7310
7323
7333
7334
7346
7354
7361
7370
7377
7383
7386
7395
7417
7433
7438
7439
7445
7463
7472
7477
7483
7501
7516
7517
7523
7562
7566
7574
7584
7600
7630
7630
7633
7677
7686
7693
7698
7715
7730
7733
7737
7745
7751
7751
7752
7766
7771
7783
7804
7813
7833
7839
7857
7870
7876
7879
7884
7891
7914
7915
7918
7921
7922
7924
7927
7935
7939
7940
7954
7956
7986
7997
8000
8030
8034
8040
8042
8049
8072
8077
8080
8094
8106
8142
8154
8166
8192
8192
8192
8203
8208
8213
8216
8227
8256
8273
8295
8297
8308
8323
8331
8340
8350
8353
8364
8367
8383
8387
8395
8397
8414
8417
8450
8450
8456
8469
8474
8477
8483
8510
8512
8514
8545
8548
8551
8561
8584
8605
8627
8627
8631
8631
8650
8650
8660
8665
8677
8683
8695
8702
8703
8716
8722
8727
8731
8740
8747
8749
8753
8768
8782
8798
8799
8799
8815
8815
8826
8826
8838
8839
8849
8869
8872
8874
8893
8896
8898
8928
8929
8931
8931
8936
8954
8956
8983
8994
8996
9002
9004
9013
9049
9056
9062
9073
9078
9091
9092
9096
9100
9103
9113
9125
9127
9139
9141
9145
9165
9202
9216
9229
9250
9272
9278
9278
9307
9307
9318
9320
9338
9341
9342
9345
9350
9355
9367
9372
9396
9405
9416
9448
9472
9489
9506
9513
9519
9523
9539
9548
9552
9582
9590
9590
9634
9661
9672
9672
9691
9702
9703
9704
9720
9731
9736
9742
9757
9761
9769
9772
9783
9784
9787
9796
9800
9807
9808
9823
9826
9838
9840
9844
9852
9859
9878
9885
9891
9894
9898
9902
9948
9960
9961
9964
9977
9980
9986
9992
9996
10002
10008
10049
10050
10051
10062
10077
10090
10097
10097
10134
10141
10143
10157
10157
10177
10190
10190
10212
10241
10248
10277
10291
10293
10293
10296
10342
10346
10349
10364
10369
10369
10375
10412
10423
10437
10458
10463
10471
10476
10480
10497
10523
10548
10563
10569
10576
10583
10587
10593
10595
10601
10627
10630
10648
10652
10652
10654
10681
10693
10705
10709
10723
10750
10755
10762
10766
10788
10791
10791
10800
10806
10807
10828
10833
10845
10852
10856
10862
10889
10889
10903
10913
10939
10968
10974
10978
10992
11002
11014
11040
11055
11062
11066
11068
11110
11110
11112
11130
11140
11147
11153
11156
11166
11166
11178
11184
11188
11191
11253
11262
11262
11266
11280
11283
11295
11301
11309
11323
11333
11345
11363
11365
11371
11389
11398
11404
11431
11432
11432
11443
11491
11508
11522
11523
11532
11532
11578
11603
11610
11624
11642
11653
11654
11662
11664
11668
11677
11678
11682
11684
11693
11695
11708
11715
11718
11721
11724
11732
11735
11740
11763
11773
11775
11776
11834
11851
11863
11865
11865
11871
11882
11887
11890
11913
11914
11920
11923
11924
11925
11931
11935
11947
11952
11954
11964
11974
11989
11996
12008
12009
12009
12012
12018
12037
12046
12049
12054
12068
12081
12104
12106
12107
12111
12117
12126
12139
12146
12158
12167
12168
12183
12186
12197
12198
12204
12218
12239
12251
12256
12257
12260
12285
12303
12304
12306
12308
12313
12314
12316
12337
12340
12340
12354
12357
12373
12384
12393
12396
12404
12408
12413
12423
12426
12435
12448
12461
12462
12469
12473
12476
12488
12498
12509
12519
12539
12547
12551
12555
12559
12570
12576
12594
12595
12597
12611
12618
12619
12619
12625
12642
12649
12657
12682
12693
12699
12703
12708
12708
12710
12716
12720
12735
12749
12758
12761
12763
12768
12770
12774
12780
12781
12791
12798
12810
12815
12824
12838
12850
12851
12854
12860
12861
12866
12890
12909
12915
12919
12923
12933
12955
12957
12958
12968
12969
12973
13008
13015
13026
13055
13055
13073
13077
13099
13103
13106
13111
13123
13127
13131
13136
13136
13146
13154
13157
13165
13169
13177
13179
13182
13202
13219
13249
13258
13266
13278
13295
13304
13334
13341
13357
13368
13368
13376
13376
13382
13387
13423
13440
13446
13485
13485
13488
13496
13498
13507
13522
13536
13546
13554
13554
13557
13557
13565
13573
13578
13593
13604
13610
13610
13614
13634
13634
13646
13658
13670
13678
13685
13715
13720
13736
13739
13745
13756
13764
13769
13773
13797
13807
13807
13808
13813
13815
13826
13826
13860
13868
13870
13880
13884
13887
13893
13895
13914
13934
13935
13939
13954
13959
13982
14006
14007
14013
14015
14016
14017
14018
14025
14027
14032
14045
14101
14130
14135
14150
14153
14155
14157
14182
14203
14221
14260
14316
14331
14344
14353
14362
14395
14396
14410
14411
14418
14426
14432
14445
14445
14464
14464
14478
14490
14496
14497
14538
14548
14561
14566
14578
14587
14593
14599
14602
14606
14612
14678
14680
14700
14704
14758
14766
14771
14800
14806
14811
14820
14828
14833
14842
14855
14864
14869
14915
14937
14956
14969
14972
14974
14983
14984
14985
14992
14993
14994
15022
15029
15035
15037
15044
15055
15071
15084
15086
15086
15089
15130
15141
15144
15148
15154
15155
15156
15163
15167
15174
15182
15204
15209
15256
15297
15305
15332
15340
15343
15344
15349
15350
15362
15376
15379
15389
15393
15408
15411
15427
15430
15435
15446
15454
15484
15484
15495
15500
15505
15506
15517
15520
15527
15547
15551
15564
15570
15584
15587
15614
15619
15620
15625
15632
15646
15653
15653
15656
15660
15677
15683
15683
15691
15708
15726
15757
15763
15767
15771
15775
15779
15800
15803
15822
15827
15828
15861
15864
15897
15935
15937
15944
15950
15962
15973
15975
15978
15993
15995
16003
16013
16046
16048
16067
16067
16072
16072
16095
16104
16108
16116
16129
16137
16137
16150
16175
16177
16188
16194
16196
16197
16197
16198
16228
16241
16256
16256
16293
16333
16336
16336
16341
16343
16345
16348
16360
16383
16386
16395
16428
16439
16462
16483
16486
16504
16518
16547
16552
16554
16567
16580
16581
16582
16585
16613
16614
16618
16619
16635
16677
16684
16699
16717
16721
16732
16732
16743
16746
16768
16794
16797
16798
16830
16837
16844
16848
16852
16856
16863
16871
16895
16906
16906
16909
16993
17035
17052
17052
17056
17059
17076
17092
17102
17144
17170
17176
17177
17183
17213
17225
17230
17235
17236
17251
17258
17264
17270
17274
17276
17280
17290
17291
17300
17341
17350
17396
17405
17422
17457
17458
17461
17473
17488
17496
17505
17513
17515
17517
17518
17527
17531
17545
17546
17564
17587
17600
17608
17610
17623
17633
17637
17646
17662
17669
17675
17700
17717
17718
17721
17721
17728
17741
17760
17765
17780
17788
17789
17795
17824
17831
17855
17861
17871
17888
17916
17920
17925
17937
17977
17983
17985
17997
17998
18019
18032
18040
18059
18080
18089
18090
18102
18122
18131
18154
18164
18167
18171
18175
18176
18195
18197
18211
18218
18252
18254
18265
18285
18290
18323
18325
18332
18346
18403
18405
18455
18455
18471
18471
18477
18488
18500
18522
18531
18532
18560
18563
18579
18589
18592
18597
18601
18605
18616
18619
18622
18628
18678
18681
18690
18695
18697
18703
18708
18723
18732
18732
18737
18738
18758
18764
18771
18775
18796
18817
18840
18840
18864
18879
18892
18898
18907
18912
18913
18925
18934
18950
18976
18978
18990
18992
18992
18993
18999
19003
19013
19031
19038
19040
19043
19046
19067
19090
19099
19108
19117
19132
19134
19136
19137
19146
19157
19165
19168
19172
19176
19187
19219
19223
19226
19236
19242
19272
19274
19278
19286
19294
19318
19323
19328
19334
19336
19349
19349
19351
19366
19386
19388
19405
19407
19424
19436
19454
19461
19462
19470
19475
19489
19499
19508
19523
19538
19542
19549
19559
19572
19582
19586
19588
19595
19615
19616
19628
19647
19650
19652
19678
19684
19691
19695
19697
19724
19729
19735
19758
19762
19775
19785
19800
19824
19835
19837
19868
19879
19887
19912
19927
19947
19953
19968
19973
19973
19982
19990
20001
20012
20013
20042
20059
20060
20103
20106
20111
20112
20116
20127
20136
20142
20152
20167
20185
20196
20200
20213
20223
20229
20233
20248
20271
20289
20299
20311
20328
20336
20343
20345
20354
20373
20382
20398
20411
20413
20415
20416
20447
20471
20475
20479
20484
20485
20489
20496
20508
20518
20524
20529
20531
20552
20558
20589
20609
20612
20614
20617
20623
20623
20640
20643
20649
20649
20652
20662
20694
20707
20714
20715
20732
20748
20749
20756
20764
20784
20786
20792
20818
20821
20821
20828
20831
20865
20866
20918
20937
20954
20964
20970
20973
20993
21009
21018
21022
21022
21025
21033
21064
21069
21070
21077
21094
21108
21117
21122
21123
21146
21149
21153
21170
21209
21213
21214
21217
21222
21231
21233
21235
21247
21247
21252
21266
21280
21291
21295
21304
21307
21313
21325
21336
21340
21343
21344
21352
21353
21357
21365
21395
21409
21413
21417
21422
21442
21456
21461
21473
21475
21489
21504
21516
21559
21582
21609
21612
21621
21632
21637
21640
21641
21656
21658
21681
21704
21722
21725
21746
21750
21762
21765
21789
21796
21853
21870
21872
21887
21891
21898
21899
21919
21944
21955
21971
21979
22009
22036
22042
22054
22063
22078
22102
22113
22115
22123
22130
22151
22151
22157
22157
22171
22201
22209
22217
22220
22254
22260
22265
22272
22291
22299
22307
22311
22320
22320
22341
22344
22366
22377
22388
22390
22398
22398
22419
22430
22435
22442
22457
22460
22470
22485
22511
22523
22541
22549
22553
22566
22567
22570
22572
22580
22581
22597
22601
22604
22606
22631
22647
22647
22670
22671
22721
22721
22734
22750
22752
22754
22756
22771
22773
22781
22794
22803
22817
22823
22848
22852
22855
22865
22875
22889
22937
22957
22974
22978
23024
23036
23044
23056
23073
23079
23080
23100
23119
23132
23140
23155
23159
23179
23182
23222
23224
23241
23243
23258
23263
23275
23284
23291
23296
23297
23312
23322
23357
23387
23419
23421
23446
23450
23471
23497
23509
23512
23513
23521
23524
23525
23532
23534
23542
23544
23547
23619
23636
23670
23677
23707
23723
23724
23726
23744
23745
23750
23757
23765
23770
23784
23786
23796
23803
23811
23813
23820
23825
23828
23830
23850
23856
23873
23943
23949
23970
23971
23974
23979
23998
24000
24017
24052
24075
24080
24082
24089
24089
24104
24106
24112
24121
24140
24146
24166
24170
24190
24192
24196
24235
24294
24297
24297
24314
24323
24330
24343
24354
24364
24373
24385
24386
24390
24401
24414
24418
24424
24428
24449
24455
24487
24495
24496
24502
24512
24528
24529
24529
24529
24530
24534
24534
24549
24555
24556
24564
24566
24575
24583
24590
24598
24618
24630
24652
24654
24654
24656
24661
24674
24679
24687
24693
24695
24740
24744
24746
24751
24775
24788
24815
24829
24851
24851
24865
24866
24873
24875
24901
24915
24921
24926
24927
24931
24943
24955
24955
24961
24962
24972
24976
24980
24986
24988
25004
25022
25032
25040
25057
25058
25062
25071
25076
25106
25106
25117
25120
25134
25140
25141
25146
25160
25177
25183
25189
25218
25219
25234
25272
25277
25309
25324
25333
25351
25378
25380
25381
25390
25392
25408
25418
25432
25439
25453
25468
25479
25500
25500
25514
25530
25533
25538
25550
25564
25571
25577
25583
25597
25608
25610
25614
25617
25624
25634
25639
25657
25662
25667
25669
25692
25698
25713
25716
25723
25730
25733
25745
25745
25757
25762
25764
25778
25801
25802
25803
25846
25860
25863
25868
25871
25878
25900
25903
25911
25914
25916
25919
25921
25921
25922
25932
25943
25946
25951
25969
25971
25996
25996
26011
26028
26048
26048
26050
26060
26072
26072
26089
26095
26097
26110
26126
26129
26130
26148
26153
26154
26163
26175
26177
26185
26206
26212
26223
26224
26233
26239
26240
26249
26256
26287
26292
26293
26298
26307
26321
26328
26355
26367
26376
26379
26416
26421
26427
26445
26475
26476
26477
26484
26490
26499
26511
26514
26563
26577
26585
26586
26591
26598
26604
26608
26629
26684
26693
26704
26707
26721
26722
26742
26746
26776
26782
26783
26788
26793
26816
26820
26833
26838
26839
26844
26857
26867
26874
26877
26880
26918
26950
26965
26968
26981
26998
27006
27006
27013
27032
27065
27079
27081
27099
27104
27106
27122
27127
27145
27153
27161
27164
27166
27198
27229
27237
27250
27295
27308
27309
27317
27357
27359
27362
27369
27372
27374
27396
27396
27398
27402
27402
27419
27428
27437
27470
27475
27485
27490
27491
27493
27517
27522
27523
27537
27549
27557
27564
27576
27578
27578
27580
27585
27585
27606
27609
27613
27630
27633
27671
27673
27674
27691
27692
27700
27701
27706
27734
27747
27747
27758
27767
27783
27802
27809
27811
27817
27848
27852
27859
27862
27866
27875
27883
27894
27917
27930
27939
27949
27969
27977
28001
28002
28003
28016
28022
28024
28024
28031
28044
28056
28062
28068
28076
28101
28102
28140
28140
28143
28144
28150
28151
28152
28162
28162
28167
28174
28186
28208
28209
28218
28222
28255
28259
28260
28260
28278
28281
28282
28282
28284
28284
28295
28300
28308
28318
28319
28323
28324
28339
28339
28340
28348
28349
28356
28370
28404
28408
28409
28429
28436
28457
28477
28484
28491
28495
28496
28497
28510
28517
28527
28535
28536
28565
28570
28578
28579
28583
28590
28606
28611
28619
28625
28635
28637
28637
28646
28667
28668
28678
28686
28689
28700
28717
28745
28749
28751
28758
28759
28759
28794
28838
28841
28846
28847
28850
28855
28861
28867
28873
28951
28951
28967
28975
28980
28994
28997
28997
29006
29011
29021
29035
29049
29054
29058
29059
29059
29067
29070
29096
29112
29122
29195
29196
29207
29233
29235
29254
29264
29281
29289
29289
29291
29292
29292
29300
29313
29315
29316
29328
29329
29335
29348
29392
29400
29403
29406
29410
29416
29417
29427
29435
29453
29455
29467
29480
29480
29481
29494
29500
29502
29503
29526
29538
29543
29551
29557
29562
29565
29576
29579
29586
29592
29595
29595
29596
29601
29614
29620
29636
29640
29642
29648
29654
29660
29688
29690
29698
29702
29713
29719
29727
29727
29737
29744
29753
29765
29779
29783
29785
29790
29798
29800
29802
29804
29806
29810
29848
29872
29889
29920
29934
29940
29984
29986
29990
30002
30002
30040
30096
30105
30124
30165
30168
30186
30193
30195
30200
30232
30240
30252
30253
30259
30261
30261
30266
30284
30298
30332
30333
30337
30360
30367
30381
30382
30400
30406
30417
30421
30427
30430
30437
30437
30465
30468
30503
30507
30513
30542
30552
30555
30556
30566
30568
30573
30577
30578
30583
30592
30597
30607
30617
30626
30648
30649
30659
30669
30682
30693
30704
30707
30731
30740
30743
30745
30745
30765
30766
30776
30778
30802
30807
30809
30863
30908
30921
30965
30978
31009
31016
31023
31034
31040
31049
31054
31059
31064
31074
31074
31075
31082
31094
31094
31100
31100
31124
31145
31145
31164
31167
31182
31193
31248
31254
31273
31277
31279
31285
31330
31339
31364
31372
31385
31390
31395
31424
31446
31465
31468
31481
31502
31517
31520
31537
31549
31550
31557
31559
31565
31585
31587
31587
31608
31610
31611
31620
31620
31622
31632
31633
31641
31650
31659
31682
31685
31692
31706
31724
31724
31727
31728
31729
31734
31735
31749
31793
31814
31832
31834
31842
31844
31847
31857
31882
31885
31923
31952
31963
31973
31995
32010
32012
32035
32036
32053
32080
32090
32101
32110
32118
32127
32129
32161
32163
32176
32187
32196
32204
32208
32239
32243
32252
32301
32308
32310
32316
32319
32331
32336
32345
32351
32362
32364
32371
32388
32392
32395
32413
32413
32459
32462
32477
32492
32493
32565
32568
32571
32582
32585
32595
32606
32620
32625
32633
32635
32643
32646
32654
32666
32678
32678
32693
32696
32700
32729
32735
32743
32743
32753
32757
32761
32768
32772
32773
32779
32796
32806
32820
32823
32829
32832
32856
32862
32872
32875
32882
32882
32887
32907
32919
32923
32939
32939
32939
32946
32960
32964
32971
32972
32983
32986
32993
33001
33004
33004
33005
33016
33021
33049
33067
33090
33095
33100
33112
33121
33121
33136
33160
33190
33197
33215
33218
33222
33225
33243
33245
33255
33260
33276
33280
33286
33297
33310
33311
33316
33330
33339
33350
33371
33386
33387
33396
33422
33423
33434
33435
33441
33444
33454
33459
33464
33488
33492
33494
33500
33535
33545
33549
33552
33554
33563
33575
33580
33587
33602
33610
33644
33648
33650
33651
33669
33674
33676
33698
33699
33704
33715
33726
33743
33762
33767
33780
33791
33805
33809
33816
33819
33830
33836
33848
33849
33905
33913
33923
33924
33927
33939
33940
33945
33992
33993
33996
34007
34012
34013
34013
34018
34019
34045
34088
34091
34092
34119
34124
34132
34139
34142
34142
34149
34192
34199
34200
34200
34216
34240
34240
34241
34245
34252
34252
34286
34294
34315
34324
34328
34362
34362
34370
34373
34374
34388
34397
34447
34458
34461
34472
34492
34510
34519
34524
34527
34533
34535
34540
34551
34560
34573
34577
34583
34661
34662
34667
34679
34681
34699
34704
34715
34739
34740
34745
34751
34753
34776
34792
34798
34818
34822
34830
34854
34864
34870
34883
34904
34908
34910
34911
34921
34930
34935
34946
34947
34960
34963
34969
34973
34976
35001
35004
35005
35010
35030
35042
35044
35044
35048
35051
35061
35062
35096
35105
35112
35142
35144
35161
35163
35184
35186
35200
35229
35233
35237
35241
35249
35264
35289
35298
35322
35337
35339
35340
35353
35376
35378
35396
35404
35440
35456
35467
35474
35479
35504
35513
35521
35523
35527
35544
35550
35559
35562
35563
35565
35574
35584
35584
35585
35608
35634
35660
35671
35684
35687
35724
35727
35729
35730
35738
35748
35749
35749
35783
35799
35804
35807
35826
35826
35826
35858
35879
35881
35884
35888
35895
35933
35943
35965
35967
35968
35969
35991
35992
35996
36006
36009
36011
36022
36030
36042
36064
36070
36071
36081
36084
36099
36102
36115
36118
36134
36139
36165
36170
36174
36189
36190
36197
36204
36207
36221
36223
36252
36267
36270
36282
36282
36294
36294
36312
36314
36315
36320
36328
36332
36333
36335
36337
36339
36354
36366
36375
36376
36378
36381
36390
36392
36421
36427
36434
36447
36458
36459
36461
36470
36477
36478
36479
36505
36513
36521
36524
36538
36545
36548
36557
36568
36570
36593
36605
36624
36626
36633
36636
36640
36641
36646
36655
36662
36664
36664
36684
36701
36702
36703
36709
36717
36725
36741
36758
36781
36794
36799
36811
36812
36836
36903
36909
36917
36929
36930
36951
36952
36964
36966
36985
36990
37000
37006
37017
37024
37027
37038
37043
37055
37068
37072
37075
37094
37095
37108
37128
37133
37136
37138
37150
37159
37176
37177
37185
37186
37204
37213
37215
37216
37245
37245
37250
37294
37297
37305
37305
37307
37308
37326
37339
37357
37366
37374
37381
37398
37414
37420
37423
37441
37450
37452
37459
37460
37477
37477
37499
37500
37500
37502
37512
37516
37520
37522
37564
37569
37581
37590
37618
37620
37626
37644
37646
37657
37658
37659
37663
37691
37700
37707
37709
37714
37714
37719
37726
37743
37766
37776
37781
37795
37800
37834
37836
37860
37863
37868
37878
37895
37903
37908
37917
37918
37926
37926
37936
37936
37939
37958
37967
37968
37976
37979
37987
37997
38001
38012
38014
38029
38038
38054
38081
38092
38093
38107
38127
38137
38167
38172
38194
38197
38206
38215
38223
38225
38231
38234
38241
38248
38251
38265
38270
38278
38280
38280
38288
38289
38304
38306
38323
38334
38344
38346
38357
38371
38395
38405
38406
38409
38413
38438
38448
38448
38472
38476
38491
38498
38512
38521
38522
38534
38576
38578
38582
38606
38606
38608
38616
38640
38660
38664
38665
38666
38673
38689
38690
38704
38712
38713
38715
38716
38719
38727
38738
38746
38752
38762
38772
38782
38790
38794
38797
38803
38838
38839
38859
38873
38875
38899
38920
38928
38932
38944
38980
38984
38990
38993
38999
39021
39021
39034
39034
39069
39078
39080
39117
39118
39121
39125
39125
39130
39131
39134
39138
39145
39159
39163
39173
39186
39190
39190
39191
39193
39201
39232
39265
39266
39278
39278
39289
39295
39299
39325
39332
39333
39336
39340
39368
39371
39382
39428
39435
39436
39456
39466
39477
39484
39486
39516
39517
39519
39528
39535
39539
39545
39559
39562
39566
39584
39592
39607
39625
39627
39631
39633
39639
39658
39663
39695
39710
39741
39741
39744
39754
39757
39757
39764
39780
39780
39793
39817
39829
39833
39834
39836
39843
39845
39847
39849
39869
39871
39875
39879
39900
39910
39911
39911
39916
39947
39975
39986
40037
40038
40077
40095
40100
40104
40104
40133
40138
40147
40150
40163
40163
40172
40175
40181
40213
40243
40247
40249
40253
40255
40305
40307
40326
40336
40340
40368
40380
40381
40398
40400
40402
40408
40410
40422
40429
40433
40434
40439
40440
40451
40453
40468
40499
40509
40515
40523
40524
40524
40530
40546
40558
40569
40583
40617
40636
40653
40660
40667
40670
40671
40679
40690
40692
40701
40702
40706
40713
40717
40717
40723
40733
40747
40764
40773
40779
40792
40796
40805
40809
40845
40848
40885
40887
40900
40903
40917
40923
40948
40968
40972
40976
40988
41018
41024
41032
41032
41032
41057
41080
41084
41104
41104
41105
41106
41142
41143
41149
41150
41156
41160
41160
41180
41188
41198
41213
41226
41229
41292
41296
41309
41313
41316
41318
41318
41331
41345
41377
41378
41384
41384
41391
41399
41404
41416
41435
41441
41446
41447
41457
41460
41465
41467
41483
41485
41493
41493
41499
41508
41526
41529
41557
41558
41577
41599
41618
41628
41629
41636
41647
41659
41674
41698
41709
41735
41735
41743
41750
41753
41765
41770
41782
41801
41810
41821
41838
41839
41849
41854
41869
41896
41907
41907
41913
41917
41921
41931
41942
41947
41959
41980
41980
41983
41989
41996
42010
42022
42047
42054
42066
42067
42068
42078
42083
42093
42097
42098
42100
42103
42120
42123
42132
42144
42144
42147
42161
42166
42166
42167
42212
42214
42232
42239
42267
42271
42274
42295
42295
42301
42310
42315
42322
42325
42327
42357
42357
42426
42441
42444
42470
42473
42489
42498
42507
42515
42522
42530
42536
42537
42545
42553
42562
42563
42569
42606
42607
42612
42613
42617
42656
42665
42670
42686
42714
42737
42738
42778
42795
42800
42822
42827
42829
42835
42838
42847
42854
42861
42861
42863
42873
42874
42883
42887
42890
42891
42899
42901
42908
42921
42926
42927
42934
42955
42957
42961
42963
42965
42984
42999
43003
43024
43034
43043
43081
43093
43104
43117
43122
43153
43166
43189
43200
43206
43226
43232
43234
43245
43248
43254
43256
43261
43282
43286
43290
43321
43328
43340
43347
43365
43388
43399
43400
43410
43411
43419
43424
43426
43435
43438
43444
43445
43467
43472
43481
43497
43512
43517
43556
43571
43580
43582
43611
43614
43617
43626
43635
43637
43639
43646
43646
43647
43651
43654
43662
43694
43695
43703
43708
43709
43718
43731
43735
43742
43749
43753
43778
43778
43783
43787
43791
43827
43846
43854
43869
43871
43872
43878
43892
43909
43911
43919
43930
43945
43945
43960
43976
43981
43989
43989
43997
44006
44007
44010
44023
44024
44028
44032
44038
44051
44059
44061
44064
44065
44078
44094
44105
44111
44128
44131
44137
44146
44147
44149
44152
44154
44156
44157
44167
44170
44179
44198
44198
44201
44207
44211
44222
44224
44225
44227
44235
44257
44264
44267
44283
44283
44284
44297
44302
44325
44327
44329
44331
44348
44349
44352
44356
44368
44372
44377
44389
44406
44407
44423
44428
44430
44441
44444
44445
44449
44489
44510
44515
44525
44531
44545
44549
44566
44567
44570
44571
44574
44578
44584
44597
44625
44634
44648
44650
44654
44662
44669
44669
44673
44678
44692
44695
44707
44716
44724
44742
44747
44771
44772
44776
44792
44807
44808
44810
44814
44818
44823
44831
44839
44855
44862
44869
44876
44876
44886
44905
44938
44942
44947
44947
44948
44948
44970
44997
45001
45003
45003
45005
45007
45009
45013
45033
45037
45040
45061
45073
45075
45085
45095
45101
45104
45119
45124
45127
45155
45188
45202
45208
45212
45217
45219
45221
45228
45230
45230
45233
45242
45261
45268
45269
45273
45274
45290
45302
45313
45327
45333
45335
45345
45361
45365
45391
45392
45396
45431
45432
45462
45464
45477
45481
45491
45499
45529
45533
45547
45552
45572
45582
45589
45602
45605
45651
45653
45657
45660
45662
45666
45672
45676
45681
45684
45706
45706
45710
45777
45783
45785
45792
45798
45818
45839
45843
45848
45851
45860
45866
45906
45907
45910
45940
45941
45944
45961
45962
45973
45978
45981
46009
46021
46058
46066
46071
46073
46076
46097
46098
46116
46116
46126
46140
46141
46142
46146
46150
46155
46175
46186
46188
46190
46196
46207
46210
46215
46241
46256
46260
46273
46277
46281
46283
46293
46308
46324
46325
46334
46339
46348
46349
46376
46386
46397
46413
46417
46422
46425
46429
46429
46434
46450
46450
46462
46477
46486
46507
46508
46509
46513
46520
46522
46533
46540
46594
46607
46615
46620
46652
46662
46663
46671
46674
46679
46683
46694
46709
46709
46713
46718
46739
46746
46758
46761
46763
46777
46777
46790
46802
46806
46809
46830
46844
46862
46871
46876
46889
46894
46903
46911
46921
46925
46931
46932
46942
46942
46959
46959
46968
46972
46986
46989
47005
47018
47032
47053
47063
47065
47066
47069
47083
47117
47119
47127
47128
47139
47145
47145
47146
47176
47180
47200
47204
47207
47225
47232
47235
47236
47237
47245
47253
47260
47275
47280
47281
47281
47281
47284
47292
47315
47319
47323
47338
47362
47369
47370
47374
47376
47382
47387
47421
47423
47427
47428
47434
47439
47440
47441
47455
47464
47475
47489
47496
47513
47516
47518
47523
47528
47538
47546
47550
47552
47569
47583
47595
47596
47609
47609
47613
47619
47638
47639
47644
47644
47649
47651
47660
47677
47685
47700
47708
47711
47719
47746
47752
47765
47772
47772
47783
47790
47797
47829
47849
47859
47876
47884
47898
47899
47914
47929
47932
47972
47983
47984
48002
48004
48073
48079
48089
48100
48104
48111
48113
48143
48143
48149
48154
48166
48169
48170
48173
48175
48179
48194
48203
48209
48210
48213
48235
48240
48257
48258
48261
48279
48279
48284
48298
48299
48300
48305
48327
48329
48334
48339
48344
48361
48378
48378
48380
48383
48389
48396
48397
48398
48401
48422
48422
48433
48440
48462
48478
48489
48514
48526
48534
48540
48545
48546
48552
48560
48572
48587
48594
48594
48597
48621
48637
48638
48649
48659
48665
48680
48711
48726
48732
48732
48740
48743
48772
48772
48775
48776
48779
48807
48811
48818
48838
48839
48845
48847
48847
48860
48871
48876
48885
48885
48938
48939
48964
48993
48998
49010
49020
49025
49026
49054
49080
49093
49097
49121
49134
49158
49159
49163
49193
49195
49213
49216
49227
49229
49230
49234
49238
49239
49248
49249
49254
49259
49265
49268
49296
49302
49305
49320
49330
49332
49346
49351
49355
49358
49359
49359
49360
49375
49378
49380
49385
49394
49397
49403
49406
49411
49413
49425
49437
49442
49450
49452
49458
49463
49493
49498
49506
49511
49525
49526
49576
49579
49586
49595
49604
49610
49614
49621
49628
49632
49639
49661
49682
49694
49739
49740
49768
49778
49779
49785
49809
49814
49821
49834
49859
49864
49867
49871
49873
49874
49878
49883
49901
49913
49925
49932
49949
49967
49969
49983
49989
49989
49992
49998
50013
50040
50053
50073
50120
50144
50152
50152
50154
50159
50188
50195
50195
50201
50213
50243
50247
50254
50271
50272
50287
50308
50320
50334
50343
50365
50378
50395
50395
50397
50400
50405
50408
50409
50413
50413
50424
50427
50455
50458
50463
50464
50488
50496
50500
50505
50512
50524
50546
50547
50547
50547
50554
50582
50583
50588
50589
50596
50603
50613
50615
50627
50628
50632
50652
50669
50682
50684
50687
50715
50739
50740
50757
50765
50768
50781
50789
50830
50856
50858
50862
50866
50873
50877
50899
50915
50929
50930
50934
50941
50955
50962
50967
50972
50973
50977
50980
50981
50992
50992
50996
51022
51044
51052
51053
51054
51057
51058
51062
51082
51084
51086
51095
51097
51107
51116
51128
51162
51187
51195
51200
51204
51226
51240
51244
51253
51272
51272
51272
51273
51290
51294
51304
51317
51322
51322
51353
51356
51369
51377
51390
51393
51398
51403
51419
51437
51444
51445
51454
51460
51466
51467
51471
51479
51480
51488
51495
51495
51499
51515
51518
51522
51525
51530
51545
51565
51575
51578
51592
51610
51620
51635
51640
51660
51694
51695
51698
51709
51728
51739
51744
51752
51760
51769
51792
51796
51799
51827
51832
51840
51847
51862
51890
51896
51912
51915
51919
51924
51929
51940
51943
51954
51967
51968
51968
51999
52003
52005
52020
52028
52030
52047
52047
52060
52096
52121
52135
52140
52145
52170
52172
52188
52202
52208
52235
52258
52260
52261
52313
52313
52331
52334
52344
52353
52359
52387
52392
52399
52419
52421
52422
52428
52430
52436
52437
52440
52468
52476
52493
52495
52501
52535
52572
52587
52588
52601
52626
52630
52644
52647
52648
52658
52666
52667
52711
52717
52720
52738
52738
52739
52759
52760
52764
52775
52823
52839
52853
52885
52886
52889
52892
52893
52907
52917
52921
52927
52930
52950
52964
52978
52994
52995
53001
53039
53060
53067
53076
53077
53085
53101
53111
53165
53184
53196
53198
53207
53234
53247
53249
53271
53277
53282
53289
53299
53302
53308
53312
53316
53356
53358
53373
53376
53378
53379
53446
53461
53464
53467
53497
53505
53517
53529
53535
53570
53588
53591
53596
53599
53604
53604
53605
53608
53609
53616
53628
53634
53641
53644
53653
53668
53670
53678
53680
53691
53694
53701
53704
53705
53724
53725
53735
53737
53738
53756
53770
53777
53780
53785
53791
53795
53804
53805
53809
53816
53823
53825
53864
53866
53867
53873
53883
53891
53901
53907
53909
53919
53920
53925
53935
53939
53950
53951
53969
53990
53992
53999
54019
54033
54039
54049
54058
54078
54082
54097
54144
54151
54151
54155
54163
54171
54182
54189
54197
54210
54212
54224
54229
54236
54239
54239
54246
54254
54271
54286
54300
54332
54333
54340
54352
54361
54392
54400
54410
54420
54421
54423
54428
54431
54443
54449
54452
54462
54471
54472
54477
54508
54509
54530
54533
54538
54553
54575
54576
54589
54609
54619
54638
54638
54643
54652
54661
54691
54693
54700
54705
54708
54712
54715
54726
54732
54732
54748
54757
54773
54776
54780
54807
54808
54818
54825
54832
54839
54847
54856
54866
54869
54919
54935
54949
54950
54960
54967
54974
55002
55006
55007
55018
55018
55018
55026
55035
55051
55051
55056
55059
55060
55061
55062
55065
55066
55073
55080
55086
55102
55112
55123
55132
55133
55137
55143
55152
55165
55177
55213
55217
55228
55231
55234
55235
55236
55253
55268
55272
55274
55285
55295
55308
55311
55319
55335
55336
55350
55358
55359
55371
55372
55402
55442
55443
55444
55445
55447
55464
55478
55482
55487
55491
55504
55510
55519
55546
55569
55571
55596
55600
55608
55610
55612
55620
55641
55649
55668
55670
55673
55683
55686
55714
55716
55717
55717
55717
55720
55731
55742
55750
55750
55754
55761
55771
55773
55800
55854
55863
55864
55870
55882
55903
55930
55943
55966
55968
55968
55998
56014
56030
56036
56066
56103
56126
56142
56156
56158
56171
56176
56195
56209
56229
56229
56231
56243
56254
56263
56264
56264
56281
56300
56306
56313
56363
56368
56374
56386
56386
56391
56410
56414
56424
56425
56442
56476
56487
56493
56505
56524
56532
56533
56538
56555
56569
56586
56603
56621
56624
56630
56663
56665
56679
56682
56693
56709
56722
56723
56736
56760
56760
56762
56769
56771
56774
56778
56779
56781
56792
56799
56826
56830
56841
56860
56867
56874
56888
56895
56902
56905
56925
56945
56946
56979
56986
56992
57000
57007
57011
57013
57028
57041
57044
57045
57085
57092
57103
57104
57106
57114
57116
57135
57135
57138
57145
57147
57158
57159
57160
57164
57165
57177
57185
57188
57213
57214
57214
57218
57282
57282
57285
57285
57287
57316
57320
57335
57350
57375
57379
57391
57396
57407
57412
57418
57425
57432
57442
57443
57483
57487
57490
57490
57493
57513
57552
57566
57581
57588
57591
57601
57609
57629
57657
57662
57663
57676
57680
57683
57689
57718
57734
57752
57752
57755
57763
57773
57778
57783
57786
57788
57802
57816
57827
57847
57860
57860
57861
57862
57875
57875
57876
57891
57905
57907
57924
57933
57964
57968
57970
57978
57984
57987
58009
58024
58031
58051
58064
58069
58069
58070
58079
58080
58101
58107
58109
58114
58149
58154
58166
58166
58198
58203
58218
58236
58293
58299
58300
58321
58339
58341
58352
58360
58361
58378
58392
58415
58422
58425
58446
58454
58473
58486
58497
58513
58519
58528
58535
58536
58539
58555
58558
58560
58567
58572
58594
58618
58650
58685
58696
58712
58712
58732
58751
58752
58752
58762
58772
58788
58791
58800
58816
58822
58827
58842
58851
58874
58879
58896
58905
58938
58939
58941
58944
58948
58964
58981
58995
59007
59019
59022
59043
59056
59060
59079
59090
59096
59103
59109
59120
59127
59144
59145
59168
59176
59182
59182
59213
59214
59236
59246
59253
59273
59280
59284
59289
59319
59320
59331
59340
59341
59350
59369
59375
59378
59408
59432
59449
59451
59456
59459
59460
59467
59474
59477
59484
59492
59493
59494
59494
59496
59497
59505
59511
59520
59522
59523
59526
59536
59551
59555
59558
59562
59564
59565
59578
59580
59589
59603
59608
59621
59625
59629
59662
59679
59708
59709
59710
59715
59718
59720
59727
59752
59779
59781
59781
59782
59782
59782
59783
59787
59798
59799
59846
59847
59848
59871
59874
59875
59887
59900
59902
59905
59940
59941
59964
59973
59998
60013
60014
60029
60031
60039
60058
60059
60095
60129
60152
60153
60168
60172
60176
60185
60192
60193
60200
60213
60223
60228
60233
60238
60242
60245
60251
60260
60270
60281
60290
60298
60298
60299
60303
60310
60313
60321
60325
60326
60337
60341
60346
60358
60365
60383
60416
60419
60422
60465
60466
60468
60468
60491
60492
60493
60510
60513
60517
60525
60541
60562
60577
60602
60608
60619
60634
60640
60645
60651
60656
60688
60696
60701
60708
60737
60754
60774
60793
60794
60810
60825
60852
60854
60858
60869
60887
60900
60901
60913
60926
60938
60944
60979
60986
60986
60991
60992
60995
60999
61005
61008
61009
61035
61073
61074
61081
61081
61096
61100
61109
61119
61134
61135
61137
61138
61155
61162
61175
61179
61183
61187
61229
61231
61236
61251
61255
61284
61293
61300
61305
61339
61342
61348
61351
61384
61384
61388
61390
61405
61408
61410
61414
61418
61421
61423
61434
61439
61445
61455
61464
61468
61469
61478
61480
61488
61496
61496
61502
61513
61548
61560
61581
61581
61584
61596
61626
61635
61636
61656
61675
61685
61687
61697
61709
61716
61766
61770
61775
61779
61783
61786
61797
61802
61821
61821
61871
61876
61895
61923
61943
61948
61954
61956
61962
61963
61965
61971
61971
61977
61989
61994
62005
62014
62018
62019
62044
62047
62063
62072
62092
62103
62104
62111
62119
62130
62133
62139
62164
62172
62199
62201
62240
62244
62246
62255
62275
62283
62286
62292
62293
62312
62323
62341
62350
62369
62375
62379
62384
62387
62400
62405
62416
62418
62438
62499
62502
62506
62509
62522
62544
62545
62584
62603
62612
62615
62622
62633
62675
62693
62733
62734
62737
62760
62770
62772
62778
62779
62780
62812
62815
62823
62827
62840
62870
62872
62922
62923
62931
62936
62967
62969
62978
62984
62985
62989
62997
63003
63022
63041
63061
63062
63062
63064
63066
63068
63070
63074
63091
63093
63112
63135
63142
63149
63167
63178
63188
63204
63226
63234
63234
63245
63249
63255
63281
63284
63290
63300
63306
63308
63309
63310
63316
63326
63330
63370
63377
63396
63402
63408
63412
63421
63421
63436
63467
63483
63490
63509
63511
63513
63516
63526
63531
63533
63533
63541
63559
63571
63604
63631
63633
63639
63649
63667
63670
63680
63694
63694
63698
63698
63708
63710
63713
63728
63743
63757
63773
63789
63792
63800
63802
63810
63856
63859
63878
63888
63891
63892
63919
63926
63937
63939
63950
63956
63957
63963
63972
63990
63995
63999
64000
64006
64007
64021
64030
64048
64052
64056
64056
64058
64058
64060
64062
64075
64081
64134
64144
64147
64187
64196
64208
64216
64219
64220
64221
64226
64237
64243
64253
64258
64290
64295
64313
64314
64316
64318
64320
64366
64375
64383
64393
64400
64403
64409
64412
64416
64420
64433
64435
64444
64450
64474
64500
64537
64539
64542
64548
64553
64563
64563
64564
64585
64594
64604
64604
64608
64614
64629
64656
64658
64675
64690
64695
64711
64733
64754
64756
64763
64773
64779
64789
64805
64822
64835
64849
64859
64868
64870
64878
64890
64899
64901
64907
64957
64960
64983
64993
64999
65003
65008
65013
65017
65018
65025
65029
65045
65076
65086
65117
65117
65132
65136
65158
65178
65206
65219
65228
65244
65252
65270
65277
65290
65299
65318
65332
65360
65381
65389
65398
65402
65407
65417
65424
65427
65439
65465
65485
65487
65490
65491
65501
65516
65518
65540
65541
65547
65553
65562
65564
65570
65597
65605
65613
65621
65634
65636
65644
65645
65668
65672
65695
65700
65703
65728
65737
65750
65750
65753
65774
65780
65782
65790
65798
65799
65799
65809
65811
65813
65813
65820
65823
65863
65863
65864
65865
65879
65884
65893
65895
65902
65908
65908
65938
65957
65972
65978
65979
65981
66005
66026
66052
66060
66071
66078
66079
66081
66082
66083
66097
66102
66128
66128
66153
66169
66174
66187
66194
66201
66225
66226
66239
66273
66283
66287
66303
66304
66304
66305
66305
66321
66323
66330
66338
66344
66348
66359
66365
66369
66379
66384
66387
66406
66410
66417
66419
66420
66433
66458
66465
66478
66498
66511
66525
66528
66544
66550
66559
66564
66564
66566
66572
66572
66583
66583
66594
66609
66622
66639
66642
66643
66645
66662
66682
66682
66711
66722
66724
66726
66731
66760
66773
66788
66802
66802
66805
66807
66810
66819
66829
66842
66844
66854
66860
66887
66894
66894
66903
66903
66905
66913
66915
66932
66939
66961
66982
66982
66996
66999
67004
67007
67010
67031
67032
67033
67036
67037
67043
67049
67049
67052
67067
67067
67070
67099
67111
67131
67140
67148
67151
67158
67158
67170
67178
67184
67205
67250
67256
67274
67275
67302
67338
67342
67346
67349
67356
67359
67360
67376
67383
67407
67424
67438
67445
67469
67474
67474
67476
67480
67482
67484
67492
67495
67500
67514
67544
67551
67563
67575
67576
67579
67590
67591
67614
67616
67623
67633
67643
67677
67682
67716
67739
67739
67740
67743
67744
67746
67746
67761
67776
67781
67785
67793
67799
67807
67808
67810
67814
67817
67833
67856
67877
67886
67889
67909
67913
67916
67917
67920
67923
67929
67954
67959
67964
67968
67972
67977
67990
67992
68002
68020
68025
68077
68078
68090
68091
68092
68112
68116
68127
68140
68142
68142
68143
68154
68188
68212
68212
68227
68229
68234
68244
68248
68262
68264
68326
68344
68349
68363
68369
68389
68407
68411
68419
68429
68432
68456
68456
68476
68484
68504
68520
68527
68534
68539
68563
68572
68575
68578
68589
68597
68641
68644
68650
68655
68661
68692
68718
68720
68725
68738
68740
68740
68764
68767
68774
68782
68786
68801
68807
68816
68825
68837
68843
68848
68854
68855
68855
68858
68860
68865
68871
68877
68885
68897
68914
68938
68941
68951
68963
68974
68982
68987
69002
69011
69041
69045
69045
69058
69076
69092
69106
69111
69122
69123
69128
69146
69149
69168
69172
69174
69182
69183
69199
69246
69268
69268
69268
69277
69288
69290
69306
69310
69319
69332
69355
69359
69367
69373
69387
69391
69413
69440
69446
69450
69459
69462
69494
69511
69514
69515
69517
69539
69572
69595
69596
69657
69681
69702
69709
69709
69718
69760
69801
69820
69842
69844
69873
69874
69875
69900
69901
69910
69915
69949
69959
69970
70001
70005
70010
70039
70047
70049
70066
70073
70074
70076
70078
70080
70083
70085
70096
70118
70119
70127
70153
70153
70155
70156
70162
70168
70205
70217
70227
70232
70244
70263
70268
70298
70303
70324
70336
70338
70339
70343
70347
70353
70354
70365
70366
70367
70369
70392
70416
70425
70427
70430
70440
70503
70512
70512
70524
70531
70559
70561
70566
70595
70610
70615
70617
70618
70677
70715
70726
70733
70744
70752
70765
70778
70781
70793
70798
70819
70830
70835
70858
70865
70873
70882
70883
70895
70902
70905
70911
70966
70975
70980
70984
70989
70997
71001
71004
71009
71021
71029
71030
71043
71048
71052
71057
71065
71089
71090
71110
71114
71117
71119
71120
71134
71147
71148
71151
71166
71171
71180
71184
71213
71216
71216
71223
71225
71229
71234
71247
71254
71267
71267
71270
71278
71282
71283
71287
71295
71309
71310
71318
71323
71349
71349
71349
71371
71372
71381
71391
71406
71427
71447
71461
71472
71479
71479
71517
71524
71546
71563
71587
71601
71604
71613
71614
71614
71629
71637
71645
71652
71653
71660
71681
71700
71704
71705
71714
71731
71731
71748
71752
71776
71809
71809
71825
71832
71835
71838
71848
71851
71857
71860
71862
71866
71902
71909
71917
71930
71931
71935
71954
71957
71967
71980
71987
71997
72010
72026
72030
72033
72042
72049
72050
72055
72056
72062
72101
72110
72117
72126
72128
72131
72140
72150
72152
72157
72159
72173
72173
72186
72192
72198
72207
72207
72211
72216
72221
72228
72246
72248
72249
72258
72268
72280
72303
72330
72336
72340
72349
72358
72365
72365
72376
72378
72379
72379
72384
72384
72396
72406
72434
72438
72444
72445
72459
72463
72474
72486
72513
72518
72525
72542
72544
72550
72551
72574
72582
72625
72625
72637
72639
72640
72641
72669
72682
72684
72690
72697
72698
72715
72715
72718
72718
72719
72728
72731
72733
72738
72740
72746
72756
72776
72777
72794
72809
72816
72823
72838
72850
72859
72862
72872
72874
72884
72886
72903
72907
72907
72909
72926
72953
72980
72987
72988
73000
73009
73011
73013
73023
73054
73065
73069
73074
73090
73100
73116
73116
73121
73127
73142
73148
73156
73170
73172
73190
73197
73203
73224
73231
73233
73233
73244
73249
73271
73272
73294
73300
73300
73312
73317
73346
73349
73349
73351
73369
73379
73383
73384
73390
73395
73395
73449
73465
73485
73490
73501
73503
73507
73527
73550
73551
73566
73578
73583
73585
73590
73592
73607
73617
73631
73650
73696
73697
73720
73720
73729
73732
73740
73754
73758
73796
73800
73801
73829
73829
73831
73837
73844
73861
73866
73890
73906
73917
73920
73933
73934
73938
73950
73964
73969
73971
73976
73983
73989
73998
73998
74006
74032
74054
74068
74082
74088
74108
74123
74146
74147
74156
74170
74199
74205
74208
74220
74250
74251
74253
74267
74269
74274
74276
74286
74294
74306
74315
74320
74333
74334
74335
74357
74364
74366
74375
74385
74392
74396
74400
74421
74443
74448
74452
74460
74470
74503
74510
74511
74514
74514
74522
74529
74539
74547
74547
74549
74565
74566
74571
74582
74582
74582
74583
74613
74617
74619
74621
74629
74638
74654
74662
74688
74692
74697
74713
74719
74746
74752
74778
74784
74788
74789
74795
74800
74812
74826
74834
74844
74869
74869
74876
74882
74895
74902
74904
74907
74914
74927
74933
74943
74947
74954
74963
74980
74990
74997
75023
75032
75034
75034
75036
75095
75106
75107
75119
75122
75158
75195
75196
75226
75233
75234
75257
75259
75294
75296
75308
75322
75330
75336
75353
75365
75369
75375
75398
75403
75408
75419
75434
75438
75439
75454
75464
75465
75476
75484
75496
75499
75509
75515
75518
75519
75527
75532
75534
75539
75541
75550
75583
75600
75603
75607
75624
75636
75641
75648
75659
75663
75665
75666
75670
75676
75724
75732
75735
75739
75742
75756
75758
75767
75778
75782
75790
75805
75806
75815
75822
75850
75857
75861
75863
75865
75876
75885
75891
75909
75910
75944
75946
75951
75960
75962
75967
75971
75972
75976
76002
76012
76043
76061
76080
76091
76115
76126
76128
76130
76150
76178
76195
76200
76207
76234
76255
76259
76271
76294
76295
76308
76315
76324
76344
76351
76359
76424
76467
76474
76477
76488
76494
76500
76508
76514
76538
76562
76573
76578
76600
76601
76601
76604
76605
76623
76638
76642
76651
76651
76660
76663
76664
76669
76675
76688
76701
76706
76714
76719
76731
76781
76781
76784
76785
76812
76816
76852
76853
76861
76876
76877
76894
76902
76906
76914
76920
76936
76955
76965
76971
76976
76985
76986
77006
77013
77029
77032
77035
77039
77041
77050
77052
77070
77079
77081
77083
77100
77100
77101
77112
77112
77133
77144
77156
77163
77176
77191
77195
77207
77209
77214
77217
77217
77232
77236
77243
77255
77279
77284
77285
77294
77302
77314
77341
77358
77362
77364
77388
77401
77411
77418
77424
77459
77460
77476
77479
77483
77495
77498
77498
77509
77510
77510
77524
77542
77544
77549
77563
77579
77595
77611
77613
77628
77649
77660
77666
77679
77687
77716
77717
77735
77743
77747
77749
77749
77753
77756
77776
77777
77788
77795
77795
77795
77796
77797
77797
77810
77821
77821
77858
77862
77864
77890
77908
77914
77918
77922
77927
77943
77955
77968
77973
77973
77992
77994
78004
78016
78042
78045
78052
78054
78056
78063
78064
78064
78113
78114
78117
78141
78145
78169
78173
78189
78193
78199
78211
78212
78216
78220
78228
78236
78238
78254
78272
78284
78289
78296
78305
78332
78340
78341
78362
78366
78394
78402
78409
78413
78414
78417
78418
78425
78430
78432
78439
78443
78445
78458
78468
78495
78495
78502
78508
78518
78522
78557
78563
78565
78602
78602
78617
78633
78643
78652
78697
78717
78723
78729
78748
78757
78757
78764
78768
78771
78772
78779
78795
78798
78801
78806
78814
78828
78840
78844
78860
78876
78880
78882
78890
78903
78903
78907
78938
78944
78944
78948
78958
78965
78966
78966
78969
78989
78995
79009
79084
79087
79094
79097
79131
79138
79139
79140
79179
79181
79196
79211
79211
79213
79220
79262
79289
79290
79295
79305
79310
79320
79324
79324
79330
79341
79350
79363
79393
79403
79407
79417
79424
79432
79437
79442
79482
79498
79502
79509
79569
79573
79589
79598
79611
79616
79618
79628
79634
79655
79656
79660
79669
79669
79684
79689
79693
79739
79739
79741
79746
79747
79761
79765
79771
79772
79778
79783
79790
79792
79792
79797
79801
79813
79819
79820
79828
79841
79850
79851
79854
79859
79873
79917
79917
79929
79948
79952
79963
79966
79971
79979
79984
79985
79999
80004
80033
80046
80097
80101
80104
80115
80119
80137
80144
80188
80193
80200
80209
80212
80216
80220
80220
80236
80258
80263
80272
80301
80304
80307
80333
80340
80341
80356
80362
80369
80373
80394
80397
80402
80403
80403
80410
80420
80420
80427
80428
80430
80432
80479
80479
80480
80485
80495
80504
80538
80545
80552
80557
80559
80561
80561
80578
80583
80584
80596
80603
80611
80620
80624
80628
80633
80662
80666
80672
80676
80693
80708
80709
80732
80742
80748
80766
80792
80841
80845
80850
80862
80869
80872
80873
80907
80911
80914
80920
80953
80954
80962
80966
80977
80987
80997
81003
81029
81054
81056
81058
81068
81095
81121
81123
81124
81134
81142
81157
81166
81180
81191
81191
81194
81224
81240
81243
81257
81260
81261
81271
81273
81301
81310
81322
81324
81346
81351
81353
81354
81369
81371
81387
81398
81411
81413
81415
81415
81441
81442
81451
81461
81463
81465
81476
81476
81492
81510
81511
81526
81531
81535
81541
81542
81546
81557
81569
81575
81580
81591
81617
81631
81644
81651
81658
81667
81670
81676
81680
81717
81739
81751
81752
81777
81783
81789
81790
81794
81847
81847
81849
81875
81881
81900
81905
81917
81934
81935
81940
81950
81968
81996
81998
82043
82046
82051
82067
82077
82082
82094
82099
82104
82109
82112
82112
82115
82153
82174
82182
82207
82222
82245
82263
82269
82275
82280
82301
82313
82337
82338
82342
82355
82364
82400
82426
82464
82474
82482
82482
82520
82559
82559
82578
82580
82602
82605
82673
82688
82690
82707
82721
82725
82743
82743
82772
82775
82779
82780
82792
82798
82804
82807
82810
82814
82816
82873
82880
82894
82894
82904
82904
82926
82933
82957
82972
82986
82993
83008
83010
83020
83029
83034
83045
83051
83063
83069
83097
83119
83141
83176
83186
83195
83238
83242
83246
83248
83278
83282
83286
83288
83312
83320
83320
83321
83328
83328
83331
83354
83363
83370
83375
83385
83392
83398
83405
83410
83462
83473
83489
83507
83511
83530
83540
83548
83567
83573
83576
83589
83620
83650
83652
83676
83702
83733
83756
83769
83789
83798
83803
83806
83816
83836
83852
83855
83857
83880
83883
83894
83903
83945
83964
83983
83984
84006
84008
84021
84068
84072
84102
84115
84123
84130
84137
84142
84167
84196
84212
84213
84228
84234
84242
84292
84296
84306
84317
84331
84344
84355
84357
84369
84378
84382
84388
84396
84399
84423
84449
84455
84458
84470
84477
84509
84520
84522
84527
84534
84558
84598
84622
84624
84631
84632
84638
84645
84650
84669
84676
84688
84689
84711
84716
84717
84745
84746
84763
84771
84772
84774
84781
84781
84785
84809
84819
84822
84839
84848
84868
84881
84881
84884
84904
84910
84927
84927
84948
84949
84955
84967
84997
85011
85017
85028
85045
85075
85098
85103
85106
85109
85115
85122
85140
85141
85149
85151
85168
85174
85183
85188
85200
85202
85203
85219
85230
85231
85235
85241
85244
85256
85263
85265
85289
85289
85293
85326
85327
85345
85359
85369
85369
85380
85391
85427
85437
85438
85446
85455
85477
85485
85521
85528
85533
85534
85542
85544
85548
85550
85607
85612
85620
85626
85633
85665
85682
85689
85691
85693
85697
85708
85718
85743
85746
85755
85767
85773
85779
85781
85798
85805
85807
85826
85837
85837
85839
85843
85864
85871
85873
85881
85890
85904
85914
85931
85931
85939
85964
85965
85975
85984
85992
86006
86014
86020
86057
86061
86104
86106
86111
86114
86120
86130
86131
86160
86171
86174
86185
86186
86191
86192
86205
86211
86219
86220
86225
86226
86233
86244
86252
86253
86260
86261
86267
86270
86283
86286
86287
86297
86300
86302
86305
86310
86314
86318
86320
86324
86360
86362
86368
86385
86420
86429
86439
86439
86460
86478
86485
86489
86491
86497
86504
86512
86522
86549
86562
86575
86578
86596
86598
86603
86614
86676
86677
86681
86682
86697
86707
86708
86710
86710
86711
86719
86727
86752
86763
86783
86790
86796
86808
86827
86832
86836
86836
86841
86855
86860
86865
86865
86872
86887
86887
86905
86911
86921
86924
86935
86936
86940
86946
86959
86978
86979
86983
86991
86997
87008
87022
87040
87043
87046
87048
87053
87058
87060
87068
87070
87089
87096
87102
87107
87109
87118
87128
87131
87145
87165
87171
87184
87190
87194
87207
87212
87225
87229
87239
87240
87242
87246
87256
87258
87275
87284
87313
87315
87324
87332
87334
87336
87338
87341
87349
87353
87354
87356
87365
87382
87383
87384
87411
87417
87423
87423
87424
87434
87456
87457
87457
87471
87474
87482
87483
87493
87496
87501
87546
87558
87565
87568
87569
87574
87603
87612
87618
87620
87633
87634
87636
87671
87681
87689
87689
87696
87702
87703
87707
87708
87723
87741
87750
87761
87765
87769
87772
87773
87779
87788
87811
87831
87853
87871
87874
87880
87881
87886
87886
87895
87895
87900
87918
87921
87925
87938
87944
87945
87946
87957
87961
87962
87987
88016
88037
88046
88047
88053
88063
88067
88098
88105
88139
88162
88171
88177
88188
88195
88197
88216
88220
88231
88232
88240
88255
88302
88316
88332
88342
88343
88347
88348
88356
88356
88358
88387
88413
88416
88422
88431
88450
88455
88458
88466
88467
88479
88482
88494
88524
88533
88537
88539
88541
88551
88555
88564
88575
88611
88611
88633
88633
88642
88646
88650
88651
88651
88652
88654
88679
88700
88708
88709
88725
88731
88732
88765
88778
88779
88780
88792
88806
88812
88817
88819
88843
88844
88847
88866
88868
88869
88875
88876
88879
88904
88909
88910
88928
88929
88947
88950
88951
88955
88966
88968
88987
89009
89016
89033
89036
89039
89046
89053
89088
89111
89120
89120
89125
89126
89131
89132
89133
89136
89141
89202
89206
89212
89257
89283
89284
89292
89319
89331
89331
89363
89370
89373
89396
89399
89406
89416
89431
89446
89450
89459
89467
89490
89506
89510
89519
89528
89532
89536
89544
89554
89556
89563
89575
89592
89596
89600
89605
89611
89655
89657
89667
89692
89694
89700
89700
89704
89707
89735
89754
89760
89794
89794
89797
89807
89812
89819
89824
89827
89828
89854
89854
89871
89894
89905
89908
89911
89923
89939
89946
89971
89981
89987
89989
89996
90010
90019
90025
90043
90047
90051
90066
90096
90103
90106
90138
90156
90162
90165
90188
90191
90197
90204
90215
90216
90225
90234
90238
90239
90239
90247
90250
90251
90255
90275
90287
90289
90296
90296
90298
90298
90316
90316
90324
90327
90334
90338
90349
90350
90355
90358
90367
90369
90387
90398
90402
90408
90418
90449
90450
90478
90483
90486
90511
90515
90530
90530
90536
90537
90538
90541
90550
90551
90551
90557
90561
90581
90581
90598
90615
90628
90647
90649
90651
90661
90670
90670
90675
90679
90701
90701
90710
90713
90718
90723
90736
90742
90752
90752
90757
90766
90773
90781
90784
90796
90796
90810
90815
90839
90857
90873
90902
90912
90921
90932
90933
90935
90940
90944
90954
90961
90963
91037
91091
91097
91101
91106
91122
91128
91166
91173
91176
91181
91209
91226
91229
91240
91242
91252
91264
91272
91273
91274
91275
91282
91292
91293
91304
91314
91331
91337
91338
91347
91351
91353
91369
91372
91394
91405
91409
91409
91413
91442
91454
91523
91528
91553
91565
91578
91578
91587
91603
91604
91624
91624
91628
91654
91662
91667
91689
91710
91712
91723
91735
91738
91738
91744
91748
91822
91840
91843
91850
91865
91867
91868
91901
91926
91927
91938
91948
91950
91968
91986
92010
92021
92025
92026
92028
92040
92048
92058
92081
92100
92106
92111
92122
92124
92126
92128
92150
92153
92155
92159
92168
92177
92180
92190
92191
92193
92213
92222
92224
92239
92257
92265
92284
92285
92290
92293
92318
92341
92341
92358
92368
92374
92386
92391
92398
92406
92413
92443
92449
92454
92507
92513
92515
92519
92519
92523
92535
92553
92567
92606
92614
92643
92649
92709
92740
92748
92760
92790
92792
92801
92810
92815
92829
92835
92847
92858
92885
92892
92892
92915
92924
92935
92936
92947
92982
92992
92993
92993
93027
93048
93049
93053
93061
93064
93065
93093
93099
93104
93108
93110
93117
93126
93127
93127
93140
93165
93176
93182
93186
93191
93203
93210
93220
93221
93226
93229
93251
93304
93327
93339
93339
93341
93364
93378
93384
93389
93404
93416
93419
93423
93437
93449
93450
93457
93468
93469
93473
93485
93492
93518
93520
93524
93545
93545
93549
93551
93564
93572
93573
93614
93621
93629
93631
93641
93650
93685
93694
93695
93731
93735
93750
93761
93772
93778
93779
93792
93797
93815
93821
93823
93835
93841
93861
93866
93869
93879
93884
93885
93885
93887
93916
93927
93955
93962
93964
93967
93980
93985
93988
94003
94007
94020
94022
94035
94070
94093
94125
94135
94167
94170
94174
94195
94247
94281
94282
94290
94292
94293
94298
94304
94319
94326
94326
94330
94367
94380
94391
94415
94421
94421
94424
94439
94446
94449
94454
94464
94472
94481
94496
94499
94511
94512
94518
94541
94545
94554
94560
94578
94581
94585
94591
94596
94604
94612
94623
94627
94635
94640
94641
94647
94668
94681
94694
94697
94699
94706
94706
94724
94726
94731
94733
94736
94772
94808
94818
94824
94827
94829
94842
94844
94845
94859
94887
94898
94905
94906
94943
94966
94974
94983
94986
94987
94999
95018
95023
95028
95032
95038
95040
95050
95061
95078
95089
95097
95103
95109
95116
95134
95167
95179
95179
95181
95192
95201
95203
95203
95224
95247
95251
95254
95261
95264
95268
95272
95281
95288
95293
95309
95312
95332
95334
95356
95357
95364
95374
95386
95389
95394
95403
95414
95455
95482
95509
95513
95516
95532
95537
95546
95564
95583
95588
95600
95608
95608
95611
95612
95613
95617
95618
95626
95633
95643
95649
95655
95661
95669
95670
95671
95677
95697
95700
95705
95717
95732
95739
95740
95744
95748
95765
95777
95782
95806
95814
95821
95857
95881
95883
95922
95923
95927
95928
95975
95988
95991
96012
96025
96030
96043
96049
96049
96056
96056
96060
96070
96080
96081
96083
96088
96089
96104
96116
96120
96124
96128
96170
96177
96189
96209
96216
96231
96239
96246
96281
96292
96315
96326
96328
96334
96337
96341
96352
96353
96362
96386
96391
96391
96413
96418
96421
96457
96461
96471
96475
96481
96502
96512
96517
96519
96542
96548
96552
96565
96577
96577
96588
96590
96632
96668
96682
96684
96685
96689
96693
96694
96724
96741
96751
96778
96790
96797
96798
96799
96803
96803
96803
96816
96819
96839
96848
96850
96859
96868
96905
96918
96928
96929
96930
96934
96942
96966
97008
97014
97033
97036
97038
97047
97052
97064
97072
97089
97122
97126
97145
97146
97151
97153
97179
97180
97182
97182
97183
97191
97199
97203
97207
97232
97246
97281
97290
97296
97314
97320
97379
97392
97417
97429
97432
97435
97502
97508
97510
97539
97540
97542
97543
97562
97577
97585
97600
97604
97606
97611
97619
97622
97634
97636
97646
97654
97659
97664
97668
97681
97686
97687
97701
97718
97719
97722
97731
97742
97746
97763
97787
97794
97798
97811
97835
97850
97860
97872
97878
97881
97894
97896
97915
97915
97940
97960
97972
97996
97999
98004
98015
98016
98029
98032
98039
98057
98061
98070
98075
98082
98089
98095
98112
98120
98120
98123
98132
98138
98139
98139
98142
98145
98174
98178
98187
98190
98191
98226
98239
98239
98241
98243
98260
98269
98273
98284
98285
98289
98294
98315
98336
98347
98348
98365
98366
98376
98382
98384
98397
98400
98417
98428
98439
98444
98455
98474
98477
98486
98489
98503
98516
98521
98549
98551
98552
98562
98583
98584
98585
98587
98597
98611
98619
98624
98626
98639
98654
98669
98677
98691
98691
98694
98723
98733
98737
98765
98767
98775
98784
98785
98792
98814
98827
98828
98831
98858
98860
98861
98868
98883
98908
98916
98916
98927
98952
98956
98957
98963
98977
98982
98982
98990
99006
99006
99014
99015
99015
99020
99032
99034
99036
99037
99045
99046
99047
99054
99054
99095
99097
99111
99118
99124
99125
99146
99168
99183
99193
99210
99214
99224
99247
99251
99257
99297
99301
99323
99332
99365
99372
99374
99389
99390
99398
99430
99446
99453
99454
99456
99468
99480
99484
99490
99505
99516
99522
99531
99531
99542
99547
99558
99575
99580
99591
99592
99596
99604
99622
99628
99658
99660
99671
99672
99675
99692
99699
99701
99705
99712
99716
99727
99737
99762
99774
99775
99779
99783
99797
99835
99836
99838
99851
99863
99863
99868
99890
99910
99912
99914
99918
99925
99934
99956
99965
99972
99978
99996
