34
38
39
43
49
50
65
66
78
90
93
107
131
131
136
147
150
154
170
173
210
223
226
233
236
237
310
322
331
335
337
338
353
367
367
376
383
389
401
415
416
417
447
457
459
483
492
493
501
520
540
548
551
553
558
560
561
566
576
579
596
599
645
649
654
661
667
684
739
741
749
753
762
763
766
774
779
781
795
809
813
816
837
855
860
860
867
900
904
904
941
944
967
991
997
1022
1034
1038
1039
1041
1047
1048
1051
1060
1077
1092
1097
1105
1117
1134
1144
1157
1166
1167
1220
1223
1231
1232
1233
1237
1239
1244
1268
1277
1278
1284
1287
1297
1300
1306
1340
1341
1348
1365
1366
1371
1372
1372
1385
1420
1424
1424
1448
1457
1477
1483
1487
1499
1499
1501
1510
1511
1542
1565
1591
1595
1598
1611
1619
1619
1625
1643
1645
1656
1658
1692
1702
1702
1704
1731
1731
1747
1751
1767
1793
1799
1823
1834
1837
1837
1847
1847
1851
1855
1873
1877
1884
1930
1931
1945
1948
1950
1962
1966
1979
1980
1986
1992
2004
2017
2076
2082
2096
2097
2103
2113
2114
2115
2115
2116
2144
2147
2153
2165
2169
2186
2199
2223
2253
2262
2263
2275
2275
2301
2333
2333
2370
2393
2404
2409
2415
2423
2431
2433
2445
2455
2470
2476
2485
2485
2485
2493
2528
2540
2549
2551
2567
2577
2595
2606
2610
2628
2632
2638
2642
2647
2649
2653
2663
2687
2694
2720
2728
2728
2736
2739
2739
2740
2747
2752
2788
2811
2828
2834
2837
2845
2850
2860
2870
2877
2879
2885
2894
2918
2941
2943
2954
2955
2972
2973
2979
2983
2985
3000
3006
3011
3025
3027
3036
3058
3078
3090
3091
3098
3132
3147
3147
3148
3160
3164
3173
3174
3181
3213
3213
3216
3220
3258
3263
3279
3283
3321
3325
3335
3349
3402
3407
3417
3425
3426
3434
3441
3467
3467
3473
3476
3479
3481
3503
3520
3534
3548
3549
3554
3571
3574
3581
3583
3595
3634
3643
3657
3674
3716
3730
3735
3737
3775
3782
3783
3799
3801
3804
3805
3806
3812
3814
3819
3824
3837
3844
3844
3846
3860
3867
3911
3911
3919
3922
3923
3929
3938
3939
3941
3951
3955
3955
3958
3964
3971
3974
3980
3982
3987
3993
4009
4010
4012
4015
4025
4042
4085
4087
4099
4129
4148
4168
4172
4181
4185
4196
4216
4217
4226
4246
4250
4251
4253
4265
4283
4287
4287
4290
4296
4303
4306
4314
4315
4322
4340
4348
4359
4369
4376
4383
4388
4405
4411
4422
4455
4469
4474
4485
4495
4498
4507
4508
4532
4535
4536
4539
4539
4565
4567
4572
4585
4602
4623
4625
4638
4672
4674
4675
4679
4684
4684
4699
4699
4700
4715
4732
4736
4757
4768
4801
4838
4859
4870
4879
4886
4887
4889
4889
4891
4909
4912
4915
4922
4922
4925
4927
4934
4942
4950
4957
4987
4990
5014
5020
5021
5027
5039
5044
5048
5057
5063
5070
5090
5094
5127
5159
5207
5244
5250
5253
5260
5277
5281
5295
5302
5302
5320
5328
5333
5340
5344
5347
5358
5370
5376
5385
5396
5403
5410
5414
5417
5420
5474
5483
5492
5497
5520
5558
5562
5567
5570
5571
5576
5609
5611
5625
5637
5650
5655
5658
5662
5669
5675
5678
5680
5690
5696
5701
5721
5733
5738
5747
5749
5767
5769
5777
5786
5790
5811
5829
5848
5866
5867
5872
5878
5894
5924
5927
5933
5946
5966
5980
5986
6003
6010
6026
6036
6050
6063
6071
6082
6084
6116
6123
6141
6186
6191
6225
6232
6233
6243
6244
6261
6264
6268
6273
6275
6303
6305
6318
6338
6364
6365
6370
6371
6373
6376
6384
6416
6423
6445
6445
6452
6457
6462
6472
6482
6486
6491
6506
6507
6516
6523
6545
6553
6555
6557
6558
6564
6567
6568
6575
6582
6583
6587
6611
6626
6631
6636
6645
6646
6647
6661
6665
6671
6672
6677
6702
6709
6713
6728
6729
6737
6740
6756
6766
6767
6768
6793
6798
6810
6818
6820
6822
6829
6833
6838
6840
6842
6848
6849
6861
6874
6877
6895
6910
6916
6927
6936
6938
6938
6965
6970
6972
6977
6978
6990
6993
7001
7011
7012
7016
7020
7026
7030
7031
7033
7037
7047
7050
7064
7072
7073
7081
7101
7101
7103
7104
7137
7147
7150
7169
7182
7186
7195
7206
7224
7225
7237
7239
7239
7278
7295
7317
7328
7346
7348
7349
7350
7352
7368
7377
7388
7415
7418
7419
7421
7447
7451
7494
7504
7519
7522
7541
7542
7589
7599
7606
7624
7635
7639
7652
7656
7670
7704
7732
7746
7750
7768
7792
7794
7822
7836
7848
7850
7851
7855
7877
7887
7903
7915
7925
7939
7952
7957
7960
7967
7972
8002
8004
8011
8013
8018
8023
8030
8031
8076
8084
8088
8099
8103
8107
8109
8123
8126
8179
8179
8193
8213
8241
8242
8253
8260
8273
8282
8317
8320
8340
8342
8345
8352
8366
8371
8381
8388
8396
8409
8412
8418
8433
8433
8448
8466
8472
8480
8481
8486
8491
8513
8521
8528
8547
8548
8561
8565
8571
8603
8614
8626
8637
8650
8655
8668
8683
8686
8687
8702
8717
8724
8738
8747
8761
8767
8769
8774
8785
8803
8804
8804
8806
8810
8813
8814
8851
8854
8864
8874
8878
8890
8900
8910
8913
8923
8933
8940
8952
8969
8970
8980
8981
8985
8991
9000
9006
9009
9013
9013
9021
9028
9038
9043
9055
9071
9075
9080
9082
9085
9094
9099
9099
9105
9122
9148
9151
9178
9184
9197
9199
9208
9230
9233
9250
9255
9267
9271
9285
9305
9309
9318
9321
9344
9356
9369
9373
9383
9398
9409
9410
9410
9411
9419
9425
9446
9451
9462
9463
9466
9466
9470
9472
9493
9496
9504
9511
9525
9527
9534
9537
9539
9558
9561
9566
9573
9576
9587
9594
9595
9598
9608
9609
9612
9613
9616
9629
9630
9642
9647
9664
9675
9679
9686
9701
9707
9709
9713
9733
9733
9756
9757
9771
9774
9788
9796
9802
9805
9806
9809
9827
9844
9867
9876
9898
9901
9902
9907
9908
9908
9918
9920
9936
9937
9940
9947
9950
9967
9975
9990
10002
10008
10021
10035
10044
10053
10066
10068
10074
10078
10079
10080
10096
10109
10118
10119
10122
10127
10138
10147
10161
10163
10169
10178
10196
10196
10223
10223
10226
10227
10230
10232
10245
10255
10260
10263
10266
10278
10279
10280
10288
10292
10295
10300
10308
10329
10363
10369
10400
10418
10424
10426
10440
10445
10455
10476
10488
10551
10558
10567
10577
10584
10589
10604
10623
10638
10641
10661
10684
10684
10695
10700
10702
10707
10708
10722
10732
10739
10755
10761
10765
10776
10777
10796
10805
10807
10828
10833
10840
10841
10847
10853
10857
10897
10911
10911
10911
10912
10913
10926
10926
10945
10952
10956
10980
11009
11015
11030
11032
11041
11044
11051
11052
11056
11062
11065
11066
11070
11081
11086
11091
11107
11118
11144
11148
11163
11171
11186
11186
11214
11223
11245
11260
11261
11285
11297
11308
11318
11338
11349
11356
11360
11365
11392
11437
11466
11469
11474
11486
11487
11498
11504
11520
11529
11536
11544
11545
11550
11562
11565
11584
11598
11614
11616
11618
11625
11638
11647
11658
11662
11677
11690
11695
11714
11720
11721
11736
11736
11752
11759
11764
11770
11789
11797
11799
11802
11805
11806
11813
11820
11827
11827
11828
11828
11831
11832
11859
11879
11887
11888
11907
11911
11916
11932
11976
11988
11998
11999
12003
12007
12058
12062
12065
12087
12090
12097
12100
12110
12121
12129
12136
12141
12217
12227
12228
12241
12254
12266
12272
12278
12282
12288
12291
12303
12307
12315
12359
12370
12373
12388
12393
12400
12423
12435
12449
12456
12465
12478
12490
12512
12513
12531
12532
12533
12546
12556
12561
12567
12570
12571
12598
12613
12637
12642
12654
12657
12660
12666
12676
12703
12721
12724
12727
12727
12768
12768
12769
12789
12884
12886
12888
12899
12919
12921
12921
12923
12934
12948
12949
12950
12963
12975
12983
12985
12993
13007
13013
13030
13071
13074
13086
13089
13092
13095
13123
13138
13144
13154
13171
13185
13192
13192
13194
13225
13244
13247
13261
13263
13274
13275
13287
13312
13316
13331
13367
13382
13395
13396
13407
13407
13416
13418
13427
13428
13448
13477
13490
13493
13503
13512
13512
13521
13521
13532
13551
13559
13596
13598
13611
13624
13625
13628
13636
13637
13651
13652
13660
13660
13664
13673
13678
13697
13700
13732
13773
13774
13780
13785
13786
13791
13809
13822
13830
13833
13859
13879
13879
13883
13885
13891
13899
13904
13919
13919
13924
13934
13939
13950
13963
13994
14003
14004
14005
14014
14015
14020
14028
14040
14050
14054
14095
14095
14096
14102
14112
14116
14126
14141
14146
14148
14150
14173
14202
14215
14216
14217
14230
14242
14256
14274
14275
14295
14333
14336
14341
14347
14361
14381
14386
14404
14422
14422
14426
14436
14450
14453
14473
14477
14486
14520
14523
14531
14533
14546
14550
14552
14552
14562
14568
14571
14574
14578
14580
14582
14600
14623
14634
14651
14655
14655
14667
14682
14683
14704
14708
14740
14747
14759
14767
14770
14786
14789
14799
14829
14834
14855
14868
14871
14873
14879
14882
14891
14897
14906
14916
14916
14956
14959
14965
14990
15000
15023
15032
15033
15037
15043
15057
15057
15059
15063
15073
15083
15089
15100
15100
15102
15103
15109
15123
15126
15139
15153
15154
15158
15164
15169
15171
15179
15185
15190
15219
15242
15258
15265
15275
15289
15289
15292
15292
15292
15299
15313
15327
15333
15345
15346
15348
15356
15360
15367
15371
15377
15385
15386
15390
15399
15399
15408
15408
15415
15426
15431
15446
15448
15461
15466
15484
15503
15512
15519
15524
15532
15549
15566
15605
15611
15623
15625
15635
15636
15639
15640
15641
15664
15670
15677
15709
15723
15773
15806
15812
15812
15814
15852
15863
15866
15868
15874
15880
15883
15917
15941
15945
15946
15951
15966
15969
15976
15982
15984
15990
15998
15999
16006
16010
16024
16025
16037
16051
16067
16068
16070
16076
16081
16089
16091
16092
16092
16126
16131
16133
16148
16156
16164
16166
16166
16173
16178
16187
16192
16195
16215
16233
16256
16265
16265
16266
16286
16293
16298
16302
16310
16314
16316
16317
16341
16347
16363
16365
16403
16406
16410
16435
16454
16467
16471
16474
16495
16506
16512
16525
16525
16530
16545
16548
16552
16583
16586
16588
16591
16595
16604
16609
16635
16655
16703
16719
16720
16733
16736
16750
16752
16773
16773
16794
16807
16840
16857
16858
16873
16875
16905
16927
16935
16942
16948
16961
16971
16971
16994
16996
17022
17026
17071
17080
17082
17082
17085
17091
17092
17095
17096
17101
17110
17116
17120
17131
17135
17135
17148
17150
17171
17171
17181
17192
17194
17210
17217
17222
17229
17242
17251
17252
17266
17290
17302
17315
17336
17340
17348
17376
17397
17404
17408
17418
17444
17447
17448
17452
17456
17460
17466
17467
17468
17477
17481
17482
17524
17535
17538
17541
17551
17566
17592
17593
17597
17617
17637
17637
17649
17654
17654
17654
17657
17663
17673
17689
17705
17721
17741
17748
17757
17768
17770
17775
17781
17796
17802
17823
17847
17849
17857
17905
17919
17942
17949
17955
17990
17996
18004
18007
18021
18028
18033
18038
18040
18048
18059
18075
18143
18152
18156
18167
18174
18178
18191
18197
18212
18223
18233
18248
18255
18271
18284
18291
18324
18324
18330
18330
18354
18358
18362
18363
18398
18437
18455
18459
18463
18493
18500
18507
18508
18511
18542
18545
18549
18554
18565
18576
18578
18591
18592
18595
18598
18602
18627
18649
18653
18697
18698
18700
18700
18704
18705
18710
18711
18717
18719
18743
18749
18751
18752
18760
18764
18793
18816
18819
18822
18827
18855
18856
18856
18874
18883
18906
18909
18909
18919
18931
18934
18961
18981
18982
19017
19022
19027
19048
19052
19068
19074
19092
19101
19109
19123
19124
19124
19153
19191
19194
19211
19229
19233
19245
19255
19263
19274
19278
19287
19291
19298
19301
19320
19322
19331
19340
19354
19368
19372
19376
19378
19380
19386
19408
19408
19419
19425
19442
19449
19449
19464
19464
19469
19478
19502
19503
19510
19511
19522
19542
19554
19555
19560
19565
19566
19572
19580
19583
19587
19587
19611
19613
19630
19634
19644
19662
19668
19671
19672
19686
19688
19696
19718
19731
19740
19746
19797
19799
19804
19804
19808
19812
19823
19824
19839
19850
19863
19881
19884
19886
19887
19919
19923
19930
19947
19959
19961
19976
19977
19984
20005
20007
20011
20020
20043
20045
20048
20057
20070
20076
20077
20081
20083
20123
20140
20145
20161
20164
20184
20189
20199
20204
20205
20216
20226
20232
20240
20241
20249
20254
20284
20287
20296
20299
20307
20320
20321
20329
20338
20338
20345
20351
20356
20363
20368
20370
20377
20394
20398
20401
20403
20407
20432
20482
20499
20513
20539
20556
20559
20561
20562
20581
20585
20599
20606
20615
20626
20631
20631
20670
20682
20683
20683
20690
20701
20704
20721
20722
20728
20747
20752
20753
20765
20774
20779
20784
20798
20803
20821
20822
20835
20850
20864
20869
20898
20912
20944
20950
20957
20977
20980
20986
20988
20997
21004
21021
21042
21069
21077
21087
21130
21132
21143
21145
21154
21155
21207
21225
21238
21247
21249
21258
21286
21294
21306
21311
21331
21331
21333
21351
21351
21365
21370
21385
21410
21422
21435
21451
21470
21473
21497
21497
21532
21537
21540
21551
21556
21571
21573
21584
21590
21594
21596
21608
21612
21624
21639
21641
21650
21675
21676
21705
21731
21742
21767
21767
21767
21770
21786
21800
21801
21811
21814
21837
21838
21851
21864
21873
21875
21882
21889
21890
21893
21924
21932
21936
21939
21939
21946
21952
21989
21996
22008
22017
22019
22026
22035
22055
22071
22079
22105
22114
22115
22116
22117
22117
22138
22141
22141
22142
22147
22148
22183
22186
22191
22200
22202
22208
22209
22213
22214
22219
22223
22234
22242
22243
22283
22285
22331
22333
22341
22354
22358
22360
22371
22385
22389
22390
22399
22406
22408
22408
22411
22412
22426
22470
22475
22477
22478
22498
22499
22506
22515
22520
22527
22530
22531
22573
22577
22584
22597
22603
22615
22616
22625
22644
22656
22656
22663
22663
22700
22701
22701
22732
22774
22795
22796
22803
22804
22809
22811
22836
22846
22858
22883
22894
22896
22928
22931
22951
22967
22971
22975
23006
23013
23023
23027
23033
23041
23064
23066
23076
23114
23127
23133
23138
23142
23152
23159
23185
23188
23194
23210
23222
23265
23275
23280
23282
23292
23298
23300
23324
23331
23337
23338
23351
23370
23377
23401
23403
23412
23415
23418
23419
23434
23434
23469
23512
23517
23518
23519
23525
23543
23547
23557
23573
23575
23583
23589
23590
23597
23602
23608
23615
23637
23638
23639
23650
23678
23681
23687
23702
23712
23739
23751
23757
23764
23782
23803
23806
23821
23835
23855
23866
23867
23870
23874
23897
23897
23898
23899
23900
23912
23933
23962
23970
23993
24005
24009
24028
24033
24040
24044
24045
24048
24052
24055
24072
24086
24087
24095
24126
24128
24153
24156
24172
24175
24181
24203
24212
24248
24259
24273
24291
24299
24301
24320
24323
24328
24334
24340
24341
24378
24378
24381
24381
24384
24387
24387
24408
24409
24410
24411
24418
24429
24433
24443
24444
24451
24452
24458
24461
24464
24466
24475
24475
24478
24480
24488
24489
24495
24513
24520
24526
24528
24530
24536
24539
24543
24548
24552
24580
24591
24604
24607
24609
24610
24625
24627
24647
24673
24677
24688
24695
24700
24707
24712
24731
24737
24744
24755
24760
24768
24768
24773
24782
24795
24811
24825
24842
24846
24865
24869
24877
24884
24887
24917
24922
24949
24951
24956
24967
24974
25005
25007
25012
25033
25045
25049
25062
25073
25075
25082
25124
25135
25139
25139
25176
25179
25183
25186
25190
25200
25204
25210
25240
25243
25245
25256
25265
25273
25315
25319
25322
25323
25337
25349
25367
25380
25382
25384
25387
25393
25397
25408
25412
25431
25432
25437
25438
25452
25469
25481
25494
25496
25506
25507
25512
25515
25553
25556
25586
25596
25611
25625
25628
25634
25636
25668
25700
25702
25712
25727
25733
25741
25743
25744
25748
25756
25765
25769
25773
25786
25789
25795
25801
25805
25820
25830
25844
25850
25862
25872
25873
25902
25920
25957
25965
25965
25966
25972
25982
25989
26012
26019
26032
26035
26039
26044
26075
26080
26084
26114
26118
26118
26125
26136
26151
26157
26170
26180
26180
26190
26194
26202
26210
26210
26225
26240
26251
26267
26284
26306
26323
26363
26374
26394
26396
26401
26410
26422
26423
26426
26458
26479
26482
26484
26494
26497
26507
26519
26528
26539
26548
26567
26572
26574
26580
26584
26586
26587
26594
26599
26609
26652
26662
26673
26674
26687
26698
26729
26747
26747
26753
26765
26766
26789
26808
26826
26829
26858
26865
26869
26883
26913
26938
26948
26956
26962
26975
26988
27014
27015
27020
27041
27070
27076
27077
27088
27097
27104
27108
27111
27131
27140
27141
27142
27143
27151
27161
27164
27168
27180
27180
27185
27186
27194
27217
27218
27234
27245
27247
27248
27258
27261
27288
27309
27313
27326
27355
27360
27361
27377
27385
27418
27428
27430
27435
27439
27447
27464
27487
27523
27527
27530
27534
27542
27553
27559
27568
27595
27606
27607
27610
27611
27611
27625
27627
27636
27639
27644
27652
27671
27678
27698
27728
27744
27768
27793
27795
27812
27832
27842
27852
27861
27863
27869
27881
27886
27898
27912
27930
27936
27936
27940
27960
27974
27975
27975
27979
27996
27998
28004
28007
28016
28017
28024
28032
28058
28071
28095
28103
28104
28106
28106
28110
28114
28119
28129
28129
28135
28139
28139
28161
28165
28166
28167
28207
28211
28212
28213
28214
28231
28241
28255
28260
28275
28278
28280
28290
28337
28365
28383
28400
28403
28410
28410
28417
28451
28455
28457
28463
28466
28486
28492
28495
28507
28513
28528
28538
28559
28565
28573
28575
28580
28583
28583
28590
28615
28631
28635
28641
28642
28666
28669
28680
28699
28700
28704
28706
28726
28735
28735
28744
28751
28768
28769
28778
28787
28791
28808
28812
28843
28845
28846
28869
28896
28909
28911
28918
28922
28939
28948
28954
28958
28961
28986
28993
29005
29019
29025
29057
29057
29063
29090
29091
29102
29109
29117
29126
29127
29130
29149
29180
29180
29183
29198
29198
29199
29199
29201
29209
29220
29234
29242
29246
29247
29273
29274
29285
29286
29299
29301
29318
29322
29325
29347
29355
29374
29380
29382
29411
29417
29427
29439
29462
29470
29475
29505
29507
29509
29509
29518
29519
29529
29542
29545
29550
29576
29583
29588
29592
29595
29602
29627
29630
29649
29651
29658
29661
29663
29670
29678
29682
29696
29703
29706
29712
29718
29720
29734
29737
29738
29740
29762
29764
29766
29769
29786
29823
29830
29836
29853
29865
29867
29896
29898
29903
29928
29932
29952
29953
29963
29973
29973
29998
29998
30085
30088
30097
30102
30123
30139
30152
30161
30169
30177
30179
30180
30181
30186
30207
30209
30209
30213
30228
30231
30234
30237
30251
30271
30275
30285
30287
30293
30303
30312
30332
30336
30343
30359
30361
30372
30390
30415
30443
30444
30469
30473
30500
30506
30508
30513
30523
30536
30539
30541
30544
30545
30546
30557
30580
30587
30593
30625
30633
30636
30638
30640
30643
30652
30670
30683
30689
30694
30702
30706
30720
30731
30742
30764
30786
30787
30789
30805
30806
30806
30818
30835
30837
30863
30871
30881
30889
30900
30910
30913
30932
30932
30937
30938
30941
30942
30952
30952
30966
30974
30992
31008
31018
31035
31037
31038
31045
31057
31058
31062
31073
31080
31081
31083
31096
31108
31112
31124
31140
31167
31198
31204
31211
31211
31230
31243
31248
31252
31257
31264
31299
31299
31304
31307
31351
31352
31367
31371
31376
31378
31391
31397
31409
31415
31454
31460
31462
31474
31491
31492
31497
31513
31536
31558
31582
31608
31621
31624
31636
31641
31656
31685
31696
31702
31704
31711
31718
31750
31836
31839
31852
31867
31877
31880
31882
31887
31890
31909
31914
31914
31922
31924
31927
31948
31996
31998
32004
32005
32011
32014
32029
32038
32040
32067
32072
32075
32078
32105
32139
32148
32153
32182
32185
32191
32195
32199
32201
32201
32201
32216
32220
32255
32255
32269
32288
32300
32310
32315
32316
32332
32336
32343
32350
32351
32361
32363
32368
32389
32391
32399
32400
32402
32413
32416
32425
32428
32453
32459
32478
32481
32490
32502
32505
32512
32517
32519
32552
32560
32565
32570
32607
32611
32617
32634
32639
32661
32668
32669
32671
32673
32678
32688
32690
32697
32709
32711
32741
32747
32760
32781
32781
32782
32790
32791
32792
32793
32795
32800
32802
32805
32833
32835
32860
32868
32874
32884
32885
32901
32917
32920
32923
32930
32930
32935
32951
32960
32962
32974
32997
33005
33006
33011
33013
33017
33025
33034
33037
33039
33057
33074
33079
33080
33095
33095
33111
33118
33141
33145
33147
33175
33200
33224
33239
33240
33252
33278
33286
33311
33320
33329
33352
33355
33360
33371
33373
33384
33384
33391
33391
33400
33402
33402
33404
33421
33431
33439
33443
33466
33478
33496
33497
33503
33508
33538
33543
33546
33567
33572
33590
33594
33599
33625
33625
33628
33634
33636
33656
33688
33696
33725
33734
33738
33753
33762
33769
33772
33787
33797
33798
33804
33815
33837
33844
33853
33861
33864
33870
33871
33885
33921
33924
33932
33933
33942
33958
33965
33969
33971
33973
33976
33976
33979
33985
33989
33996
33998
34004
34025
34031
34033
34033
34039
34049
34050
34066
34066
34085
34093
34108
34129
34132
34139
34165
34165
34176
34191
34197
34204
34206
34216
34225
34250
34271
34276
34287
34307
34327
34328
34351
34352
34363
34365
34380
34385
34394
34401
34414
34419
34432
34440
34444
34452
34455
34457
34480
34484
34490
34503
34517
34523
34528
34537
34557
34566
34573
34574
34588
34591
34599
34600
34628
34631
34639
34643
34646
34649
34674
34677
34682
34692
34699
34715
34743
34761
34771
34772
34772
34773
34796
34807
34808
34809
34810
34811
34825
34830
34848
34859
34870
34874
34880
34880
34892
34905
34912
34915
34916
34923
34927
34943
34948
34948
34962
34980
34995
35014
35016
35035
35059
35091
35102
35128
35129
35134
35156
35167
35172
35183
35185
35203
35221
35223
35244
35247
35260
35264
35264
35266
35269
35278
35307
35314
35316
35325
35327
35329
35335
35346
35349
35382
35393
35418
35421
35423
35432
35442
35453
35466
35476
35476
35489
35494
35498
35503
35508
35511
35528
35538
35540
35540
35545
35565
35566
35597
35615
35617
35623
35630
35644
35653
35656
35669
35706
35710
35715
35735
35755
35779
35783
35783
35829
35834
35837
35837
35843
35883
35890
35909
35919
35930
35937
35947
35951
35955
35958
35960
35980
35981
35983
35997
36022
36034
36041
36049
36053
36057
36059
36073
36075
36099
36099
36112
36117
36171
36178
36190
36208
36233
36235
36235
36247
36250
36253
36253
36270
36277
36285
36285
36293
36308
36316
36320
36326
36331
36331
36341
36342
36343
36347
36350
36351
36353
36354
36362
36371
36381
36382
36388
36390
36397
36424
36430
36449
36457
36461
36484
36492
36519
36534
36554
36557
36594
36603
36630
36641
36641
36649
36654
36654
36663
36674
36679
36681
36686
36704
36708
36713
36727
36735
36742
36743
36744
36748
36753
36759
36766
36770
36780
36800
36804
36811
36818
36819
36823
36868
36872
36878
36880
36882
36891
36904
36907
36926
36934
36941
36961
36962
36971
37008
37010
37011
37015
37022
37033
37035
37053
37060
37071
37076
37124
37145
37148
37160
37169
37178
37191
37196
37202
37211
37230
37236
37236
37241
37245
37246
37247
37271
37299
37339
37347
37359
37364
37368
37376
37398
37404
37407
37407
37418
37419
37441
37452
37456
37457
37496
37501
37503
37510
37526
37543
37559
37568
37586
37586
37594
37646
37658
37667
37676
37678
37685
37692
37708
37714
37728
37732
37738
37742
37756
37779
37798
37801
37808
37819
37832
37842
37849
37868
37886
37888
37891
37893
37918
37919
37943
37943
37947
37950
37961
37969
37983
37985
37988
38004
38015
38042
38071
38084
38125
38127
38130
38141
38144
38173
38209
38210
38213
38216
38216
38233
38233
38242
38253
38259
38263
38272
38285
38291
38297
38297
38299
38305
38306
38308
38309
38310
38311
38315
38315
38325
38332
38335
38337
38339
38342
38347
38348
38362
38364
38365
38367
38372
38405
38422
38427
38428
38443
38456
38459
38463
38485
38503
38518
38522
38537
38539
38552
38554
38559
38566
38566
38579
38593
38603
38605
38618
38627
38630
38635
38639
38662
38669
38681
38695
38698
38719
38732
38759
38765
38765
38772
38794
38803
38809
38824
38827
38827
38842
38869
38870
38881
38900
38903
38921
38942
38988
38994
38996
39003
39007
39043
39049
39063
39067
39081
39082
39085
39102
39129
39131
39147
39155
39177
39184
39190
39193
39205
39207
39218
39220
39223
39226
39238
39249
39251
39254
39273
39286
39301
39329
39331
39336
39348
39349
39353
39361
39366
39380
39399
39399
39400
39409
39425
39446
39453
39456
39474
39483
39487
39490
39513
39513
39516
39535
39539
39545
39561
39565
39590
39590
39593
39611
39615
39624
39626
39631
39638
39646
39648
39649
39653
39668
39674
39700
39717
39733
39738
39740
39750
39756
39764
39774
39792
39813
39815
39837
39841
39851
39854
39855
39862
39864
39881
39884
39891
39906
39937
39947
39950
39960
39976
39980
39981
39993
39997
40013
40022
40026
40028
40028
40035
40036
40040
40048
40052
40074
40084
40087
40122
40136
40136
40138
40157
40169
40174
40179
40189
40200
40216
40241
40258
40261
40262
40263
40275
40290
40307
40340
40347
40350
40375
40380
40380
40399
40406
40414
40417
40427
40427
40436
40443
40445
40453
40481
40485
40490
40499
40508
40515
40522
40540
40569
40582
40584
40585
40587
40590
40634
40639
40650
40652
40656
40659
40679
40692
40694
40705
40708
40719
40723
40751
40760
40787
40808
40810
40819
40829
40846
40852
40852
40870
40879
40887
40894
40902
40903
40909
40922
40923
40951
40951
40968
41025
41026
41036
41037
41038
41040
41044
41046
41049
41066
41067
41073
41092
41093
41096
41114
41137
41140
41150
41155
41173
41181
41214
41222
41235
41245
41255
41271
41279
41285
41286
41295
41300
41301
41304
41311
41333
41351
41377
41385
41395
41409
41415
41418
41429
41434
41434
41442
41442
41445
41448
41459
41475
41487
41502
41502
41503
41529
41535
41555
41564
41569
41595
41601
41604
41618
41628
41637
41639
41647
41649
41652
41654
41666
41686
41698
41700
41707
41713
41714
41718
41721
41732
41771
41781
41796
41820
41838
41870
41874
41878
41898
41900
41910
41913
41914
41928
41939
41949
41961
41963
41967
41981
41981
41990
41998
42010
42014
42024
42028
42056
42062
42088
42095
42124
42129
42138
42150
42188
42201
42223
42224
42237
42238
42252
42255
42255
42266
42267
42268
42310
42315
42323
42326
42329
42331
42347
42354
42367
42375
42382
42384
42409
42412
42422
42436
42459
42464
42485
42490
42490
42519
42525
42557
42564
42568
42569
42571
42571
42572
42573
42577
42581
42586
42594
42608
42608
42610
42611
42620
42621
42641
42644
42647
42662
42677
42679
42696
42697
42703
42720
42739
42741
42748
42755
42785
42807
42826
42828
42831
42847
42847
42868
42878
42899
42900
42901
42917
42926
42956
42961
42962
42964
42964
42966
42966
42971
42992
42994
43006
43014
43019
43028
43039
43040
43041
43048
43103
43125
43126
43127
43128
43136
43148
43159
43164
43174
43180
43188
43197
43199
43217
43222
43228
43242
43245
43253
43255
43267
43268
43288
43293
43306
43313
43330
43330
43333
43348
43349
43365
43385
43386
43414
43416
43440
43442
43445
43481
43510
43522
43530
43533
43551
43563
43584
43594
43604
43610
43611
43620
43629
43629
43630
43644
43649
43654
43657
43668
43677
43679
43712
43722
43739
43746
43763
43767
43813
43814
43816
43846
43850
43860
43861
43862
43874
43878
43888
43892
43904
43911
43920
43928
43932
43940
43945
43971
43981
44029
44047
44077
44081
44131
44133
44146
44149
44154
44155
44188
44192
44233
44272
44286
44288
44299
44300
44302
44321
44325
44350
44389
44405
44417
44420
44423
44436
44439
44443
44447
44459
44462
44479
44479
44480
44481
44485
44492
44503
44509
44527
44527
44554
44566
44572
44585
44605
44606
44621
44628
44667
44671
44675
44678
44678
44687
44689
44699
44726
44736
44749
44749
44750
44757
44779
44792
44796
44806
44825
44845
44850
44856
44870
44873
44873
44877
44884
44885
44888
44907
44928
44943
44947
44964
44965
44973
44996
45016
45017
45040
45046
45053
45061
45074
45079
45086
45092
45094
45095
45095
45096
45125
45126
45139
45143
45144
45145
45151
45173
45177
45178
45197
45213
45220
45247
45255
45263
45268
45313
45315
45321
45350
45377
45387
45390
45398
45398
45412
45432
45447
45469
45479
45482
45486
45487
45498
45502
45511
45515
45516
45517
45530
45553
45554
45561
45563
45566
45570
45590
45594
45610
45619
45620
45622
45626
45656
45659
45664
45672
45691
45705
45710
45714
45723
45751
45753
45753
45753
45768
45770
45774
45788
45789
45797
45801
45805
45809
45813
45822
45830
45831
45833
45836
45841
45861
45888
45891
45907
45919
45919
45928
45929
45955
45956
45987
45990
45993
45994
45996
45997
45999
46005
46007
46009
46037
46063
46068
46071
46081
46087
46100
46101
46115
46116
46119
46126
46127
46129
46135
46139
46140
46140
46145
46150
46165
46168
46172
46173
46173
46184
46193
46199
46207
46215
46221
46223
46232
46246
46293
46309
46324
46338
46364
46390
46394
46402
46413
46417
46421
46435
46467
46470
46471
46483
46503
46504
46504
46509
46516
46518
46548
46560
46568
46577
46581
46582
46585
46589
46590
46614
46621
46651
46693
46723
46731
46740
46747
46748
46761
46770
46779
46794
46797
46800
46804
46810
46823
46833
46837
46845
46848
46848
46864
46868
46891
46893
46902
46919
46927
46934
46934
46936
46949
46954
46979
46985
46988
46995
46996
47000
47003
47010
47038
47078
47107
47110
47118
47166
47170
47171
47173
47183
47184
47190
47194
47195
47202
47205
47206
47215
47228
47237
47267
47294
47294
47302
47310
47319
47339
47339
47348
47364
47430
47430
47433
47435
47473
47486
47500
47503
47527
47548
47552
47562
47566
47573
47575
47593
47595
47598
47605
47608
47661
47681
47704
47706
47715
47743
47744
47755
47756
47758
47812
47816
47839
47842
47858
47892
47901
47925
47949
47955
47972
47990
48001
48003
48021
48035
48041
48047
48066
48074
48081
48084
48089
48089
48090
48142
48159
48191
48192
48199
48201
48211
48225
48235
48238
48240
48260
48279
48292
48297
48307
48308
48311
48318
48339
48339
48355
48364
48387
48389
48396
48397
48398
48400
48409
48412
48415
48452
48459
48463
48463
48475
48481
48500
48504
48528
48532
48535
48540
48549
48550
48564
48566
48580
48582
48585
48592
48592
48594
48595
48602
48603
48609
48615
48626
48640
48655
48658
48661
48661
48667
48669
48687
48688
48694
48699
48708
48712
48715
48724
48728
48730
48748
48753
48766
48772
48775
48808
48809
48826
48833
48840
48842
48843
48849
48851
48855
48856
48872
48873
48889
48914
48917
48924
48936
48952
48957
48960
48963
48973
48976
48979
48982
48986
48990
48993
49007
49011
49013
49017
49031
49032
49038
49039
49039
49051
49060
49064
49079
49085
49097
49102
49107
49108
49113
49144
49144
49146
49153
49158
49177
49183
49186
49192
49192
49194
49197
49199
49214
49245
49249
49261
49262
49265
49274
49274
49277
49278
49281
49293
49298
49302
49316
49327
49333
49348
49353
49356
49357
49380
49393
49396
49431
49449
49454
49475
49475
49493
49498
49500
49511
49557
49564
49567
49568
49569
49587
49589
49593
49600
49623
49624
49652
49665
49665
49683
49710
49729
49747
49751
49760
49761
49774
49797
49803
49809
49829
49833
49836
49839
49860
49877
49878
49907
49908
49923
49948
49956
49957
49958
49961
49990
49990
50010
50014
50033
50042
50059
50086
50089
50096
50135
50155
50162
50166
50183
50201
50202
50209
50214
50218
50229
50231
50237
50244
50245
50249
50258
50265
50267
50283
50288
50292
50294
50295
50309
50320
50321
50323
50335
50335
50335
50341
50353
50355
50357
50393
50397
50409
50411
50446
50451
50463
50469
50502
50510
50512
50513
50517
50518
50519
50523
50528
50532
50541
50551
50563
50573
50585
50586
50587
50597
50601
50613
50615
50618
50645
50662
50664
50677
50684
50693
50698
50720
50721
50744
50748
50749
50755
50783
50786
50792
50793
50807
50818
50820
50827
50840
50842
50848
50863
50867
50871
50878
50890
50908
50911
50916
50920
50938
50941
50949
50956
50963
50976
50982
51010
51015
51024
51028
51067
51084
51098
51105
51126
51138
51148
51167
51177
51184
51195
51196
51197
51220
51238
51252
51261
51283
51310
51322
51331
51334
51355
51387
51387
51409
51409
51422
51428
51432
51435
51461
51463
51466
51466
51469
51473
51489
51497
51526
51537
51567
51571
51584
51594
51601
51602
51605
51610
51624
51626
51643
51648
51650
51656
51683
51684
51690
51701
51748
51748
51750
51753
51763
51768
51784
51796
51801
51805
51812
51817
51836
51853
51859
51866
51877
51878
51879
51880
51882
51894
51898
51916
51918
51927
51929
51940
51941
51946
51959
51967
51969
51979
51990
52002
52012
52028
52031
52034
52035
52039
52044
52049
52049
52060
52065
52085
52089
52103
52108
52122
52127
52141
52160
52161
52165
52185
52185
52190
52209
52264
52285
52294
52298
52307
52322
52349
52350
52367
52372
52378
52382
52422
52430
52450
52455
52458
52464
52489
52490
52513
52515
52535
52537
52538
52554
52560
52562
52564
52566
52573
52578
52597
52600
52603
52607
52621
52622
52624
52642
52646
52711
52716
52746
52774
52789
52813
52822
52828
52829
52833
52857
52884
52900
52905
52905
52920
52948
52949
52965
52973
52973
52986
52991
52992
53009
53012
53025
53110
53115
53120
53124
53124
53125
53131
53139
53147
53153
53159
53169
53179
53184
53184
53188
53194
53207
53211
53220
53220
53230
53240
53241
53261
53263
53269
53284
53298
53300
53306
53343
53345
53360
53361
53362
53362
53373
53386
53406
53415
53421
53422
53425
53439
53443
53446
53446
53454
53459
53462
53466
53477
53487
53495
53496
53500
53518
53523
53539
53541
53541
53557
53572
53578
53585
53587
53594
53599
53606
53614
53639
53663
53665
53679
53683
53688
53689
53690
53706
53718
53724
53740
53766
53816
53817
53838
53839
53851
53878
53884
53915
53932
53938
53944
53954
53970
53981
53988
53998
54017
54020
54022
54045
54046
54062
54068
54077
54085
54089
54094
54096
54102
54110
54112
54118
54129
54143
54148
54164
54180
54204
54209
54211
54220
54241
54245
54251
54259
54282
54295
54298
54310
54315
54316
54319
54321
54326
54328
54333
54335
54344
54356
54358
54361
54362
54396
54417
54479
54480
54486
54494
54524
54532
54543
54552
54569
54587
54592
54600
54601
54613
54635
54638
54641
54645
54660
54668
54675
54686
54699
54701
54712
54720
54736
54738
54739
54741
54744
54772
54777
54783
54797
54815
54818
54825
54831
54842
54846
54851
54864
54866
54871
54879
54884
54885
54895
54900
54907
54910
54912
54921
54927
54932
54936
54938
54939
54955
54961
54965
54974
54981
54991
55000
55001
55031
55035
55047
55049
55049
55050
55052
55054
55063
55076
55080
55081
55084
55087
55088
55092
55094
55106
55121
55125
55139
55163
55165
55175
55183
55196
55207
55211
55213
55264
55267
55285
55297
55330
55333
55359
55364
55379
55393
55403
55420
55424
55426
55432
55436
55436
55457
55477
55477
55478
55481
55497
55505
55523
55523
55538
55550
55574
55582
55585
55587
55588
55594
55597
55599
55624
55633
55637
55638
55639
55639
55675
55678
55680
55694
55700
55703
55736
55740
55745
55750
55773
55829
55831
55837
55842
55856
55859
55860
55869
55877
55897
55910
55911
55916
55918
55923
55931
55933
55942
55945
55948
55948
55965
55968
55979
55992
55996
55996
56013
56020
56026
56045
56055
56074
56074
56083
56083
56128
56132
56133
56135
56143
56145
56146
56152
56157
56158
56162
56186
56187
56191
56208
56213
56213
56227
56231
56235
56236
56243
56251
56259
56289
56298
56300
56313
56315
56331
56336
56340
56345
56354
56400
56404
56432
56442
56456
56464
56470
56472
56476
56489
56491
56492
56493
56521
56545
56549
56595
56597
56597
56605
56613
56619
56636
56637
56641
56646
56663
56671
56684
56692
56709
56714
56722
56747
56770
56772
56784
56788
56790
56811
56812
56816
56830
56836
56848
56897
56907
56923
56925
56931
56933
56945
56952
56968
56980
56985
56991
56995
56997
57001
57002
57016
57021
57025
57028
57031
57033
57036
57041
57048
57056
57057
57060
57061
57078
57104
57105
57108
57110
57112
57115
57118
57130
57131
57133
57134
57145
57150
57164
57165
57169
57193
57209
57209
57232
57246
57249
57251
57258
57259
57260
57267
57270
57302
57308
57323
57325
57330
57345
57348
57355
57369
57399
57404
57451
57460
57478
57481
57482
57485
57486
57493
57516
57519
57521
57524
57528
57537
57538
57540
57544
57545
57550
57557
57601
57604
57611
57615
57632
57647
57658
57671
57672
57686
57698
57712
57716
57722
57727
57750
57753
57756
57759
57771
57778
57781
57784
57790
57803
57806
57806
57807
57809
57809
57812
57813
57822
57836
57842
57845
57852
57862
57879
57896
57908
57936
57954
57954
57955
57960
57973
57979
57990
57993
57993
57996
58002
58003
58009
58031
58064
58085
58094
58095
58107
58126
58128
58148
58153
58155
58164
58167
58185
58212
58247
58252
58264
58269
58269
58319
58332
58345
58352
58360
58361
58372
58412
58415
58427
58433
58437
58451
58455
58456
58457
58465
58478
58479
58514
58516
58533
58544
58555
58569
58588
58598
58604
58609
58609
58611
58620
58628
58635
58637
58642
58646
58653
58654
58659
58664
58677
58682
58697
58706
58721
58736
58749
58753
58767
58786
58795
58795
58796
58807
58825
58849
58856
58874
58875
58894
58898
58901
58904
58939
58943
58951
58958
58961
58963
58982
58986
58997
58999
59012
59017
59020
59032
59039
59055
59093
59096
59112
59112
59113
59116
59118
59122
59124
59133
59139
59149
59178
59201
59203
59210
59216
59233
59259
59260
59261
59264
59267
59269
59269
59284
59287
59300
59311
59313
59323
59327
59339
59339
59341
59367
59367
59375
59381
59391
59401
59403
59411
59417
59431
59459
59461
59483
59498
59499
59500
59506
59520
59536
59542
59545
59546
59554
59557
59558
59561
59566
59583
59584
59591
59595
59624
59640
59642
59643
59644
59646
59652
59684
59686
59703
59714
59714
59716
59720
59724
59725
59725
59748
59762
59763
59772
59779
59827
59831
59842
59877
59886
59899
59918
59923
59930
59952
59955
59970
59971
59975
59996
59999
59999
60001
60020
60026
60049
60062
60074
60075
60099
60121
60133
60143
60149
60155
60188
60198
60200
60221
60250
60268
60282
60287
60293
60298
60301
60307
60312
60318
60333
60335
60354
60356
60374
60388
60390
60392
60394
60395
60404
60404
60422
60431
60440
60454
60459
60482
60502
60506
60519
60529
60538
60555
60555
60562
60588
60599
60648
60651
60654
60665
60669
60694
60723
60737
60747
60753
60756
60784
60790
60802
60802
60813
60816
60819
60831
60844
60867
60905
60912
60919
60936
60939
60955
60964
60972
60975
60991
60994
61001
61015
61036
61045
61061
61074
61086
61116
61119
61143
61144
61178
61187
61190
61195
61206
61211
61223
61231
61239
61269
61296
61302
61328
61360
61377
61380
61387
61402
61408
61409
61442
61443
61462
61473
61486
61501
61502
61502
61503
61510
61522
61537
61538
61541
61556
61574
61578
61587
61602
61610
61614
61619
61621
61642
61645
61649
61650
61652
61678
61682
61695
61696
61724
61746
61761
61784
61788
61790
61798
61815
61839
61861
61876
61906
61910
61920
61925
61925
61933
61943
61943
61947
61951
61964
61971
61987
61987
61993
62003
62007
62033
62039
62055
62061
62062
62076
62078
62098
62107
62111
62112
62131
62151
62173
62173
62177
62201
62203
62230
62235
62239
62252
62261
62267
62281
62293
62307
62313
62331
62333
62347
62357
62369
62370
62380
62418
62422
62426
62437
62439
62483
62512
62565
62569
62578
62595
62617
62625
62627
62640
62652
62663
62681
62709
62718
62724
62752
62765
62766
62767
62777
62782
62815
62825
62834
62836
62841
62852
62857
62860
62862
62900
62912
62912
62922
62931
62932
62937
62949
62953
62976
62978
62979
62998
63021
63041
63041
63047
63048
63052
63067
63079
63083
63094
63097
63102
63115
63131
63181
63223
63235
63247
63249
63268
63269
63272
63286
63300
63313
63317
63329
63332
63375
63386
63397
63411
63416
63417
63422
63444
63447
63448
63452
63453
63455
63468
63486
63502
63506
63525
63541
63543
63545
63547
63570
63573
63586
63587
63595
63597
63601
63633
63642
63649
63654
63658
63664
63667
63679
63700
63710
63726
63728
63745
63776
63788
63818
63828
63833
63836
63840
63840
63847
63856
63865
63880
63887
63911
63942
63943
63948
63959
63962
63963
63965
64013
64029
64047
64062
64065
64066
64068
64069
64069
64079
64086
64089
64091
64108
64121
64155
64155
64156
64172
64219
64225
64234
64234
64241
64259
64263
64281
64289
64302
64304
64314
64331
64355
64358
64361
64367
64370
64374
64408
64426
64429
64431
64438
64446
64459
64476
64489
64495
64498
64502
64509
64523
64531
64533
64543
64549
64554
64564
64570
64571
64586
64610
64613
64621
64623
64628
64642
64644
64646
64646
64651
64678
64690
64749
64755
64762
64763
64771
64817
64822
64828
64850
64861
64872
64880
64898
64910
64916
64918
64925
64926
64937
64945
64949
64958
64962
64966
64989
64993
65001
65041
65073
65083
65094
65098
65110
65121
65135
65140
65141
65165
65170
65174
65180
65197
65219
65220
65241
65253
65257
65262
65271
65304
65305
65309
65314
65315
65321
65328
65330
65332
65348
65371
65397
65402
65404
65406
65424
65433
65434
65449
65452
65461
65465
65475
65490
65501
65522
65522
65539
65544
65552
65553
65554
65560
65586
65592
65593
65595
65601
65613
65614
65645
65671
65676
65688
65694
65704
65709
65736
65746
65751
65757
65771
65777
65795
65808
65821
65822
65826
65840
65852
65865
65872
65879
65886
65887
65893
65907
65909
65911
65912
65921
65925
65948
65951
65954
65958
65976
65985
65987
66023
66035
66069
66087
66090
66099
66104
66121
66122
66124
66126
66127
66130
66139
66154
66166
66170
66186
66191
66192
66194
66199
66225
66238
66256
66256
66273
66283
66285
66288
66292
66298
66315
66325
66331
66332
66334
66345
66365
66388
66398
66403
66408
66417
66423
66430
66444
66449
66454
66468
66479
66495
66495
66497
66533
66537
66547
66566
66575
66578
66585
66593
66602
66603
66607
66626
66627
66630
66630
66633
66636
66642
66648
66667
66669
66673
66678
66690
66707
66715
66739
66762
66769
66806
66814
66815
66816
66826
66861
66876
66882
66883
66885
66898
66899
66900
66907
66933
66966
66967
67016
67023
67023
67079
67082
67097
67103
67113
67114
67125
67136
67142
67160
67173
67187
67192
67241
67247
67256
67256
67267
67272
67277
67303
67318
67323
67325
67331
67333
67339
67339
67346
67347
67355
67364
67367
67372
67372
67373
67374
67407
67407
67431
67448
67464
67471
67487
67491
67511
67518
67521
67523
67533
67548
67559
67565
67568
67571
67581
67610
67611
67617
67621
67627
67634
67644
67645
67648
67658
67682
67687
67702
67710
67733
67746
67751
67758
67777
67779
67782
67802
67835
67841
67856
67860
67867
67896
67936
67961
67985
67994
68020
68030
68031
68032
68048
68050
68060
68066
68076
68084
68101
68111
68120
68129
68137
68145
68148
68151
68164
68178
68179
68180
68184
68210
68212
68217
68217
68231
68244
68259
68270
68284
68288
68290
68308
68316
68323
68341
68352
68364
68367
68427
68429
68436
68440
68441
68455
68457
68460
68478
68481
68507
68515
68516
68521
68531
68534
68535
68561
68566
68570
68573
68584
68587
68587
68608
68624
68670
68678
68681
68703
68712
68731
68737
68750
68753
68757
68772
68783
68787
68791
68791
68795
68796
68801
68816
68818
68819
68819
68835
68842
68849
68859
68885
68918
68937
68938
68957
68961
68969
69004
69006
69023
69033
69034
69037
69047
69092
69094
69095
69099
69130
69139
69156
69166
69169
69170
69174
69189
69212
69252
69267
69276
69290
69293
69293
69304
69308
69309
69333
69337
69338
69341
69347
69349
69356
69360
69360
69367
69382
69383
69406
69471
69476
69482
69487
69504
69506
69510
69511
69518
69520
69554
69568
69569
69585
69589
69615
69627
69656
69665
69674
69685
69707
69728
69730
69730
69736
69742
69753
69772
69774
69801
69813
69822
69823
69827
69834
69860
69869
69874
69892
69904
69919
69921
69962
69963
69976
69978
69983
70022
70022
70023
70025
70037
70041
70042
70044
70072
70078
70091
70106
70114
70119
70130
70134
70136
70143
70149
70149
70175
70185
70206
70232
70243
70265
70270
70288
70291
70295
70303
70306
70313
70314
70324
70356
70357
70362
70381
70381
70395
70401
70424
70429
70441
70444
70453
70456
70462
70479
70484
70484
70487
70490
70490
70492
70493
70511
70517
70527
70531
70532
70543
70561
70568
70572
70586
70588
70592
70601
70611
70619
70624
70632
70634
70642
70676
70683
70697
70700
70720
70724
70740
70753
70756
70771
70773
70774
70783
70795
70823
70834
70850
70859
70864
70872
70889
70896
70900
70904
70907
70911
70913
70929
70935
70941
70985
70988
70989
71000
71005
71021
71075
71087
71087
71093
71096
71097
71100
71104
71107
71127
71148
71159
71161
71162
71168
71185
71188
71194
71204
71211
71220
71231
71231
71237
71258
71262
71281
71295
71301
71303
71306
71312
71313
71326
71362
71379
71387
71388
71391
71391
71397
71401
71417
71427
71438
71444
71444
71460
71462
71462
71462
71478
71482
71488
71489
71492
71494
71497
71517
71523
71547
71548
71549
71556
71565
71569
71574
71577
71582
71590
71607
71620
71643
71659
71684
71693
71705
71708
71715
71726
71737
71746
71756
71758
71783
71820
71842
71843
71845
71846
71860
71861
71864
71872
71874
71899
71905
71905
71908
71908
71930
71959
71960
71987
71991
71992
71995
72008
72013
72014
72015
72022
72026
72033
72035
72035
72036
72054
72075
72100
72102
72107
72111
72119
72131
72146
72175
72183
72193
72204
72226
72229
72239
72241
72241
72247
72266
72269
72271
72272
72273
72273
72283
72284
72285
72302
72306
72312
72317
72323
72336
72346
72354
72369
72377
72417
72420
72422
72456
72460
72478
72479
72489
72523
72531
72540
72541
72546
72574
72583
72591
72593
72593
72623
72647
72668
72700
72716
72737
72739
72750
72774
72778
72783
72785
72785
72802
72810
72814
72817
72824
72851
72857
72875
72907
72911
72912
72923
72936
72938
72962
72963
72976
72977
73033
73036
73052
73076
73089
73091
73098
73115
73121
73125
73139
73140
73169
73191
73199
73220
73221
73238
73241
73249
73257
73270
73273
73285
73297
73316
73340
73341
73347
73351
73361
73367
73372
73379
73430
73431
73444
73448
73460
73467
73474
73481
73501
73509
73528
73529
73530
73545
73549
73557
73557
73558
73570
73572
73580
73588
73599
73600
73601
73643
73649
73666
73696
73702
73707
73714
73720
73722
73743
73745
73771
73787
73811
73836
73860
73865
73869
73875
73899
73916
73927
73935
73936
73937
73946
73971
73975
73996
73998
74003
74019
74023
74023
74032
74057
74063
74064
74067
74102
74104
74116
74117
74127
74134
74148
74163
74164
74172
74181
74194
74208
74276
74281
74286
74292
74300
74303
74310
74314
74316
74329
74329
74359
74374
74388
74392
74410
74422
74429
74477
74486
74489
74496
74496
74515
74526
74537
74547
74550
74563
74572
74575
74591
74615
74632
74652
74682
74684
74694
74698
74700
74715
74720
74721
74724
74727
74737
74742
74756
74758
74759
74761
74762
74763
74763
74766
74772
74774
74774
74779
74779
74788
74791
74822
74842
74863
74863
74875
74875
74877
74884
74899
74904
74917
74938
74949
74957
74963
74970
74983
74993
74994
75000
75016
75023
75028
75038
75074
75090
75097
75102
75102
75104
75108
75108
75127
75131
75137
75163
75173
75179
75183
75194
75205
75208
75208
75214
75220
75283
75284
75288
75307
75314
75324
75333
75347
75351
75359
75368
75371
75373
75376
75379
75385
75395
75409
75410
75413
75420
75428
75436
75453
75456
75485
75508
75522
75543
75555
75594
75597
75604
75605
75632
75635
75637
75640
75643
75645
75657
75658
75662
75663
75688
75694
75695
75715
75769
75781
75793
75793
75799
75817
75818
75818
75832
75853
75861
75862
75874
75882
75886
75892
75910
75912
75926
75939
75943
75945
75960
75967
75987
76009
76010
76015
76020
76029
76045
76062
76066
76085
76109
76126
76134
76145
76166
76167
76167
76176
76181
76182
76193
76201
76207
76210
76230
76233
76234
76236
76238
76246
76254
76259
76265
76266
76277
76294
76298
76303
76321
76322
76330
76332
76371
76388
76414
76436
76440
76462
76475
76476
76522
76524
76543
76556
76599
76606
76608
76618
76620
76622
76635
76648
76653
76682
76693
76696
76702
76711
76745
76750
76761
76763
76780
76780
76785
76811
76812
76817
76820
76825
76829
76837
76851
76880
76881
76884
76890
76923
76953
76954
76960
76987
76996
77018
77034
77051
77058
77070
77081
77090
77093
77101
77102
77143
77154
77179
77183
77188
77192
77193
77223
77224
77243
77267
77268
77290
77291
77295
77300
77309
77315
77317
77335
77353
77363
77365
77367
77369
77381
77382
77386
77397
77398
77414
77419
77424
77438
77452
77453
77454
77465
77466
77473
77479
77507
77512
77520
77524
77528
77593
77609
77616
77630
77632
77636
77639
77646
77648
77652
77652
77682
77684
77688
77693
77694
77703
77705
77706
77706
77708
77724
77724
77758
77766
77771
77795
77797
77830
77852
77857
77858
77861
77866
77870
77871
77873
77874
77883
77908
77917
77925
77928
77932
77938
77939
77941
77948
77948
77953
77954
77965
77968
77981
77986
77988
77988
78016
78030
78030
78031
78036
78044
78047
78051
78053
78056
78086
78106
78107
78113
78117
78143
78163
78164
78179
78221
78270
78283
78288
78292
78311
78316
78334
78339
78345
78346
78350
78350
78352
78355
78381
78400
78405
78405
78409
78426
78430
78435
78477
78484
78497
78502
78529
78532
78540
78558
78572
78580
78609
78612
78628
78628
78631
78654
78664
78665
78677
78679
78685
78685
78686
78690
78699
78716
78744
78744
78748
78769
78780
78790
78793
78799
78810
78830
78835
78845
78853
78858
78878
78880
78900
78904
78907
78910
78911
78927
78949
78961
78976
78997
79007
79010
79026
79038
79039
79051
79056
79065
79085
79094
79108
79123
79166
79167
79168
79168
79208
79226
79230
79237
79264
79266
79278
79282
79292
79299
79304
79313
79315
79319
79329
79348
79350
79367
79375
79377
79382
79384
79390
79392
79405
79406
79419
79434
79444
79449
79462
79468
79491
79501
79509
79511
79516
79565
79585
79593
79614
79641
79653
79656
79663
79663
79668
79678
79684
79691
79699
79703
79728
79749
79752
79756
79768
79776
79782
79794
79796
79806
79831
79841
79852
79861
79872
79881
79882
79893
79902
79911
79927
79932
79950
79952
79955
79962
79998
80000
80001
80002
80005
80008
80022
80030
80033
80046
80049
80056
80059
80083
80083
80084
80085
80087
80092
80105
80121
80130
80142
80155
80165
80169
80188
80205
80206
80225
80225
80227
80231
80258
80258
80260
80269
80273
80282
80284
80287
80288
80293
80294
80300
80304
80310
80332
80379
80382
80386
80386
80386
80400
80401
80408
80423
80429
80437
80456
80467
80482
80485
80486
80492
80498
80518
80522
80529
80530
80541
80543
80551
80555
80558
80572
80578
80580
80584
80587
80588
80593
80615
80629
80631
80638
80642
80649
80662
80696
80701
80719
80723
80728
80751
80752
80759
80776
80777
80787
80791
80799
80800
80805
80810
80813
80817
80837
80853
80858
80862
80869
80877
80885
80897
80905
80942
80954
80967
80972
80979
80979
80993
80999
81011
81023
81028
81040
81040
81057
81065
81070
81070
81086
81086
81088
81098
81104
81143
81144
81155
81168
81203
81208
81231
81234
81238
81241
81243
81247
81255
81272
81284
81286
81288
81293
81294
81304
81313
81324
81327
81342
81343
81346
81347
81363
81372
81382
81396
81397
81407
81434
81435
81462
81464
81469
81480
81500
81521
81527
81551
81552
81554
81564
81567
81571
81573
81590
81609
81615
81615
81615
81616
81642
81659
81667
81675
81677
81693
81734
81738
81740
81740
81741
81741
81752
81759
81768
81775
81778
81790
81804
81805
81819
81826
81836
81840
81851
81872
81872
81873
81877
81886
81892
81903
81938
81944
81946
81968
81980
81984
81988
81998
82003
82011
82040
82050
82052
82052
82104
82110
82116
82124
82125
82140
82140
82144
82149
82158
82159
82165
82179
82181
82189
82193
82195
82213
82214
82257
82261
82269
82271
82280
82281
82283
82283
82300
82307
82309
82313
82345
82364
82403
82437
82438
82441
82459
82464
82469
82480
82487
82507
82518
82519
82565
82568
82587
82599
82605
82619
82625
82626
82627
82628
82643
82686
82720
82738
82749
82752
82765
82766
82789
82795
82802
82819
82840
82842
82853
82877
82887
82888
82892
82904
82915
82915
82921
82923
82929
82940
82944
82948
82951
82983
83009
83016
83018
83024
83038
83053
83067
83077
83078
83110
83116
83137
83146
83169
83172
83174
83205
83218
83229
83237
83240
83247
83278
83280
83312
83336
83338
83345
83349
83374
83377
83390
83396
83438
83454
83460
83481
83490
83504
83511
83529
83535
83545
83547
83573
83585
83586
83593
83614
83618
83619
83621
83621
83642
83652
83678
83688
83691
83692
83697
83704
83714
83720
83731
83738
83742
83832
83839
83875
83896
83896
83896
83905
83905
83911
83914
83915
83916
83927
83936
83941
83943
83947
83976
83985
83987
83998
84026
84030
84055
84060
84061
84065
84076
84079
84103
84109
84117
84135
84138
84163
84172
84190
84198
84202
84206
84208
84224
84227
84237
84264
84269
84277
84293
84304
84304
84319
84335
84345
84346
84354
84361
84362
84384
84388
84389
84406
84411
84466
84478
84485
84493
84509
84510
84514
84521
84530
84537
84559
84563
84571
84592
84596
84622
84623
84628
84641
84656
84670
84679
84680
84691
84698
84707
84726
84728
84746
84753
84758
84771
84784
84813
84831
84833
84834
84854
84868
84869
84871
84888
84894
84902
84911
84921
84928
84932
84965
84977
84981
84986
84988
84990
84996
85004
85004
85006
85007
85027
85055
85071
85075
85082
85100
85108
85110
85114
85123
85126
85139
85140
85146
85181
85191
85195
85207
85228
85252
85259
85281
85282
85303
85311
85341
85342
85346
85355
85365
85369
85386
85422
85423
85426
85427
85449
85468
85473
85481
85489
85500
85502
85528
85541
85543
85555
85571
85620
85633
85644
85680
85702
85718
85724
85727
85729
85760
85771
85775
85783
85797
85805
85806
85838
85839
85855
85873
85895
85924
85931
85937
85940
85961
85972
85998
85998
86001
86009
86043
86055
86064
86068
86068
86101
86108
86111
86128
86132
86133
86150
86150
86158
86163
86215
86238
86239
86260
86267
86305
86308
86320
86345
86346
86355
86366
86368
86369
86381
86393
86403
86414
86426
86430
86454
86474
86480
86491
86519
86524
86524
86525
86535
86556
86558
86560
86570
86607
86618
86623
86650
86672
86673
86677
86682
86683
86685
86691
86707
86709
86714
86714
86731
86733
86748
86754
86760
86800
86804
86810
86811
86816
86829
86846
86854
86854
86874
86876
86909
86916
86917
86926
86927
86935
86942
86946
86950
86951
86959
86975
86989
86996
87003
87006
87008
87032
87054
87061
87062
87066
87071
87080
87081
87090
87092
87117
87121
87139
87149
87152
87155
87156
87187
87188
87193
87205
87250
87252
87263
87267
87271
87272
87278
87281
87301
87308
87311
87314
87355
87361
87367
87378
87382
87386
87396
87406
87409
87414
87420
87427
87435
87450
87456
87461
87467
87468
87469
87477
87545
87549
87549
87550
87575
87582
87583
87586
87592
87597
87602
87626
87635
87643
87644
87648
87654
87671
87672
87686
87696
87707
87707
87722
87741
87762
87764
87772
87775
87785
87803
87805
87807
87821
87843
87860
87868
87872
87880
87883
87892
87904
87921
87927
87927
87931
87944
87950
87953
87954
87973
87980
87986
87987
87988
87993
88014
88037
88041
88052
88065
88069
88082
88091
88095
88124
88149
88160
88178
88197
88230
88233
88238
88263
88264
88281
88283
88305
88328
88332
88346
88352
88357
88361
88373
88376
88392
88392
88396
88398
88404
88411
88423
88425
88447
88453
88454
88459
88467
88481
88491
88497
88515
88523
88524
88545
88552
88554
88582
88584
88617
88625
88629
88630
88642
88648
88667
88675
88703
88712
88712
88718
88719
88744
88751
88754
88765
88766
88795
88805
88807
88813
88831
88854
88865
88923
88931
88950
88951
88957
88980
88985
88988
89004
89006
89052
89055
89065
89067
89069
89102
89107
89122
89131
89132
89189
89202
89210
89222
89248
89252
89279
89295
89299
89312
89314
89320
89323
89323
89345
89347
89380
89381
89386
89388
89399
89412
89414
89423
89431
89452
89455
89498
89516
89537
89548
89557
89566
89571
89575
89576
89583
89585
89587
89594
89601
89619
89642
89665
89670
89674
89681
89706
89711
89729
89734
89773
89782
89812
89821
89826
89828
89860
89895
89895
89896
89909
89920
89920
89920
89924
89939
89949
89949
89977
89992
90005
90013
90033
90047
90053
90084
90094
90101
90105
90106
90111
90125
90128
90131
90140
90149
90149
90155
90167
90170
90183
90190
90192
90202
90213
90217
90232
90256
90256
90276
90282
90283
90303
90310
90336
90341
90361
90365
90375
90393
90394
90401
90411
90412
90412
90415
90427
90431
90444
90456
90457
90463
90470
90507
90555
90569
90586
90610
90613
90613
90644
90652
90704
90724
90753
90758
90762
90793
90794
90803
90807
90838
90856
90859
90869
90878
90878
90894
90897
90899
90917
90931
90935
90958
90974
90974
90975
90980
91029
91031
91053
91055
91055
91056
91061
91073
91090
91099
91108
91129
91133
91144
91159
91161
91162
91196
91236
91242
91270
91289
91291
91320
91321
91322
91324
91337
91338
91354
91367
91385
91397
91401
91421
91423
91444
91454
91456
91456
91468
91476
91480
91493
91494
91499
91519
91525
91535
91539
91551
91557
91581
91587
91588
91597
91609
91625
91647
91659
91661
91670
91681
91683
91692
91698
91718
91730
91744
91765
91773
91795
91798
91798
91806
91807
91807
91811
91827
91828
91832
91842
91874
91876
91893
91895
91901
91920
91943
91943
91958
91959
91982
91992
92011
92013
92035
92042
92056
92062
92078
92086
92109
92114
92132
92149
92151
92151
92154
92174
92174
92178
92183
92192
92203
92216
92229
92250
92278
92288
92297
92302
92307
92311
92314
92315
92322
92339
92344
92354
92358
92361
92373
92377
92384
92391
92391
92394
92402
92405
92411
92428
92432
92433
92439
92484
92497
92512
92514
92515
92520
92541
92544
92547
92577
92592
92599
92601
92625
92625
92627
92632
92653
92654
92657
92665
92665
92673
92674
92688
92705
92705
92719
92731
92749
92758
92769
92771
92776
92794
92795
92838
92840
92843
92848
92859
92876
92899
92906
92908
92913
92924
92929
92953
92979
92986
93011
93030
93030
93033
93034
93067
93072
93075
93077
93089
93115
93137
93141
93143
93155
93177
93186
93190
93194
93196
93198
93217
93229
93241
93258
93259
93267
93268
93295
93316
93317
93319
93330
93333
93338
93344
93346
93353
93359
93370
93378
93395
93402
93418
93419
93421
93436
93439
93446
93461
93467
93468
93480
93488
93505
93508
93515
93519
93526
93534
93544
93552
93592
93603
93611
93642
93643
93672
93682
93688
93692
93696
93703
93709
93750
93757
93765
93766
93791
93796
93805
93825
93852
93860
93865
93866
93901
93923
93932
93951
93952
93961
93963
93983
93988
94002
94003
94007
94019
94037
94039
94041
94045
94048
94075
94082
94085
94100
94103
94115
94154
94157
94167
94195
94201
94208
94223
94230
94231
94233
94233
94235
94240
94250
94292
94329
94330
94363
94403
94404
94417
94418
94419
94419
94422
94423
94437
94452
94453
94454
94458
94461
94461
94489
94492
94507
94510
94521
94525
94538
94543
94552
94565
94570
94581
94625
94656
94667
94672
94673
94700
94706
94712
94731
94736
94738
94738
94748
94767
94772
94787
94797
94808
94816
94832
94848
94853
94865
94891
94896
94907
94935
94952
94990
95008
95012
95025
95056
95057
95070
95075
95077
95087
95090
95090
95093
95100
95108
95110
95117
95133
95139
95154
95161
95162
95191
95199
95227
95235
95251
95262
95269
95279
95283
95290
95321
95324
95325
95327
95343
95349
95354
95358
95365
95384
95387
95390
95399
95415
95434
95444
95460
95466
95505
95510
95512
95515
95515
95534
95544
95550
95568
95580
95581
95582
95591
95609
95618
95618
95623
95633
95638
95674
95678
95694
95696
95699
95706
95707
95710
95717
95726
95735
95736
95745
95748
95752
95755
95755
95760
95768
95779
95787
95791
95808
95809
95815
95815
95833
95838
95845
95857
95861
95871
95876
95906
95934
95943
95950
95950
95986
95988
96000
96006
96009
96013
96016
96023
96023
96034
96039
96043
96045
96048
96057
96066
96066
96069
96077
96099
96100
96113
96122
96130
96134
96145
96171
96194
96201
96206
96220
96229
96233
96242
96255
96297
96311
96317
96330
96332
96338
96350
96361
96365
96370
96378
96381
96423
96438
96444
96471
96475
96502
96518
96523
96546
96548
96579
96582
96588
96608
96612
96615
96634
96636
96644
96658
96659
96675
96688
96695
96710
96723
96733
96743
96750
96759
96771
96775
96786
96797
96801
96806
96809
96824
96830
96841
96866
96881
96884
96892
96911
96927
96941
96959
96969
96981
97008
97017
97045
97068
97069
97071
97071
97098
97124
97126
97146
97149
97152
97154
97157
97172
97193
97203
97205
97220
97225
97230
97250
97251
97260
97288
97296
97317
97324
97327
97341
97346
97348
97363
97366
97370
97373
97398
97398
97417
97429
97434
97448
97453
97457
97459
97472
97473
97479
97487
97488
97502
97513
97536
97561
97569
97575
97596
97601
97609
97618
97628
97633
97648
97679
97686
97694
97707
97718
97723
97728
97733
97736
97747
97747
97753
97754
97760
97766
97792
97828
97830
97832
97834
97842
97848
97871
97878
97887
97889
97913
97944
97949
97956
97975
98013
98030
98050
98053
98053
98058
98063
98068
98076
98077
98088
98102
98106
98108
98109
98119
98151
98154
98158
98163
98169
98175
98216
98227
98231
98234
98235
98241
98242
98245
98246
98247
98253
98269
98275
98282
98300
98305
98309
98315
98318
98333
98363
98381
98385
98386
98387
98412
98418
98424
98431
98452
98457
98463
98475
98478
98479
98488
98492
98495
98495
98504
98510
98514
98549
98552
98564
98565
98570
98584
98590
98594
98603
98604
98604
98612
98616
98622
98666
98682
98686
98728
98732
98739
98759
98769
98778
98779
98786
98791
98802
98806
98824
98831
98838
98865
98874
98877
98912
98919
98954
98961
98970
98971
98989
98994
99007
99033
99050
99061
99073
99085
99088
99094
99101
99119
99120
99143
99146
99153
99159
99167
99182
99193
99209
99218
99222
99240
99243
99248
99260
99261
99261
99264
99283
99292
99298
99306
99311
99313
99324
99342
99358
99359
99362
99391
99394
99397
99399
99403
99421
99431
99439
99450
99479
99483
99493
99505
99535
99543
99564
99565
99608
99610
99612
99615
99621
99626
99654
99663
99670
99681
99685
99687
99714
99728
99740
99750
99752
99769
99770
99790
99790
99801
99825
99865
99875
99876
99887
99893
99898
99909
99918
99983
99991
