2
17
18
25
26
31
45
55
58
82
92
117
122
139
140
144
145
172
181
196
196
201
227
234
245
247
248
263
263
288
291
317
317
321
334
340
345
346
349
355
356
357
370
388
395
396
409
435
479
522
536
539
562
572
580
590
610
612
621
667
672
676
706
709
721
736
743
747
757
760
777
781
798
798
799
803
810
832
835
866
889
895
898
900
941
951
953
954
965
965
970
980
982
992
994
1005
1007
1011
1023
1048
1055
1057
1109
1109
1113
1132
1146
1146
1149
1150
1195
1198
1209
1210
1210
1265
1273
1275
1291
1302
1334
1365
1404
1427
1435
1437
1447
1456
1464
1469
1480
1484
1485
1504
1508
1509
1519
1524
1549
1549
1556
1559
1559
1570
1571
1579
1584
1587
1588
1610
1624
1633
1654
1655
1664
1677
1682
1688
1697
1705
1723
1726
1743
1762
1766
1784
1810
1824
1831
1833
1845
1846
1849
1866
1880
1884
1888
1895
1900
1912
1918
1921
1939
1940
1944
1958
1970
1982
1987
1995
2004
2022
2039
2042
2048
2052
2063
2070
2071
2076
2083
2086
2091
2136
2141
2173
2178
2186
2189
2203
2208
2209
2211
2222
2227
2304
2308
2336
2345
2347
2360
2373
2377
2377
2403
2406
2429
2432
2441
2460
2488
2489
2567
2569
2577
2578
2585
2589
2597
2599
2606
2607
2620
2635
2638
2675
2720
2735
2738
2741
2743
2776
2784
2785
2792
2804
2808
2812
2844
2853
2853
2870
2915
2923
2941
2950
2953
2959
2964
2967
2974
2995
3000
3009
3033
3043
3043
3068
3068
3084
3094
3095
3109
3118
3159
3163
3169
3180
3185
3188
3190
3194
3210
3225
3251
3259
3266
3276
3298
3311
3318
3325
3338
3349
3355
3376
3410
3416
3421
3428
3432
3441
3444
3445
3453
3456
3457
3487
3495
3504
3541
3562
3581
3606
3610
3619
3623
3628
3652
3653
3654
3663
3666
3699
3711
3728
3728
3749
3763
3769
3769
3777
3777
3786
3803
3811
3826
3838
3839
3894
3919
3942
3942
3949
3958
3962
3972
3989
4004
4026
4031
4035
4036
4036
4042
4046
4071
4077
4086
4137
4138
4140
4145
4148
4173
4175
4176
4178
4191
4207
4208
4215
4219
4248
4250
4287
4304
4337
4342
4348
4354
4366
4366
4377
4378
4389
4394
4397
4429
4438
4460
4462
4466
4466
4473
4474
4496
4521
4552
4561
4570
4579
4587
4589
4596
4608
4616
4620
4641
4643
4669
4692
4711
4720
4722
4722
4728
4730
4731
4733
4745
4753
4754
4785
4792
4795
4801
4834
4837
4837
4837
4838
4847
4850
4857
4858
4863
4895
4919
4936
4943
4950
4972
4979
4989
5000
5016
5026
5038
5065
5067
5078
5101
5105
5111
5124
5160
5166
5166
5202
5208
5210
5231
5233
5235
5254
5291
5310
5318
5324
5334
5334
5338
5355
5358
5362
5365
5371
5371
5373
5374
5384
5393
5394
5398
5401
5409
5410
5431
5441
5443
5450
5464
5479
5480
5485
5508
5523
5524
5528
5544
5561
5574
5582
5601
5608
5620
5624
5628
5629
5661
5670
5686
5687
5690
5693
5706
5711
5717
5733
5766
5775
5778
5793
5811
5850
5869
5874
5880
5912
5916
5921
5939
5942
5966
5982
5985
5992
6003
6014
6022
6053
6070
6080
6081
6097
6104
6120
6124
6141
6142
6177
6180
6186
6211
6215
6228
6236
6278
6304
6321
6336
6338
6339
6340
6358
6397
6397
6409
6432
6449
6463
6477
6499
6519
6529
6530
6535
6547
6547
6548
6561
6563
6565
6566
6569
6576
6591
6597
6622
6632
6645
6647
6649
6656
6673
6680
6700
6717
6727
6731
6774
6776
6786
6789
6790
6797
6797
6798
6846
6861
6880
6922
6929
6938
6944
6960
6974
7029
7030
7036
7039
7070
7093
7094
7095
7102
7114
7115
7116
7117
7119
7122
7129
7132
7154
7157
7168
7173
7183
7193
7207
7213
7215
7217
7217
7218
7237
7242
7244
7246
7253
7258
7260
7272
7277
7288
7294
7296
7311
7330
7347
7348
7379
7398
7399
7404
7418
7435
7439
7439
7443
7451
7454
7455
7473
7478
7479
7489
7490
7493
7498
7506
7508
7537
7552
7552
7559
7566
7571
7579
7599
7602
7623
7642
7656
7674
7687
7689
7699
7703
7704
7711
7736
7736
7759
7777
7783
7784
7798
7802
7814
7820
7832
7861
7878
7884
7896
7906
7924
7930
7932
7933
7939
7942
7943
7945
7967
7967
7978
7983
7999
8005
8013
8013
8014
8016
8026
8027
8029
8051
8073
8078
8093
8118
8128
8141
8148
8152
8170
8176
8181
8205
8222
8240
8271
8273
8282
8285
8285
8291
8309
8311
8314
8320
8333
8339
8360
8370
8373
8380
8382
8395
8413
8439
8453
8479
8496
8503
8505
8538
8555
8573
8576
8590
8591
8596
8601
8618
8634
8664
8664
8696
8697
8702
8703
8708
8710
8718
8718
8733
8747
8762
8772
8775
8783
8805
8813
8840
8840
8847
8851
8865
8895
8904
8904
8908
8922
8935
8955
8959
8972
8974
8979
9028
9032
9041
9052
9083
9085
9101
9104
9114
9121
9130
9133
9160
9194
9198
9210
9213
9216
9228
9247
9282
9282
9285
9287
9294
9296
9306
9316
9327
9331
9331
9345
9355
9358
9373
9383
9410
9413
9423
9427
9433
9433
9433
9449
9466
9477
9480
9484
9484
9532
9544
9546
9548
9559
9561
9566
9576
9579
9597
9597
9616
9636
9649
9666
9718
9731
9733
9737
9748
9784
9788
9791
9824
9828
9830
9831
9837
9839
9844
9853
9858
9871
9871
9893
9917
9929
9933
9939
9944
9949
9962
9970
9971
9975
9989
9995
10002
10004
10012
10016
10017
10030
10037
10046
10050
10065
10076
10081
10081
10086
10094
10100
10117
10119
10122
10127
10131
10135
10139
10142
10153
10157
10167
10178
10181
10183
10196
10199
10201
10203
10212
10213
10231
10243
10264
10267
10270
10271
10309
10324
10330
10352
10354
10360
10380
10386
10404
10416
10417
10459
10472
10475
10485
10485
10496
10499
10503
10506
10514
10516
10547
10547
10552
10560
10576
10593
10624
10631
10638
10641
10703
10707
10707
10710
10714
10719
10721
10738
10751
10759
10767
10770
10771
10808
10818
10837
10837
10843
10847
10848
10858
10865
10869
10870
10885
10889
10890
10892
10918
10935
10937
10943
10951
10973
10993
10995
10998
11002
11010
11014
11015
11016
11021
11027
11038
11041
11047
11048
11049
11059
11067
11072
11073
11081
11083
11089
11100
11105
11113
11127
11142
11155
11174
11176
11182
11186
11195
11198
11237
11245
11257
11262
11268
11275
11293
11304
11318
11320
11343
11352
11365
11374
11387
11399
11404
11411
11414
11427
11450
11453
11459
11471
11476
11486
11517
11520
11543
11554
11558
11562
11563
11578
11579
11590
11613
11622
11631
11646
11648
11660
11677
11685
11698
11709
11711
11731
11740
11751
11755
11759
11770
11772
11775
11776
11780
11806
11806
11812
11821
11849
11851
11856
11856
11859
11860
11879
11900
11912
11931
11973
11978
11984
12002
12003
12003
12018
12018
12050
12051
12053
12087
12087
12090
12091
12099
12101
12111
12112
12125
12125
12126
12138
12144
12145
12145
12151
12159
12166
12171
12173
12189
12207
12210
12213
12224
12225
12227
12231
12261
12264
12270
12277
12289
12297
12314
12315
12323
12335
12336
12339
12350
12369
12396
12408
12426
12434
12441
12443
12453
12457
12459
12463
12472
12479
12484
12490
12490
12493
12510
12512
12520
12521
12523
12538
12541
12547
12568
12573
12578
12583
12593
12594
12597
12615
12616
12630
12633
12634
12638
12649
12689
12705
12705
12710
12720
12722
12736
12742
12747
12752
12769
12776
12786
12790
12790
12804
12811
12816
12824
12838
12841
12846
12854
12860
12863
12879
12883
12886
12893
12908
12917
12948
12954
12955
12961
12961
12985
13013
13014
13019
13084
13096
13109
13112
13115
13121
13157
13163
13165
13176
13186
13194
13205
13226
13227
13246
13252
13290
13291
13299
13301
13315
13320
13348
13351
13366
13386
13388
13393
13396
13413
13419
13422
13423
13450
13456
13457
13458
13459
13462
13462
13465
13474
13475
13483
13486
13498
13505
13509
13515
13517
13534
13538
13540
13582
13593
13593
13618
13629
13639
13663
13665
13674
13688
13695
13709
13719
13733
13742
13743
13744
13746
13794
13819
13819
13820
13831
13841
13841
13857
13867
13877
13878
13883
13890
13932
13951
13955
13973
13975
13985
13995
14015
14016
14021
14025
14035
14039
14044
14045
14046
14052
14060
14074
14076
14076
14087
14090
14104
14122
14131
14133
14138
14143
14156
14163
14167
14168
14173
14218
14221
14233
14250
14274
14277
14282
14287
14293
14301
14309
14312
14331
14335
14352
14358
14359
14372
14373
14390
14390
14401
14406
14429
14430
14463
14468
14475
14478
14520
14541
14553
14556
14556
14559
14564
14581
14584
14590
14626
14628
14633
14634
14643
14647
14666
14687
14695
14698
14707
14720
14727
14732
14733
14734
14750
14788
14829
14836
14838
14838
14839
14841
14844
14846
14847
14858
14862
14866
14869
14890
14893
14939
14939
14945
14964
14966
14968
14989
15005
15024
15027
15035
15040
15043
15043
15047
15058
15066
15070
15090
15095
15097
15116
15119
15164
15169
15176
15211
15212
15226
15233
15279
15323
15349
15350
15364
15370
15373
15373
15377
15390
15392
15399
15401
15412
15418
15442
15456
15458
15463
15518
15520
15521
15531
15542
15549
15561
15565
15584
15585
15585
15591
15611
15615
15618
15618
15629
15644
15649
15658
15664
15674
15674
15677
15677
15680
15687
15716
15716
15716
15729
15737
15752
15763
15777
15783
15789
15815
15817
15819
15820
15823
15830
15848
15849
15856
15868
15887
15905
15916
15917
15926
15934
15942
15949
15950
15953
15981
15989
15991
16018
16022
16038
16040
16082
16097
16098
16098
16106
16122
16130
16155
16155
16157
16173
16174
16180
16181
16185
16191
16195
16208
16224
16227
16235
16245
16247
16248
16252
16262
16271
16291
16313
16315
16316
16318
16343
16346
16360
16369
16370
16384
16395
16422
16426
16452
16472
16479
16486
16488
16531
16566
16574
16575
16589
16600
16606
16612
16638
16642
16646
16649
16653
16659
16662
16678
16693
16694
16705
16720
16729
16730
16733
16736
16744
16749
16754
16766
16772
16816
16826
16834
16840
16857
16858
16861
16873
16878
16891
16894
16927
16935
16967
16968
16976
16998
16998
17000
17015
17016
17036
17051
17058
17066
17068
17078
17080
17095
17114
17114
17125
17127
17136
17140
17166
17186
17191
17198
17200
17203
17217
17220
17228
17249
17250
17251
17252
17290
17296
17324
17333
17335
17338
17344
17346
17352
17387
17389
17409
17426
17435
17436
17441
17443
17456
17463
17465
17483
17493
17497
17500
17502
17508
17515
17550
17553
17553
17555
17566
17568
17571
17587
17594
17599
17612
17616
17617
17627
17629
17631
17636
17643
17643
17647
17652
17655
17667
17668
17675
17675
17676
17682
17693
17702
17739
17760
17774
17775
17786
17805
17806
17810
17827
17858
17859
17870
17873
17878
17888
17892
17893
17897
17898
17911
17927
17932
17953
17953
17956
17968
17978
17988
17993
18017
18028
18035
18084
18096
18102
18114
18122
18143
18143
18170
18182
18184
18189
18192
18201
18223
18230
18247
18256
18279
18318
18329
18339
18347
18351
18367
18371
18372
18374
18394
18404
18412
18418
18418
18421
18424
18447
18455
18469
18473
18479
18480
18492
18497
18506
18508
18511
18512
18525
18526
18527
18552
18570
18584
18586
18602
18604
18605
18620
18626
18638
18646
18655
18659
18673
18686
18701
18705
18707
18707
18715
18719
18732
18740
18748
18758
18788
18803
18803
18812
18814
18825
18827
18830
18832
18837
18847
18893
18893
18928
18929
18938
18950
18951
18954
18963
18976
18991
18994
18995
18999
19003
19025
19039
19041
19044
19061
19070
19070
19071
19085
19095
19099
19106
19141
19142
19144
19152
19154
19165
19179
19180
19194
19196
19267
19291
19291
19297
19299
19312
19318
19318
19336
19343
19346
19358
19359
19364
19381
19386
19395
19401
19403
19412
19426
19430
19444
19445
19456
19460
19462
19463
19481
19489
19490
19529
19576
19585
19586
19603
19603
19625
19638
19641
19649
19649
19676
19681
19687
19691
19697
19701
19702
19708
19726
19734
19737
19739
19740
19785
19789
19841
19852
19856
19858
19866
19885
19886
19888
19892
19923
19977
19982
19990
19995
20003
20003
20009
20017
20017
20021
20033
20046
20068
20070
20071
20095
20108
20133
20134
20137
20140
20140
20151
20154
20158
20164
20171
20182
20204
20206
20223
20226
20231
20231
20236
20236
20260
20279
20292
20293
20303
20328
20351
20352
20373
20376
20382
20387
20388
20391
20411
20433
20435
20449
20451
20451
20474
20476
20493
20512
20520
20540
20544
20553
20565
20575
20584
20610
20643
20672
20697
20698
20699
20729
20739
20743
20747
20749
20750
20766
20769
20774
20775
20787
20808
20808
20812
20841
20845
20849
20849
20854
20871
20877
20892
20922
20935
20943
20953
20957
21011
21011
21027
21032
21045
21056
21059
21060
21069
21075
21076
21081
21086
21098
21102
21121
21124
21138
21146
21166
21171
21173
21177
21187
21189
21204
21222
21242
21249
21271
21272
21274
21304
21305
21312
21350
21357
21366
21376
21390
21397
21412
21432
21452
21467
21471
21476
21493
21502
21506
21507
21518
21546
21559
21567
21573
21583
21601
21606
21612
21615
21621
21627
21642
21663
21680
21684
21701
21708
21718
21733
21749
21750
21771
21775
21780
21796
21798
21824
21843
21849
21851
21879
21881
21893
21902
21912
21916
21921
21949
21964
21977
21986
21996
22008
22014
22024
22038
22040
22096
22104
22112
22115
22151
22160
22161
22172
22184
22185
22205
22205
22222
22224
22252
22279
22279
22289
22304
22321
22345
22360
22362
22390
22440
22448
22464
22472
22472
22477
22503
22504
22510
22512
22526
22561
22585
22597
22602
22603
22607
22608
22616
22639
22645
22653
22672
22677
22680
22708
22710
22731
22736
22742
22744
22758
22771
22774
22784
22795
22798
22798
22798
22799
22806
22823
22829
22837
22856
22867
22879
22887
22894
22914
22914
22926
22927
22934
22940
22953
22974
22978
23009
23011
23030
23039
23087
23118
23156
23159
23162
23165
23178
23186
23194
23198
23225
23227
23233
23239
23246
23260
23261
23268
23276
23277
23302
23304
23315
23322
23327
23336
23341
23353
23359
23374
23386
23392
23397
23398
23414
23421
23437
23442
23444
23446
23479
23501
23510
23511
23518
23522
23534
23545
23554
23569
23614
23642
23646
23648
23658
23661
23664
23695
23698
23713
23718
23735
23736
23739
23747
23748
23753
23794
23799
23803
23810
23811
23827
23833
23835
23840
23855
23858
23859
23859
23874
23883
23891
23902
23917
23917
23941
23943
23951
23953
23955
23988
24001
24005
24025
24028
24031
24031
24042
24068
24092
24094
24097
24109
24117
24120
24124
24131
24136
24154
24164
24180
24198
24206
24231
24231
24233
24242
24249
24257
24284
24304
24313
24326
24336
24361
24375
24380
24392
24392
24399
24399
24408
24419
24462
24475
24480
24487
24499
24501
24534
24536
24540
24577
24587
24592
24593
24660
24667
24673
24677
24681
24682
24701
24702
24708
24709
24710
24712
24716
24717
24737
24744
24749
24750
24753
24766
24783
24792
24818
24819
24826
24842
24857
24861
24866
24883
24887
24912
24926
24927
24942
24960
25004
25011
25013
25043
25055
25056
25061
25074
25083
25099
25105
25146
25152
25156
25174
25175
25190
25203
25214
25233
25242
25243
25251
25261
25264
25272
25274
25277
25281
25308
25311
25325
25328
25334
25347
25367
25378
25392
25402
25404
25408
25410
25412
25425
25439
25440
25453
25464
25464
25489
25530
25534
25549
25550
25559
25586
25598
25599
25618
25627
25635
25643
25653
25663
25667
25691
25698
25699
25717
25731
25784
25789
25791
25798
25801
25803
25812
25818
25828
25842
25854
25866
25875
25901
25917
25951
25973
25982
25994
26010
26016
26028
26037
26040
26046
26046
26048
26062
26089
26101
26139
26155
26156
26164
26170
26178
26186
26198
26220
26228
26231
26233
26236
26248
26258
26263
26264
26278
26292
26329
26330
26331
26336
26350
26364
26366
26382
26388
26393
26430
26440
26442
26454
26455
26463
26478
26491
26506
26510
26511
26520
26521
26525
26549
26560
26561
26562
26564
26573
26580
26584
26592
26595
26607
26607
26612
26614
26624
26632
26633
26642
26651
26653
26655
26668
26669
26671
26681
26683
26683
26684
26689
26738
26746
26750
26757
26765
26777
26799
26810
26811
26816
26820
26832
26842
26862
26883
26909
26934
26943
26943
26971
26972
26975
26979
27048
27049
27054
27069
27073
27094
27106
27112
27114
27145
27148
27156
27159
27165
27170
27174
27186
27188
27193
27208
27208
27213
27222
27228
27263
27269
27275
27282
27302
27303
27304
27322
27345
27353
27356
27378
27385
27390
27395
27397
27399
27401
27428
27436
27436
27465
27465
27487
27498
27512
27516
27521
27528
27547
27563
27579
27579
27583
27596
27611
27611
27614
27630
27648
27665
27670
27678
27695
27736
27740
27743
27747
27779
27781
27781
27783
27792
27794
27799
27805
27813
27816
27848
27877
27890
27909
27912
27923
27925
27927
27929
27950
27984
27986
27992
27995
27995
28010
28016
28018
28024
28036
28056
28057
28066
28067
28086
28108
28115
28139
28147
28147
28172
28178
28179
28179
28181
28208
28221
28226
28232
28256
28262
28278
28305
28329
28333
28345
28354
28361
28362
28367
28372
28381
28381
28387
28396
28406
28416
28420
28427
28439
28445
28475
28488
28516
28516
28517
28517
28531
28548
28567
28580
28584
28585
28592
28598
28599
28602
28621
28631
28644
28656
28656
28659
28660
28676
28677
28679
28681
28705
28715
28727
28729
28731
28749
28754
28755
28760
28763
28775
28778
28785
28807
28810
28811
28815
28816
28823
28824
28828
28839
28860
28861
28879
28883
28885
28886
28897
28906
28915
28957
28962
29002
29005
29006
29010
29013
29034
29038
29057
29058
29063
29068
29071
29083
29095
29100
29106
29107
29113
29125
29133
29150
29150
29152
29153
29155
29160
29163
29194
29197
29198
29265
29271
29290
29301
29309
29328
29354
29361
29374
29376
29383
29389
29399
29402
29404
29407
29413
29413
29417
29425
29426
29429
29430
29436
29437
29447
29469
29481
29511
29514
29514
29544
29546
29581
29600
29610
29618
29654
29655
29662
29679
29682
29684
29716
29717
29736
29737
29755
29770
29774
29783
29786
29788
29797
29802
29812
29825
29829
29831
29831
29842
29847
29861
29872
29898
29910
29911
29914
29915
29918
29919
29934
29935
29940
29967
29969
29982
29983
30016
30018
30033
30039
30057
30083
30083
30092
30102
30104
30107
30110
30112
30115
30119
30129
30130
30149
30163
30176
30188
30204
30225
30231
30256
30261
30270
30279
30338
30343
30348
30355
30375
30381
30384
30386
30386
30400
30410
30410
30419
30457
30467
30469
30473
30475
30488
30489
30507
30510
30526
30550
30563
30574
30581
30598
30599
30611
30620
30629
30636
30637
30646
30664
30673
30674
30679
30692
30695
30695
30701
30702
30709
30713
30714
30727
30733
30742
30755
30765
30766
30775
30779
30783
30784
30788
30802
30806
30817
30826
30832
30849
30870
30874
30877
30880
30901
30904
30911
30912
30921
30930
30933
30943
30944
30947
30948
30955
30957
30958
30961
30966
30970
30974
30978
30979
30992
30998
31016
31032
31038
31057
31065
31067
31077
31080
31086
31110
31124
31139
31145
31158
31159
31161
31190
31198
31211
31220
31253
31253
31259
31285
31290
31292
31309
31312
31313
31319
31322
31326
31327
31331
31341
31348
31353
31383
31394
31399
31403
31410
31411
31411
31452
31477
31481
31486
31504
31505
31508
31554
31556
31570
31596
31606
31607
31625
31666
31676
31678
31679
31680
31686
31688
31694
31695
31698
31708
31718
31736
31738
31739
31741
31764
31765
31769
31804
31809
31831
31835
31841
31848
31849
31856
31857
31859
31875
31888
31890
31902
31904
31908
31909
31915
31940
31947
31948
31958
31982
31988
31993
31994
32004
32004
32019
32019
32034
32037
32039
32048
32054
32059
32070
32103
32132
32145
32156
32169
32170
32176
32199
32199
32201
32204
32208
32208
32212
32229
32242
32247
32256
32258
32260
32264
32278
32279
32279
32290
32315
32316
32328
32355
32366
32369
32377
32378
32408
32410
32410
32417
32419
32428
32441
32447
32464
32497
32500
32506
32523
32533
32544
32550
32564
32587
32599
32600
32607
32617
32651
32651
32653
32657
32659
32670
32691
32694
32702
32709
32711
32746
32764
32776
32778
32788
32791
32796
32822
32833
32847
32848
32859
32867
32890
32899
32926
32928
32930
32932
32932
32945
32951
32952
32964
32966
32970
32990
33001
33002
33009
33030
33060
33088
33098
33105
33131
33133
33144
33152
33153
33214
33214
33224
33229
33230
33238
33260
33284
33286
33304
33314
33316
33324
33339
33358
33364
33385
33398
33411
33437
33442
33459
33463
33466
33467
33472
33474
33490
33492
33493
33493
33498
33502
33522
33536
33552
33557
33598
33600
33639
33659
33675
33683
33698
33704
33711
33736
33746
33754
33754
33756
33757
33760
33799
33818
33820
33827
33844
33848
33853
33855
33879
33885
33886
33890
33891
33892
33894
33917
33934
33940
33953
33958
33960
33961
33965
33966
33971
33973
34002
34039
34045
34071
34077
34090
34099
34113
34127
34136
34153
34170
34174
34178
34181
34215
34223
34228
34231
34235
34256
34262
34272
34276
34289
34306
34307
34329
34342
34348
34378
34385
34392
34420
34422
34428
34430
34438
34448
34458
34466
34488
34545
34549
34553
34561
34577
34579
34586
34587
34597
34599
34612
34632
34638
34644
34654
34667
34672
34675
34676
34678
34683
34688
34691
34696
34696
34698
34729
34730
34742
34763
34767
34802
34805
34808
34808
34814
34826
34838
34869
34879
34896
34904
34913
34914
34930
34930
34934
34963
34963
34973
34975
34979
35015
35025
35081
35083
35084
35109
35111
35123
35125
35134
35143
35167
35171
35179
35194
35199
35199
35224
35227
35231
35240
35241
35244
35256
35258
35264
35267
35268
35273
35275
35280
35286
35293
35307
35313
35330
35339
35371
35383
35389
35396
35408
35416
35427
35437
35442
35454
35489
35498
35531
35535
35564
35564
35565
35571
35608
35618
35632
35637
35683
35722
35735
35744
35775
35778
35790
35805
35807
35809
35813
35819
35823
35834
35840
35872
35882
35887
35888
35894
35933
35937
35953
35979
35987
35997
36020
36029
36040
36042
36057
36063
36095
36118
36119
36128
36145
36161
36172
36174
36197
36202
36204
36210
36227
36230
36231
36237
36254
36271
36273
36282
36282
36283
36306
36321
36330
36330
36331
36336
36342
36355
36364
36385
36388
36393
36393
36433
36437
36438
36458
36458
36459
36473
36503
36511
36511
36519
36524
36527
36532
36540
36548
36580
36580
36592
36593
36599
36626
36627
36632
36632
36634
36638
36638
36656
36683
36700
36744
36761
36769
36793
36805
36819
36835
36842
36860
36881
36901
36909
36914
36933
36940
36941
36950
36951
36953
36963
36971
36973
36979
36981
36987
36987
36987
36988
36991
37007
37015
37025
37028
37041
37041
37053
37061
37071
37076
37080
37085
37116
37121
37123
37123
37124
37125
37125
37129
37155
37158
37160
37164
37187
37187
37192
37196
37197
37202
37204
37206
37217
37225
37232
37234
37245
37246
37255
37258
37258
37276
37282
37304
37328
37332
37338
37340
37341
37357
37358
37394
37395
37424
37440
37442
37449
37481
37494
37509
37522
37522
37526
37529
37552
37561
37573
37580
37607
37623
37638
37643
37658
37669
37672
37681
37694
37709
37712
37729
37733
37735
37736
37739
37740
37758
37764
37775
37785
37793
37797
37797
37800
37802
37807
37818
37819
37848
37850
37855
37876
37891
37899
37907
37918
37934
37941
37953
37966
37989
38002
38019
38037
38041
38044
38045
38046
38064
38069
38113
38154
38166
38171
38185
38205
38214
38215
38227
38252
38254
38254
38297
38299
38300
38320
38322
38327
38328
38337
38361
38371
38375
38393
38398
38399
38401
38409
38420
38430
38437
38444
38490
38512
38514
38524
38528
38543
38559
38594
38604
38604
38607
38612
38619
38622
38654
38655
38669
38673
38674
38675
38685
38687
38690
38699
38707
38740
38755
38761
38762
38777
38785
38790
38792
38796
38812
38818
38823
38826
38837
38851
38852
38861
38862
38869
38894
38901
38906
38909
38914
38946
38953
38954
38957
38962
38974
38985
39010
39050
39074
39087
39090
39106
39130
39140
39164
39166
39170
39183
39186
39194
39198
39213
39214
39239
39239
39239
39241
39252
39254
39267
39272
39278
39300
39302
39310
39325
39332
39354
39359
39366
39374
39386
39387
39401
39430
39438
39456
39459
39462
39463
39465
39473
39489
39515
39521
39532
39541
39542
39544
39557
39598
39600
39612
39614
39620
39628
39634
39638
39640
39640
39658
39667
39668
39669
39675
39689
39708
39718
39731
39733
39742
39756
39756
39778
39783
39795
39810
39856
39859
39859
39861
39869
39874
39877
39882
39888
39900
39901
39911
39929
39929
39934
39968
39981
39990
39996
40012
40022
40023
40024
40028
40032
40042
40051
40066
40074
40079
40080
40081
40097
40126
40149
40162
40166
40171
40180
40185
40186
40188
40192
40228
40230
40242
40264
40268
40270
40281
40297
40303
40322
40331
40335
40335
40342
40348
40353
40369
40376
40386
40388
40392
40396
40400
40409
40413
40416
40421
40425
40447
40449
40450
40453
40463
40477
40481
40495
40502
40513
40516
40524
40568
40572
40588
40588
40603
40622
40637
40651
40664
40666
40669
40697
40706
40722
40724
40738
40742
40749
40766
40775
40786
40802
40815
40862
40869
40889
40901
40904
40924
40927
40928
40931
40952
40957
40963
40966
40968
40980
40980
40981
40986
40991
40997
41009
41023
41023
41035
41058
41060
41064
41068
41072
41096
41138
41147
41163
41164
41167
41172
41177
41180
41188
41189
41191
41208
41211
41213
41239
41243
41244
41262
41269
41279
41295
41304
41319
41324
41326
41329
41332
41339
41344
41355
41366
41384
41385
41414
41416
41424
41427
41438
41442
41452
41482
41498
41515
41516
41518
41536
41542
41553
41561
41565
41569
41572
41604
41614
41620
41627
41632
41642
41659
41675
41686
41690
41691
41691
41697
41719
41727
41733
41734
41735
41762
41783
41817
41850
41863
41871
41889
41893
41902
41922
41924
41926
41936
41946
41956
41965
41974
41976
41978
41994
41999
42002
42017
42026
42051
42054
42074
42080
42088
42098
42105
42131
42136
42158
42178
42185
42185
42187
42201
42204
42206
42207
42214
42224
42269
42295
42327
42353
42357
42360
42365
42386
42397
42398
42407
42407
42408
42414
42424
42433
42434
42446
42462
42485
42504
42505
42506
42551
42571
42582
42584
42605
42617
42631
42644
42646
42651
42653
42665
42679
42696
42706
42717
42761
42799
42814
42814
42814
42814
42834
42859
42869
42871
42873
42874
42888
42909
42910
42951
42971
42986
42990
43000
43016
43017
43029
43036
43040
43042
43051
43056
43071
43083
43092
43096
43098
43102
43107
43148
43150
43154
43161
43179
43183
43186
43189
43195
43200
43209
43246
43262
43278
43282
43289
43295
43297
43303
43321
43332
43337
43343
43348
43365
43370
43390
43431
43431
43471
43471
43474
43475
43490
43492
43497
43500
43501
43502
43526
43527
43534
43557
43571
43585
43594
43601
43661
43663
43670
43679
43680
43697
43710
43731
43734
43738
43767
43768
43782
43801
43804
43808
43812
43814
43828
43852
43853
43859
43881
43887
43908
43916
43923
43924
43930
43957
43969
43976
43991
44024
44035
44068
44080
44082
44092
44092
44103
44110
44128
44133
44143
44145
44149
44167
44180
44191
44203
44209
44213
44218
44218
44226
44241
44263
44285
44290
44353
44373
44375
44388
44395
44396
44399
44408
44420
44473
44504
44524
44530
44537
44543
44544
44583
44595
44596
44604
44605
44634
44646
44659
44678
44679
44681
44695
44709
44715
44715
44733
44747
44750
44757
44765
44782
44789
44800
44802
44810
44811
44817
44828
44829
44835
44864
44866
44867
44871
44872
44873
44873
44876
44889
44899
44936
44936
44944
44948
44960
44980
44985
44990
44991
45023
45032
45033
45061
45062
45063
45075
45077
45081
45094
45099
45102
45108
45129
45141
45169
45177
45209
45220
45222
45226
45255
45258
45260
45276
45284
45314
45327
45335
45337
45348
45357
45362
45385
45386
45398
45407
45411
45437
45452
45453
45455
45456
45465
45466
45486
45491
45493
45514
45515
45526
45532
45552
45563
45598
45599
45607
45611
45628
45647
45711
45718
45721
45735
45738
45739
45751
45754
45765
45798
45803
45812
45826
45868
45882
45898
45907
45930
45941
45958
45985
45993
46007
46021
46028
46047
46067
46073
46075
46075
46082
46083
46094
46099
46112
46120
46121
46142
46144
46145
46161
46172
46172
46180
46187
46202
46203
46209
46216
46231
46246
46251
46258
46278
46309
46312
46314
46350
46366
46371
46373
46405
46407
46427
46434
46444
46447
46447
46491
46498
46499
46516
46517
46533
46542
46576
46578
46580
46582
46582
46592
46611
46618
46625
46627
46627
46643
46684
46686
46697
46704
46717
46718
46743
46753
46764
46765
46769
46775
46780
46789
46811
46816
46840
46851
46861
46863
46892
46897
46902
46907
46908
46911
46916
46921
46930
46932
46948
46949
46966
46966
46970
46975
46985
46986
46986
46988
46989
47014
47019
47025
47034
47036
47065
47068
47078
47079
47105
47108
47109
47124
47129
47147
47179
47182
47211
47245
47245
47252
47259
47289
47295
47297
47335
47384
47387
47408
47418
47422
47423
47432
47453
47454
47462
47470
47481
47486
47489
47489
47494
47503
47506
47512
47515
47516
47519
47527
47535
47536
47547
47557
47559
47571
47572
47573
47585
47586
47588
47595
47605
47605
47632
47632
47637
47641
47687
47698
47704
47704
47706
47707
47723
47725
47730
47746
47753
47754
47758
47760
47762
47764
47772
47774
47778
47780
47793
47797
47801
47854
47861
47862
47864
47868
47868
47881
47887
47887
47892
47907
47948
47949
47950
47964
47976
47976
47984
47994
47994
48001
48031
48038
48058
48065
48075
48103
48122
48123
48132
48150
48152
48189
48192
48219
48264
48273
48278
48290
48303
48311
48315
48321
48328
48331
48332
48357
48377
48389
48406
48426
48446
48458
48458
48477
48485
48538
48553
48580
48611
48645
48647
48661
48667
48668
48688
48694
48696
48711
48713
48714
48717
48722
48737
48752
48754
48755
48772
48782
48806
48838
48839
48853
48872
48883
48893
48897
48904
48905
48908
48916
48930
48933
48953
48960
48966
48980
48980
48986
48988
49004
49008
49026
49030
49044
49070
49080
49086
49088
49103
49120
49130
49136
49139
49142
49147
49162
49175
49179
49194
49196
49201
49205
49215
49221
49240
49252
49253
49254
49273
49279
49283
49285
49293
49310
49320
49329
49333
49336
49357
49370
49385
49388
49389
49389
49411
49426
49439
49446
49448
49474
49484
49502
49509
49518
49528
49530
49539
49541
49548
49550
49551
49567
49568
49576
49598
49599
49620
49641
49681
49697
49698
49707
49739
49744
49745
49756
49760
49768
49772
49778
49816
49818
49837
49837
49845
49857
49896
49928
49930
49938
49951
49957
49964
50005
50007
50016
50017
50024
50025
50086
50094
50110
50127
50133
50133
50133
50146
50152
50154
50163
50166
50203
50247
50249
50257
50301
50307
50317
50323
50326
50332
50343
50347
50348
50358
50364
50368
50378
50380
50396
50401
50411
50419
50426
50453
50456
50485
50490
50517
50533
50541
50545
50550
50571
50593
50602
50629
50638
50685
50687
50693
50705
50713
50715
50717
50771
50774
50784
50790
50804
50808
50810
50816
50826
50837
50847
50861
50865
50883
50888
50893
50904
50919
50919
50940
50947
50952
50964
50972
50974
50976
50984
50996
51025
51042
51044
51047
51048
51065
51070
51074
51076
51079
51088
51102
51105
51111
51120
51121
51125
51130
51147
51160
51165
51166
51177
51179
51203
51213
51213
51219
51226
51227
51233
51233
51247
51253
51255
51262
51264
51266
51269
51270
51275
51286
51303
51309
51317
51330
51336
51378
51396
51406
51409
51420
51421
51422
51429
51430
51443
51467
51478
51521
51523
51543
51548
51554
51562
51564
51569
51572
51585
51592
51604
51607
51629
51653
51659
51663
51664
51677
51686
51688
51689
51693
51737
51741
51769
51771
51777
51781
51788
51790
51809
51810
51824
51825
51839
51843
51866
51869
51879
51887
51933
51945
51958
51960
51974
51981
51994
52045
52055
52065
52079
52090
52090
52100
52108
52126
52138
52139
52140
52154
52159
52165
52184
52190
52201
52209
52228
52251
52263
52267
52293
52295
52302
52305
52306
52329
52331
52348
52368
52374
52385
52385
52398
52411
52421
52434
52442
52449
52462
52463
52469
52484
52488
52492
52525
52534
52540
52545
52562
52566
52576
52595
52598
52603
52606
52648
52663
52664
52672
52679
52682
52689
52697
52703
52710
52726
52737
52744
52752
52774
52775
52789
52810
52811
52827
52828
52831
52840
52841
52844
52850
52858
52858
52885
52888
52891
52898
52918
52939
52945
52947
52973
52975
52990
52999
53015
53017
53042
53044
53080
53104
53136
53141
53166
53175
53185
53196
53197
53203
53205
53207
53237
53238
53244
53252
53254
53263
53277
53287
53295
53299
53305
53306
53315
53343
53343
53352
53355
53357
53363
53375
53410
53432
53444
53463
53472
53476
53491
53500
53513
53516
53517
53521
53555
53555
53563
53565
53566
53574
53579
53606
53619
53637
53638
53644
53645
53648
53657
53665
53688
53709
53711
53717
53728
53731
53735
53741
53746
53751
53756
53764
53768
53773
53774
53786
53788
53794
53817
53838
53842
53846
53854
53875
53875
53877
53926
53927
53930
53934
53938
53942
53942
53946
53953
53979
54028
54043
54060
54063
54098
54115
54127
54146
54147
54150
54157
54159
54176
54188
54191
54213
54213
54215
54223
54224
54230
54233
54238
54266
54277
54300
54310
54327
54329
54342
54344
54345
54349
54374
54374
54378
54395
54397
54402
54413
54427
54431
54444
54446
54462
54471
54491
54491
54506
54523
54531
54553
54567
54585
54590
54602
54608
54614
54621
54629
54639
54651
54654
54654
54660
54664
54674
54699
54705
54722
54728
54745
54754
54765
54770
54773
54774
54793
54812
54826
54843
54855
54861
54883
54905
54907
54925
54979
55001
55013
55032
55036
55037
55066
55072
55074
55079
55081
55082
55096
55103
55108
55120
55142
55143
55146
55151
55170
55170
55208
55208
55212
55217
55222
55227
55235
55235
55236
55237
55247
55251
55255
55272
55275
55280
55284
55292
55293
55301
55305
55311
55329
55335
55336
55344
55347
55360
55367
55379
55383
55405
55427
55434
55473
55490
55493
55512
55512
55522
55537
55546
55548
55549
55558
55595
55599
55602
55605
55609
55616
55618
55626
55627
55631
55639
55645
55657
55681
55699
55703
55706
55707
55715
55720
55727
55728
55734
55752
55755
55785
55790
55819
55821
55834
55845
55849
55900
55904
55905
55911
55920
55921
55921
55935
55951
55954
55958
55964
55965
55968
55969
55978
55980
55981
55995
56023
56040
56052
56075
56083
56084
56086
56090
56101
56102
56105
56122
56128
56138
56141
56144
56154
56155
56162
56166
56167
56178
56180
56180
56181
56206
56216
56230
56243
56244
56252
56269
56310
56319
56322
56322
56326
56336
56337
56337
56372
56381
56387
56403
56404
56406
56424
56431
56448
56468
56502
56510
56522
56524
56559
56568
56575
56583
56589
56598
56612
56612
56612
56623
56625
56632
56635
56653
56667
56671
56677
56679
56682
56695
56705
56705
56710
56711
56746
56774
56781
56783
56785
56787
56793
56797
56799
56800
56853
56867
56884
56887
56938
56957
56967
56981
56982
57000
57003
57014
57022
57027
57030
57042
57044
57046
57068
57073
57080
57083
57088
57096
57121
57122
57131
57150
57162
57170
57173
57175
57182
57185
57189
57199
57208
57213
57240
57241
57250
57261
57263
57290
57304
57316
57318
57325
57327
57335
57347
57354
57360
57372
57375
57376
57379
57380
57382
57392
57414
57422
57431
57432
57438
57444
57450
57453
57464
57466
57475
57478
57489
57500
57516
57543
57555
57577
57600
57619
57620
57621
57648
57667
57667
57674
57679
57703
57704
57705
57710
57755
57763
57767
57774
57776
57805
57821
57825
57826
57829
57836
57840
57845
57847
57849
57857
57886
57898
57910
57921
57945
57952
57963
57971
57978
57978
57981
57996
58018
58032
58050
58052
58060
58062
58086
58093
58095
58110
58117
58145
58160
58163
58180
58185
58212
58213
58214
58222
58223
58231
58234
58241
58262
58263
58270
58278
58283
58291
58306
58308
58340
58347
58365
58369
58381
58385
58405
58408
58413
58417
58424
58460
58461
58483
58489
58501
58506
58517
58535
58619
58633
58640
58668
58684
58692
58728
58731
58732
58761
58770
58772
58797
58801
58802
58803
58815
58816
58816
58822
58852
58856
58857
58861
58863
58889
58896
58914
58937
58940
58950
58975
58980
59003
59026
59039
59046
59081
59084
59095
59105
59107
59112
59113
59135
59138
59141
59151
59176
59177
59178
59217
59225
59249
59249
59266
59271
59275
59283
59285
59290
59297
59299
59303
59306
59320
59320
59325
59344
59346
59351
59352
59361
59362
59372
59380
59401
59406
59407
59409
59411
59425
59435
59440
59443
59449
59452
59469
59475
59481
59495
59520
59525
59525
59530
59535
59536
59538
59564
59575
59575
59599
59621
59652
59656
59658
59671
59691
59706
59715
59716
59717
59730
59781
59785
59786
59786
59789
59798
59800
59829
59840
59843
59843
59860
59868
59874
59889
59904
59907
59931
59932
59934
59951
59967
59975
59985
60004
60007
60011
60014
60029
60035
60036
60048
60059
60069
60080
60084
60087
60102
60110
60123
60141
60149
60151
60152
60160
60161
60163
60169
60173
60177
60220
60224
60234
60243
60245
60248
60248
60255
60272
60276
60278
60291
60308
60317
60330
60356
60364
60380
60396
60399
60401
60408
60429
60432
60438
60452
60462
60473
60474
60474
60483
60501
60512
60512
60513
60516
60517
60519
60533
60534
60544
60556
60579
60597
60608
60637
60642
60661
60672
60681
60684
60691
60703
60710
60714
60721
60726
60738
60741
60747
60747
60792
60793
60793
60801
60806
60833
60846
60862
60865
60868
60888
60892
60894
60897
60902
60908
60909
60909
60925
60971
60973
60976
60977
60982
60989
60997
61006
61007
61012
61035
61055
61076
61101
61132
61149
61152
61156
61168
61174
61193
61198
61200
61201
61214
61238
61243
61260
61273
61284
61289
61289
61297
61310
61312
61313
61319
61336
61355
61365
61372
61376
61392
61415
61416
61418
61435
61446
61454
61456
61459
61466
61467
61467
61475
61481
61482
61504
61524
61532
61535
61546
61558
61569
61586
61593
61597
61612
61628
61640
61670
61673
61675
61722
61722
61726
61729
61741
61751
61768
61776
61776
61790
61795
61799
61826
61828
61837
61841
61859
61861
61866
61872
61888
61894
61908
61912
61917
61924
61930
61938
61942
61969
62007
62018
62035
62057
62059
62067
62088
62091
62093
62119
62129
62164
62183
62207
62217
62219
62225
62226
62227
62229
62233
62242
62248
62255
62289
62308
62322
62329
62337
62362
62370
62378
62380
62391
62392
62414
62437
62444
62446
62449
62471
62504
62517
62531
62546
62549
62553
62606
62641
62647
62649
62652
62656
62657
62658
62664
62682
62685
62693
62695
62703
62705
62706
62714
62716
62726
62740
62749
62760
62785
62790
62821
62828
62844
62844
62857
62865
62866
62874
62886
62895
62896
62899
62901
62925
62938
62940
62954
62968
62975
62981
62990
62992
62995
63005
63023
63042
63049
63067
63085
63096
63116
63118
63129
63129
63130
63130
63147
63150
63153
63160
63160
63185
63188
63194
63199
63204
63204
63205
63226
63263
63277
63309
63338
63354
63380
63417
63423
63429
63454
63456
63460
63462
63467
63475
63475
63484
63486
63496
63498
63506
63507
63515
63522
63551
63555
63557
63562
63578
63587
63616
63620
63634
63635
63641
63643
63650
63654
63660
63663
63668
63674
63682
63683
63696
63698
63705
63719
63732
63740
63745
63759
63783
63789
63791
63791
63799
63832
63833
63836
63838
63842
63867
63872
63888
63908
63950
63962
63973
63980
63992
64008
64011
64011
64023
64029
64031
64045
64050
64052
64077
64078
64118
64123
64131
64132
64138
64139
64162
64183
64185
64196
64225
64226
64236
64246
64261
64266
64288
64289
64291
64297
64303
64307
64347
64359
64361
64380
64381
64382
64391
64393
64407
64410
64429
64437
64438
64443
64456
64458
64462
64474
64478
64480
64486
64488
64508
64518
64518
64552
64553
64556
64558
64572
64588
64598
64606
64610
64616
64625
64625
64639
64660
64664
64680
64694
64696
64708
64723
64729
64738
64746
64748
64761
64762
64767
64774
64779
64782
64784
64787
64789
64795
64796
64804
64804
64870
64873
64884
64886
64888
64898
64899
64914
64923
64923
64926
64932
64941
64942
64953
64976
64996
65003
65012
65033
65033
65042
65043
65055
65060
65060
65090
65092
65111
65119
65129
65157
65158
65180
65186
65198
65211
65212
65219
65222
65222
65223
65237
65249
65258
65261
65265
65271
65274
65280
65282
65282
65296
65311
65316
65319
65324
65327
65335
65357
65357
65360
65362
65365
65376
65377
65393
65402
65411
65413
65414
65416
65416
65417
65427
65432
65441
65461
65462
65471
65484
65505
65511
65511
65536
65542
65543
65548
65550
65561
65570
65572
65575
65580
65586
65598
65601
65601
65602
65610
65624
65629
65629
65633
65635
65636
65648
65648
65650
65652
65661
65662
65684
65695
65707
65716
65717
65723
65736
65757
65768
65775
65775
65790
65795
65803
65814
65835
65854
65883
65885
65905
65919
65928
65938
65958
65977
65985
65988
66032
66047
66052
66060
66066
66077
66085
66087
66107
66107
66116
66162
66177
66178
66199
66215
66233
66238
66238
66268
66272
66278
66280
66280
66283
66289
66305
66311
66315
66319
66334
66357
66386
66390
66390
66401
66403
66408
66415
66440
66443
66454
66456
66467
66471
66495
66497
66508
66514
66525
66535
66543
66564
66573
66575
66602
66605
66607
66609
66615
66619
66621
66622
66624
66632
66646
66665
66666
66672
66674
66679
66681
66689
66692
66697
66716
66737
66739
66744
66764
66764
66776
66791
66801
66802
66802
66809
66814
66826
66843
66846
66850
66851
66853
66871
66911
66911
66925
66925
66927
66931
66953
66969
66980
66993
66997
67004
67013
67015
67015
67032
67035
67040
67063
67084
67111
67125
67161
67163
67167
67181
67206
67235
67239
67264
67281
67286
67293
67293
67301
67303
67312
67315
67320
67335
67341
67348
67349
67372
67380
67381
67397
67410
67424
67432
67434
67440
67448
67452
67468
67474
67492
67498
67498
67499
67517
67540
67544
67561
67566
67571
67581
67590
67602
67609
67616
67620
67667
67672
67683
67707
67713
67719
67720
67722
67725
67725
67731
67735
67740
67748
67751
67767
67771
67777
67778
67806
67826
67828
67828
67846
67849
67859
67870
67887
67888
67888
67891
67901
67904
67911
67914
67930
67943
67944
67947
67956
67978
67994
67995
67997
68017
68039
68073
68098
68102
68135
68154
68158
68168
68184
68210
68213
68216
68218
68219
68226
68230
68242
68246
68266
68268
68270
68275
68315
68322
68347
68354
68361
68391
68393
68412
68413
68415
68447
68447
68454
68479
68480
68500
68502
68508
68514
68515
68538
68538
68549
68563
68580
68590
68602
68602
68616
68619
68636
68654
68659
68678
68680
68683
68700
68714
68734
68741
68759
68766
68768
68776
68780
68785
68800
68800
68801
68804
68809
68813
68819
68825
68858
68864
68868
68881
68923
68928
68934
68941
68961
68967
68972
68975
68980
68984
68987
68988
68993
68994
68996
68999
69001
69013
69027
69030
69037
69054
69054
69061
69066
69072
69089
69102
69153
69156
69183
69187
69193
69220
69239
69253
69271
69301
69315
69316
69336
69351
69356
69384
69384
69395
69396
69398
69404
69412
69414
69418
69434
69442
69459
69474
69493
69512
69514
69518
69564
69610
69631
69644
69657
69674
69676
69677
69677
69693
69719
69739
69747
69755
69767
69767
69784
69787
69788
69799
69811
69816
69828
69834
69838
69847
69863
69866
69871
69878
69884
69905
69922
69925
69927
69955
69963
69965
69982
69987
69992
69999
70018
70030
70038
70058
70073
70073
70075
70085
70087
70090
70097
70104
70139
70156
70174
70177
70177
70184
70197
70233
70234
70252
70253
70266
70284
70294
70320
70325
70338
70346
70360
70381
70386
70392
70394
70394
70407
70411
70419
70431
70437
70437
70439
70445
70459
70459
70461
70492
70508
70517
70519
70523
70539
70542
70551
70555
70561
70568
70579
70585
70591
70592
70623
70640
70645
70654
70667
70678
70712
70714
70715
70717
70722
70725
70738
70743
70751
70757
70799
70805
70807
70810
70814
70816
70842
70861
70865
70870
70872
70872
70882
70899
70925
70928
70942
70949
70988
70990
70995
70998
71010
71014
71015
71059
71073
71106
71110
71120
71145
71146
71162
71162
71173
71199
71200
71206
71208
71214
71225
71235
71251
71264
71266
71271
71276
71276
71290
71314
71323
71335
71340
71340
71343
71357
71391
71393
71397
71401
71414
71422
71444
71448
71450
71452
71459
71472
71483
71484
71499
71526
71531
71532
71546
71557
71560
71562
71568
71592
71602
71634
71647
71647
71649
71654
71659
71660
71661
71671
71685
71697
71707
71708
71710
71718
71722
71727
71727
71742
71742
71753
71773
71789
71821
71829
71829
71833
71850
71856
71857
71858
71873
71885
71910
71910
71919
71934
71937
71951
71957
71965
71971
71974
71986
72025
72025
72037
72050
72085
72094
72135
72137
72146
72153
72164
72169
72172
72196
72212
72213
72226
72230
72232
72259
72262
72266
72270
72270
72298
72315
72336
72336
72340
72416
72450
72463
72477
72491
72513
72513
72523
72524
72536
72542
72544
72551
72571
72580
72584
72598
72604
72604
72611
72621
72642
72646
72652
72662
72673
72678
72681
72682
72683
72685
72702
72716
72733
72747
72749
72760
72780
72783
72791
72794
72796
72815
72836
72837
72840
72841
72846
72847
72852
72872
72879
72882
72901
72906
72907
72916
72926
72926
72929
72932
72947
72965
72982
73004
73007
73009
73010
73017
73034
73064
73068
73072
73081
73085
73106
73117
73130
73159
73181
73206
73209
73216
73221
73237
73259
73271
73273
73284
73294
73296
73303
73304
73307
73323
73326
73333
73334
73358
73368
73382
73407
73421
73429
73430
73452
73453
73467
73491
73501
73514
73515
73518
73526
73527
73533
73539
73550
73550
73552
73552
73553
73571
73587
73603
73629
73658
73659
73660
73667
73684
73685
73697
73704
73712
73720
73722
73723
73735
73753
73757
73772
73774
73774
73775
73782
73788
73794
73803
73805
73815
73877
73894
73896
73898
73906
73914
73920
73943
73969
73976
73993
73995
73997
74011
74014
74020
74034
74064
74066
74082
74128
74129
74135
74140
74147
74156
74157
74170
74184
74185
74200
74209
74215
74221
74263
74268
74275
74291
74303
74312
74329
74330
74341
74369
74371
74397
74402
74419
74464
74483
74508
74509
74511
74530
74562
74569
74618
74625
74635
74643
74645
74655
74660
74673
74673
74689
74708
74718
74720
74725
74726
74728
74748
74760
74768
74781
74783
74796
74845
74847
74850
74878
74882
74884
74911
74929
74931
74933
74934
74934
74939
74942
74945
74953
74961
74964
74985
74995
75000
75022
75030
75036
75037
75038
75061
75068
75074
75087
75104
75104
75105
75108
75110
75115
75116
75119
75121
75128
75145
75145
75160
75175
75179
75184
75189
75193
75196
75227
75239
75240
75241
75248
75256
75262
75269
75280
75295
75325
75366
75368
75377
75378
75391
75418
75441
75442
75452
75465
75466
75474
75482
75482
75482
75489
75505
75509
75539
75550
75566
75573
75576
75588
75603
75617
75633
75637
75639
75649
75655
75663
75669
75676
75687
75701
75701
75704
75709
75719
75719
75728
75769
75783
75794
75799
75801
75820
75823
75839
75860
75877
75881
75882
75885
75895
75902
75927
75928
75930
75940
75946
75960
75974
76016
76023
76024
76026
76034
76048
76053
76055
76056
76056
76059
76059
76063
76065
76068
76069
76083
76102
76131
76151
76158
76179
76180
76184
76185
76186
76190
76190
76196
76198
76206
76229
76230
76234
76237
76238
76247
76274
76288
76299
76319
76328
76337
76349
76352
76374
76375
76385
76405
76421
76427
76429
76430
76443
76459
76460
76461
76470
76480
76482
76497
76500
76507
76513
76517
76520
76521
76539
76543
76549
76555
76593
76598
76599
76601
76614
76615
76622
76648
76653
76667
76674
76685
76692
76699
76709
76726
76735
76735
76736
76739
76739
76752
76756
76765
76783
76831
76831
76834
76835
76840
76844
76846
76857
76861
76867
76884
76915
76935
76945
76948
76955
76958
76960
76964
76971
76973
76976
76977
76987
77005
77032
77037
77040
77044
77071
77101
77103
77108
77115
77166
77177
77191
77194
77195
77204
77209
77210
77211
77240
77251
77273
77278
77284
77293
77302
77323
77353
77367
77374
77379
77379
77386
77386
77423
77424
77431
77458
77465
77467
77500
77508
77508
77530
77570
77573
77575
77579
77585
77589
77596
77596
77608
77611
77624
77628
77632
77635
77641
77654
77664
77684
77687
77697
77703
77703
77703
77715
77735
77743
77774
77783
77786
77790
77791
77791
77814
77816
77825
77891
77901
77910
77914
77929
77933
77947
77965
78003
78010
78070
78071
78079
78093
78099
78100
78130
78135
78149
78178
78181
78190
78196
78211
78211
78226
78235
78235
78238
78249
78258
78285
78289
78301
78310
78329
78345
78356
78368
78378
78380
78383
78395
78416
78416
78419
78424
78427
78430
78455
78455
78469
78479
78482
78484
78485
78506
78513
78518
78529
78530
78531
78534
78555
78557
78559
78572
78601
78610
78617
78628
78629
78674
78681
78686
78688
78693
78694
78711
78722
78724
78734
78737
78738
78740
78774
78787
78789
78791
78797
78810
78823
78823
78824
78829
78839
78849
78849
78857
78857
78879
78884
78894
78902
78916
78926
78937
78945
78947
78947
78950
78975
78988
78991
78992
78996
78996
79035
79044
79045
79048
79049
79056
79060
79063
79068
79079
79101
79103
79104
79115
79116
79117
79125
79127
79135
79151
79192
79203
79206
79211
79226
79231
79248
79261
79261
79271
79274
79274
79296
79309
79340
79400
79400
79413
79419
79423
79441
79443
79449
79452
79456
79457
79458
79467
79478
79480
79496
79510
79528
79529
79554
79594
79627
79628
79633
79634
79637
79638
79641
79661
79680
79684
79689
79716
79721
79769
79774
79777
79783
79790
79800
79810
79818
79819
79855
79861
79876
79884
79893
79894
79904
79925
79930
79934
79936
79957
79963
79970
79980
79981
79997
79997
80004
80011
80018
80041
80061
80063
80068
80073
80076
80077
80080
80084
80115
80127
80141
80165
80178
80181
80185
80186
80206
80217
80221
80227
80234
80251
80282
80284
80286
80287
80311
80324
80329
80339
80346
80371
80378
80381
80385
80398
80406
80429
80456
80457
80463
80475
80535
80536
80548
80562
80564
80588
80593
80604
80606
80613
80619
80620
80633
80644
80648
80655
80656
80659
80660
80662
80689
80694
80704
80711
80737
80739
80740
80761
80779
80800
80803
80807
80809
80813
80821
80826
80834
80837
80839
80845
80869
80873
80876
80887
80903
80907
80916
80928
80941
80942
80949
80959
80985
80987
81017
81019
81027
81032
81033
81035
81042
81067
81069
81081
81096
81111
81129
81130
81151
81152
81172
81173
81186
81218
81220
81223
81228
81229
81235
81235
81238
81241
81259
81259
81284
81297
81300
81304
81334
81339
81371
81372
81379
81380
81397
81411
81421
81423
81425
81448
81449
81450
81453
81471
81501
81504
81511
81515
81520
81526
81533
81541
81558
81592
81600
81613
81616
81626
81648
81669
81673
81676
81689
81710
81719
81727
81731
81751
81769
81792
81799
81812
81814
81818
81819
81820
81833
81856
81888
81909
81921
81976
81985
82000
82003
82015
82030
82031
82047
82076
82082
82120
82130
82149
82149
82156
82175
82184
82185
82185
82195
82208
82211
82213
82241
82245
82250
82257
82276
82286
82286
82291
82339
82340
82350
82363
82372
82391
82403
82406
82411
82415
82418
82439
82439
82440
82450
82451
82452
82463
82466
82486
82504
82516
82536
82537
82552
82554
82575
82580
82587
82595
82598
82599
82608
82609
82611
82612
82620
82621
82659
82660
82663
82669
82673
82674
82688
82710
82711
82713
82720
82732
82741
82742
82754
82756
82761
82773
82780
82786
82787
82795
82811
82819
82821
82821
82823
82825
82832
82836
82838
82871
82884
82906
82907
82913
82914
82917
82920
82922
82937
82941
82955
82985
82992
83007
83016
83019
83028
83033
83058
83064
83069
83085
83090
83091
83106
83108
83117
83135
83136
83149
83150
83158
83162
83163
83176
83186
83196
83198
83200
83205
83244
83244
83249
83255
83255
83261
83262
83269
83272
83284
83285
83288
83293
83327
83345
83355
83357
83361
83374
83376
83385
83390
83391
83404
83410
83421
83432
83436
83455
83465
83478
83487
83505
83514
83522
83540
83544
83554
83562
83573
83575
83576
83584
83590
83597
83633
83639
83662
83666
83669
83678
83682
83708
83710
83727
83746
83753
83761
83774
83777
83788
83792
83793
83798
83799
83801
83837
83842
83875
83877
83888
83890
83894
83916
83920
83929
83932
83933
83981
83993
84002
84006
84012
84012
84013
84018
84020
84022
84026
84030
84050
84053
84061
84093
84097
84098
84101
84127
84134
84138
84155
84166
84179
84190
84191
84205
84210
84213
84213
84216
84219
84236
84246
84261
84267
84291
84298
84312
84317
84348
84348
84379
84382
84433
84441
84443
84450
84451
84452
84461
84461
84462
84464
84472
84484
84503
84510
84515
84543
84553
84557
84561
84572
84593
84629
84636
84640
84649
84656
84659
84684
84707
84707
84707
84709
84725
84731
84733
84739
84746
84748
84769
84778
84787
84790
84797
84805
84810
84810
84812
84818
84822
84829
84836
84843
84847
84853
84855
84861
84867
84882
84885
84891
84916
84931
84958
84972
84992
84995
85020
85021
85029
85046
85063
85066
85067
85077
85081
85082
85089
85096
85097
85103
85123
85143
85161
85193
85197
85205
85223
85238
85248
85249
85258
85261
85266
85270
85284
85288
85306
85310
85331
85335
85339
85343
85345
85367
85377
85379
85461
85492
85513
85532
85544
85547
85547
85555
85559
85561
85573
85577
85578
85580
85581
85583
85587
85597
85609
85643
85664
85699
85709
85742
85762
85777
85789
85789
85811
85834
85841
85842
85854
85854
85855
85868
85875
85882
85902
85904
85949
85949
85957
85968
85985
85995
86020
86036
86056
86074
86090
86091
86104
86108
86112
86120
86122
86125
86142
86152
86152
86163
86185
86188
86194
86199
86206
86232
86241
86283
86289
86303
86303
86309
86312
86318
86323
86332
86359
86377
86379
86380
86385
86387
86404
86438
86439
86444
86445
86450
86452
86458
86464
86509
86524
86533
86547
86551
86578
86600
86607
86611
86618
86636
86643
86650
86655
86657
86658
86659
86680
86689
86705
86706
86706
86725
86731
86749
86754
86756
86760
86764
86764
86767
86773
86776
86794
86797
86807
86814
86816
86824
86832
86856
86872
86875
86883
86894
86898
86904
86906
86937
86942
86949
86961
86969
86970
87000
87002
87008
87014
87015
87015
87021
87053
87063
87084
87084
87099
87100
87101
87104
87108
87112
87114
87119
87140
87143
87143
87162
87164
87185
87192
87197
87213
87223
87230
87257
87260
87261
87277
87281
87303
87309
87314
87316
87318
87320
87320
87322
87325
87342
87346
87356
87372
87376
87398
87409
87417
87429
87436
87470
87470
87472
87481
87506
87511
87515
87518
87529
87532
87540
87571
87579
87604
87609
87615
87618
87666
87669
87680
87682
87695
87709
87709
87729
87733
87743
87746
87749
87752
87754
87774
87776
87776
87778
87780
87784
87786
87793
87795
87797
87819
87857
87867
87880
87895
87902
87905
87914
87918
87930
87931
87937
87943
87944
87951
87959
87960
87966
87971
87977
88005
88011
88022
88046
88067
88071
88073
88077
88086
88088
88101
88109
88129
88131
88141
88145
88170
88173
88174
88178
88187
88207
88210
88214
88215
88222
88223
88228
88246
88283
88284
88294
88296
88308
88318
88326
88337
88342
88359
88372
88378
88407
88413
88413
88414
88417
88419
88422
88444
88444
88453
88475
88477
88481
88482
88492
88503
88507
88512
88513
88526
88544
88554
88558
88562
88576
88588
88589
88609
88631
88635
88638
88641
88646
88658
88668
88684
88694
88701
88718
88728
88729
88732
88733
88743
88743
88747
88757
88764
88769
88787
88794
88804
88806
88821
88827
88844
88855
88858
88879
88887
88894
88913
88916
88961
88972
88974
88980
88990
88995
88998
89000
89031
89035
89035
89038
89047
89047
89051
89057
89068
89075
89081
89088
89098
89100
89104
89107
89114
89144
89150
89173
89193
89200
89208
89240
89241
89244
89252
89258
89262
89270
89271
89276
89280
89280
89305
89306
89310
89314
89323
89326
89328
89334
89341
89374
89384
89396
89435
89442
89448
89462
89471
89481
89489
89508
89556
89558
89586
89589
89601
89606
89628
89629
89630
89650
89670
89674
89685
89695
89704
89762
89763
89787
89791
89797
89816
89838
89849
89875
89878
89882
89887
89887
89895
89915
89919
89923
89951
89957
89958
89968
89981
89987
90003
90003
90004
90017
90020
90039
90051
90059
90071
90123
90123
90139
90157
90159
90161
90166
90172
90180
90188
90192
90211
90214
90215
90220
90222
90241
90259
90263
90271
90287
90296
90300
90308
90327
90336
90359
90364
90369
90376
90380
90380
90396
90438
90462
90463
90463
90465
90470
90472
90492
90496
90501
90503
90514
90529
90542
90597
90602
90612
90626
90633
90634
90642
90645
90670
90670
90672
90677
90693
90698
90713
90762
90763
90765
90774
90782
90793
90798
90800
90808
90820
90824
90841
90841
90851
90857
90861
90867
90875
90875
90878
90878
90879
90880
90886
90887
90892
90893
90894
90895
90904
90906
90911
90918
90918
90921
90932
90956
90965
90988
90994
91003
91007
91010
91028
91030
91059
91060
91061
91070
91071
91082
91095
91100
91103
91105
91105
91116
91118
91121
91121
91122
91126
91128
91142
91147
91157
91159
91168
91184
91186
91188
91192
91198
91210
91223
91224
91235
91236
91237
91238
91239
91240
91241
91242
91247
91250
91263
91264
91288
91292
91303
91318
91324
91328
91330
91332
91332
91342
91346
91354
91361
91363
91375
91379
91395
91416
91419
91430
91434
91434
91452
91472
91475
91485
91488
91546
91552
91555
91556
91564
91588
91589
91595
91620
91622
91629
91643
91655
91665
91673
91687
91700
91708
91716
91732
91747
91752
91754
91784
91793
91793
91796
91815
91829
91830
91839
91854
91856
91859
91872
91874
91878
91878
91878
91898
91915
91924
91924
91928
91949
91960
91966
91970
91979
91982
91999
92003
92006
92007
92008
92012
92017
92021
92028
92040
92065
92081
92088
92091
92110
92110
92120
92128
92137
92139
92151
92178
92199
92201
92203
92228
92229
92254
92255
92257
92257
92258
92282
92298
92313
92324
92327
92334
92337
92340
92359
92369
92432
92439
92441
92450
92458
92478
92482
92490
92520
92527
92529
92530
92558
92567
92571
92575
92586
92590
92606
92607
92612
92618
92624
92644
92651
92669
92682
92699
92706
92714
92732
92736
92740
92754
92755
92765
92767
92789
92825
92848
92855
92864
92873
92877
92884
92887
92897
92899
92900
92927
92937
92963
92965
92965
92970
92975
93037
93039
93053
93059
93059
93059
93061
93062
93069
93070
93077
93090
93095
93100
93103
93120
93126
93135
93137
93177
93181
93191
93225
93227
93234
93245
93245
93247
93274
93279
93288
93295
93306
93319
93323
93344
93360
93372
93387
93392
93413
93434
93446
93468
93470
93479
93507
93508
93519
93526
93527
93534
93535
93535
93541
93571
93572
93601
93651
93666
93674
93677
93685
93690
93704
93737
93748
93759
93773
93805
93808
93809
93817
93833
93854
93854
93861
93897
93939
93946
93969
93969
93972
93991
93997
94001
94009
94012
94038
94046
94060
94068
94083
94102
94112
94132
94158
94165
94175
94176
94188
94197
94206
94217
94224
94243
94254
94257
94279
94295
94309
94318
94319
94321
94344
94388
94390
94423
94433
94435
94437
94442
94444
94459
94461
94489
94498
94515
94529
94530
94538
94553
94560
94563
94573
94574
94586
94595
94597
94609
94609
94629
94635
94642
94655
94657
94660
94666
94699
94699
94701
94707
94738
94746
94749
94759
94765
94771
94771
94780
94784
94787
94791
94805
94811
94815
94817
94831
94834
94839
94846
94857
94859
94887
94893
94895
94896
94917
94930
94964
94979
94980
95000
95019
95029
95030
95039
95047
95058
95058
95094
95128
95130
95132
95144
95145
95147
95150
95176
95190
95209
95227
95231
95238
95243
95253
95254
95257
95267
95285
95292
95301
95322
95322
95324
95350
95350
95365
95382
95389
95400
95400
95406
95414
95415
95422
95441
95449
95452
95458
95466
95467
95476
95517
95534
95536
95544
95546
95551
95551
95568
95586
95587
95587
95589
95595
95599
95607
95625
95626
95627
95633
95636
95637
95647
95649
95671
95678
95680
95693
95708
95741
95752
95779
95784
95787
95787
95788
95790
95799
95806
95829
95832
95847
95856
95861
95869
95874
95882
95890
95898
95899
95916
95924
95936
95946
95952
95957
95966
95976
95981
95982
95993
96003
96059
96062
96062
96079
96087
96107
96121
96124
96132
96139
96140
96160
96188
96191
96218
96218
96224
96226
96238
96249
96269
96305
96313
96317
96325
96327
96342
96354
96359
96368
96384
96393
96415
96426
96428
96428
96436
96441
96442
96461
96463
96470
96474
96480
96490
96515
96529
96570
96580
96587
96588
96591
96592
96597
96599
96607
96617
96636
96661
96663
96668
96670
96685
96690
96692
96695
96699
96714
96730
96767
96785
96786
96799
96802
96803
96803
96804
96806
96818
96823
96840
96852
96862
96868
96883
96900
96901
96905
96911
96929
96942
96956
96982
96987
96994
97007
97009
97017
97021
97026
97033
97044
97049
97067
97069
97084
97089
97101
97102
97107
97109
97131
97135
97159
97162
97182
97192
97206
97207
97209
97221
97225
97227
97228
97240
97242
97257
97265
97307
97309
97311
97318
97331
97332
97357
97390
97394
97399
97400
97406
97410
97420
97430
97460
97461
97470
97484
97485
97486
97493
97494
97497
97501
97505
97505
97505
97510
97524
97561
97562
97572
97591
97619
97623
97630
97642
97642
97650
97672
97677
97697
97726
97740
97741
97747
97760
97775
97794
97808
97823
97826
97827
97833
97833
97853
97860
97885
97894
97895
97896
97902
97913
97914
97922
97922
97922
97926
97935
97937
97956
97976
97976
97977
97987
97987
97999
98018
98027
98046
98052
98055
98058
98060
98072
98076
98126
98126
98135
98138
98148
98153
98157
98162
98173
98189
98190
98191
98201
98232
98234
98235
98237
98238
98241
98243
98270
98292
98294
98296
98299
98334
98337
98349
98350
98360
98372
98377
98390
98399
98411
98440
98450
98465
98472
98491
98498
98515
98541
98546
98549
98563
98574
98595
98596
98599
98601
98614
98620
98625
98633
98638
98658
98682
98690
98696
98698
98723
98750
98754
98757
98769
98785
98792
98801
98807
98808
98847
98849
98866
98867
98868
98870
98881
98882
98894
98894
98894
98895
98902
98914
98925
98935
98939
98964
98969
98971
98991
98997
99003
99016
99032
99035
99050
99053
99066
99069
99069
99082
99086
99090
99103
99126
99139
99142
99142
99154
99157
99158
99161
99178
99189
99215
99242
99245
99266
99268
99269
99275
99292
99302
99309
99314
99325
99328
99332
99343
99344
99354
99370
99383
99390
99394
99397
99410
99414
99431
99438
99466
99485
99495
99497
99497
99507
99511
99527
99532
99542
99545
99552
99559
99578
99583
99589
99598
99609
99618
99628
99633
99641
99654
99654
99667
99675
99676
99687
99689
99697
99698
99715
99716
99731
99738
99747
99751
99763
99763
99771
99791
99793
99796
99808
99813
99818
99824
99843
99855
99861
99867
99870
99870
99879
99899
99905
99908
99918
99919
99932
99944
99956
99957
99964
99966
99980
