3
13
22
32
35
51
68
82
95
115
121
124
135
150
165
204
204
207
207
235
241
261
297
309
312
314
327
330
330
330
352
358
360
368
404
409
431
431
444
446
458
460
463
492
508
517
544
562
579
581
582
598
601
626
651
683
696
721
733
740
750
760
762
763
768
769
772
781
783
788
793
797
799
804
826
831
841
845
880
883
883
884
886
890
901
915
915
928
929
943
946
948
956
974
998
1022
1026
1048
1064
1069
1069
1077
1103
1113
1131
1132
1134
1143
1221
1240
1249
1251
1256
1271
1289
1306
1308
1324
1344
1367
1385
1397
1413
1414
1432
1446
1459
1468
1470
1476
1482
1500
1511
1511
1522
1536
1549
1561
1566
1568
1575
1582
1597
1615
1633
1655
1695
1719
1726
1728
1747
1749
1750
1772
1779
1783
1791
1809
1816
1820
1827
1833
1847
1884
1886
1887
1904
1908
1915
1920
1926
1940
1944
1949
1951
1962
1968
1969
1996
2036
2037
2043
2057
2064
2068
2076
2087
2103
2112
2121
2126
2135
2135
2141
2177
2187
2197
2232
2245
2252
2254
2257
2284
2285
2287
2289
2308
2313
2340
2345
2363
2364
2396
2404
2411
2417
2424
2430
2430
2443
2451
2456
2462
2463
2467
2470
2474
2477
2480
2480
2484
2494
2512
2528
2540
2546
2550
2562
2583
2591
2603
2607
2608
2609
2615
2620
2621
2624
2628
2629
2640
2690
2707
2724
2732
2765
2770
2780
2784
2797
2801
2803
2815
2816
2834
2835
2860
2862
2863
2868
2870
2885
2886
2899
2906
2916
2918
2922
2923
2923
2929
2944
2958
2968
3001
3036
3078
3091
3108
3117
3144
3155
3171
3176
3176
3201
3210
3241
3247
3279
3315
3322
3326
3335
3349
3361
3362
3364
3371
3372
3374
3374
3390
3410
3410
3412
3421
3430
3434
3449
3452
3453
3458
3459
3480
3500
3525
3537
3558
3562
3564
3566
3570
3570
3572
3578
3579
3583
3585
3585
3595
3602
3607
3616
3625
3647
3678
3683
3687
3709
3716
3723
3726
3726
3741
3748
3764
3764
3776
3782
3797
3808
3868
3881
3882
3898
3899
3902
3903
3912
3916
3954
3961
3963
3970
3972
3980
4013
4040
4042
4049
4051
4059
4066
4078
4080
4088
4113
4114
4117
4137
4152
4202
4233
4237
4238
4246
4249
4255
4268
4287
4289
4292
4301
4311
4312
4325
4332
4332
4332
4334
4352
4358
4384
4392
4407
4424
4430
4436
4449
4466
4491
4527
4528
4537
4552
4570
4577
4588
4593
4598
4603
4612
4642
4646
4649
4661
4663
4670
4677
4682
4685
4708
4709
4733
4734
4740
4767
4770
4782
4789
4803
4812
4829
4834
4860
4861
4868
4891
4895
4898
4902
4931
4934
4942
4943
4970
4976
4981
4988
4991
4992
5013
5031
5039
5042
5050
5051
5060
5078
5079
5111
5123
5128
5129
5131
5139
5145
5157
5175
5177
5184
5236
5259
5293
5311
5313
5325
5331
5352
5357
5359
5366
5384
5384
5387
5399
5406
5416
5416
5439
5449
5466
5492
5524
5527
5531
5547
5558
5564
5590
5596
5601
5614
5621
5648
5648
5650
5651
5654
5656
5668
5669
5670
5685
5693
5708
5738
5742
5745
5763
5774
5788
5794
5796
5799
5805
5845
5849
5851
5869
5876
5892
5902
5906
5910
5911
5911
5912
5921
5936
5945
5950
5960
5965
5975
5989
6002
6026
6029
6039
6040
6064
6064
6067
6075
6091
6109
6151
6156
6192
6192
6203
6209
6229
6233
6234
6248
6268
6295
6302
6304
6317
6320
6328
6339
6343
6349
6350
6353
6353
6366
6389
6402
6405
6408
6414
6420
6424
6429
6459
6462
6475
6500
6527
6541
6555
6557
6557
6567
6572
6580
6600
6608
6617
6620
6624
6628
6644
6654
6667
6694
6701
6732
6759
6767
6772
6782
6783
6793
6796
6797
6797
6798
6807
6812
6823
6825
6827
6828
6837
6840
6844
6846
6847
6870
6874
6896
6899
6913
6927
6941
6942
6981
6999
7006
7015
7038
7039
7049
7058
7066
7085
7098
7102
7121
7130
7138
7146
7155
7161
7161
7170
7170
7173
7176
7176
7182
7193
7193
7201
7203
7206
7228
7235
7247
7252
7262
7264
7271
7277
7295
7306
7309
7326
7330
7331
7340
7348
7348
7357
7370
7393
7393
7408
7422
7450
7451
7457
7478
7490
7501
7520
7553
7557
7559
7563
7568
7575
7582
7586
7604
7618
7619
7623
7625
7633
7637
7639
7646
7655
7662
7666
7695
7726
7732
7738
7757
7758
7764
7778
7792
7803
7816
7825
7832
7839
7859
7862
7864
7894
7905
7919
7923
7937
7955
7961
7967
7972
7977
7996
8017
8029
8075
8081
8084
8106
8117
8122
8129
8136
8139
8147
8170
8171
8173
8195
8201
8204
8258
8268
8271
8275
8280
8280
8304
8305
8308
8323
8334
8347
8372
8378
8382
8408
8416
8417
8420
8425
8426
8432
8440
8440
8459
8461
8461
8465
8483
8487
8492
8492
8499
8503
8518
8541
8542
8563
8576
8577
8589
8594
8602
8603
8622
8626
8644
8664
8675
8689
8690
8693
8709
8712
8715
8733
8760
8760
8777
8795
8806
8809
8832
8842
8851
8856
8874
8874
8881
8884
8884
8902
8902
8914
8917
8944
8947
8960
8972
8975
8975
8988
8989
9006
9020
9030
9060
9064
9077
9077
9107
9114
9148
9153
9174
9191
9198
9213
9223
9229
9234
9263
9267
9279
9279
9315
9319
9325
9335
9340
9360
9362
9363
9372
9380
9388
9392
9397
9401
9414
9433
9435
9474
9495
9508
9529
9533
9536
9543
9549
9554
9560
9561
9581
9594
9599
9601
9601
9602
9619
9620
9634
9637
9642
9644
9645
9651
9654
9656
9670
9695
9696
9706
9723
9724
9744
9748
9749
9752
9755
9759
9763
9787
9818
9821
9826
9831
9855
9855
9856
9874
9883
9892
9893
9922
9922
9928
9951
9952
9958
9965
9989
10005
10022
10033
10050
10067
10078
10083
10087
10090
10092
10093
10131
10137
10137
10140
10188
10189
10189
10190
10223
10232
10232
10236
10240
10253
10263
10264
10269
10288
10291
10293
10318
10343
10378
10388
10392
10445
10449
10457
10458
10464
10465
10468
10469
10472
10489
10495
10500
10523
10553
10554
10556
10559
10566
10568
10570
10571
10582
10592
10609
10610
10621
10622
10640
10640
10643
10647
10660
10663
10680
10682
10687
10691
10691
10696
10748
10757
10759
10763
10769
10772
10776
10784
10786
10793
10796
10811
10835
10873
10875
10888
10911
10929
10935
10954
10961
10965
10974
10977
10980
10990
10998
11006
11014
11014
11014
11035
11039
11042
11055
11066
11067
11072
11085
11093
11094
11100
11137
11153
11170
11172
11174
11202
11204
11225
11230
11260
11265
11278
11295
11296
11298
11299
11300
11300
11312
11313
11327
11332
11337
11342
11349
11364
11365
11366
11385
11385
11389
11389
11392
11393
11394
11398
11422
11424
11424
11427
11435
11443
11448
11472
11478
11481
11482
11482
11499
11503
11506
11508
11513
11521
11522
11533
11548
11555
11557
11557
11569
11580
11580
11583
11586
11599
11605
11631
11653
11654
11691
11697
11699
11708
11718
11722
11722
11724
11727
11735
11750
11752
11755
11763
11766
11771
11785
11811
11817
11827
11874
11904
11906
11916
11935
11935
11960
11962
11964
11964
11966
11979
11984
11992
12025
12029
12042
12043
12059
12072
12123
12136
12144
12169
12182
12189
12190
12213
12216
12220
12223
12225
12257
12274
12274
12280
12294
12299
12333
12334
12335
12341
12348
12353
12367
12374
12390
12395
12416
12436
12443
12446
12457
12462
12486
12497
12497
12527
12543
12544
12565
12579
12595
12627
12628
12631
12648
12653
12654
12663
12669
12682
12682
12687
12693
12696
12745
12750
12753
12753
12759
12764
12768
12785
12785
12811
12838
12861
12874
12893
12912
12913
12957
12959
12961
12971
12981
12986
12987
12989
13021
13028
13031
13036
13045
13051
13054
13060
13075
13079
13105
13111
13143
13144
13147
13147
13157
13157
13159
13179
13184
13234
13237
13256
13265
13266
13271
13285
13291
13304
13319
13355
13362
13365
13366
13374
13380
13390
13424
13429
13433
13445
13448
13467
13476
13477
13479
13486
13487
13492
13497
13520
13529
13537
13546
13553
13585
13593
13616
13626
13632
13637
13668
13674
13690
13695
13698
13701
13750
13753
13764
13770
13797
13798
13801
13806
13817
13826
13830
13831
13842
13846
13876
13879
13890
13893
13893
13911
13916
13917
13922
13926
13943
13944
13958
13963
13965
13967
13987
13989
13996
14022
14024
14025
14036
14071
14080
14081
14083
14095
14098
14100
14100
14101
14123
14127
14131
14136
14145
14152
14154
14166
14168
14187
14188
14203
14249
14250
14252
14259
14269
14297
14297
14315
14321
14340
14343
14351
14355
14358
14359
14365
14367
14373
14376
14377
14397
14406
14434
14443
14459
14461
14468
14472
14472
14487
14500
14503
14513
14518
14526
14532
14542
14548
14564
14575
14577
14590
14597
14599
14615
14634
14638
14645
14646
14647
14653
14655
14663
14667
14669
14669
14686
14690
14697
14701
14713
14731
14735
14754
14767
14775
14803
14809
14825
14890
14898
14906
14907
14909
14912
14913
14916
14925
14925
14932
14943
14966
14996
15019
15027
15029
15030
15031
15036
15054
15071
15098
15105
15141
15142
15143
15144
15144
15145
15145
15154
15161
15174
15180
15196
15200
15201
15217
15219
15235
15246
15261
15270
15274
15277
15285
15287
15300
15308
15312
15315
15317
15317
15321
15323
15331
15339
15340
15351
15352
15356
15358
15374
15376
15399
15428
15442
15451
15461
15462
15476
15495
15500
15500
15526
15571
15577
15579
15589
15593
15596
15606
15613
15627
15636
15638
15645
15654
15667
15673
15697
15708
15711
15727
15732
15743
15744
15746
15747
15771
15779
15802
15803
15804
15816
15859
15864
15864
15872
15879
15887
15889
15912
15953
15968
15976
15977
15978
15986
16003
16004
16023
16042
16059
16080
16107
16107
16109
16129
16140
16152
16152
16158
16158
16168
16188
16193
16204
16210
16215
16216
16224
16233
16237
16249
16266
16284
16287
16294
16297
16303
16308
16334
16356
16359
16368
16377
16391
16395
16398
16420
16444
16446
16448
16448
16449
16480
16489
16508
16509
16509
16542
16543
16589
16598
16636
16658
16669
16693
16726
16738
16763
16785
16795
16816
16822
16824
16833
16838
16868
16883
16888
16907
16909
16910
16911
16925
16929
16945
16951
16955
16959
16963
16965
16972
16987
17005
17018
17031
17058
17069
17095
17102
17102
17113
17131
17155
17225
17230
17238
17247
17249
17262
17266
17274
17277
17284
17289
17291
17313
17315
17319
17324
17324
17331
17344
17352
17356
17365
17384
17392
17398
17406
17413
17417
17430
17438
17463
17466
17491
17503
17532
17534
17554
17587
17601
17602
17610
17621
17626
17648
17652
17657
17658
17694
17714
17715
17719
17735
17748
17750
17751
17775
17779
17782
17783
17824
17833
17836
17837
17839
17840
17871
17878
17878
17885
17887
17890
17891
17926
17926
17932
17945
17948
17956
17973
17980
17985
18025
18028
18032
18041
18043
18054
18066
18068
18071
18076
18086
18093
18095
18122
18130
18140
18148
18158
18173
18176
18189
18213
18220
18226
18244
18245
18256
18264
18283
18286
18288
18298
18313
18314
18316
18322
18324
18339
18341
18348
18354
18358
18375
18380
18381
18383
18398
18408
18412
18426
18429
18430
18443
18449
18451
18453
18481
18489
18498
18515
18525
18535
18542
18557
18561
18563
18567
18585
18617
18620
18627
18642
18654
18658
18675
18688
18693
18706
18736
18761
18771
18778
18778
18801
18804
18810
18823
18828
18848
18863
18874
18874
18882
18883
18898
18903
18905
18905
18906
18907
18913
18928
18933
18940
18944
18965
18970
18976
18980
18986
18994
18997
18999
19001
19027
19034
19035
19043
19056
19081
19087
19088
19096
19101
19118
19124
19144
19148
19161
19167
19168
19177
19185
19202
19206
19211
19212
19224
19240
19258
19268
19276
19283
19286
19291
19292
19312
19317
19318
19319
19320
19349
19365
19372
19378
19379
19392
19405
19410
19417
19432
19446
19484
19510
19512
19520
19533
19542
19563
19566
19570
19587
19604
19607
19608
19615
19617
19658
19668
19677
19687
19689
19691
19696
19696
19701
19704
19716
19719
19726
19743
19760
19768
19771
19774
19779
19818
19831
19860
19880
19881
19886
19888
19888
19895
19904
19919
19930
19937
19941
19954
19994
20028
20049
20063
20066
20073
20079
20115
20129
20144
20145
20150
20169
20178
20181
20184
20187
20238
20241
20244
20245
20296
20308
20314
20318
20329
20338
20341
20341
20349
20353
20384
20393
20422
20445
20446
20449
20463
20466
20467
20474
20502
20503
20524
20550
20570
20594
20600
20600
20608
20612
20617
20629
20648
20671
20693
20694
20700
20704
20714
20732
20774
20784
20786
20808
20812
20826
20847
20849
20879
20884
20894
20895
20921
20932
20934
20941
20964
20980
20985
20987
20997
20999
21004
21014
21015
21021
21045
21084
21084
21086
21093
21111
21128
21137
21141
21141
21148
21191
21199
21200
21207
21229
21240
21260
21264
21271
21272
21283
21284
21289
21289
21291
21296
21303
21305
21314
21322
21349
21356
21402
21421
21428
21457
21458
21471
21478
21493
21508
21513
21527
21532
21547
21552
21578
21597
21606
21609
21610
21613
21639
21654
21656
21673
21694
21699
21702
21702
21704
21744
21751
21752
21761
21764
21766
21772
21775
21780
21783
21791
21816
21820
21829
21876
21890
21892
21893
21932
21955
21980
21986
21998
21999
22005
22024
22038
22042
22048
22055
22055
22056
22068
22070
22072
22074
22076
22082
22098
22110
22150
22177
22204
22205
22214
22238
22241
22245
22266
22276
22288
22290
22290
22295
22298
22325
22329
22348
22369
22406
22408
22408
22419
22422
22425
22429
22465
22469
22479
22485
22621
22664
22669
22670
22675
22679
22698
22720
22724
22726
22739
22750
22753
22762
22781
22799
22811
22812
22838
22843
22856
22857
22887
22889
22900
22907
22915
22919
22919
22920
22930
22942
22948
22953
22960
22962
22985
22985
23014
23020
23054
23055
23069
23082
23084
23090
23090
23107
23113
23130
23134
23151
23186
23242
23243
23247
23249
23277
23279
23281
23283
23283
23295
23309
23310
23312
23315
23317
23318
23322
23349
23353
23356
23357
23369
23381
23384
23391
23429
23438
23440
23452
23453
23454
23466
23474
23476
23479
23488
23520
23524
23533
23563
23574
23607
23627
23640
23643
23645
23654
23659
23673
23674
23679
23682
23700
23704
23712
23723
23727
23737
23738
23742
23743
23759
23761
23766
23794
23807
23809
23823
23824
23830
23839
23840
23856
23869
23875
23875
23877
23878
23883
23911
23915
23920
23930
23936
23938
23939
23955
23956
23958
23964
23967
23968
23985
23998
24006
24029
24038
24038
24055
24059
24075
24084
24094
24105
24116
24173
24181
24183
24190
24193
24198
24201
24214
24216
24231
24231
24253
24272
24279
24290
24294
24298
24307
24310
24329
24334
24343
24346
24359
24360
24371
24403
24414
24429
24430
24431
24434
24437
24442
24462
24465
24470
24481
24511
24530
24533
24540
24545
24548
24553
24560
24602
24608
24611
24623
24626
24639
24649
24649
24668
24670
24676
24688
24689
24733
24738
24745
24748
24752
24755
24755
24766
24771
24811
24837
24846
24858
24885
24893
24906
24916
24916
24927
24940
24949
24956
24966
24981
24992
25017
25026
25027
25033
25039
25048
25050
25060
25064
25082
25095
25103
25104
25115
25133
25153
25154
25156
25186
25200
25204
25218
25233
25237
25242
25252
25256
25267
25284
25288
25295
25319
25327
25330
25353
25353
25354
25385
25386
25399
25399
25421
25444
25447
25455
25462
25481
25482
25491
25495
25498
25503
25512
25533
25538
25540
25548
25569
25573
25573
25589
25605
25623
25636
25660
25665
25674
25676
25676
25694
25697
25702
25710
25717
25726
25737
25772
25809
25812
25818
25827
25834
25837
25839
25846
25858
25860
25863
25868
25894
25937
25937
25943
25965
25970
25982
25987
25989
25993
26010
26014
26028
26058
26077
26092
26123
26127
26141
26144
26184
26185
26201
26204
26210
26218
26227
26229
26237
26258
26273
26283
26294
26301
26305
26327
26334
26348
26360
26367
26397
26403
26410
26425
26470
26473
26479
26502
26524
26552
26562
26564
26592
26596
26607
26613
26621
26621
26630
26632
26636
26636
26638
26641
26649
26651
26653
26656
26658
26658
26660
26667
26675
26677
26678
26683
26695
26697
26723
26729
26744
26744
26750
26761
26763
26765
26786
26792
26795
26805
26811
26823
26825
26827
26836
26853
26862
26891
26894
26900
26901
26922
26924
26942
26949
26976
26991
27004
27031
27041
27055
27057
27060
27100
27111
27125
27144
27169
27189
27195
27210
27220
27224
27233
27234
27245
27251
27255
27257
27264
27266
27266
27281
27288
27307
27311
27313
27314
27339
27345
27346
27355
27366
27374
27388
27408
27417
27422
27460
27488
27489
27497
27522
27553
27559
27592
27597
27601
27603
27620
27624
27628
27631
27632
27639
27643
27652
27656
27658
27666
27667
27675
27702
27708
27709
27730
27739
27744
27756
27763
27772
27788
27789
27803
27805
27818
27820
27852
27856
27878
27880
27884
27887
27900
27925
27927
27939
27943
27950
27953
27955
27965
27969
27981
27984
28006
28007
28016
28022
28023
28035
28038
28043
28045
28047
28051
28053
28057
28058
28063
28096
28097
28098
28111
28112
28124
28134
28134
28145
28160
28170
28174
28175
28197
28202
28207
28208
28256
28260
28266
28267
28278
28278
28294
28313
28333
28336
28336
28352
28357
28380
28399
28404
28404
28405
28406
28409
28430
28433
28434
28437
28446
28465
28473
28479
28484
28492
28492
28499
28518
28518
28527
28536
28545
28575
28612
28615
28628
28634
28635
28640
28641
28655
28664
28683
28689
28707
28711
28713
28717
28730
28737
28740
28744
28754
28790
28793
28814
28814
28819
28824
28828
28834
28836
28853
28863
28877
28879
28879
28899
28907
28924
28928
28933
28939
28958
28959
28965
28983
28986
29007
29009
29017
29021
29026
29029
29038
29067
29078
29092
29092
29101
29109
29128
29136
29145
29153
29166
29168
29212
29215
29217
29221
29232
29234
29235
29238
29257
29264
29276
29278
29279
29287
29313
29328
29341
29354
29360
29361
29369
29380
29382
29389
29395
29405
29407
29410
29421
29421
29431
29443
29479
29485
29497
29498
29506
29510
29514
29515
29521
29545
29561
29561
29566
29571
29605
29609
29618
29623
29632
29660
29686
29697
29707
29721
29727
29729
29736
29744
29749
29751
29757
29757
29768
29770
29782
29788
29818
29826
29832
29847
29848
29861
29863
29865
29868
29872
29875
29881
29887
29904
29926
29928
29932
29955
29977
29981
29988
29993
29993
30003
30008
30020
30020
30025
30047
30063
30064
30074
30092
30124
30126
30135
30137
30140
30144
30150
30199
30205
30207
30211
30222
30237
30237
30244
30257
30257
30262
30265
30275
30275
30284
30286
30288
30294
30309
30310
30329
30337
30350
30353
30356
30358
30360
30370
30372
30378
30391
30395
30413
30414
30417
30431
30434
30458
30471
30473
30474
30511
30523
30538
30538
30543
30551
30560
30570
30584
30586
30596
30601
30607
30607
30618
30627
30637
30669
30672
30683
30692
30696
30706
30709
30710
30722
30745
30752
30754
30762
30763
30800
30804
30813
30829
30843
30852
30885
30897
30900
30904
30907
30935
30943
30947
30952
30955
30964
30987
31005
31024
31027
31032
31033
31036
31047
31080
31083
31091
31104
31107
31154
31156
31175
31183
31193
31213
31222
31226
31263
31265
31282
31285
31291
31296
31298
31302
31317
31334
31339
31340
31342
31355
31357
31366
31369
31371
31379
31381
31387
31393
31397
31423
31423
31457
31517
31535
31554
31557
31568
31570
31590
31601
31640
31654
31660
31676
31689
31707
31711
31729
31729
31733
31740
31743
31744
31757
31758
31760
31762
31768
31778
31779
31785
31800
31803
31804
31807
31830
31841
31844
31867
31874
31874
31879
31885
31892
31897
31897
31898
31930
31938
31952
31957
31982
31992
32012
32039
32043
32062
32105
32105
32108
32119
32126
32132
32142
32151
32154
32179
32183
32192
32199
32204
32218
32220
32223
32228
32236
32254
32261
32263
32269
32301
32303
32312
32314
32315
32316
32343
32354
32358
32392
32398
32403
32405
32407
32413
32414
32416
32419
32452
32457
32457
32483
32484
32488
32488
32536
32540
32557
32572
32601
32613
32617
32620
32634
32647
32660
32668
32673
32677
32693
32699
32701
32704
32706
32743
32744
32762
32772
32785
32786
32795
32810
32839
32847
32848
32863
32868
32882
32888
32909
32913
32915
32941
32943
32944
32964
32968
32968
32975
32984
33003
33006
33010
33011
33011
33019
33021
33028
33042
33058
33065
33065
33067
33068
33080
33081
33089
33103
33103
33108
33108
33117
33131
33132
33143
33178
33217
33226
33232
33251
33276
33279
33292
33301
33325
33327
33372
33379
33383
33388
33415
33419
33431
33432
33433
33470
33486
33500
33501
33518
33521
33577
33592
33597
33597
33609
33616
33623
33643
33653
33658
33662
33666
33678
33702
33703
33733
33770
33772
33773
33775
33781
33790
33798
33805
33817
33818
33819
33821
33840
33841
33855
33860
33869
33880
33888
33892
33922
33928
33944
33950
33957
33962
34008
34009
34019
34019
34019
34042
34063
34070
34078
34097
34103
34110
34126
34130
34155
34164
34164
34178
34199
34213
34219
34230
34235
34241
34245
34257
34265
34269
34270
34274
34283
34286
34295
34322
34324
34333
34339
34340
34342
34345
34347
34347
34368
34370
34370
34380
34422
34437
34438
34441
34458
34461
34478
34493
34504
34507
34529
34543
34573
34573
34576
34581
34595
34605
34617
34627
34635
34638
34640
34649
34669
34678
34689
34698
34706
34714
34739
34741
34769
34787
34790
34793
34793
34834
34837
34844
34852
34860
34874
34883
34895
34895
34922
34924
34928
34933
34946
34962
34964
34976
34999
35000
35005
35009
35047
35052
35053
35056
35062
35070
35115
35116
35125
35144
35149
35158
35158
35161
35169
35173
35187
35200
35210
35220
35222
35235
35239
35240
35269
35270
35274
35274
35308
35314
35316
35319
35327
35341
35351
35368
35393
35395
35398
35401
35422
35424
35436
35439
35442
35463
35473
35486
35518
35521
35525
35540
35542
35544
35557
35581
35593
35594
35595
35619
35619
35627
35628
35636
35638
35650
35658
35671
35675
35682
35687
35693
35694
35697
35717
35734
35747
35749
35762
35769
35780
35787
35803
35812
35813
35820
35823
35828
35831
35847
35855
35867
35877
35909
35909
35924
35931
35942
35957
35958
35965
35966
35994
35994
36033
36038
36041
36051
36059
36065
36076
36112
36152
36174
36209
36216
36218
36222
36232
36236
36266
36277
36279
36282
36299
36305
36362
36362
36366
36372
36372
36382
36393
36410
36412
36425
36431
36452
36465
36479
36483
36517
36535
36561
36576
36587
36588
36595
36599
36632
36649
36661
36662
36663
36663
36666
36681
36682
36687
36695
36696
36705
36707
36711
36723
36738
36746
36749
36749
36772
36776
36791
36810
36811
36822
36826
36830
36836
36845
36854
36860
36861
36872
36889
36892
36894
36894
36905
36922
36938
36943
36956
36992
37021
37026
37026
37029
37037
37057
37063
37069
37112
37126
37131
37138
37145
37160
37165
37172
37197
37197
37197
37201
37201
37209
37221
37227
37233
37234
37239
37243
37269
37274
37276
37278
37305
37316
37320
37325
37345
37352
37352
37355
37363
37384
37387
37402
37404
37405
37410
37413
37414
37414
37416
37429
37445
37447
37449
37485
37487
37490
37497
37521
37524
37531
37554
37569
37585
37587
37594
37601
37602
37611
37619
37620
37622
37622
37629
37629
37633
37633
37640
37656
37658
37661
37672
37679
37690
37699
37701
37729
37747
37748
37749
37755
37785
37804
37807
37817
37847
37848
37856
37866
37869
37871
37877
37921
37951
37953
37964
37969
38013
38018
38021
38023
38031
38033
38037
38041
38047
38059
38061
38072
38072
38077
38077
38080
38081
38085
38087
38114
38118
38118
38122
38123
38143
38145
38145
38166
38182
38182
38191
38201
38220
38225
38261
38263
38264
38273
38273
38274
38274
38283
38300
38301
38307
38325
38325
38351
38353
38355
38356
38359
38360
38362
38369
38376
38412
38425
38434
38441
38449
38468
38475
38487
38499
38511
38513
38513
38528
38541
38547
38571
38576
38645
38650
38652
38666
38669
38679
38697
38705
38711
38734
38781
38790
38797
38823
38837
38840
38855
38862
38873
38886
38900
38901
38906
38908
38910
38911
38914
38923
38924
38928
38936
38947
38960
38972
38972
39012
39036
39041
39050
39051
39073
39074
39089
39093
39100
39105
39133
39134
39134
39137
39137
39145
39151
39155
39159
39170
39182
39194
39197
39203
39205
39216
39239
39254
39267
39278
39281
39291
39297
39300
39300
39316
39326
39330
39331
39341
39343
39348
39356
39359
39364
39375
39382
39405
39406
39423
39441
39445
39451
39460
39466
39470
39509
39521
39551
39571
39571
39576
39579
39607
39640
39641
39658
39671
39685
39698
39706
39709
39718
39722
39750
39756
39773
39786
39805
39818
39829
39841
39853
39857
39857
39865
39865
39880
39897
39899
39906
39908
39943
39945
39957
39965
39969
39973
39985
39996
39999
40001
40006
40010
40016
40027
40032
40032
40042
40043
40054
40058
40087
40088
40104
40113
40117
40122
40123
40144
40167
40191
40195
40205
40210
40220
40253
40254
40257
40265
40311
40328
40331
40339
40356
40359
40366
40375
40397
40398
40399
40400
40401
40405
40423
40435
40445
40458
40479
40481
40486
40517
40517
40527
40530
40533
40539
40557
40577
40585
40601
40610
40647
40647
40654
40657
40661
40665
40675
40682
40697
40722
40755
40768
40775
40781
40781
40783
40788
40801
40812
40861
40868
40906
40908
40913
40929
40938
40946
40965
40972
40977
40981
40985
40986
40988
41010
41020
41030
41030
41049
41066
41075
41076
41086
41103
41114
41122
41124
41128
41135
41141
41159
41177
41192
41196
41196
41200
41202
41217
41218
41227
41234
41238
41243
41247
41264
41277
41307
41309
41341
41347
41348
41364
41366
41368
41372
41380
41386
41401
41410
41412
41424
41485
41491
41501
41501
41524
41532
41546
41547
41547
41553
41559
41561
41577
41585
41594
41596
41603
41607
41656
41662
41677
41688
41689
41718
41726
41730
41738
41750
41761
41766
41781
41790
41793
41793
41795
41803
41836
41853
41856
41857
41858
41858
41865
41867
41871
41884
41895
41903
41904
41908
41922
41924
41929
41929
41930
41953
41954
41958
41960
41974
41982
41993
42000
42004
42012
42024
42025
42031
42040
42071
42071
42087
42106
42108
42126
42126
42130
42146
42162
42165
42175
42187
42221
42224
42232
42235
42255
42267
42302
42305
42330
42332
42352
42358
42370
42370
42392
42393
42455
42463
42466
42470
42490
42512
42525
42526
42540
42542
42566
42574
42599
42603
42608
42613
42614
42617
42628
42633
42640
42652
42653
42658
42691
42694
42732
42749
42801
42803
42805
42822
42824
42851
42866
42882
42894
42902
42909
42911
42925
42937
42943
42983
42994
42994
43005
43011
43016
43024
43030
43045
43061
43070
43075
43091
43095
43112
43112
43133
43145
43162
43164
43165
43186
43209
43224
43247
43259
43275
43277
43282
43290
43291
43310
43321
43324
43327
43329
43332
43340
43348
43350
43353
43355
43365
43369
43376
43384
43393
43393
43398
43424
43446
43471
43477
43480
43481
43490
43502
43530
43561
43568
43569
43570
43572
43573
43574
43577
43582
43583
43591
43602
43610
43617
43618
43628
43632
43638
43639
43643
43645
43656
43683
43689
43701
43711
43721
43727
43735
43736
43742
43748
43761
43765
43765
43766
43768
43777
43779
43787
43790
43795
43798
43801
43818
43824
43834
43839
43856
43865
43866
43869
43875
43878
43902
43903
43904
43907
43912
43916
43926
43929
43932
43948
43954
43975
43988
43988
44008
44017
44024
44030
44038
44041
44051
44053
44054
44067
44070
44075
44115
44124
44135
44155
44160
44172
44186
44208
44212
44240
44259
44269
44270
44273
44301
44303
44321
44330
44333
44334
44343
44351
44352
44372
44379
44380
44384
44385
44396
44419
44425
44473
44481
44488
44489
44496
44509
44517
44521
44522
44530
44535
44536
44541
44557
44559
44563
44566
44574
44576
44578
44588
44599
44620
44624
44624
44631
44658
44659
44674
44680
44694
44694
44699
44715
44721
44752
44765
44769
44783
44788
44813
44827
44834
44834
44841
44896
44911
44940
44959
44984
44984
44990
45002
45026
45027
45054
45055
45062
45064
45089
45101
45108
45117
45120
45122
45123
45128
45148
45156
45159
45159
45173
45176
45205
45206
45206
45207
45215
45215
45222
45235
45251
45257
45266
45299
45321
45332
45337
45346
45348
45352
45370
45383
45394
45400
45406
45411
45417
45424
45429
45453
45469
45471
45472
45481
45496
45500
45517
45520
45524
45528
45533
45540
45547
45560
45561
45594
45616
45633
45647
45665
45673
45694
45699
45701
45713
45716
45730
45733
45733
45736
45778
45792
45816
45836
45854
45854
45871
45875
45941
45944
45959
45966
45973
45978
45980
45983
46029
46036
46036
46038
46038
46090
46092
46096
46121
46123
46138
46143
46152
46166
46171
46175
46184
46196
46214
46215
46220
46233
46246
46256
46266
46283
46287
46308
46311
46317
46319
46332
46344
46357
46360
46362
46376
46428
46432
46475
46489
46490
46496
46498
46511
46523
46533
46535
46553
46558
46571
46606
46608
46617
46619
46640
46679
46686
46691
46701
46759
46770
46773
46777
46777
46784
46790
46799
46802
46804
46805
46823
46827
46850
46862
46871
46895
46900
46924
46926
46949
46961
46995
47001
47029
47039
47065
47070
47090
47095
47105
47106
47122
47130
47131
47135
47140
47158
47161
47164
47166
47180
47188
47195
47199
47206
47209
47210
47229
47232
47239
47248
47248
47279
47290
47299
47330
47330
47339
47361
47362
47363
47365
47375
47380
47396
47397
47398
47417
47436
47467
47478
47500
47512
47516
47523
47533
47539
47560
47561
47614
47634
47634
47637
47670
47694
47714
47716
47717
47720
47739
47768
47772
47792
47808
47808
47811
47847
47847
47853
47855
47861
47863
47867
47872
47876
47891
47907
47912
47928
47929
47937
47979
47980
47981
48018
48019
48019
48021
48029
48042
48048
48051
48067
48069
48105
48122
48154
48156
48171
48184
48184
48191
48195
48205
48205
48228
48232
48247
48253
48268
48289
48297
48303
48306
48309
48342
48350
48350
48355
48356
48360
48384
48406
48414
48415
48424
48432
48445
48446
48446
48447
48458
48475
48482
48495
48499
48511
48513
48518
48546
48549
48552
48561
48564
48571
48586
48612
48621
48627
48647
48652
48657
48657
48658
48671
48672
48683
48704
48712
48731
48733
48745
48747
48750
48759
48782
48788
48822
48832
48845
48851
48870
48875
48879
48895
48904
48911
48923
48956
48967
48977
49004
49025
49028
49028
49031
49044
49086
49100
49104
49118
49138
49141
49153
49171
49172
49188
49206
49261
49275
49279
49301
49312
49322
49340
49348
49367
49375
49388
49393
49400
49409
49416
49441
49455
49461
49511
49524
49525
49527
49534
49543
49580
49588
49589
49594
49598
49606
49615
49633
49637
49656
49673
49678
49693
49735
49761
49764
49766
49799
49820
49831
49835
49871
49877
49893
49897
49899
49920
49922
49924
49929
49930
49935
49960
49972
49981
49989
50013
50014
50025
50047
50053
50059
50087
50108
50113
50127
50137
50141
50160
50160
50161
50176
50183
50184
50191
50198
50209
50214
50221
50231
50245
50259
50265
50292
50315
50328
50345
50348
50362
50364
50371
50371
50373
50391
50394
50402
50413
50441
50463
50480
50485
50485
50488
50488
50488
50517
50520
50532
50536
50537
50538
50541
50541
50572
50583
50624
50626
50649
50660
50662
50662
50664
50673
50680
50697
50697
50708
50710
50717
50721
50728
50739
50744
50744
50752
50774
50786
50790
50796
50816
50818
50824
50833
50839
50850
50853
50868
50874
50891
50904
50917
50921
50930
50934
50939
50952
50959
50983
51000
51009
51017
51018
51021
51030
51034
51048
51062
51079
51089
51109
51128
51149
51161
51182
51184
51192
51202
51211
51221
51223
51236
51236
51238
51261
51287
51302
51329
51333
51338
51338
51354
51359
51367
51367
51376
51391
51394
51402
51431
51435
51438
51440
51441
51452
51464
51486
51505
51509
51529
51548
51551
51561
51607
51611
51617
51621
51633
51634
51634
51653
51662
51668
51673
51698
51728
51737
51739
51740
51763
51777
51779
51781
51791
51791
51812
51821
51828
51850
51857
51860
51873
51876
51881
51899
51907
51912
51914
51916
51919
51923
51924
51925
51954
51965
51966
51967
52002
52005
52008
52026
52033
52039
52048
52057
52078
52085
52085
52089
52099
52100
52103
52110
52116
52123
52137
52137
52145
52168
52173
52178
52191
52238
52240
52245
52247
52258
52260
52269
52276
52279
52283
52286
52301
52321
52335
52337
52347
52348
52349
52357
52359
52373
52377
52378
52389
52393
52395
52401
52401
52408
52408
52413
52419
52424
52450
52471
52474
52485
52520
52539
52544
52557
52596
52606
52618
52619
52620
52647
52647
52648
52653
52665
52671
52704
52710
52718
52719
52768
52789
52794
52796
52797
52798
52800
52813
52838
52843
52850
52853
52854
52859
52942
52950
52957
52970
52976
52982
52989
52990
52991
52998
53006
53009
53014
53019
53035
53039
53056
53059
53080
53091
53096
53105
53113
53115
53120
53125
53130
53130
53147
53165
53189
53198
53215
53222
53223
53228
53228
53231
53233
53243
53262
53267
53267
53268
53286
53289
53323
53324
53360
53373
53396
53402
53411
53426
53452
53465
53475
53490
53502
53519
53521
53529
53533
53540
53593
53599
53599
53606
53625
53637
53645
53655
53668
53699
53700
53703
53706
53736
53759
53767
53786
53801
53805
53809
53839
53845
53848
53857
53863
53868
53879
53879
53892
53894
53917
53940
53951
53964
53981
53990
54002
54034
54046
54057
54058
54072
54077
54097
54105
54111
54125
54128
54136
54141
54144
54184
54202
54227
54251
54251
54283
54288
54290
54300
54300
54306
54311
54322
54354
54366
54377
54384
54385
54410
54415
54417
54429
54439
54466
54476
54494
54495
54498
54510
54527
54544
54553
54556
54560
54569
54575
54576
54577
54579
54582
54597
54601
54615
54627
54634
54655
54663
54683
54684
54690
54708
54714
54714
54718
54753
54763
54764
54768
54770
54770
54779
54779
54790
54803
54804
54806
54809
54828
54839
54847
54860
54867
54878
54912
54925
54938
54942
54945
54947
54948
54949
54957
54960
54960
54963
54971
54975
54993
54995
55001
55028
55034
55045
55064
55074
55089
55100
55116
55132
55145
55151
55162
55172
55185
55187
55201
55229
55238
55240
55250
55271
55275
55281
55287
55289
55299
55312
55318
55329
55331
55332
55337
55344
55353
55370
55379
55385
55390
55393
55398
55421
55440
55440
55453
55458
55463
55467
55476
55493
55496
55498
55499
55514
55534
55567
55585
55587
55591
55591
55599
55601
55605
55616
55623
55643
55659
55663
55673
55682
55695
55695
55702
55716
55722
55723
55742
55746
55752
55758
55760
55765
55765
55780
55795
55800
55803
55815
55822
55827
55837
55860
55878
55883
55924
55935
55940
55942
55949
55963
55964
55983
56014
56018
56019
56019
56051
56064
56065
56070
56072
56072
56075
56105
56137
56167
56177
56190
56203
56218
56231
56233
56240
56241
56242
56257
56263
56282
56283
56284
56290
56292
56294
56319
56320
56327
56330
56336
56336
56340
56372
56382
56401
56404
56407
56407
56418
56423
56439
56444
56448
56455
56455
56459
56460
56484
56497
56505
56514
56521
56524
56533
56546
56551
56554
56572
56575
56595
56598
56634
56636
56642
56685
56686
56694
56719
56735
56739
56763
56772
56774
56774
56781
56790
56835
56839
56852
56864
56872
56880
56914
56921
56922
56926
56937
56962
56964
56967
56969
56973
56988
56995
56998
57003
57014
57016
57034
57048
57059
57068
57077
57096
57108
57124
57136
57145
57163
57165
57169
57182
57187
57190
57196
57216
57218
57227
57233
57235
57251
57252
57269
57276
57276
57294
57297
57299
57319
57341
57345
57350
57385
57389
57401
57415
57429
57434
57440
57451
57454
57464
57470
57481
57483
57493
57520
57528
57538
57546
57549
57571
57580
57581
57591
57602
57635
57637
57643
57645
57657
57670
57687
57688
57694
57695
57698
57708
57721
57769
57787
57822
57829
57848
57867
57875
57880
57881
57887
57891
57906
57910
57912
57920
57926
57927
57945
57950
57953
57961
57970
57972
57983
57989
57990
57991
57992
58009
58011
58015
58017
58021
58036
58038
58057
58059
58071
58078
58090
58107
58121
58127
58127
58143
58143
58146
58151
58155
58162
58176
58198
58201
58214
58239
58240
58250
58278
58283
58284
58295
58299
58319
58360
58363
58372
58387
58388
58393
58408
58411
58414
58421
58429
58438
58440
58464
58468
58470
58471
58475
58487
58517
58520
58521
58526
58555
58567
58571
58578
58599
58620
58636
58637
58638
58645
58645
58653
58661
58678
58684
58693
58693
58698
58703
58713
58719
58740
58752
58754
58767
58777
58778
58782
58810
58813
58814
58834
58843
58844
58844
58850
58866
58880
58881
58889
58907
58923
58929
58930
58933
58935
58941
58956
58983
58993
59000
59003
59025
59033
59063
59071
59074
59080
59083
59090
59109
59109
59111
59136
59160
59167
59174
59189
59198
59202
59221
59224
59226
59227
59234
59240
59241
59252
59263
59263
59270
59273
59303
59306
59311
59312
59364
59370
59375
59380
59411
59415
59417
59423
59426
59431
59432
59437
59453
59482
59487
59488
59499
59514
59534
59547
59556
59571
59580
59580
59584
59592
59612
59614
59653
59660
59664
59671
59692
59694
59695
59707
59713
59723
59724
59736
59755
59758
59761
59763
59766
59777
59778
59779
59784
59822
59827
59831
59840
59858
59862
59901
59907
59924
59979
59986
59996
59996
60000
60007
60016
60085
60120
60122
60122
60151
60163
60186
60199
60200
60218
60223
60230
60236
60244
60262
60265
60271
60306
60337
60341
60350
60364
60364
60397
60399
60406
60407
60408
60437
60445
60457
60469
60498
60509
60513
60514
60525
60533
60536
60550
60553
60569
60572
60584
60655
60659
60660
60681
60689
60689
60708
60709
60722
60757
60772
60775
60788
60799
60800
60801
60801
60871
60891
60894
60898
60902
60909
60927
60931
60940
60963
60964
60973
60987
60997
61009
61041
61074
61076
61104
61104
61118
61120
61131
61149
61150
61153
61155
61162
61176
61198
61201
61204
61217
61226
61227
61227
61231
61258
61259
61266
61269
61276
61277
61277
61283
61294
61317
61329
61338
61358
61369
61382
61398
61399
61410
61426
61435
61436
61448
61449
61487
61504
61509
61509
61522
61525
61555
61569
61569
61577
61578
61583
61591
61599
61602
61608
61619
61635
61640
61665
61669
61672
61673
61673
61705
61713
61725
61732
61738
61738
61742
61764
61779
61786
61791
61792
61795
61796
61806
61808
61811
61813
61818
61825
61836
61855
61856
61857
61862
61867
61876
61877
61878
61884
61886
61891
61900
61910
61917
61931
61933
61934
61936
61938
61939
61950
61967
61968
61969
61970
62001
62012
62022
62036
62040
62077
62077
62098
62118
62122
62124
62125
62128
62137
62160
62161
62168
62216
62237
62242
62261
62272
62278
62291
62304
62308
62324
62329
62344
62358
62379
62380
62385
62396
62398
62408
62410
62410
62412
62417
62421
62424
62426
62428
62433
62466
62471
62475
62489
62500
62510
62519
62525
62534
62542
62542
62544
62564
62598
62606
62613
62644
62649
62655
62659
62679
62683
62684
62686
62693
62708
62717
62740
62742
62747
62780
62782
62787
62794
62806
62824
62827
62834
62835
62840
62852
62866
62867
62885
62915
62942
62946
62957
62959
62964
62967
62972
62984
62988
62988
63015
63016
63037
63052
63060
63085
63090
63094
63098
63099
63155
63180
63182
63185
63187
63204
63220
63228
63248
63265
63266
63279
63320
63327
63334
63338
63339
63340
63350
63359
63362
63392
63407
63419
63419
63434
63437
63443
63445
63447
63490
63494
63507
63509
63529
63531
63555
63563
63567
63579
63595
63607
63611
63640
63647
63656
63657
63663
63683
63694
63704
63708
63710
63717
63721
63722
63738
63754
63769
63784
63787
63808
63823
63824
63832
63833
63851
63856
63872
63872
63875
63904
63910
63919
63924
63931
63935
63944
63949
63951
63951
63952
63956
63967
63978
63994
64015
64072
64080
64083
64090
64105
64106
64108
64112
64123
64141
64157
64163
64172
64176
64177
64187
64199
64204
64208
64217
64235
64238
64245
64253
64256
64257
64264
64271
64282
64288
64298
64302
64330
64353
64360
64368
64371
64421
64448
64456
64457
64459
64473
64484
64486
64495
64506
64510
64545
64554
64558
64587
64593
64595
64616
64650
64650
64656
64657
64676
64677
64705
64710
64726
64736
64743
64776
64777
64778
64803
64829
64833
64842
64844
64855
64877
64878
64879
64887
64896
64896
64900
64903
64906
64916
64936
64937
64942
64951
64954
64985
64988
64996
64999
65004
65009
65013
65020
65033
65038
65054
65073
65076
65082
65112
65121
65133
65145
65151
65155
65160
65164
65176
65178
65218
65224
65225
65235
65241
65255
65263
65268
65282
65319
65345
65346
65351
65356
65357
65394
65397
65419
65424
65430
65440
65443
65468
65483
65495
65503
65510
65517
65520
65529
65542
65551
65552
65564
65570
65570
65574
65576
65577
65604
65606
65612
65645
65654
65660
65672
65687
65704
65714
65728
65740
65761
65774
65789
65805
65814
65815
65833
65839
65848
65849
65857
65868
65898
65898
65903
65909
65932
65937
65952
65955
65964
65972
65972
65975
66010
66019
66022
66026
66028
66038
66046
66058
66059
66074
66075
66093
66095
66104
66105
66105
66116
66118
66118
66125
66126
66137
66139
66158
66178
66187
66191
66193
66212
66225
66227
66261
66281
66284
66315
66323
66324
66357
66364
66365
66367
66369
66370
66388
66395
66399
66402
66402
66412
66436
66443
66446
66497
66498
66517
66521
66530
66543
66580
66582
66587
66598
66604
66617
66627
66635
66641
66650
66661
66661
66663
66664
66668
66684
66708
66718
66731
66731
66737
66740
66742
66753
66777
66780
66780
66786
66789
66792
66796
66797
66803
66813
66816
66817
66822
66835
66836
66843
66844
66844
66861
66870
66872
66873
66878
66881
66885
66890
66892
66901
66901
66906
66912
66915
66917
66919
66921
66944
66950
66956
66967
66968
66989
66999
67001
67011
67018
67020
67063
67064
67075
67081
67098
67100
67103
67115
67122
67130
67140
67140
67180
67188
67189
67220
67221
67221
67224
67246
67247
67252
67266
67288
67299
67306
67309
67314
67323
67344
67363
67369
67379
67404
67405
67419
67428
67433
67456
67458
67460
67477
67479
67481
67484
67493
67493
67495
67496
67507
67514
67522
67524
67543
67555
67567
67568
67571
67594
67648
67669
67671
67674
67676
67699
67710
67722
67735
67736
67756
67767
67771
67773
67782
67785
67800
67806
67808
67860
67864
67873
67879
67896
67900
67922
67926
67929
67933
67951
67951
67965
67974
67978
67980
67983
67984
67987
67997
68012
68018
68019
68024
68025
68040
68070
68084
68087
68096
68119
68126
68139
68144
68155
68155
68161
68162
68173
68189
68209
68223
68256
68273
68277
68299
68301
68306
68322
68334
68334
68344
68357
68362
68379
68382
68383
68387
68389
68397
68400
68408
68418
68434
68453
68461
68469
68476
68484
68513
68528
68542
68548
68578
68583
68594
68598
68607
68643
68674
68683
68684
68692
68703
68712
68725
68731
68734
68749
68761
68783
68793
68793
68796
68806
68822
68838
68861
68877
68884
68885
68888
68907
68927
68945
68949
68958
68958
68967
68983
68986
68989
69005
69005
69012
69021
69032
69052
69074
69085
69090
69100
69134
69145
69165
69166
69193
69195
69196
69206
69218
69225
69241
69254
69266
69271
69272
69279
69299
69314
69341
69341
69359
69371
69380
69386
69408
69410
69452
69453
69459
69474
69480
69492
69494
69515
69521
69537
69537
69542
69545
69548
69554
69578
69592
69617
69620
69621
69644
69661
69662
69667
69669
69683
69683
69694
69697
69711
69713
69715
69718
69725
69727
69728
69739
69743
69746
69748
69752
69753
69764
69786
69786
69788
69791
69793
69802
69808
69811
69817
69818
69827
69833
69837
69845
69846
69846
69848
69848
69862
69873
69889
69894
69903
69904
69929
69934
69948
69949
69974
70025
70029
70038
70082
70090
70091
70094
70095
70097
70098
70118
70118
70134
70148
70152
70161
70163
70164
70179
70179
70187
70190
70191
70227
70244
70271
70272
70287
70287
70290
70294
70299
70311
70313
70332
70334
70341
70344
70361
70362
70368
70368
70378
70409
70410
70428
70440
70449
70499
70499
70500
70526
70527
70527
70529
70578
70578
70584
70592
70597
70605
70608
70609
70614
70616
70620
70653
70660
70694
70695
70698
70701
70705
70707
70712
70717
70744
70751
70759
70764
70770
70774
70779
70783
70786
70794
70801
70806
70810
70829
70846
70856
70892
70894
70898
70907
70944
70946
70963
70966
70970
70971
70973
70992
71009
71023
71045
71065
71065
71068
71069
71094
71098
71120
71134
71149
71155
71178
71179
71179
71187
71189
71191
71195
71196
71197
71198
71200
71209
71212
71230
71254
71255
71258
71270
71271
71279
71279
71284
71291
71303
71311
71319
71357
71369
71393
71398
71404
71420
71439
71440
71442
71446
71446
71455
71471
71478
71481
71505
71510
71512
71516
71517
71524
71571
71574
71576
71579
71594
71614
71620
71624
71633
71651
71651
71653
71663
71666
71673
71681
71685
71688
71707
71713
71718
71769
71781
71781
71787
71793
71801
71807
71808
71814
71815
71821
71833
71834
71848
71858
71868
71900
71911
71921
71921
71924
71925
71934
71939
71955
71959
71963
71973
71979
71984
71986
71989
71989
71990
72004
72013
72014
72028
72029
72034
72053
72055
72064
72068
72070
72071
72079
72083
72087
72102
72106
72110
72150
72155
72163
72206
72206
72208
72215
72216
72222
72235
72239
72252
72255
72261
72269
72270
72292
72313
72341
72344
72378
72399
72403
72415
72430
72451
72460
72461
72465
72469
72485
72486
72492
72492
72494
72508
72519
72525
72528
72544
72553
72558
72586
72614
72620
72623
72636
72638
72639
72649
72654
72662
72670
72691
72691
72710
72718
72731
72738
72739
72748
72751
72767
72780
72782
72785
72789
72797
72806
72809
72811
72818
72827
72842
72869
72871
72884
72885
72897
72897
72903
72914
72920
72935
72937
72938
72941
72944
72961
72961
72962
72982
72994
72995
73001
73015
73021
73026
73036
73038
73065
73080
73080
73084
73099
73101
73114
73121
73124
73137
73148
73157
73165
73183
73188
73190
73199
73202
73238
73257
73264
73273
73276
73278
73291
73301
73311
73325
73326
73329
73330
73334
73358
73362
73367
73388
73419
73423
73441
73447
73471
73491
73496
73502
73506
73525
73525
73538
73539
73540
73552
73555
73557
73568
73585
73616
73619
73638
73642
73648
73654
73664
73668
73671
73678
73685
73686
73688
73718
73721
73723
73733
73757
73763
73777
73790
73796
73805
73828
73831
73833
73855
73873
73874
73884
73890
73906
73933
73972
73976
73979
73980
73983
73984
74009
74015
74023
74043
74054
74076
74108
74126
74133
74139
74144
74147
74151
74164
74181
74186
74189
74189
74206
74213
74226
74241
74244
74274
74286
74291
74319
74347
74367
74394
74415
74425
74426
74428
74430
74445
74460
74461
74479
74492
74494
74496
74503
74516
74522
74544
74554
74565
74584
74603
74604
74613
74615
74620
74627
74627
74634
74689
74699
74703
74724
74730
74746
74752
74753
74776
74784
74801
74818
74818
74827
74837
74841
74844
74851
74855
74872
74885
74890
74918
74923
74937
74942
74944
74949
74969
74974
74975
74988
74993
74997
75003
75017
75049
75061
75063
75097
75104
75106
75113
75127
75128
75141
75186
75204
75205
75205
75207
75221
75221
75227
75228
75265
75284
75285
75292
75304
75305
75314
75315
75331
75340
75347
75362
75366
75391
75400
75438
75458
75458
75476
75513
75519
75522
75526
75532
75533
75546
75554
75559
75560
75563
75569
75577
75603
75616
75622
75627
75632
75640
75644
75646
75651
75658
75659
75665
75684
75698
75705
75764
75765
75775
75789
75795
75802
75807
75815
75815
75825
75833
75848
75863
75867
75873
75886
75894
75895
75906
75913
75924
75924
75927
75945
75967
75977
75985
76000
76009
76021
76037
76039
76049
76077
76086
76091
76096
76096
76096
76115
76122
76125
76126
76137
76149
76151
76151
76156
76161
76164
76167
76180
76185
76194
76201
76203
76219
76225
76245
76284
76288
76295
76309
76317
76329
76345
76372
76373
76378
76380
76405
76407
76455
76456
76457
76458
76461
76469
76474
76482
76482
76498
76511
76513
76526
76528
76537
76556
76561
76579
76579
76583
76592
76616
76622
76641
76645
76669
76680
76689
76691
76699
76704
76707
76719
76723
76729
76730
76745
76755
76760
76765
76778
76809
76811
76811
76829
76861
76875
76876
76882
76885
76902
76905
76908
76911
76920
76971
76980
76987
76993
77002
77006
77009
77011
77017
77032
77069
77070
77071
77072
77072
77073
77085
77085
77086
77087
77090
77106
77126
77130
77133
77144
77145
77147
77148
77149
77173
77197
77198
77201
77208
77210
77214
77216
77239
77246
77279
77290
77292
77295
77299
77314
77332
77355
77381
77390
77411
77424
77427
77429
77436
77438
77462
77489
77518
77522
77533
77541
77567
77578
77598
77601
77612
77631
77632
77637
77655
77659
77670
77701
77710
77733
77740
77745
77750
77751
77756
77765
77774
77777
77780
77790
77804
77816
77843
77862
77875
77877
77900
77906
77908
77921
77930
77932
77943
77950
77962
77966
77970
77973
78001
78002
78004
78038
78059
78077
78078
78078
78084
78085
78090
78093
78094
78096
78139
78141
78144
78144
78145
78159
78163
78174
78180
78186
78189
78204
78204
78234
78235
78236
78238
78279
78285
78305
78308
78334
78344
78344
78345
78354
78357
78367
78383
78387
78417
78431
78439
78442
78463
78472
78479
78499
78499
78506
78514
78518
78546
78555
78565
78570
78577
78577
78602
78627
78629
78636
78638
78665
78672
78684
78686
78699
78720
78730
78731
78732
78735
78760
78761
78762
78768
78768
78769
78775
78780
78791
78808
78810
78820
78836
78841
78842
78846
78852
78857
78864
78879
78883
78894
78898
78902
78902
78912
78958
78971
78974
78988
79000
79004
79004
79007
79012
79012
79023
79042
79058
79079
79080
79087
79093
79094
79096
79101
79115
79119
79120
79131
79149
79153
79160
79177
79178
79183
79184
79187
79201
79203
79209
79210
79217
79229
79244
79248
79255
79266
79272
79274
79292
79308
79312
79325
79326
79335
79359
79375
79400
79402
79409
79414
79414
79434
79436
79440
79442
79450
79452
79463
79464
79480
79485
79490
79495
79502
79506
79520
79522
79523
79530
79531
79539
79543
79544
79560
79579
79587
79593
79600
79605
79606
79610
79611
79612
79624
79627
79630
79638
79648
79663
79685
79690
79709
79720
79732
79736
79754
79768
79771
79812
79824
79828
79850
79868
79871
79873
79895
79895
79902
79907
79909
79912
79914
79916
79920
79980
80001
80024
80028
80039
80048
80096
80098
80099
80109
80138
80138
80141
80148
80155
80156
80205
80207
80211
80220
80224
80252
80253
80253
80256
80292
80300
80330
80341
80355
80367
80368
80376
80378
80379
80396
80398
80408
80413
80434
80447
80450
80458
80469
80474
80504
80511
80518
80523
80524
80541
80543
80551
80560
80564
80564
80565
80569
80579
80581
80581
80584
80603
80609
80632
80633
80678
80696
80699
80708
80708
80723
80724
80725
80726
80728
80730
80740
80753
80753
80767
80770
80774
80782
80783
80788
80793
80799
80808
80810
80819
80829
80831
80852
80859
80865
80924
80943
80966
80972
80976
80978
81011
81018
81021
81035
81043
81046
81055
81059
81065
81086
81088
81092
81121
81122
81131
81132
81138
81141
81155
81166
81203
81206
81222
81235
81243
81274
81298
81309
81314
81320
81323
81326
81335
81343
81373
81387
81414
81432
81435
81467
81469
81475
81476
81483
81485
81486
81498
81504
81506
81522
81538
81544
81566
81573
81586
81591
81628
81638
81647
81653
81668
81677
81715
81716
81730
81744
81765
81773
81794
81805
81840
81856
81882
81886
81903
81922
81949
81958
81959
81967
81978
81983
81985
81985
81992
81998
82012
82012
82017
82024
82035
82045
82056
82070
82076
82102
82119
82131
82140
82147
82175
82176
82182
82202
82231
82248
82258
82284
82287
82288
82289
82290
82292
82297
82299
82319
82320
82332
82333
82351
82354
82358
82373
82378
82381
82388
82389
82394
82401
82407
82424
82430
82430
82450
82452
82461
82463
82466
82471
82488
82489
82492
82508
82509
82517
82528
82530
82531
82547
82550
82550
82551
82558
82564
82566
82581
82585
82625
82633
82640
82646
82650
82680
82696
82699
82716
82734
82764
82765
82789
82817
82829
82830
82849
82862
82867
82871
82886
82886
82889
82890
82893
82894
82894
82901
82917
82920
82923
82925
82936
82939
82947
82956
82972
82977
82980
82998
83023
83029
83034
83035
83045
83055
83067
83070
83079
83080
83084
83087
83090
83101
83102
83107
83121
83123
83129
83134
83135
83138
83164
83182
83202
83208
83221
83250
83252
83258
83292
83292
83297
83317
83334
83338
83345
83395
83412
83418
83436
83444
83485
83500
83501
83515
83533
83538
83545
83547
83575
83583
83596
83598
83611
83615
83652
83655
83658
83666
83668
83671
83689
83691
83716
83725
83729
83735
83746
83748
83752
83753
83759
83759
83828
83832
83833
83839
83842
83856
83865
83875
83895
83902
83916
83934
83936
83957
83958
83958
83969
83974
83981
83985
83990
84005
84011
84033
84038
84044
84063
84068
84083
84087
84102
84119
84124
84141
84159
84164
84168
84178
84193
84197
84225
84239
84240
84259
84259
84261
84281
84282
84290
84292
84297
84334
84343
84376
84403
84408
84410
84439
84448
84449
84452
84475
84482
84488
84499
84509
84522
84524
84536
84548
84554
84555
84557
84563
84575
84588
84631
84631
84632
84642
84645
84648
84650
84667
84676
84680
84706
84709
84713
84724
84740
84748
84749
84751
84770
84776
84781
84787
84802
84809
84830
84845
84847
84847
84864
84866
84870
84885
84920
84931
84936
84936
84940
84945
84956
84963
84966
84969
84971
84982
84992
85004
85005
85012
85017
85028
85030
85034
85041
85052
85070
85074
85076
85081
85085
85094
85109
85112
85125
85142
85156
85167
85187
85190
85205
85210
85226
85227
85233
85240
85246
85268
85269
85283
85294
85296
85306
85312
85314
85336
85341
85346
85387
85393
85396
85443
85445
85472
85477
85482
85494
85499
85500
85509
85515
85532
85548
85548
85559
85561
85579
85590
85605
85608
85612
85613
85628
85635
85641
85645
85657
85675
85677
85679
85680
85691
85710
85724
85729
85730
85733
85736
85746
85751
85754
85761
85767
85770
85774
85779
85780
85783
85818
85833
85856
85857
85861
85877
85903
85904
85905
85915
85924
85932
85933
85945
85947
85947
85948
85960
85966
85973
85980
86018
86042
86046
86063
86109
86123
86125
86137
86144
86151
86152
86162
86164
86169
86169
86198
86198
86209
86210
86210
86218
86232
86233
86239
86246
86258
86260
86267
86269
86282
86284
86285
86289
86292
86303
86323
86329
86343
86347
86357
86364
86364
86374
86389
86397
86399
86403
86423
86425
86436
86445
86448
86454
86470
86473
86489
86494
86496
86511
86516
86521
86536
86551
86552
86583
86586
86598
86603
86604
86614
86621
86636
86648
86658
86659
86664
86687
86691
86702
86710
86778
86779
86816
86822
86831
86832
86839
86842
86842
86871
86894
86900
86900
86903
86917
86928
86941
86943
86947
86955
86970
86970
87001
87009
87026
87029
87032
87037
87047
87057
87058
87069
87079
87101
87102
87141
87142
87144
87151
87157
87164
87175
87181
87229
87258
87261
87301
87308
87312
87322
87340
87357
87358
87378
87386
87389
87397
87399
87399
87402
87410
87418
87421
87422
87429
87431
87435
87458
87466
87468
87505
87516
87519
87520
87573
87594
87595
87599
87600
87607
87623
87631
87636
87640
87642
87642
87647
87661
87671
87707
87710
87741
87741
87753
87792
87802
87812
87824
87829
87831
87833
87846
87852
87860
87862
87866
87867
87868
87881
87895
87898
87898
87904
87907
87909
87928
87932
87949
87960
87961
87963
87966
87976
87982
87983
88002
88026
88031
88043
88044
88059
88063
88064
88064
88066
88085
88090
88091
88111
88120
88126
88153
88207
88211
88217
88225
88226
88259
88268
88323
88340
88348
88362
88366
88368
88384
88385
88402
88402
88411
88422
88432
88440
88444
88453
88457
88463
88471
88474
88476
88499
88511
88513
88525
88532
88535
88545
88555
88560
88562
88564
88565
88566
88568
88570
88571
88575
88581
88588
88588
88591
88608
88616
88628
88632
88639
88646
88682
88683
88700
88717
88720
88732
88740
88743
88785
88790
88814
88815
88815
88830
88846
88854
88872
88878
88883
88910
88913
88921
88922
88937
88957
88964
88969
88971
89001
89042
89060
89078
89080
89086
89086
89092
89118
89133
89134
89145
89155
89163
89172
89173
89188
89204
89225
89230
89231
89241
89244
89272
89288
89304
89327
89328
89329
89331
89336
89357
89360
89361
89373
89373
89402
89406
89408
89412
89421
89424
89426
89439
89439
89445
89459
89475
89495
89523
89537
89553
89556
89557
89572
89577
89580
89586
89589
89590
89598
89602
89622
89633
89649
89652
89678
89680
89681
89685
89691
89696
89733
89746
89752
89766
89778
89779
89780
89791
89791
89795
89802
89815
89823
89838
89841
89851
89853
89859
89874
89882
89899
89912
89918
89937
89956
89957
89960
89966
89972
89973
89974
89978
89982
89988
90006
90010
90011
90018
90027
90054
90094
90094
90099
90109
90119
90168
90181
90187
90199
90206
90220
90223
90227
90241
90250
90257
90259
90264
90274
90294
90296
90296
90300
90310
90311
90311
90312
90317
90329
90330
90331
90334
90342
90347
90366
90385
90387
90402
90416
90456
90490
90501
90523
90531
90550
90551
90572
90581
90587
90598
90610
90611
90614
90625
90641
90645
90650
90652
90660
90663
90669
90671
90687
90690
90694
90697
90710
90720
90723
90736
90748
90785
90789
90795
90826
90826
90828
90833
90837
90841
90848
90874
90879
90896
90914
90915
90925
90927
90933
90936
90941
90958
90972
91047
91055
91091
91123
91126
91135
91136
91146
91148
91152
91160
91164
91197
91198
91219
91224
91228
91245
91262
91264
91270
91278
91290
91294
91319
91322
91363
91374
91387
91391
91403
91422
91425
91439
91440
91442
91457
91474
91477
91482
91485
91494
91495
91512
91516
91516
91521
91523
91548
91548
91554
91590
91592
91599
91629
91650
91663
91667
91676
91677
91678
91685
91705
91724
91727
91731
91737
91744
91763
91788
91790
91797
91808
91821
91822
91827
91829
91851
91863
91866
91929
91945
91959
91976
92023
92034
92052
92055
92061
92063
92076
92084
92105
92120
92145
92151
92162
92165
92170
92177
92196
92199
92241
92247
92250
92266
92275
92281
92303
92320
92322
92324
92328
92342
92342
92349
92349
92351
92351
92356
92363
92369
92373
92376
92388
92391
92402
92413
92426
92428
92428
92430
92442
92445
92450
92450
92452
92454
92463
92465
92468
92470
92480
92492
92505
92507
92518
92521
92522
92538
92548
92563
92567
92569
92578
92590
92591
92609
92617
92633
92654
92660
92668
92669
92708
92710
92725
92725
92728
92735
92738
92739
92749
92763
92797
92819
92824
92842
92846
92849
92877
92891
92891
92901
92925
92925
92926
92936
92936
92942
92942
92944
92947
92952
92959
92960
92973
92975
93001
93025
93036
93040
93043
93044
93053
93059
93061
93062
93065
93069
93072
93077
93095
93096
93103
93108
93109
93111
93114
93129
93167
93184
93188
93192
93195
93198
93201
93205
93228
93270
93275
93282
93302
93304
93311
93320
93324
93327
93339
93347
93371
93374
93393
93405
93418
93419
93423
93426
93446
93456
93458
93460
93462
93470
93484
93490
93501
93502
93507
93529
93535
93552
93556
93559
93560
93564
93571
93619
93623
93624
93627
93631
93648
93648
93680
93690
93697
93745
93754
93759
93763
93775
93777
93791
93791
93794
93805
93816
93819
93831
93839
93840
93840
93841
93864
93870
93871
93874
93881
93884
93890
93895
93905
93912
93914
93931
93933
93937
93941
93946
93946
93956
93958
93971
94009
94015
94018
94021
94023
94026
94027
94040
94058
94061
94074
94081
94107
94117
94120
94126
94141
94173
94176
94181
94189
94192
94208
94245
94246
94250
94258
94286
94296
94298
94304
94320
94324
94365
94386
94392
94397
94406
94414
94417
94436
94439
94445
94446
94450
94451
94456
94463
94477
94491
94493
94510
94511
94535
94536
94555
94561
94571
94573
94605
94611
94624
94635
94638
94641
94647
94655
94660
94669
94697
94714
94730
94737
94766
94776
94786
94794
94799
94804
94807
94813
94821
94822
94861
94863
94866
94902
94916
94917
94921
94931
94931
94951
94967
94990
95000
95019
95022
95025
95053
95059
95071
95079
95081
95091
95096
95106
95114
95132
95144
95156
95157
95157
95160
95178
95184
95186
95188
95200
95210
95238
95263
95280
95285
95286
95308
95312
95344
95348
95351
95356
95372
95379
95381
95400
95440
95455
95455
95464
95466
95467
95477
95479
95507
95516
95566
95572
95574
95575
95583
95595
95599
95601
95605
95640
95648
95653
95659
95666
95674
95694
95707
95718
95728
95734
95742
95742
95765
95765
95771
95789
95812
95817
95817
95826
95828
95833
95837
95847
95856
95860
95867
95871
95878
95881
95885
95888
95897
95907
95909
95912
95913
95915
95916
95918
95921
95937
95946
95959
95985
96006
96016
96018
96022
96029
96037
96038
96068
96078
96083
96112
96119
96119
96126
96140
96149
96151
96156
96157
96184
96198
96207
96218
96273
96278
96313
96341
96349
96350
96354
96356
96369
96370
96393
96439
96448
96452
96454
96467
96485
96494
96498
96509
96517
96520
96523
96548
96565
96567
96599
96609
96633
96633
96659
96682
96704
96714
96717
96731
96754
96771
96772
96772
96773
96789
96796
96797
96801
96822
96835
96859
96875
96882
96906
96911
96923
96924
96954
96970
96994
96997
97016
97020
97024
97032
97042
97082
97087
97088
97122
97127
97131
97145
97148
97156
97156
97159
97162
97177
97210
97224
97238
97249
97259
97267
97278
97282
97286
97299
97339
97340
97363
97379
97386
97403
97448
97456
97460
97463
97477
97482
97504
97510
97519
97532
97537
97543
97552
97561
97567
97569
97571
97578
97599
97607
97610
97610
97617
97620
97628
97632
97640
97668
97675
97675
97684
97688
97696
97698
97726
97744
97751
97770
97771
97784
97791
97803
97805
97815
97819
97840
97852
97862
97863
97888
97902
97910
97937
97955
97956
97956
97957
97966
97970
97974
97996
98000
98005
98015
98028
98037
98046
98047
98054
98056
98057
98073
98087
98087
98114
98129
98145
98151
98151
98154
98178
98190
98198
98202
98211
98219
98237
98258
98263
98270
98272
98279
98286
98295
98298
98298
98309
98316
98320
98322
98329
98337
98358
98370
98371
98388
98389
98398
98423
98433
98438
98441
98480
98488
98496
98505
98535
98540
98545
98547
98560
98563
98564
98581
98583
98587
98589
98609
98623
98632
98636
98641
98643
98649
98650
98665
98672
98687
98691
98721
98751
98752
98754
98762
98789
98791
98803
98814
98814
98824
98829
98852
98852
98867
98873
98879
98891
98894
98910
98921
98921
98922
98938
98949
98973
98978
98983
99027
99028
99035
99036
99038
99047
99052
99063
99080
99102
99119
99139
99144
99151
99160
99168
99179
99182
99182
99206
99207
99215
99220
99228
99229
99230
99235
99236
99239
99245
99247
99272
99280
99280
99301
99304
99307
99321
99326
99335
99336
99341
99341
99346
99370
99375
99392
99395
99421
99443
99457
99467
99476
99482
99488
99495
99514
99522
99534
99537
99539
99546
99562
99566
99568
99569
99575
99590
99595
99599
99614
99625
99636
99655
99664
99666
99681
99693
99696
99715
99730
99732
99740
99774
99777
99804
99823
99844
99857
99870
99872
99878
99890
99895
99898
99900
99900
99904
99918
99927
99934
99940
99965
99969
99976
99979
99986
99990
