3
15
26
32
32
58
61
63
81
90
99
136
136
151
153
159
171
178
194
200
208
208
214
216
218
219
231
265
267
272
277
280
280
288
336
349
349
354
364
366
390
396
429
433
438
459
472
475
475
479
494
495
554
573
580
587
623
629
635
635
660
663
669
670
680
695
698
709
712
716
720
734
744
745
777
786
787
790
794
794
802
818
832
833
856
870
878
900
902
909
911
915
925
928
950
978
981
988
1007
1028
1031
1037
1045
1048
1089
1109
1129
1183
1202
1210
1213
1217
1228
1245
1246
1254
1262
1264
1268
1305
1311
1311
1312
1321
1333
1350
1382
1389
1409
1416
1423
1454
1479
1482
1508
1515
1528
1550
1554
1554
1555
1556
1557
1562
1572
1576
1591
1601
1607
1611
1647
1656
1658
1662
1665
1682
1694
1699
1702
1721
1724
1731
1734
1735
1738
1750
1750
1757
1781
1789
1795
1796
1805
1809
1834
1857
1871
1873
1885
1885
1887
1899
1912
1913
1930
1935
1938
1987
1997
2001
2042
2052
2053
2075
2076
2112
2119
2125
2133
2141
2146
2204
2209
2231
2235
2238
2243
2244
2262
2266
2269
2286
2286
2302
2303
2331
2352
2381
2382
2419
2423
2426
2429
2449
2452
2460
2474
2484
2485
2486
2489
2494
2509
2516
2549
2555
2563
2578
2583
2584
2590
2592
2611
2621
2623
2632
2637
2656
2662
2680
2687
2692
2696
2701
2706
2708
2709
2710
2710
2715
2725
2740
2754
2764
2780
2792
2800
2800
2817
2819
2823
2855
2868
2870
2875
2895
2902
2909
2910
2911
2919
2955
2959
2985
2996
2999
3000
3010
3018
3030
3053
3054
3064
3069
3101
3104
3108
3112
3125
3136
3139
3144
3148
3152
3153
3158
3167
3170
3182
3198
3203
3209
3211
3212
3213
3219
3223
3249
3256
3263
3265
3269
3283
3285
3285
3292
3336
3351
3364
3372
3409
3428
3433
3442
3452
3467
3491
3506
3510
3523
3537
3550
3555
3577
3583
3614
3615
3629
3640
3649
3667
3729
3732
3738
3742
3753
3782
3789
3808
3813
3823
3846
3848
3853
3868
3873
3878
3879
3880
3880
3890
3919
3941
3946
3946
3958
3966
3993
3998
4004
4006
4012
4022
4026
4030
4031
4034
4037
4040
4042
4047
4051
4063
4068
4068
4068
4069
4123
4160
4166
4167
4181
4185
4191
4213
4223
4232
4233
4233
4241
4258
4288
4294
4294
4299
4311
4316
4329
4343
4355
4363
4365
4375
4375
4381
4389
4421
4422
4424
4427
4431
4438
4439
4463
4469
4482
4486
4490
4503
4518
4520
4523
4564
4579
4585
4586
4614
4617
4629
4650
4654
4671
4691
4706
4711
4723
4750
4751
4768
4796
4842
4842
4861
4862
4865
4875
4888
4892
4896
4908
4914
4928
4931
4941
4948
4951
4973
4978
4986
4994
4994
5018
5026
5032
5034
5037
5047
5059
5071
5080
5083
5084
5087
5103
5116
5119
5125
5126
5135
5146
5161
5169
5187
5189
5190
5214
5216
5226
5229
5239
5241
5243
5314
5317
5322
5349
5369
5369
5389
5406
5411
5434
5463
5471
5479
5504
5506
5508
5526
5542
5548
5555
5565
5583
5584
5610
5610
5633
5644
5656
5672
5673
5685
5688
5707
5743
5744
5768
5774
5777
5780
5783
5793
5796
5806
5851
5878
5891
5897
5922
5940
5946
5962
5969
5971
5975
5977
5991
5992
5993
5996
6003
6007
6019
6023
6040
6047
6063
6064
6066
6074
6077
6092
6099
6131
6138
6155
6179
6179
6198
6233
6245
6254
6267
6269
6277
6305
6306
6316
6325
6332
6370
6375
6400
6439
6445
6447
6447
6450
6472
6478
6485
6489
6495
6508
6513
6531
6535
6546
6553
6560
6576
6583
6606
6648
6651
6663
6678
6686
6703
6725
6726
6759
6774
6776
6782
6790
6796
6797
6807
6808
6819
6824
6832
6840
6843
6858
6884
6900
6901
6902
6910
6912
6939
6944
6961
6968
6969
6973
6979
7018
7033
7044
7045
7054
7074
7088
7102
7113
7123
7124
7125
7132
7133
7139
7148
7166
7169
7180
7182
7185
7195
7199
7200
7202
7219
7219
7220
7229
7238
7248
7271
7272
7272
7280
7284
7297
7312
7316
7316
7317
7318
7322
7322
7327
7331
7356
7360
7362
7380
7384
7394
7403
7417
7426
7438
7439
7444
7452
7457
7461
7477
7491
7493
7500
7503
7507
7513
7545
7548
7548
7552
7563
7587
7589
7609
7614
7626
7630
7634
7635
7646
7660
7671
7688
7708
7719
7759
7763
7770
7782
7785
7823
7825
7826
7836
7838
7843
7850
7852
7862
7880
7894
7900
7905
7910
7913
7913
7918
7920
7953
7971
7973
7996
8000
8035
8039
8070
8078
8083
8108
8109
8123
8142
8143
8171
8181
8192
8206
8225
8230
8232
8260
8282
8288
8300
8306
8312
8324
8339
8360
8378
8382
8389
8390
8398
8399
8401
8406
8415
8448
8448
8449
8453
8481
8484
8485
8496
8498
8519
8520
8543
8543
8543
8549
8554
8562
8573
8584
8593
8605
8607
8640
8652
8654
8657
8662
8666
8692
8703
8713
8717
8724
8763
8801
8808
8809
8826
8832
8860
8866
8894
8900
8946
8953
8955
8958
8961
8973
8986
8987
8993
8994
8998
9032
9038
9040
9047
9053
9065
9070
9081
9084
9090
9101
9118
9118
9181
9202
9220
9227
9251
9255
9262
9263
9284
9296
9315
9349
9357
9357
9399
9425
9426
9433
9435
9438
9443
9462
9464
9484
9489
9500
9506
9512
9532
9535
9535
9536
9540
9541
9565
9571
9600
9605
9606
9614
9619
9624
9630
9648
9655
9680
9684
9685
9700
9718
9720
9722
9733
9739
9758
9791
9795
9808
9830
9848
9855
9856
9865
9867
9878
9882
9898
9899
9900
9904
9908
9929
9931
9941
9941
9949
9957
9991
10028
10029
10031
10042
10064
10067
10071
10079
10086
10093
10099
10132
10138
10162
10170
10177
10178
10179
10191
10199
10207
10209
10227
10228
10234
10240
10242
10253
10261
10274
10282
10283
10284
10286
10296
10296
10297
10300
10302
10305
10308
10312
10331
10332
10344
10347
10349
10355
10356
10387
10387
10400
10404
10408
10409
10423
10425
10428
10436
10439
10452
10469
10475
10506
10515
10548
10550
10553
10555
10562
10580
10598
10604
10611
10611
10621
10634
10638
10641
10656
10656
10695
10728
10741
10751
10752
10758
10769
10787
10793
10795
10798
10799
10804
10814
10816
10819
10872
10889
10889
10896
10902
10915
10920
10946
10946
10949
10951
10975
10985
10989
10992
10995
10997
11012
11034
11035
11040
11050
11058
11066
11078
11080
11094
11096
11112
11150
11163
11173
11181
11183
11189
11212
11218
11221
11223
11235
11239
11272
11274
11280
11296
11307
11317
11318
11333
11358
11360
11366
11377
11378
11391
11395
11403
11417
11418
11430
11431
11434
11459
11465
11488
11491
11505
11516
11523
11525
11531
11548
11550
11550
11552
11553
11561
11574
11583
11584
11603
11603
11607
11613
11629
11636
11672
11679
11688
11694
11696
11697
11711
11714
11731
11735
11737
11750
11757
11768
11781
11797
11818
11830
11830
11832
11834
11863
11865
11880
11882
11882
11885
11886
11896
11899
11912
11914
11945
11970
11973
12000
12017
12018
12022
12037
12044
12052
12056
12059
12063
12068
12070
12086
12103
12107
12111
12140
12148
12159
12163
12204
12210
12225
12229
12252
12262
12263
12283
12295
12296
12301
12317
12323
12325
12331
12366
12376
12403
12416
12426
12449
12453
12472
12478
12479
12505
12529
12543
12571
12577
12598
12599
12606
12616
12639
12639
12641
12650
12652
12662
12694
12713
12720
12722
12726
12731
12765
12769
12769
12772
12773
12774
12779
12781
12783
12787
12811
12820
12832
12845
12857
12863
12870
12873
12922
12924
12939
12941
12941
12945
12955
12976
12995
13033
13051
13086
13100
13106
13125
13130
13131
13133
13157
13163
13169
13183
13190
13190
13208
13220
13227
13227
13233
13243
13262
13263
13275
13286
13295
13304
13309
13314
13314
13323
13326
13333
13334
13335
13335
13351
13354
13355
13358
13363
13363
13365
13382
13399
13400
13405
13413
13414
13414
13427
13431
13432
13436
13437
13456
13478
13486
13490
13506
13558
13575
13584
13585
13586
13587
13589
13592
13610
13614
13626
13632
13649
13672
13680
13684
13690
13701
13724
13726
13727
13754
13760
13761
13779
13784
13791
13793
13805
13807
13812
13823
13825
13834
13835
13868
13871
13883
13887
13897
13940
13967
13974
13990
13998
14009
14009
14024
14033
14036
14046
14052
14057
14086
14095
14095
14099
14103
14106
14109
14118
14118
14119
14121
14129
14142
14152
14157
14171
14192
14195
14208
14215
14222
14233
14234
14238
14249
14263
14287
14289
14298
14299
14301
14318
14323
14348
14352
14357
14411
14418
14423
14432
14470
14472
14485
14489
14503
14505
14506
14506
14510
14510
14519
14525
14536
14569
14570
14598
14624
14625
14639
14654
14661
14664
14666
14676
14677
14681
14688
14689
14695
14700
14708
14721
14735
14744
14751
14775
14785
14816
14826
14827
14845
14852
14853
14858
14867
14872
14874
14876
14876
14893
14905
14910
14914
14926
14937
14949
14956
14977
14979
14981
14981
14983
14985
15012
15020
15044
15057
15063
15067
15068
15076
15096
15100
15143
15145
15146
15171
15194
15196
15212
15212
15219
15238
15238
15246
15274
15304
15309
15330
15334
15353
15361
15367
15372
15373
15383
15415
15428
15456
15466
15471
15480
15484
15488
15515
15534
15536
15541
15577
15578
15590
15598
15600
15611
15612
15638
15658
15689
15691
15718
15732
15798
15807
15810
15839
15882
15882
15885
15899
15907
15908
15926
15930
15938
15950
15954
15974
16004
16007
16012
16013
16022
16024
16027
16029
16038
16045
16051
16053
16057
16062
16062
16064
16065
16083
16139
16140
16159
16161
16180
16189
16198
16203
16206
16210
16213
16216
16217
16218
16224
16234
16240
16246
16258
16264
16287
16295
16297
16308
16327
16328
16338
16343
16345
16356
16378
16390
16396
16398
16403
16408
16409
16421
16449
16460
16461
16473
16490
16494
16518
16518
16526
16545
16554
16562
16566
16579
16580
16595
16619
16623
16624
16631
16635
16640
16677
16689
16702
16705
16724
16727
16743
16763
16771
16784
16792
16802
16820
16825
16830
16840
16852
16852
16856
16857
16863
16870
16876
16883
16901
16910
16918
16918
16943
16950
16950
16954
16971
16979
16994
17021
17026
17040
17046
17051
17067
17079
17088
17090
17091
17099
17104
17125
17127
17130
17136
17146
17147
17226
17226
17229
17232
17234
17245
17247
17279
17279
17293
17294
17314
17339
17358
17373
17379
17383
17397
17404
17409
17410
17431
17432
17433
17440
17445
17450
17456
17466
17470
17476
17493
17495
17505
17520
17534
17537
17543
17548
17551
17582
17586
17588
17593
17627
17632
17647
17648
17687
17707
17716
17739
17748
17756
17763
17766
17774
17787
17787
17796
17806
17811
17833
17837
17852
17864
17874
17879
17879
17887
17897
17910
17936
17944
17951
17954
17966
17971
17975
17991
18006
18032
18038
18061
18068
18080
18089
18134
18165
18172
18182
18183
18187
18190
18209
18230
18257
18284
18304
18308
18326
18342
18350
18355
18356
18357
18361
18365
18380
18393
18394
18396
18405
18420
18432
18457
18460
18470
18472
18473
18475
18488
18489
18511
18516
18518
18519
18524
18530
18540
18550
18550
18559
18576
18577
18589
18592
18606
18621
18644
18683
18702
18710
18716
18727
18734
18746
18775
18789
18790
18792
18824
18834
18853
18853
18865
18876
18878
18907
18915
18921
18929
18949
19019
19026
19027
19038
19063
19064
19071
19081
19098
19112
19117
19117
19141
19150
19159
19161
19164
19192
19202
19206
19207
19222
19242
19251
19256
19263
19281
19284
19287
19321
19325
19332
19346
19377
19380
19405
19420
19459
19459
19472
19481
19489
19512
19515
19527
19540
19567
19575
19606
19607
19614
19638
19650
19652
19662
19671
19688
19699
19709
19724
19741
19745
19760
19776
19777
19794
19804
19806
19817
19827
19866
19866
19876
19878
19894
19904
19912
19914
19918
19946
19961
19962
19970
19974
19988
19989
19990
19995
20015
20036
20038
20038
20046
20063
20064
20090
20102
20107
20113
20125
20126
20153
20164
20171
20195
20201
20211
20223
20226
20258
20264
20289
20306
20318
20321
20347
20348
20372
20381
20402
20411
20437
20439
20442
20444
20478
20480
20494
20507
20512
20518
20520
20526
20528
20544
20544
20551
20565
20573
20580
20585
20598
20600
20608
20618
20620
20643
20657
20678
20681
20692
20725
20730
20741
20771
20777
20779
20781
20830
20843
20853
20862
20870
20888
20892
20896
20910
20912
20916
20921
20928
20946
20957
20985
20986
20999
21010
21017
21021
21038
21042
21049
21056
21062
21076
21112
21117
21123
21139
21139
21157
21170
21198
21199
21214
21214
21218
21243
21247
21248
21258
21260
21266
21282
21286
21292
21307
21313
21316
21319
21323
21323
21334
21354
21383
21388
21391
21391
21404
21405
21409
21421
21428
21441
21445
21449
21464
21474
21499
21509
21517
21524
21530
21532
21540
21554
21557
21566
21578
21583
21589
21595
21612
21633
21635
21645
21648
21652
21653
21653
21657
21684
21685
21691
21696
21697
21718
21726
21744
21758
21769
21774
21779
21789
21807
21814
21825
21833
21858
21876
21881
21887
21887
21903
21930
21943
21944
21952
21953
21964
21971
21973
21977
21984
21991
21991
22010
22012
22021
22037
22112
22123
22137
22139
22154
22164
22165
22180
22181
22186
22194
22195
22201
22212
22225
22230
22231
22233
22247
22248
22282
22301
22332
22340
22352
22358
22359
22371
22376
22407
22408
22418
22427
22431
22439
22450
22455
22465
22474
22484
22510
22526
22537
22548
22562
22566
22591
22592
22592
22593
22597
22599
22631
22646
22662
22667
22671
22681
22681
22690
22721
22730
22763
22770
22773
22779
22814
22818
22822
22841
22844
22845
22875
22892
22894
22910
22912
22922
22924
22937
22938
22939
22940
22941
22993
22995
23009
23011
23022
23030
23042
23043
23047
23061
23062
23065
23071
23097
23104
23124
23131
23132
23138
23152
23161
23161
23175
23182
23185
23185
23191
23199
23207
23208
23227
23231
23234
23242
23247
23254
23259
23282
23291
23293
23296
23297
23308
23318
23335
23343
23344
23344
23345
23351
23352
23354
23363
23366
23384
23398
23410
23416
23420
23424
23426
23427
23464
23468
23471
23479
23508
23525
23526
23543
23552
23556
23557
23564
23574
23580
23588
23595
23601
23611
23612
23627
23644
23651
23659
23680
23681
23702
23731
23734
23745
23751
23763
23794
23801
23839
23842
23849
23860
23865
23873
23879
23892
23896
23899
23905
23911
23914
23922
23927
23932
23933
23942
23946
23964
23968
23993
24013
24014
24019
24033
24039
24046
24046
24049
24054
24069
24088
24094
24102
24121
24123
24126
24131
24132
24149
24161
24165
24168
24184
24216
24219
24228
24244
24247
24250
24252
24254
24256
24263
24272
24283
24292
24314
24322
24323
24328
24333
24351
24353
24381
24383
24384
24395
24410
24412
24433
24436
24442
24447
24471
24478
24479
24494
24529
24534
24539
24555
24581
24588
24602
24604
24606
24631
24637
24651
24655
24661
24666
24672
24722
24729
24736
24766
24789
24792
24811
24839
24848
24864
24885
24894
24895
24910
24931
24950
24956
24968
24968
24996
25008
25050
25067
25068
25072
25080
25087
25090
25096
25101
25129
25172
25172
25175
25184
25194
25195
25199
25230
25233
25264
25278
25281
25295
25320
25342
25343
25346
25353
25367
25368
25368
25370
25370
25393
25396
25397
25409
25423
25445
25457
25491
25511
25512
25529
25532
25533
25549
25550
25559
25572
25583
25631
25642
25650
25663
25666
25666
25670
25680
25682
25690
25708
25719
25719
25733
25734
25736
25738
25739
25767
25780
25789
25798
25815
25834
25841
25856
25862
25863
25871
25878
25888
25891
25898
25920
25920
25932
25938
25970
25972
25986
26018
26023
26025
26034
26041
26052
26059
26082
26083
26091
26092
26097
26119
26140
26144
26150
26158
26171
26180
26181
26182
26185
26190
26197
26198
26202
26204
26206
26212
26216
26218
26220
26223
26224
26230
26235
26250
26256
26258
26261
26262
26268
26268
26274
26311
26326
26342
26350
26372
26386
26393
26400
26410
26411
26422
26433
26454
26459
26468
26478
26493
26498
26511
26532
26533
26534
26543
26553
26599
26602
26637
26651
26663
26668
26671
26671
26673
26687
26691
26750
26751
26770
26773
26827
26837
26837
26841
26848
26857
26881
26882
26884
26885
26898
26898
26902
26906
26933
26935
26936
26938
26946
26949
26957
26966
26971
26997
27005
27019
27024
27031
27041
27045
27052
27062
27072
27074
27081
27088
27130
27146
27202
27209
27222
27227
27258
27266
27273
27275
27282
27305
27351
27386
27387
27393
27406
27423
27445
27447
27476
27484
27492
27500
27523
27534
27543
27550
27551
27578
27592
27604
27613
27618
27620
27637
27661
27668
27703
27732
27735
27736
27756
27764
27801
27804
27806
27827
27835
27863
27868
27871
27908
27911
27916
27924
27934
27937
27937
27946
27954
27996
28002
28019
28023
28047
28048
28061
28081
28096
28158
28160
28183
28199
28203
28240
28244
28259
28260
28265
28283
28297
28314
28315
28320
28325
28343
28359
28362
28384
28387
28412
28418
28423
28425
28430
28431
28441
28449
28459
28468
28476
28478
28487
28492
28494
28503
28519
28522
28524
28531
28541
28563
28580
28590
28596
28603
28613
28622
28638
28648
28658
28664
28675
28699
28702
28723
28725
28728
28748
28762
28781
28783
28793
28795
28804
28829
28830
28845
28848
28848
28861
28867
28872
28876
28901
28901
28907
28917
28935
28945
28958
28964
29002
29008
29014
29018
29020
29030
29045
29059
29080
29083
29086
29100
29112
29139
29157
29160
29168
29179
29188
29190
29190
29203
29258
29261
29262
29284
29297
29317
29324
29325
29341
29343
29348
29363
29364
29373
29382
29387
29393
29393
29400
29409
29412
29426
29434
29441
29468
29484
29485
29489
29492
29521
29522
29522
29524
29547
29548
29559
29566
29573
29574
29581
29582
29605
29605
29610
29618
29660
29667
29670
29681
29688
29689
29695
29699
29702
29707
29727
29728
29731
29768
29778
29792
29795
29808
29825
29829
29844
29850
29859
29885
29896
29898
29902
29911
29930
29932
29932
29933
29953
29960
29978
30006
30019
30025
30028
30030
30038
30042
30053
30057
30061
30066
30076
30078
30079
30083
30107
30111
30119
30135
30145
30156
30159
30163
30184
30189
30205
30217
30227
30243
30288
30294
30295
30313
30337
30351
30354
30356
30372
30398
30429
30444
30458
30460
30465
30483
30484
30500
30502
30519
30526
30529
30545
30562
30564
30567
30574
30576
30600
30602
30603
30612
30632
30636
30636
30654
30656
30658
30660
30666
30679
30682
30687
30687
30715
30726
30729
30732
30744
30745
30746
30753
30772
30792
30794
30810
30812
30820
30821
30824
30837
30840
30868
30871
30872
30875
30878
30884
30884
30895
30900
30905
30914
30915
30915
30937
30950
30958
30972
30977
30991
31015
31024
31041
31073
31073
31075
31076
31107
31121
31154
31175
31189
31196
31218
31228
31230
31232
31243
31249
31255
31273
31299
31302
31309
31315
31321
31327
31330
31338
31340
31342
31351
31397
31412
31464
31508
31511
31515
31517
31522
31524
31524
31531
31536
31545
31547
31567
31593
31603
31607
31613
31638
31648
31650
31650
31657
31659
31663
31702
31707
31728
31731
31735
31741
31784
31786
31793
31799
31811
31815
31822
31834
31856
31862
31873
31874
31904
31905
31909
31909
31933
31940
31942
31946
31950
31959
31961
31972
31987
32002
32004
32011
32029
32039
32039
32042
32052
32057
32060
32071
32105
32106
32107
32123
32124
32140
32146
32149
32157
32169
32187
32198
32223
32226
32229
32235
32254
32259
32273
32275
32277
32291
32304
32308
32311
32316
32334
32351
32373
32374
32381
32394
32402
32407
32413
32417
32419
32427
32437
32445
32470
32477
32502
32511
32529
32542
32545
32550
32567
32571
32621
32637
32638
32658
32658
32671
32674
32708
32709
32718
32720
32723
32736
32743
32745
32769
32780
32782
32785
32786
32798
32799
32808
32810
32836
32848
32861
32867
32869
32879
32885
32889
32900
32914
32931
32935
32944
32949
32981
33028
33038
33056
33070
33098
33121
33130
33142
33144
33148
33149
33163
33169
33172
33175
33178
33195
33207
33208
33232
33236
33254
33255
33258
33273
33282
33284
33293
33295
33301
33315
33336
33356
33360
33360
33362
33364
33369
33371
33394
33400
33409
33416
33430
33435
33456
33467
33469
33472
33501
33505
33517
33528
33533
33547
33582
33598
33609
33632
33646
33664
33675
33678
33680
33711
33739
33745
33753
33764
33791
33803
33808
33810
33810
33816
33829
33856
33872
33874
33881
33903
33906
33906
33906
33913
33921
33934
33953
33965
33976
33979
33983
33985
33988
33996
34021
34027
34030
34035
34039
34051
34051
34069
34076
34113
34114
34117
34119
34121
34134
34140
34143
34145
34147
34169
34177
34179
34214
34238
34244
34253
34264
34281
34281
34283
34283
34295
34297
34303
34319
34340
34354
34361
34368
34369
34375
34377
34386
34389
34416
34422
34424
34438
34438
34450
34453
34469
34478
34479
34486
34493
34509
34520
34529
34541
34553
34559
34584
34585
34596
34607
34610
34613
34626
34630
34634
34640
34641
34675
34676
34715
34724
34732
34751
34751
34759
34765
34779
34786
34787
34796
34821
34821
34841
34845
34863
34871
34871
34875
34878
34881
34888
34900
34924
34924
34926
34927
34929
34943
34956
34958
34966
34966
34969
34977
34990
34991
35036
35040
35052
35066
35070
35072
35089
35098
35116
35123
35146
35157
35157
35159
35159
35170
35182
35182
35185
35200
35206
35207
35210
35210
35215
35236
35278
35289
35295
35297
35306
35307
35311
35321
35325
35326
35330
35332
35351
35353
35374
35378
35382
35388
35402
35402
35424
35437
35438
35476
35476
35483
35484
35487
35498
35524
35533
35538
35547
35549
35569
35570
35571
35574
35606
35614
35617
35621
35623
35627
35630
35633
35667
35671
35675
35678
35680
35683
35686
35703
35708
35711
35726
35736
35744
35750
35765
35780
35795
35802
35811
35811
35819
35831
35849
35853
35862
35880
35880
35901
35901
35903
35913
35941
35942
35964
35969
35982
35985
35997
36000
36008
36011
36015
36025
36025
36029
36034
36037
36038
36059
36067
36068
36071
36090
36096
36122
36161
36172
36198
36200
36206
36211
36212
36214
36215
36236
36255
36255
36271
36290
36306
36330
36332
36350
36360
36383
36388
36452
36469
36479
36480
36482
36490
36491
36491
36515
36516
36520
36527
36548
36558
36567
36570
36573
36579
36588
36613
36623
36628
36635
36648
36657
36665
36673
36683
36701
36710
36718
36719
36735
36740
36744
36749
36752
36754
36764
36772
36786
36791
36799
36800
36802
36828
36836
36837
36840
36848
36850
36863
36873
36886
36917
36923
36925
36929
36946
36957
36972
36979
36983
36989
36997
37007
37009
37024
37029
37063
37068
37069
37069
37077
37085
37089
37110
37129
37132
37137
37141
37166
37189
37191
37205
37226
37228
37229
37231
37240
37251
37280
37283
37289
37289
37291
37298
37303
37304
37316
37326
37337
37349
37351
37365
37372
37383
37388
37396
37429
37434
37436
37461
37478
37484
37500
37501
37502
37516
37516
37524
37526
37531
37537
37544
37544
37548
37549
37550
37565
37588
37610
37616
37618
37630
37658
37663
37669
37690
37710
37723
37729
37781
37784
37786
37798
37817
37820
37821
37825
37843
37864
37866
37878
37893
37894
37921
37923
37925
37930
37931
37950
37950
37950
37983
38002
38027
38043
38045
38075
38081
38082
38089
38120
38123
38125
38131
38139
38149
38176
38187
38213
38217
38220
38227
38230
38235
38236
38240
38246
38250
38273
38285
38285
38293
38294
38304
38333
38335
38336
38342
38346
38349
38353
38354
38377
38384
38388
38393
38393
38425
38428
38438
38443
38444
38452
38474
38479
38483
38486
38497
38504
38512
38515
38529
38573
38578
38578
38578
38584
38587
38599
38608
38608
38612
38617
38633
38644
38648
38674
38678
38679
38681
38721
38726
38733
38741
38753
38755
38782
38790
38805
38821
38833
38846
38890
38907
38913
38918
38928
38930
38932
38939
38961
38968
38971
38980
38986
38996
39034
39045
39046
39049
39068
39075
39087
39105
39107
39114
39115
39130
39152
39160
39165
39167
39188
39201
39209
39221
39233
39236
39236
39295
39305
39306
39354
39359
39360
39404
39407
39408
39409
39416
39420
39424
39463
39479
39485
39499
39502
39519
39526
39527
39544
39546
39552
39555
39564
39577
39583
39588
39599
39620
39621
39638
39644
39647
39649
39650
39655
39660
39672
39676
39682
39703
39703
39710
39718
39733
39757
39774
39774
39782
39786
39803
39811
39813
39830
39841
39856
39864
39870
39870
39872
39890
39896
39900
39908
39908
39920
39924
39938
39950
39954
39996
39999
40014
40015
40027
40028
40033
40042
40048
40060
40072
40076
40083
40087
40096
40102
40103
40134
40136
40139
40155
40159
40192
40206
40206
40218
40233
40242
40250
40298
40306
40311
40321
40322
40357
40361
40361
40368
40370
40372
40384
40391
40394
40413
40429
40440
40456
40466
40476
40478
40479
40484
40488
40489
40496
40497
40497
40500
40512
40528
40531
40532
40533
40536
40538
40552
40555
40583
40584
40586
40605
40615
40624
40649
40651
40651
40669
40671
40672
40682
40688
40701
40701
40715
40744
40748
40774
40817
40838
40842
40855
40861
40886
40896
40914
40916
40921
40938
40961
40971
40974
40979
40993
40996
41004
41015
41023
41028
41040
41050
41057
41064
41074
41090
41092
41092
41093
41122
41130
41132
41155
41161
41166
41168
41173
41173
41187
41190
41217
41225
41236
41260
41303
41317
41336
41347
41347
41348
41351
41364
41375
41390
41392
41393
41422
41437
41445
41449
41463
41466
41473
41473
41474
41493
41497
41508
41514
41518
41535
41562
41563
41575
41588
41589
41612
41622
41631
41632
41636
41668
41677
41679
41683
41683
41689
41690
41692
41693
41707
41715
41732
41733
41747
41759
41760
41765
41771
41782
41783
41816
41817
41828
41847
41900
41923
41924
41962
41970
41973
41973
41998
42008
42008
42011
42027
42031
42049
42065
42090
42101
42101
42146
42168
42176
42177
42188
42192
42194
42202
42202
42206
42206
42218
42219
42256
42261
42263
42265
42268
42270
42270
42314
42331
42332
42334
42336
42345
42356
42359
42368
42376
42376
42377
42383
42393
42403
42413
42432
42472
42483
42484
42488
42504
42513
42522
42552
42578
42587
42622
42623
42653
42678
42680
42706
42708
42753
42763
42770
42772
42773
42800
42805
42808
42810
42811
42821
42825
42837
42840
42854
42879
42893
42901
42924
42928
42932
42939
42942
42943
42943
42947
42950
42984
42987
42993
43000
43019
43033
43035
43050
43057
43092
43095
43113
43119
43156
43162
43183
43192
43209
43212
43214
43245
43287
43309
43315
43332
43352
43357
43383
43416
43445
43451
43452
43459
43472
43488
43492
43504
43507
43525
43535
43543
43545
43550
43568
43570
43571
43572
43583
43584
43598
43601
43612
43626
43646
43649
43664
43669
43671
43679
43682
43684
43688
43693
43695
43705
43710
43714
43742
43744
43750
43766
43797
43814
43817
43830
43836
43844
43860
43860
43876
43879
43892
43899
43907
43953
43962
43963
43964
43968
43969
43972
43980
43981
43991
44002
44004
44011
44022
44035
44049
44054
44055
44056
44064
44066
44067
44069
44072
44082
44085
44104
44109
44109
44115
44127
44130
44164
44177
44177
44206
44217
44239
44256
44266
44267
44267
44279
44280
44284
44307
44311
44311
44312
44317
44323
44337
44344
44354
44362
44377
44385
44385
44393
44396
44401
44401
44443
44520
44534
44554
44557
44561
44561
44601
44616
44634
44653
44678
44681
44685
44690
44692
44716
44722
44726
44736
44745
44749
44753
44754
44765
44778
44804
44805
44808
44817
44826
44829
44847
44847
44869
44871
44890
44890
44891
44911
44913
44920
44929
44939
44942
44944
44950
44959
44979
44986
44993
45001
45003
45037
45049
45056
45058
45097
45104
45106
45122
45126
45127
45153
45157
45164
45171
45176
45193
45198
45200
45206
45218
45221
45222
45236
45247
45268
45290
45299
45301
45317
45326
45327
45335
45354
45358
45365
45377
45386
45392
45392
45395
45404
45411
45411
45413
45421
45424
45427
45433
45440
45455
45462
45479
45501
45502
45515
45537
45552
45559
45561
45563
45565
45586
45588
45593
45600
45605
45619
45623
45623
45632
45633
45648
45651
45652
45668
45676
45701
45718
45720
45725
45742
45750
45759
45780
45782
45811
45812
45841
45851
45863
45869
45891
45898
45925
45940
45951
45952
45963
45970
45989
45990
46016
46017
46024
46028
46030
46035
46042
46044
46044
46062
46081
46086
46086
46087
46090
46094
46101
46125
46133
46147
46148
46151
46156
46178
46183
46210
46213
46217
46219
46229
46238
46239
46254
46266
46311
46314
46322
46334
46353
46354
46377
46385
46387
46397
46397
46397
46417
46447
46454
46454
46465
46479
46479
46485
46488
46494
46501
46518
46518
46519
46521
46521
46523
46534
46546
46570
46573
46586
46596
46611
46622
46622
46622
46627
46632
46641
46641
46643
46647
46663
46672
46674
46700
46710
46759
46766
46768
46772
46779
46801
46829
46831
46846
46856
46856
46861
46870
46874
46882
46882
46897
46901
46901
46901
46925
46929
46933
46952
46955
46995
46996
47021
47027
47044
47055
47058
47078
47083
47086
47089
47090
47109
47113
47124
47131
47166
47169
47170
47176
47190
47191
47191
47208
47240
47246
47247
47261
47270
47274
47276
47280
47297
47311
47342
47353
47360
47361
47373
47376
47377
47401
47416
47426
47428
47433
47445
47476
47513
47514
47518
47526
47550
47564
47567
47571
47573
47579
47584
47614
47625
47627
47630
47639
47641
47660
47674
47688
47691
47706
47706
47714
47717
47719
47724
47728
47732
47735
47746
47750
47769
47773
47787
47816
47842
47868
47894
47895
47904
47909
47914
47928
47932
47936
47943
47945
47951
47951
47958
47980
47983
47988
48023
48038
48044
48051
48055
48057
48058
48059
48067
48075
48075
48076
48083
48084
48090
48093
48100
48117
48144
48157
48169
48173
48200
48206
48216
48220
48225
48238
48244
48256
48262
48269
48270
48285
48295
48300
48301
48309
48311
48318
48346
48366
48368
48371
48371
48428
48440
48446
48453
48465
48496
48507
48514
48518
48521
48538
48551
48575
48581
48590
48594
48599
48607
48623
48670
48679
48700
48730
48733
48749
48763
48768
48774
48781
48781
48792
48809
48816
48825
48837
48839
48841
48841
48843
48850
48869
48869
48878
48883
48883
48885
48889
48895
48909
48911
48920
48923
48923
48937
48953
48969
48976
48995
48998
49001
49008
49012
49020
49027
49027
49036
49037
49045
49048
49051
49062
49088
49095
49098
49099
49105
49105
49133
49140
49155
49172
49174
49185
49194
49200
49201
49209
49214
49215
49230
49249
49252
49255
49259
49264
49265
49265
49270
49279
49280
49284
49300
49308
49345
49363
49364
49371
49388
49391
49391
49399
49401
49407
49414
49416
49422
49433
49434
49440
49447
49461
49472
49488
49510
49514
49533
49539
49546
49558
49561
49563
49568
49572
49587
49591
49593
49598
49611
49621
49625
49631
49638
49645
49658
49660
49679
49684
49684
49687
49688
49700
49719
49729
49732
49738
49738
49756
49763
49785
49788
49797
49802
49806
49811
49813
49825
49839
49854
49859
49862
49864
49886
49898
49907
49909
49911
49916
49930
49945
49946
49981
49984
49985
49988
49994
49997
50007
50025
50026
50043
50046
50057
50062
50070
50074
50082
50093
50097
50103
50118
50135
50136
50143
50146
50155
50161
50169
50172
50177
50199
50210
50214
50215
50216
50234
50281
50297
50299
50304
50314
50315
50325
50328
50328
50332
50369
50415
50416
50417
50435
50436
50445
50460
50489
50510
50517
50531
50555
50571
50578
50582
50595
50606
50611
50619
50633
50654
50671
50690
50696
50698
50704
50719
50739
50762
50780
50789
50811
50818
50839
50840
50850
50864
50873
50880
50894
50912
50929
50934
50966
50967
50982
50997
50999
51006
51010
51012
51013
51016
51016
51025
51060
51067
51102
51104
51105
51119
51141
51147
51176
51178
51208
51225
51229
51258
51273
51282
51297
51313
51318
51321
51322
51326
51327
51330
51365
51374
51387
51388
51389
51401
51402
51407
51407
51442
51449
51453
51466
51471
51495
51519
51523
51530
51536
51561
51571
51588
51595
51604
51626
51631
51636
51643
51647
51650
51656
51685
51699
51699
51700
51705
51708
51713
51713
51714
51720
51722
51724
51729
51733
51735
51736
51737
51737
51760
51791
51806
51810
51822
51823
51836
51852
51855
51865
51870
51871
51875
51878
51887
51910
51915
51916
51926
51947
51953
51955
51968
51975
51983
51992
52001
52003
52010
52013
52017
52023
52068
52071
52074
52081
52081
52085
52116
52136
52137
52141
52190
52192
52198
52198
52203
52219
52234
52239
52258
52262
52263
52283
52300
52318
52319
52321
52325
52341
52389
52403
52471
52494
52503
52529
52532
52536
52552
52591
52601
52611
52619
52625
52628
52632
52633
52647
52652
52657
52679
52681
52689
52690
52697
52726
52726
52744
52748
52757
52761
52763
52763
52765
52781
52783
52783
52785
52798
52805
52809
52813
52823
52824
52833
52833
52847
52860
52872
52876
52886
52893
52898
52899
52900
52902
52904
52933
52937
52940
52940
52946
52948
52949
52953
52970
52973
52974
52975
53020
53022
53023
53026
53026
53029
53031
53045
53045
53049
53051
53062
53063
53073
53079
53086
53099
53104
53105
53118
53134
53146
53155
53156
53156
53159
53164
53165
53169
53174
53187
53195
53198
53204
53219
53231
53235
53237
53238
53255
53256
53256
53271
53271
53277
53284
53285
53297
53297
53299
53300
53304
53307
53310
53333
53334
53336
53350
53368
53371
53392
53432
53434
53438
53440
53442
53452
53470
53475
53479
53492
53498
53501
53514
53522
53544
53557
53559
53570
53576
53578
53595
53598
53631
53635
53657
53661
53678
53679
53689
53690
53701
53711
53735
53735
53740
53749
53771
53776
53776
53790
53799
53812
53815
53815
53832
53847
53865
53868
53868
53869
53881
53883
53883
53883
53914
53916
53924
53943
53973
53988
53988
54007
54007
54010
54016
54017
54019
54036
54038
54053
54060
54074
54110
54117
54124
54138
54144
54148
54149
54188
54197
54224
54226
54231
54238
54240
54250
54258
54272
54278
54287
54294
54298
54305
54305
54318
54324
54330
54333
54335
54337
54338
54362
54394
54395
54399
54406
54425
54429
54433
54434
54434
54438
54454
54463
54464
54465
54481
54483
54486
54489
54495
54497
54527
54532
54546
54580
54593
54595
54595
54603
54608
54614
54657
54659
54672
54704
54710
54725
54756
54764
54768
54782
54785
54785
54790
54807
54813
54830
54837
54841
54848
54854
54857
54873
54875
54883
54905
54927
54932
54933
54946
54981
54983
54986
54991
54992
55002
55003
55015
55026
55030
55050
55067
55069
55094
55103
55109
55110
55118
55122
55143
55144
55145
55168
55174
55177
55186
55199
55202
55215
55217
55223
55249
55254
55257
55263
55266
55267
55274
55276
55286
55290
55304
55305
55322
55365
55366
55370
55403
55404
55415
55421
55422
55426
55430
55465
55476
55487
55488
55490
55491
55496
55500
55507
55510
55525
55527
55535
55551
55570
55594
55595
55602
55618
55622
55631
55631
55641
55653
55658
55666
55671
55685
55700
55706
55713
55717
55721
55725
55726
55738
55739
55741
55743
55748
55748
55762
55776
55802
55818
55836
55840
55860
55867
55875
55878
55882
55894
55897
55913
55925
55929
55933
55934
55938
55942
55948
55954
55959
55966
55967
55984
56003
56017
56031
56041
56052
56054
56054
56065
56075
56115
56121
56124
56127
56128
56151
56155
56155
56155
56158
56176
56189
56191
56209
56216
56221
56221
56223
56226
56233
56234
56235
56236
56240
56241
56246
56248
56263
56282
56288
56308
56332
56333
56350
56353
56372
56413
56420
56435
56436
56437
56437
56443
56443
56447
56447
56450
56451
56452
56461
56472
56475
56479
56484
56490
56497
56539
56554
56572
56572
56579
56594
56597
56606
56618
56631
56637
56639
56644
56651
56657
56666
56667
56683
56685
56697
56699
56699
56700
56710
56717
56723
56723
56734
56745
56748
56751
56754
56757
56761
56769
56777
56788
56794
56796
56796
56815
56816
56817
56846
56859
56889
56901
56902
56941
56948
56950
56951
56954
56965
56966
56975
56975
56980
57000
57010
57031
57031
57037
57054
57077
57078
57091
57095
57099
57105
57111
57115
57150
57166
57169
57177
57177
57181
57189
57190
57218
57228
57240
57247
57265
57267
57277
57281
57293
57294
57303
57309
57326
57330
57348
57357
57357
57376
57384
57391
57397
57414
57427
57429
57442
57444
57455
57464
57466
57473
57477
57481
57483
57485
57501
57505
57518
57519
57528
57528
57529
57538
57551
57552
57558
57565
57575
57579
57596
57599
57603
57608
57609
57617
57618
57622
57657
57663
57671
57671
57672
57692
57694
57694
57712
57712
57722
57727
57758
57773
57789
57810
57833
57839
57849
57860
57865
57904
57922
57941
57949
57969
57970
57981
57983
58011
58015
58032
58048
58053
58054
58062
58063
58071
58081
58093
58104
58112
58119
58128
58137
58168
58188
58199
58204
58238
58239
58269
58272
58279
58279
58280
58296
58312
58313
58316
58345
58348
58350
58364
58371
58372
58381
58404
58418
58432
58477
58490
58490
58514
58517
58526
58542
58555
58556
58566
58576
58591
58594
58606
58607
58643
58647
58654
58674
58690
58698
58699
58756
58759
58763
58769
58776
58784
58785
58797
58798
58811
58863
58885
58894
58899
58905
58913
58917
58922
58923
58923
58924
58941
58953
58954
58957
58969
58975
58976
58983
58984
58989
59000
59016
59027
59034
59043
59049
59053
59056
59061
59063
59066
59068
59078
59085
59098
59109
59113
59122
59126
59135
59139
59139
59143
59143
59202
59206
59207
59209
59240
59252
59265
59286
59293
59294
59305
59311
59320
59322
59324
59324
59353
59363
59372
59375
59396
59412
59417
59418
59437
59458
59481
59507
59509
59513
59516
59517
59519
59547
59549
59550
59552
59560
59572
59574
59589
59625
59634
59649
59652
59665
59670
59680
59685
59700
59706
59709
59715
59755
59772
59774
59788
59804
59815
59818
59836
59838
59847
59849
59890
59900
59907
59909
59914
59914
59947
59962
59971
59975
59982
59988
60007
60019
60026
60031
60033
60038
60039
60041
60085
60097
60137
60139
60148
60152
60152
60152
60183
60187
60223
60238
60264
60273
60291
60295
60305
60305
60313
60318
60328
60331
60341
60361
60376
60389
60392
60393
60394
60402
60409
60413
60416
60428
60429
60435
60440
60442
60449
60455
60470
60471
60478
60488
60488
60492
60496
60505
60519
60541
60546
60554
60563
60564
60571
60583
60584
60589
60593
60594
60597
60600
60604
60607
60613
60613
60620
60626
60644
60666
60668
60672
60679
60690
60694
60694
60695
60703
60720
60738
60751
60757
60792
60811
60817
60849
60861
60864
60875
60885
60892
60893
60909
60916
60918
60930
60949
60967
60980
60984
60986
60991
61002
61016
61033
61039
61042
61045
61051
61054
61056
61081
61090
61091
61096
61096
61096
61103
61127
61135
61149
61150
61155
61165
61168
61181
61183
61183
61213
61216
61222
61239
61255
61259
61263
61264
61288
61289
61304
61327
61339
61350
61352
61353
61357
61368
61373
61393
61399
61399
61416
61419
61427
61453
61470
61471
61499
61503
61504
61531
61533
61546
61547
61550
61561
61563
61563
61566
61581
61582
61582
61583
61588
61589
61633
61650
61662
61663
61663
61670
61684
61694
61712
61727
61740
61751
61754
61754
61770
61773
61786
61787
61812
61830
61834
61851
61852
61862
61862
61943
61951
61970
61984
62006
62012
62030
62032
62034
62045
62048
62060
62088
62106
62115
62122
62138
62141
62152
62153
62159
62164
62168
62169
62176
62182
62199
62211
62213
62254
62256
62287
62288
62291
62291
62300
62304
62308
62340
62360
62369
62378
62405
62406
62437
62438
62443
62449
62453
62466
62468
62506
62507
62507
62512
62523
62538
62541
62542
62546
62563
62576
62578
62584
62593
62595
62598
62607
62614
62627
62661
62661
62688
62710
62721
62729
62735
62741
62742
62747
62749
62753
62758
62764
62772
62794
62803
62828
62829
62838
62847
62855
62860
62880
62886
62891
62903
62926
62928
62949
62969
62979
62986
63002
63028
63030
63031
63051
63054
63055
63059
63060
63062
63066
63070
63078
63100
63142
63145
63163
63170
63170
63185
63187
63209
63211
63216
63232
63242
63254
63257
63259
63261
63269
63283
63301
63318
63321
63345
63347
63361
63374
63387
63419
63422
63440
63483
63505
63506
63508
63509
63514
63548
63577
63593
63611
63621
63648
63649
63651
63659
63662
63663
63671
63675
63685
63692
63694
63698
63706
63707
63729
63736
63748
63751
63752
63754
63757
63772
63777
63788
63803
63812
63820
63827
63834
63864
63865
63871
63874
63880
63883
63885
63896
63902
63905
63909
63909
63919
63938
63948
63950
63953
63977
63986
63995
64003
64022
64044
64049
64053
64070
64080
64092
64095
64100
64107
64121
64123
64147
64162
64165
64170
64173
64178
64179
64185
64187
64204
64209
64210
64222
64222
64241
64279
64284
64286
64292
64303
64303
64305
64308
64322
64336
64356
64362
64363
64366
64392
64395
64409
64418
64428
64430
64433
64433
64435
64460
64461
64499
64505
64520
64525
64535
64544
64558
64586
64608
64610
64616
64627
64657
64663
64668
64681
64693
64704
64710
64713
64728
64734
64735
64736
64737
64753
64755
64776
64779
64787
64797
64799
64808
64822
64853
64865
64874
64877
64886
64897
64941
64941
64952
64961
64966
64975
64979
64980
64983
64988
64989
65001
65030
65031
65042
65058
65067
65085
65092
65094
65095
65101
65116
65119
65151
65158
65162
65163
65170
65178
65179
65194
65226
65246
65255
65276
65288
65290
65314
65316
65350
65359
65373
65375
65406
65408
65412
65420
65442
65455
65465
65475
65517
65530
65540
65543
65566
65567
65589
65598
65620
65620
65621
65623
65633
65656
65665
65670
65699
65700
65736
65751
65759
65763
65772
65776
65777
65779
65782
65796
65806
65806
65816
65832
65844
65852
65863
65875
65879
65885
65887
65890
65907
65908
65914
65933
65943
65965
65980
65984
66021
66032
66042
66048
66053
66068
66083
66089
66102
66132
66144
66144
66147
66149
66167
66240
66249
66251
66255
66277
66282
66290
66309
66311
66362
66379
66398
66405
66417
66448
66454
66466
66469
66472
66473
66493
66496
66497
66505
66511
66511
66521
66529
66537
66543
66547
66559
66567
66584
66590
66605
66630
66637
66658
66667
66670
66685
66688
66695
66701
66704
66717
66737
66754
66755
66758
66772
66794
66817
66838
66840
66841
66841
66847
66853
66858
66862
66869
66872
66873
66873
66874
66892
66964
66993
66995
67011
67013
67025
67027
67040
67044
67045
67101
67106
67115
67116
67117
67118
67121
67132
67174
67179
67196
67229
67240
67246
67257
67262
67265
67276
67288
67304
67305
67308
67325
67326
67331
67343
67344
67347
67359
67360
67377
67383
67385
67390
67393
67395
67407
67423
67431
67439
67442
67450
67456
67461
67481
67502
67515
67523
67525
67530
67543
67552
67573
67587
67604
67605
67608
67617
67619
67620
67629
67629
67646
67649
67657
67675
67710
67716
67720
67721
67789
67795
67816
67843
67845
67847
67850
67854
67887
67896
67897
67905
67929
67943
67955
67974
67974
67974
68004
68016
68022
68060
68073
68081
68082
68087
68087
68099
68116
68126
68134
68137
68146
68163
68163
68166
68167
68173
68173
68176
68178
68179
68180
68184
68190
68200
68213
68222
68227
68235
68237
68238
68248
68249
68254
68257
68263
68310
68317
68325
68325
68334
68336
68340
68340
68349
68351
68381
68385
68388
68435
68445
68461
68465
68476
68479
68496
68502
68509
68549
68552
68556
68581
68598
68602
68604
68623
68624
68644
68648
68652
68665
68670
68671
68692
68692
68702
68704
68711
68714
68720
68720
68722
68728
68773
68778
68785
68800
68802
68808
68836
68849
68871
68889
68889
68896
68947
68956
68956
68959
68977
68980
68980
68982
68997
69001
69006
69008
69012
69022
69026
69040
69045
69045
69054
69072
69090
69098
69114
69129
69137
69138
69141
69142
69145
69145
69146
69160
69174
69203
69220
69225
69262
69266
69295
69326
69369
69392
69395
69419
69425
69426
69431
69437
69438
69444
69451
69456
69470
69480
69501
69509
69531
69549
69556
69568
69569
69570
69570
69586
69587
69597
69600
69620
69640
69654
69656
69665
69682
69685
69703
69721
69731
69735
69748
69757
69761
69761
69763
69767
69777
69778
69778
69786
69793
69802
69803
69805
69811
69852
69895
69901
69902
69918
69919
69928
69946
69951
69976
69976
70004
70025
70027
70031
70037
70052
70053
70087
70094
70115
70119
70129
70134
70157
70160
70161
70171
70177
70179
70181
70183
70197
70210
70219
70224
70250
70287
70303
70312
70317
70325
70326
70335
70336
70393
70401
70404
70407
70412
70436
70439
70498
70512
70512
70549
70550
70557
70561
70562
70562
70570
70583
70587
70588
70604
70621
70630
70641
70684
70725
70733
70747
70760
70776
70789
70803
70811
70820
70827
70833
70834
70835
70839
70841
70859
70864
70866
70884
70890
70907
70926
70929
70939
70940
70942
70965
70997
71013
71023
71044
71047
71057
71061
71063
71065
71072
71077
71084
71089
71099
71111
71130
71181
71185
71203
71227
71234
71235
71247
71248
71249
71265
71275
71325
71335
71340
71348
71350
71363
71375
71379
71384
71386
71387
71398
71398
71399
71403
71415
71426
71428
71433
71443
71445
71447
71448
71452
71453
71455
71457
71459
71460
71461
71470
71493
71501
71504
71512
71513
71544
71559
71559
71563
71573
71583
71584
71585
71595
71598
71608
71609
71625
71644
71651
71663
71686
71688
71699
71707
71728
71730
71738
71757
71758
71766
71772
71774
71791
71794
71796
71796
71798
71804
71815
71830
71847
71847
71855
71872
71897
71898
71927
71931
71931
71937
71945
71946
71946
71947
71947
71965
71970
71975
71986
71987
71995
71999
72006
72039
72044
72046
72049
72055
72072
72086
72086
72106
72117
72127
72142
72150
72150
72154
72155
72161
72163
72168
72168
72172
72176
72194
72222
72229
72237
72242
72250
72258
72264
72272
72284
72295
72304
72321
72333
72353
72354
72376
72383
72392
72414
72418
72422
72430
72431
72431
72437
72439
72447
72453
72469
72504
72514
72545
72550
72557
72568
72572
72579
72579
72586
72596
72606
72638
72645
72649
72679
72681
72681
72682
72687
72690
72694
72700
72705
72715
72751
72761
72763
72775
72778
72782
72782
72799
72857
72875
72884
72885
72897
72915
72936
72937
72940
72945
72967
72968
72991
72994
73010
73017
73031
73037
73039
73052
73108
73110
73111
73116
73128
73132
73135
73150
73157
73167
73168
73176
73189
73198
73236
73244
73248
73271
73297
73304
73329
73332
73362
73366
73377
73403
73404
73406
73412
73427
73434
73449
73458
73475
73495
73497
73511
73511
73517
73520
73525
73531
73550
73556
73564
73578
73582
73589
73596
73606
73612
73671
73736
73737
73748
73751
73754
73791
73795
73799
73815
73838
73854
73863
73865
73868
73885
73889
73891
73894
73894
73895
73907
73910
73924
73924
73926
73939
73941
73942
73945
73960
73971
73974
73978
73982
73984
73995
74013
74017
74023
74048
74082
74107
74107
74109
74109
74111
74111
74124
74126
74147
74153
74159
74163
74176
74183
74188
74225
74237
74240
74253
74260
74284
74297
74298
74302
74303
74306
74312
74314
74364
74372
74381
74388
74423
74436
74437
74443
74446
74449
74466
74492
74513
74526
74563
74570
74573
74576
74591
74594
74599
74599
74619
74626
74652
74656
74657
74672
74674
74677
74686
74706
74719
74726
74759
74763
74773
74774
74783
74794
74809
74814
74820
74826
74838
74862
74864
74899
74900
74903
74904
74914
74920
74940
74946
74953
74954
74957
74958
74958
74965
74967
74970
74972
74972
74982
74990
74995
75008
75016
75021
75023
75044
75060
75076
75091
75092
75111
75132
75132
75164
75166
75195
75209
75230
75232
75233
75262
75269
75273
75277
75280
75283
75291
75301
75364
75403
75411
75413
75417
75429
75433
75436
75470
75474
75519
75527
75532
75578
75595
75598
75610
75616
75627
75632
75652
75653
75654
75655
75659
75659
75659
75663
75664
75682
75696
75699
75703
75708
75735
75742
75764
75766
75775
75775
75781
75800
75816
75819
75828
75830
75836
75838
75848
75861
75865
75874
75876
75878
75887
75892
75899
75908
75918
75945
75948
75954
75961
75964
75965
75972
75981
75992
75996
76014
76028
76032
76046
76067
76068
76071
76072
76081
76095
76098
76102
76111
76116
76120
76120
76125
76129
76133
76134
76140
76158
76158
76172
76181
76189
76202
76206
76214
76232
76233
76242
76243
76249
76255
76263
76279
76284
76286
76313
76323
76324
76332
76343
76367
76376
76379
76388
76407
76410
76411
76418
76443
76444
76447
76476
76493
76523
76524
76553
76560
76560
76564
76572
76574
76577
76591
76599
76604
76619
76644
76654
76694
76703
76725
76733
76734
76750
76765
76782
76786
76802
76805
76813
76821
76823
76834
76914
76937
76948
76983
76991
76991
76993
76997
77006
77010
77022
77032
77043
77047
77048
77055
77071
77092
77104
77106
77116
77121
77136
77138
77139
77145
77146
77160
77198
77204
77207
77225
77226
77231
77261
77277
77280
77281
77285
77300
77306
77308
77310
77326
77328
77367
77400
77402
77405
77418
77423
77462
77474
77482
77499
77510
77521
77533
77535
77549
77556
77574
77580
77595
77612
77615
77616
77634
77635
77651
77654
77655
77661
77668
77673
77688
77689
77690
77691
77708
77720
77725
77728
77730
77746
77790
77794
77798
77808
77814
77815
77836
77842
77859
77860
77885
77893
77894
77894
77897
77899
77915
77918
77933
77937
77938
77940
77952
77960
77965
77970
77986
77989
78011
78019
78029
78048
78064
78085
78088
78088
78103
78106
78114
78123
78131
78157
78167
78168
78170
78183
78184
78188
78201
78218
78221
78221
78223
78224
78226
78243
78250
78252
78258
78268
78269
78279
78281
78284
78299
78302
78303
78306
78309
78312
78336
78339
78350
78356
78359
78360
78372
78374
78375
78427
78433
78457
78458
78473
78488
78494
78503
78506
78507
78507
78513
78535
78540
78541
78543
78552
78553
78556
78557
78579
78584
78585
78630
78632
78669
78704
78714
78715
78724
78733
78746
78763
78778
78789
78794
78813
78818
78828
78829
78850
78886
78887
78891
78905
78907
78926
78926
78932
78933
78942
78954
78974
78987
78999
78999
79011
79020
79040
79072
79074
79084
79085
79109
79127
79128
79128
79140
79142
79152
79163
79185
79212
79216
79219
79229
79229
79256
79257
79270
79273
79336
79371
79372
79386
79404
79417
79427
79433
79437
79439
79443
79460
79469
79470
79487
79493
79500
79507
79517
79530
79538
79552
79568
79568
79569
79570
79575
79575
79596
79598
79599
79601
79602
79622
79634
79666
79677
79695
79713
79717
79721
79731
79742
79753
79757
79762
79773
79777
79795
79809
79811
79830
79836
79838
79865
79883
79889
79901
79924
79927
79930
79935
79938
79938
79948
79953
79954
79962
79963
79970
79990
80004
80011
80015
80041
80044
80061
80070
80090
80092
80116
80123
80128
80184
80200
80202
80212
80221
80238
80242
80246
80252
80252
80313
80322
80330
80333
80339
80341
80342
80344
80344
80356
80388
80402
80407
80411
80419
80426
80429
80445
80453
80470
80471
80483
80524
80527
80537
80550
80557
80571
80578
80601
80613
80627
80632
80641
80644
80645
80646
80653
80660
80662
80665
80670
80696
80696
80704
80717
80719
80719
80720
80728
80743
80776
80780
80791
80791
80795
80798
80798
80832
80834
80838
80859
80868
80880
80893
80927
80932
80933
80941
80943
80967
80970
80970
80973
80985
80985
80995
81006
81016
81032
81037
81077
81079
81085
81105
81122
81137
81148
81160
81163
81181
81192
81201
81215
81220
81233
81236
81248
81250
81255
81259
81260
81262
81263
81275
81275
81280
81281
81288
81301
81305
81313
81316
81319
81319
81330
81358
81365
81370
81377
81396
81402
81407
81417
81430
81438
81441
81459
81465
81473
81474
81490
81492
81503
81509
81534
81560
81571
81571
81587
81587
81591
81608
81611
81625
81630
81636
81671
81671
81684
81687
81703
81703
81705
81705
81706
81721
81735
81749
81764
81784
81797
81826
81834
81843
81853
81880
81883
81916
81928
81934
81947
81953
81958
81968
81969
81971
81973
81973
81975
81982
82015
82021
82028
82030
82047
82062
82082
82082
82084
82085
82088
82093
82110
82113
82117
82118
82127
82136
82150
82171
82181
82181
82185
82201
82211
82224
82237
82242
82264
82273
82273
82281
82284
82316
82330
82339
82351
82357
82367
82371
82375
82384
82417
82428
82430
82438
82440
82450
82454
82456
82462
82471
82473
82479
82490
82496
82505
82509
82509
82515
82520
82522
82532
82561
82563
82579
82580
82584
82587
82649
82675
82692
82702
82704
82705
82734
82738
82767
82770
82785
82794
82811
82814
82817
82835
82835
82837
82838
82838
82840
82859
82860
82860
82862
82883
82896
82898
82903
82904
82911
82925
82926
82930
82945
82948
82949
82980
82996
83015
83025
83027
83036
83042
83048
83049
83056
83060
83060
83082
83102
83104
83115
83116
83137
83152
83169
83169
83190
83214
83226
83241
83242
83249
83249
83267
83281
83307
83317
83317
83320
83324
83339
83343
83368
83384
83390
83392
83402
83405
83420
83421
83443
83443
83479
83479
83503
83526
83529
83541
83557
83569
83570
83596
83606
83615
83648
83686
83686
83705
83715
83740
83744
83746
83748
83754
83754
83760
83761
83781
83789
83793
83804
83814
83828
83831
83839
83851
83856
83860
83865
83879
83888
83889
83891
83906
83923
83932
83933
83939
83943
83954
83959
83960
83999
84016
84017
84022
84025
84028
84036
84079
84096
84103
84108
84159
84164
84167
84177
84183
84183
84192
84208
84215
84228
84229
84230
84231
84241
84254
84261
84264
84288
84300
84307
84349
84352
84363
84369
84372
84382
84392
84401
84411
84435
84446
84452
84463
84474
84483
84492
84503
84504
84513
84517
84523
84532
84541
84550
84551
84559
84560
84574
84582
84586
84602
84608
84614
84636
84637
84657
84672
84680
84688
84700
84702
84708
84719
84738
84752
84756
84758
84769
84775
84778
84778
84784
84784
84806
84819
84827
84831
84844
84849
84864
84869
84903
84925
84930
84948
84962
84966
84973
84982
84982
85025
85028
85051
85056
85080
85080
85090
85092
85122
85140
85141
85164
85181
85182
85183
85206
85233
85237
85240
85245
85271
85282
85291
85316
85320
85338
85372
85396
85399
85408
85416
85428
85437
85450
85451
85455
85459
85468
85471
85476
85478
85498
85505
85508
85508
85535
85536
85570
85573
85577
85591
85598
85599
85628
85642
85642
85646
85654
85680
85686
85727
85733
85758
85765
85792
85795
85813
85813
85816
85823
85834
85855
85860
85891
85902
85903
85952
85979
85979
85987
86018
86026
86038
86042
86084
86088
86101
86113
86140
86150
86159
86180
86187
86214
86225
86234
86240
86252
86264
86272
86298
86299
86300
86304
86304
86305
86315
86316
86324
86359
86365
86365
86372
86385
86391
86392
86393
86397
86402
86404
86410
86423
86428
86437
86465
86470
86476
86478
86490
86493
86495
86496
86499
86502
86522
86532
86536
86542
86554
86565
86571
86577
86589
86592
86597
86598
86599
86603
86607
86617
86632
86644
86653
86664
86665
86672
86682
86691
86699
86707
86721
86724
86726
86727
86729
86730
86757
86770
86790
86830
86838
86866
86874
86880
86893
86897
86903
86918
86942
86950
86950
86973
86978
86984
86984
86988
87011
87017
87018
87022
87045
87059
87072
87074
87077
87080
87082
87085
87092
87103
87109
87116
87117
87124
87137
87139
87142
87145
87146
87148
87167
87171
87174
87174
87176
87234
87241
87241
87241
87244
87272
87273
87275
87285
87300
87305
87311
87321
87329
87337
87369
87378
87396
87406
87430
87440
87466
87466
87466
87469
87497
87502
87518
87520
87521
87523
87528
87529
87534
87536
87560
87569
87569
87584
87589
87590
87607
87612
87667
87680
87681
87691
87706
87726
87726
87731
87734
87745
87746
87757
87762
87777
87803
87808
87813
87814
87831
87834
87841
87845
87853
87874
87876
87877
87882
87923
87925
87932
87934
87955
87956
87963
87975
87987
87989
87989
88002
88015
88017
88021
88049
88049
88050
88081
88119
88154
88167
88168
88171
88174
88176
88182
88207
88209
88214
88226
88237
88248
88253
88263
88286
88302
88306
88333
88341
88346
88384
88388
88389
88396
88399
88400
88414
88417
88428
88448
88450
88456
88478
88500
88503
88508
88520
88533
88540
88546
88664
88673
88686
88695
88695
88707
88712
88715
88731
88733
88745
88760
88763
88772
88775
88777
88787
88788
88789
88800
88813
88852
88869
88871
88878
88887
88894
88906
88908
88909
88913
88929
88929
88939
88974
88982
88986
88995
89017
89027
89048
89049
89079
89092
89096
89128
89159
89173
89186
89204
89208
89227
89229
89232
89243
89251
89266
89267
89280
89292
89295
89305
89310
89312
89315
89323
89329
89331
89336
89343
89361
89367
89407
89417
89424
89428
89440
89444
89455
89462
89470
89476
89492
89502
89519
89527
89532
89533
89540
89542
89549
89561
89592
89599
89605
89616
89636
89658
89662
89677
89689
89690
89695
89720
89721
89741
89746
89755
89757
89757
89773
89795
89810
89811
89813
89818
89828
89834
89854
89863
89863
89863
89865
89873
89879
89885
89898
89906
89919
89920
89921
89926
89927
89936
89950
89960
89980
89991
90000
90004
90023
90046
90048
90055
90058
90087
90090
90112
90121
90140
90141
90159
90162
90163
90176
90185
90187
90188
90198
90202
90205
90220
90226
90237
90240
90261
90277
90290
90295
90295
90314
90344
90351
90352
90354
90356
90362
90375
90378
90388
90391
90422
90433
90435
90449
90456
90461
90465
90475
90479
90484
90485
90486
90503
90519
90523
90524
90537
90553
90588
90592
90611
90633
90665
90682
90691
90692
90697
90697
90708
90715
90729
90733
90747
90755
90768
90772
90773
90781
90809
90810
90811
90817
90829
90840
90848
90854
90857
90864
90867
90871
90899
90907
90910
90914
90937
90945
90966
90967
90980
90983
90995
91016
91040
91041
91042
91043
91052
91055
91061
91068
91069
91080
91101
91101
91113
91120
91130
91132
91133
91138
91152
91167
91175
91265
91275
91290
91292
91311
91311
91318
91324
91335
91339
91343
91346
91360
91370
91394
91409
91416
91431
91475
91478
91495
91495
91500
91509
91516
91518
91521
91525
91538
91562
91578
91579
91616
91624
91626
91626
91630
91636
91637
91673
91680
91704
91708
91710
91725
91730
91739
91746
91773
91782
91784
91806
91811
91826
91839
91877
91893
91899
91903
91919
91939
91946
91964
91970
91998
92012
92048
92051
92061
92065
92065
92080
92085
92087
92115
92115
92144
92148
92150
92181
92186
92192
92203
92204
92205
92206
92219
92225
92253
92269
92282
92296
92303
92312
92320
92325
92326
92342
92353
92355
92356
92372
92414
92423
92436
92447
92447
92447
92457
92474
92476
92480
92484
92488
92525
92530
92579
92580
92583
92615
92641
92658
92672
92685
92690
92699
92704
92705
92707
92709
92711
92750
92756
92769
92771
92806
92812
92815
92837
92840
92841
92843
92844
92851
92865
92867
92869
92869
92891
92920
92929
92933
92936
92940
92948
92969
92969
92972
92997
93007
93009
93023
93040
93041
93052
93064
93065
93068
93088
93088
93102
93120
93123
93151
93159
93166
93169
93171
93186
93188
93190
93203
93211
93211
93227
93237
93242
93243
93266
93280
93289
93302
93322
93349
93373
93377
93378
93385
93392
93399
93421
93430
93445
93448
93449
93463
93467
93471
93476
93483
93497
93498
93512
93515
93518
93519
93526
93534
93538
93568
93575
93575
93591
93631
93631
93637
93637
93638
93641
93647
93652
93662
93662
93690
93722
93732
93736
93738
93758
93766
93767
93771
93773
93785
93788
93801
93828
93842
93852
93868
93870
93906
93906
93920
93942
93942
93949
93957
93973
93996
94006
94017
94024
94032
94056
94066
94084
94097
94101
94102
94103
94104
94109
94115
94127
94161
94164
94173
94184
94200
94206
94209
94228
94231
94242
94246
94250
94251
94255
94264
94265
94288
94314
94327
94339
94343
94345
94347
94367
94372
94376
94407
94408
94410
94411
94432
94440
94455
94494
94494
94495
94495
94498
94503
94504
94522
94526
94530
94557
94558
94578
94581
94582
94591
94592
94596
94604
94607
94624
94629
94636
94654
94658
94674
94675
94677
94692
94693
94698
94702
94703
94707
94712
94716
94730
94740
94741
94747
94752
94759
94759
94771
94784
94791
94797
94801
94804
94805
94809
94819
94823
94828
94829
94860
94866
94887
94888
94925
94929
94955
94956
94959
94963
94964
94965
94987
94993
94998
95001
95022
95023
95028
95029
95051
95056
95057
95067
95075
95098
95098
95103
95105
95106
95124
95131
95137
95141
95158
95161
95162
95177
95202
95208
95210
95238
95244
95248
95251
95256
95266
95282
95287
95300
95310
95312
95312
95313
95323
95338
95340
95353
95359
95389
95394
95428
95462
95464
95469
95479
95481
95495
95499
95506
95514
95520
95526
95543
95543
95548
95549
95566
95567
95579
95607
95620
95637
95658
95688
95692
95703
95704
95743
95745
95754
95755
95763
95766
95774
95779
95782
95793
95798
95809
95814
95827
95828
95831
95833
95839
95850
95853
95855
95858
95865
95883
95887
95891
95913
95916
95925
95930
95976
95980
95987
95996
95996
96008
96013
96017
96017
96036
96039
96040
96076
96077
96119
96121
96123
96158
96184
96189
96209
96212
96281
96286
96290
96310
96312
96316
96320
96331
96339
96342
96347
96351
96353
96356
96356
96363
96387
96394
96406
96412
96419
96426
96441
96446
96455
96462
96481
96485
96485
96493
96499
96504
96541
96560
96566
96566
96566
96578
96596
96598
96599
96599
96603
96628
96629
96635
96643
96645
96656
96659
96669
96675
96678
96714
96715
96718
96723
96733
96736
96737
96743
96785
96786
96795
96801
96803
96819
96834
96842
96848
96853
96859
96864
96865
96878
96883
96897
96913
96920
96926
96927
96947
96948
96948
96960
96966
96974
96976
96977
96998
97000
97007
97012
97021
97030
97041
97061
97080
97080
97122
97125
97129
97147
97168
97176
97186
97227
97227
97249
97254
97265
97282
97307
97314
97332
97343
97348
97354
97365
97365
97370
97391
97400
97402
97412
97416
97419
97446
97457
97463
97480
97482
97506
97513
97522
97539
97540
97551
97551
97552
97573
97574
97579
97588
97612
97614
97648
97657
97669
97674
97684
97686
97690
97692
97722
97737
97739
97745
97750
97768
97777
97785
97785
97786
97803
97815
97817
97817
97826
97831
97845
97848
97863
97889
97895
97896
97897
97899
97930
97939
97945
97963
97979
97991
97998
98003
98014
98025
98028
98030
98060
98081
98107
98111
98117
98138
98149
98161
98176
98177
98180
98190
98213
98215
98216
98229
98237
98239
98240
98260
98263
98275
98290
98297
98298
98305
98305
98308
98346
98352
98399
98403
98408
98414
98418
98433
98434
98437
98442
98452
98465
98482
98491
98492
98508
98514
98516
98517
98521
98556
98562
98574
98578
98579
98580
98601
98604
98606
98608
98614
98616
98628
98633
98645
98647
98673
98680
98694
98711
98728
98729
98731
98740
98752
98764
98800
98809
98811
98812
98829
98847
98879
98884
98916
98936
98949
98950
98966
98977
99010
99014
99015
99023
99035
99039
99042
99044
99049
99061
99067
99092
99103
99112
99145
99160
99163
99174
99188
99195
99210
99218
99243
99253
99269
99274
99281
99285
99286
99295
99303
99308
99312
99319
99320
99326
99333
99340
99341
99343
99352
99386
99408
99428
99432
99437
99474
99495
99501
99507
99559
99561
99566
99577
99587
99593
99594
99633
99650
99653
99656
99662
99678
99693
99695
99699
99708
99719
99724
99733
99779
99784
99786
99797
99806
99821
99837
99845
99846
99852
99855
99856
99860
99879
99879
99885
99885
99900
99923
99926
99932
99961
99981
99995
