7
10
12
31
37
124
148
153
165
175
177
177
179
204
211
218
227
248
284
290
303
308
313
316
332
363
366
370
373
378
392
397
402
406
408
417
420
422
425
425
428
429
447
456
464
467
471
474
489
492
496
518
520
532
542
559
566
578
579
581
584
598
611
617
625
625
626
637
641
649
658
660
678
693
695
720
723
733
734
743
748
748
763
772
779
783
785
795
805
808
810
811
863
877
887
888
903
904
929
934
938
946
946
955
973
974
976
984
994
999
1016
1023
1030
1036
1064
1080
1088
1111
1114
1127
1130
1131
1147
1155
1162
1176
1191
1206
1207
1212
1233
1258
1269
1280
1286
1288
1289
1294
1305
1325
1331
1338
1342
1351
1373
1379
1386
1386
1396
1415
1419
1425
1465
1467
1475
1505
1515
1531
1536
1541
1541
1547
1555
1599
1603
1627
1632
1638
1641
1646
1655
1656
1667
1692
1694
1702
1702
1706
1713
1715
1727
1744
1746
1764
1780
1789
1796
1820
1826
1826
1829
1847
1854
1856
1872
1874
1878
1880
1907
1916
1926
1929
1932
1955
1961
1975
2007
2038
2055
2055
2061
2066
2125
2157
2159
2161
2163
2177
2178
2180
2188
2202
2208
2215
2219
2225
2229
2232
2260
2274
2282
2287
2288
2293
2294
2305
2317
2331
2335
2340
2355
2372
2410
2442
2449
2487
2487
2507
2510
2513
2516
2540
2572
2595
2597
2610
2615
2624
2625
2633
2634
2638
2639
2652
2660
2662
2673
2685
2692
2710
2719
2719
2732
2740
2741
2770
2772
2777
2783
2788
2789
2792
2811
2834
2843
2849
2850
2851
2851
2871
2877
2887
2889
2895
2901
2906
2908
2918
2946
2957
2967
2967
2982
2989
2992
3023
3044
3052
3056
3060
3067
3080
3081
3095
3097
3100
3132
3135
3154
3162
3167
3181
3205
3219
3228
3242
3243
3246
3260
3266
3287
3289
3299
3309
3320
3331
3342
3349
3358
3364
3388
3389
3392
3398
3413
3424
3430
3439
3448
3448
3451
3470
3495
3496
3518
3519
3520
3531
3550
3551
3552
3555
3558
3567
3577
3587
3591
3603
3607
3613
3615
3634
3649
3665
3669
3671
3676
3679
3681
3687
3690
3704
3717
3719
3720
3724
3724
3729
3753
3766
3772
3779
3806
3815
3830
3830
3830
3850
3853
3860
3860
3870
3878
3899
3901
3914
3920
3968
3972
3986
3993
4006
4021
4039
4043
4060
4062
4064
4082
4083
4085
4099
4130
4161
4166
4182
4183
4217
4222
4224
4230
4230
4244
4265
4271
4294
4305
4308
4312
4314
4320
4321
4342
4343
4346
4364
4369
4373
4377
4377
4379
4383
4408
4423
4439
4456
4488
4498
4509
4513
4524
4532
4535
4541
4547
4579
4588
4592
4605
4609
4625
4627
4637
4647
4657
4682
4684
4685
4687
4688
4691
4691
4705
4707
4713
4715
4742
4745
4753
4755
4755
4756
4756
4781
4786
4797
4805
4808
4818
4863
4876
4893
4898
4906
4914
4939
4951
4987
5014
5022
5065
5067
5069
5086
5087
5096
5098
5102
5129
5138
5163
5174
5212
5239
5256
5256
5256
5287
5289
5292
5294
5304
5309
5325
5329
5335
5341
5350
5374
5383
5387
5406
5406
5419
5423
5445
5447
5460
5460
5475
5485
5487
5511
5522
5536
5537
5567
5568
5577
5578
5589
5592
5594
5619
5654
5659
5675
5703
5710
5717
5755
5758
5759
5791
5792
5794
5797
5813
5816
5827
5828
5828
5829
5844
5869
5870
5877
5891
5893
5895
5904
5907
5909
5915
5934
5935
5936
5943
5945
5950
5950
5987
6004
6014
6022
6028
6031
6052
6061
6075
6087
6088
6096
6116
6127
6145
6147
6177
6183
6217
6218
6233
6260
6272
6280
6284
6287
6298
6313
6365
6392
6431
6441
6464
6475
6480
6484
6487
6513
6514
6515
6528
6531
6585
6597
6600
6606
6613
6621
6631
6656
6657
6657
6667
6684
6689
6690
6697
6706
6707
6722
6735
6754
6762
6763
6771
6780
6788
6790
6805
6807
6809
6818
6825
6827
6829
6867
6879
6884
6897
6903
6919
6929
6933
6954
6959
6978
6979
7005
7011
7028
7037
7078
7079
7085
7095
7097
7118
7124
7128
7163
7173
7181
7193
7224
7226
7245
7252
7258
7260
7282
7296
7309
7322
7326
7327
7348
7352
7379
7438
7446
7460
7462
7475
7477
7483
7489
7494
7495
7501
7512
7514
7515
7521
7524
7528
7533
7554
7571
7596
7597
7604
7612
7619
7623
7624
7625
7627
7631
7637
7639
7642
7652
7668
7688
7688
7716
7721
7726
7732
7760
7775
7777
7781
7782
7784
7817
7817
7819
7861
7866
7874
7877
7881
7901
7908
7910
7917
7917
7931
7939
7943
7944
7966
7971
7973
7978
7988
8005
8009
8022
8031
8049
8060
8063
8067
8075
8079
8087
8109
8112
8153
8168
8176
8185
8190
8211
8214
8230
8250
8270
8283
8290
8292
8297
8321
8343
8345
8346
8349
8362
8367
8369
8382
8391
8404
8411
8412
8414
8415
8417
8436
8439
8445
8455
8456
8466
8473
8476
8499
8505
8509
8511
8512
8521
8530
8546
8561
8563
8568
8569
8572
8573
8576
8583
8583
8587
8597
8605
8624
8624
8635
8636
8644
8648
8649
8650
8663
8685
8686
8693
8705
8712
8719
8720
8764
8779
8779
8797
8802
8809
8817
8839
8858
8873
8879
8879
8887
8891
8894
8918
8920
8923
8926
8940
8940
8960
8961
8963
8974
8974
8976
8994
9010
9020
9046
9047
9047
9048
9048
9061
9067
9070
9072
9082
9098
9103
9108
9124
9127
9135
9141
9143
9157
9161
9192
9194
9194
9198
9204
9228
9234
9251
9267
9291
9297
9307
9308
9309
9324
9328
9346
9348
9371
9377
9388
9410
9452
9459
9461
9469
9492
9504
9506
9523
9531
9536
9551
9552
9569
9576
9583
9590
9590
9596
9605
9611
9612
9613
9613
9670
9680
9692
9695
9713
9715
9725
9744
9748
9776
9783
9783
9787
9801
9814
9824
9833
9837
9858
9869
9874
9885
9891
9903
9915
9934
9940
9969
9977
9988
9994
10003
10005
10019
10027
10035
10050
10053
10074
10076
10079
10106
10119
10133
10141
10156
10159
10189
10191
10202
10205
10206
10216
10219
10219
10222
10225
10227
10249
10254
10255
10259
10262
10276
10280
10283
10288
10289
10329
10333
10336
10341
10347
10352
10355
10364
10375
10389
10392
10405
10417
10417
10421
10429
10432
10451
10456
10462
10499
10507
10525
10534
10541
10551
10557
10564
10580
10590
10598
10609
10668
10679
10680
10705
10709
10710
10722
10724
10734
10791
10794
10802
10803
10811
10816
10841
10844
10848
10854
10856
10858
10864
10880
10895
10909
10918
10923
10924
10934
10946
10966
10980
10980
10992
10997
11005
11014
11019
11030
11038
11046
11052
11056
11064
11078
11093
11094
11105
11110
11111
11114
11119
11119
11131
11139
11160
11161
11163
11170
11205
11209
11236
11240
11247
11263
11284
11292
11296
11303
11341
11348
11349
11362
11365
11385
11400
11426
11428
11436
11491
11516
11517
11520
11529
11532
11536
11542
11544
11554
11567
11573
11577
11589
11593
11595
11605
11611
11616
11650
11651
11665
11665
11669
11670
11674
11677
11677
11681
11682
11686
11688
11695
11696
11698
11698
11707
11711
11716
11722
11723
11727
11744
11748
11749
11781
11794
11797
11801
11809
11823
11831
11839
11840
11840
11847
11860
11865
11866
11868
11880
11880
11881
11883
11912
11913
11918
11925
11930
11940
11942
11951
11973
11979
11991
11996
11999
12020
12024
12031
12036
12062
12066
12067
12083
12091
12092
12121
12122
12123
12127
12144
12150
12152
12161
12169
12188
12188
12198
12199
12202
12209
12232
12241
12242
12261
12262
12269
12272
12295
12310
12326
12380
12381
12408
12423
12428
12432
12440
12452
12458
12468
12474
12526
12529
12536
12540
12566
12575
12578
12579
12583
12584
12605
12617
12633
12637
12653
12662
12669
12692
12695
12696
12697
12703
12703
12731
12734
12738
12742
12745
12754
12757
12759
12774
12777
12784
12786
12821
12824
12825
12850
12850
12858
12859
12876
12894
12897
12920
12936
12946
12952
12960
12961
12962
12966
12977
12978
12979
12984
13013
13020
13031
13035
13038
13044
13062
13081
13104
13117
13132
13141
13152
13155
13178
13181
13181
13188
13203
13218
13234
13239
13246
13264
13272
13282
13288
13293
13300
13316
13336
13370
13397
13406
13408
13408
13420
13422
13422
13426
13434
13445
13478
13479
13491
13495
13506
13519
13533
13533
13539
13539
13539
13561
13568
13579
13579
13614
13624
13628
13629
13630
13638
13645
13646
13650
13654
13673
13680
13682
13685
13686
13691
13695
13695
13702
13717
13747
13751
13754
13764
13767
13776
13782
13790
13793
13801
13804
13809
13820
13826
13828
13830
13835
13836
13865
13923
13929
13931
13945
13959
13975
13979
13995
13995
13997
14006
14015
14043
14046
14066
14076
14083
14102
14103
14107
14118
14125
14127
14128
14133
14134
14148
14149
14152
14183
14223
14232
14235
14242
14246
14248
14257
14272
14273
14288
14292
14295
14317
14325
14326
14326
14336
14340
14363
14397
14430
14448
14472
14477
14478
14484
14488
14504
14505
14527
14543
14564
14583
14585
14602
14605
14605
14622
14630
14637
14651
14655
14658
14669
14676
14697
14704
14710
14733
14741
14825
14838
14839
14844
14848
14855
14878
14931
14932
14944
14949
14975
14976
14981
14999
15004
15017
15018
15031
15039
15041
15043
15043
15060
15088
15091
15095
15118
15123
15148
15159
15177
15184
15208
15218
15219
15240
15255
15267
15284
15296
15300
15318
15338
15341
15358
15378
15378
15384
15393
15398
15406
15460
15478
15479
15491
15506
15506
15510
15536
15544
15551
15556
15559
15565
15569
15570
15578
15590
15601
15611
15616
15623
15624
15636
15648
15649
15656
15674
15683
15700
15701
15702
15715
15731
15751
15757
15773
15790
15791
15806
15807
15818
15837
15859
15866
15869
15871
15878
15881
15883
15885
15891
15892
15893
15898
15898
15899
15904
15932
15937
15969
15996
16004
16023
16037
16038
16050
16066
16096
16101
16108
16121
16121
16123
16129
16154
16158
16179
16181
16190
16210
16210
16249
16251
16270
16288
16290
16293
16293
16304
16305
16316
16320
16330
16331
16348
16361
16371
16377
16379
16387
16389
16393
16419
16425
16442
16450
16468
16476
16495
16495
16512
16592
16599
16634
16636
16644
16649
16672
16691
16714
16717
16722
16723
16741
16741
16762
16776
16802
16809
16822
16823
16825
16829
16833
16839
16843
16845
16858
16859
16870
16872
16913
16927
16934
16943
16952
16954
16968
16969
16971
16981
16987
16987
17012
17017
17017
17027
17042
17050
17056
17061
17063
17099
17139
17144
17149
17154
17173
17183
17189
17194
17206
17210
17247
17252
17259
17260
17267
17275
17294
17295
17302
17305
17317
17322
17340
17341
17368
17372
17375
17375
17391
17393
17399
17407
17408
17414
17417
17443
17446
17446
17447
17451
17470
17475
17496
17500
17502
17514
17517
17521
17531
17557
17584
17606
17610
17626
17628
17632
17653
17658
17661
17672
17676
17685
17691
17703
17708
17709
17722
17725
17726
17737
17739
17761
17772
17798
17800
17815
17822
17823
17830
17836
17840
17851
17861
17881
17882
17882
17902
17905
17906
17915
17931
17946
17972
17992
18010
18051
18056
18080
18092
18102
18116
18129
18142
18145
18148
18151
18158
18163
18209
18225
18242
18244
18265
18271
18289
18289
18296
18322
18324
18330
18339
18349
18361
18361
18364
18394
18419
18426
18451
18470
18476
18478
18498
18507
18510
18511
18521
18535
18548
18551
18552
18585
18587
18602
18606
18610
18633
18662
18668
18674
18684
18685
18690
18692
18693
18699
18705
18717
18731
18734
18739
18747
18763
18785
18792
18815
18818
18844
18850
18862
18879
18884
18886
18888
18890
18893
18898
18902
18905
18922
18922
18931
18943
18948
18969
18992
19001
19024
19027
19030
19041
19052
19054
19068
19095
19097
19100
19111
19120
19121
19134
19136
19179
19185
19200
19204
19237
19245
19248
19248
19249
19253
19261
19270
19273
19291
19293
19303
19321
19328
19331
19339
19339
19342
19361
19371
19378
19392
19398
19405
19414
19417
19431
19435
19436
19437
19459
19462
19481
19494
19505
19531
19537
19544
19545
19577
19580
19587
19588
19608
19617
19617
19626
19631
19642
19643
19646
19684
19697
19724
19726
19736
19739
19749
19797
19812
19814
19816
19826
19853
19853
19866
19869
19875
19877
19890
19895
19901
19903
19915
19939
19944
19951
19953
19957
19967
19967
19970
19973
19989
19998
20005
20021
20023
20052
20064
20092
20108
20113
20114
20127
20140
20141
20158
20164
20183
20185
20187
20218
20221
20222
20253
20254
20261
20266
20283
20287
20294
20301
20322
20326
20330
20338
20338
20341
20341
20342
20345
20347
20347
20354
20361
20366
20384
20395
20422
20423
20427
20439
20448
20475
20483
20489
20509
20524
20532
20547
20563
20570
20571
20588
20593
20599
20600
20609
20628
20639
20645
20669
20685
20689
20692
20697
20706
20717
20718
20734
20739
20744
20745
20765
20792
20795
20800
20816
20822
20827
20829
20836
20838
20855
20857
20878
20881
20898
20903
20905
20909
20923
20936
20980
20986
20987
21012
21013
21036
21039
21044
21066
21067
21086
21088
21088
21091
21099
21110
21122
21123
21131
21131
21134
21145
21146
21152
21163
21172
21182
21189
21206
21210
21215
21229
21234
21249
21257
21269
21270
21279
21325
21338
21354
21359
21362
21382
21434
21435
21440
21450
21450
21455
21463
21477
21495
21508
21512
21515
21529
21551
21590
21609
21616
21636
21648
21650
21689
21694
21695
21731
21739
21753
21754
21760
21781
21801
21816
21824
21824
21828
21832
21854
21856
21866
21885
21897
21898
21901
21918
21929
21941
21958
21973
21998
22008
22013
22014
22017
22028
22031
22035
22049
22062
22079
22103
22109
22117
22123
22129
22137
22138
22157
22162
22181
22186
22192
22196
22205
22228
22242
22244
22254
22273
22289
22296
22301
22304
22316
22317
22333
22348
22377
22381
22385
22388
22393
22421
22421
22434
22436
22443
22454
22470
22472
22485
22487
22505
22520
22537
22540
22552
22563
22565
22569
22569
22571
22574
22578
22598
22599
22604
22611
22612
22624
22628
22630
22644
22646
22652
22660
22665
22665
22671
22674
22677
22679
22689
22707
22728
22738
22740
22744
22758
22769
22778
22781
22786
22798
22807
22838
22850
22864
22865
22868
22892
22894
22905
22907
22909
22920
22924
22924
22928
22933
22933
22936
22961
23009
23019
23029
23032
23034
23049
23054
23065
23068
23075
23084
23085
23103
23117
23117
23118
23122
23134
23140
23144
23153
23153
23157
23158
23164
23167
23171
23175
23191
23196
23215
23226
23246
23270
23272
23318
23325
23328
23340
23358
23366
23378
23394
23400
23405
23428
23433
23438
23450
23455
23463
23463
23484
23488
23497
23524
23535
23560
23565
23571
23576
23603
23613
23614
23625
23636
23641
23648
23654
23657
23675
23698
23701
23735
23745
23751
23794
23814
23816
23858
23884
23895
23897
23909
23920
23940
23941
23945
23961
23966
23966
23967
23970
24005
24023
24024
24026
24033
24041
24044
24053
24057
24058
24062
24070
24072
24073
24075
24080
24097
24107
24125
24137
24141
24148
24152
24163
24165
24168
24171
24201
24205
24220
24222
24226
24226
24241
24254
24267
24270
24273
24288
24309
24318
24322
24343
24345
24349
24356
24358
24358
24375
24381
24393
24414
24432
24432
24433
24435
24443
24452
24471
24486
24505
24508
24516
24526
24528
24559
24579
24588
24599
24606
24611
24614
24652
24665
24686
24692
24695
24707
24708
24710
24710
24711
24723
24732
24732
24754
24756
24777
24805
24819
24821
24850
24856
24857
24877
24883
24900
24904
24905
24912
24912
24917
24921
24951
24960
24975
24977
24989
25006
25015
25016
25018
25019
25023
25045
25045
25056
25066
25073
25085
25089
25094
25097
25114
25127
25132
25140
25158
25176
25185
25188
25188
25206
25207
25209
25219
25223
25255
25262
25270
25271
25281
25291
25304
25339
25346
25350
25362
25370
25396
25432
25438
25444
25446
25471
25507
25524
25533
25567
25572
25572
25576
25598
25615
25625
25629
25635
25649
25663
25664
25674
25687
25698
25747
25755
25761
25776
25796
25799
25801
25829
25846
25850
25853
25864
25866
25883
25905
25921
25922
25953
25959
25961
25968
25969
25984
25996
26017
26017
26027
26030
26045
26064
26104
26107
26115
26119
26120
26137
26152
26159
26167
26178
26181
26184
26194
26202
26215
26244
26266
26284
26286
26317
26319
26325
26348
26356
26364
26365
26384
26387
26393
26402
26411
26413
26415
26425
26443
26464
26466
26473
26486
26488
26526
26548
26565
26580
26591
26594
26596
26611
26623
26628
26643
26663
26667
26668
26669
26683
26686
26686
26704
26708
26715
26715
26722
26727
26728
26732
26741
26743
26749
26752
26752
26763
26769
26771
26772
26774
26781
26788
26792
26812
26816
26817
26817
26819
26824
26836
26891
26901
26921
26944
26949
26958
26966
26973
26996
27001
27004
27007
27013
27042
27045
27047
27048
27056
27061
27063
27069
27070
27074
27087
27120
27155
27161
27183
27214
27214
27220
27300
27301
27306
27320
27328
27336
27344
27356
27358
27359
27369
27377
27378
27380
27381
27382
27383
27398
27404
27415
27420
27427
27453
27457
27473
27477
27479
27495
27517
27529
27531
27535
27546
27554
27592
27595
27613
27647
27665
27673
27696
27702
27707
27710
27711
27730
27741
27755
27776
27780
27800
27823
27832
27852
27855
27856
27867
27880
27899
27900
27928
27940
27941
27947
27952
27968
27983
27983
27987
27992
28024
28033
28076
28084
28090
28101
28103
28105
28117
28118
28129
28130
28141
28159
28166
28173
28174
28179
28189
28207
28210
28214
28214
28244
28253
28298
28306
28307
28338
28339
28339
28342
28347
28360
28410
28418
28420
28421
28427
28436
28452
28482
28484
28486
28496
28498
28506
28524
28525
28530
28546
28551
28558
28563
28571
28574
28576
28588
28599
28610
28619
28628
28633
28643
28649
28651
28651
28654
28664
28673
28674
28696
28697
28715
28719
28720
28729
28734
28754
28760
28769
28773
28791
28792
28794
28802
28803
28803
28813
28815
28820
28830
28834
28847
28871
28889
28897
28906
28915
28924
28944
28949
28954
28957
28962
28966
28968
28994
29009
29009
29024
29027
29033
29033
29042
29050
29054
29056
29062
29069
29073
29094
29095
29097
29099
29106
29116
29131
29135
29136
29141
29160
29161
29167
29202
29203
29205
29218
29230
29237
29260
29276
29293
29309
29316
29323
29329
29337
29338
29342
29345
29353
29382
29384
29390
29392
29401
29403
29409
29424
29436
29444
29455
29481
29483
29524
29538
29541
29543
29590
29600
29607
29623
29635
29639
29658
29659
29666
29689
29695
29725
29726
29728
29744
29765
29784
29809
29817
29825
29843
29853
29859
29879
29882
29887
29892
29911
29936
29937
29937
29954
29956
29970
29971
29979
29988
29990
29998
30006
30018
30031
30051
30065
30090
30122
30126
30139
30144
30146
30149
30151
30153
30153
30159
30165
30169
30170
30176
30181
30181
30182
30187
30231
30244
30258
30263
30268
30275
30290
30294
30299
30303
30336
30342
30343
30391
30392
30400
30405
30420
30423
30440
30452
30457
30466
30469
30477
30481
30495
30525
30552
30568
30576
30579
30589
30593
30611
30629
30630
30634
30642
30652
30670
30685
30686
30708
30715
30717
30718
30729
30739
30747
30748
30748
30755
30757
30760
30784
30787
30791
30800
30803
30804
30816
30840
30848
30881
30883
30893
30897
30900
30926
30943
30948
30961
30969
31004
31007
31013
31014
31017
31017
31025
31041
31046
31067
31067
31075
31077
31089
31096
31119
31133
31135
31144
31149
31166
31179
31183
31200
31201
31202
31208
31208
31266
31272
31276
31281
31285
31289
31293
31304
31309
31317
31320
31328
31337
31345
31363
31372
31385
31391
31398
31407
31408
31412
31415
31423
31427
31437
31451
31456
31456
31457
31459
31466
31469
31472
31483
31491
31500
31514
31529
31530
31533
31544
31555
31560
31564
31565
31581
31582
31594
31611
31636
31647
31650
31666
31679
31683
31689
31704
31707
31719
31725
31732
31763
31774
31799
31803
31803
31804
31807
31809
31809
31837
31838
31856
31870
31874
31878
31885
31893
31931
31931
31936
31942
31952
31963
31965
31980
31985
31988
31993
31993
32001
32016
32041
32041
32047
32048
32050
32052
32054
32073
32075
32079
32094
32099
32125
32126
32130
32160
32165
32182
32190
32202
32207
32210
32213
32217
32225
32231
32236
32237
32260
32269
32291
32294
32331
32339
32354
32368
32369
32383
32430
32452
32457
32457
32459
32460
32465
32474
32475
32504
32505
32516
32542
32544
32557
32560
32604
32619
32628
32641
32650
32657
32659
32660
32670
32674
32677
32680
32684
32691
32713
32724
32724
32733
32734
32755
32763
32765
32778
32799
32810
32837
32866
32873
32874
32885
32892
32893
32899
32914
32925
32926
32929
32955
32957
32998
33000
33009
33012
33036
33037
33076
33087
33096
33124
33160
33170
33172
33184
33211
33217
33227
33238
33243
33250
33268
33275
33287
33291
33301
33327
33328
33359
33361
33364
33373
33383
33391
33420
33447
33451
33471
33477
33480
33489
33503
33503
33526
33536
33537
33559
33567
33570
33573
33586
33591
33594
33596
33615
33638
33649
33656
33657
33671
33678
33700
33701
33701
33714
33725
33726
33736
33770
33770
33772
33774
33787
33797
33810
33812
33812
33827
33846
33847
33851
33854
33881
33905
33905
33911
33916
33921
33931
33938
33944
33950
33982
33983
34010
34046
34049
34054
34058
34071
34081
34093
34106
34124
34150
34174
34177
34198
34215
34216
34219
34223
34241
34244
34245
34247
34254
34256
34272
34289
34291
34305
34311
34315
34319
34321
34332
34395
34430
34435
34445
34445
34452
34461
34471
34476
34488
34496
34496
34515
34518
34519
34523
34532
34535
34541
34549
34557
34567
34576
34580
34588
34591
34601
34620
34660
34664
34666
34675
34681
34706
34709
34716
34754
34757
34773
34779
34789
34790
34790
34800
34806
34813
34816
34820
34825
34829
34870
34872
34875
34884
34890
34895
34942
34958
34961
34971
34984
34994
35039
35043
35063
35104
35113
35115
35122
35126
35165
35169
35171
35176
35182
35184
35200
35221
35226
35232
35268
35271
35277
35279
35303
35310
35314
35315
35318
35327
35330
35336
35338
35340
35342
35356
35366
35372
35373
35382
35384
35396
35399
35441
35443
35447
35480
35518
35520
35542
35545
35550
35561
35581
35596
35600
35613
35616
35619
35625
35647
35647
35650
35653
35699
35704
35719
35725
35760
35775
35777
35792
35795
35800
35801
35809
35813
35827
35837
35849
35860
35861
35862
35882
35906
35920
35922
35928
35933
35964
35965
35969
35971
35973
35980
36000
36001
36013
36018
36047
36048
36054
36061
36066
36067
36093
36101
36117
36120
36135
36146
36157
36163
36165
36166
36186
36195
36196
36199
36199
36202
36203
36210
36219
36255
36259
36262
36270
36296
36302
36306
36314
36333
36354
36368
36370
36371
36406
36409
36413
36429
36432
36434
36447
36479
36483
36488
36506
36510
36520
36521
36525
36527
36538
36572
36579
36583
36588
36590
36592
36596
36617
36631
36643
36648
36649
36652
36663
36680
36685
36685
36699
36700
36718
36727
36736
36745
36745
36768
36797
36804
36808
36811
36814
36818
36823
36845
36877
36885
36920
36939
36974
36983
36987
36990
37033
37038
37039
37091
37134
37138
37169
37177
37184
37184
37187
37192
37198
37205
37242
37250
37251
37263
37274
37282
37312
37344
37358
37373
37390
37392
37395
37396
37401
37407
37414
37445
37455
37506
37518
37519
37553
37558
37561
37569
37578
37595
37614
37618
37650
37652
37656
37674
37680
37682
37682
37689
37690
37694
37694
37713
37726
37739
37745
37754
37766
37778
37783
37800
37801
37806
37811
37815
37821
37831
37835
37836
37837
37844
37847
37848
37862
37863
37867
37875
37909
37919
37926
37949
37949
37961
37963
37975
37984
37989
37998
38002
38007
38013
38018
38032
38042
38071
38076
38079
38086
38087
38096
38105
38105
38112
38130
38151
38156
38158
38160
38171
38180
38201
38202
38219
38220
38229
38242
38244
38272
38275
38298
38312
38325
38341
38344
38353
38356
38358
38384
38389
38394
38414
38416
38428
38431
38436
38458
38458
38490
38494
38504
38517
38553
38559
38579
38584
38596
38604
38613
38613
38626
38634
38634
38661
38670
38671
38683
38691
38692
38724
38731
38753
38753
38755
38797
38812
38817
38858
38868
38869
38869
38875
38875
38878
38888
38915
38919
38921
38933
38933
38933
38944
38949
38964
38977
38978
38984
38986
39008
39010
39011
39013
39023
39024
39026
39031
39065
39076
39085
39089
39110
39111
39145
39171
39182
39191
39218
39226
39233
39234
39243
39272
39276
39302
39313
39315
39318
39337
39338
39344
39348
39362
39376
39378
39387
39417
39431
39449
39461
39465
39494
39518
39564
39572
39574
39575
39585
39587
39590
39599
39605
39608
39615
39655
39656
39668
39684
39695
39696
39712
39712
39712
39730
39736
39746
39784
39794
39796
39798
39805
39845
39847
39853
39864
39871
39873
39873
39876
39877
39888
39918
39930
39958
39970
39997
40016
40044
40048
40072
40075
40079
40097
40106
40121
40123
40144
40155
40156
40157
40174
40176
40178
40178
40181
40183
40186
40189
40198
40204
40210
40212
40212
40215
40228
40230
40233
40254
40266
40270
40294
40305
40311
40315
40315
40320
40321
40324
40329
40343
40359
40365
40383
40386
40395
40402
40406
40418
40428
40440
40454
40492
40498
40499
40502
40507
40526
40528
40532
40548
40567
40567
40578
40578
40585
40592
40649
40657
40670
40685
40690
40701
40704
40709
40710
40723
40737
40798
40802
40807
40820
40822
40832
40849
40869
40877
40885
40908
40940
40951
40956
40983
40990
40992
41000
41002
41011
41021
41038
41052
41054
41057
41057
41063
41069
41070
41074
41075
41075
41078
41085
41089
41098
41126
41133
41140
41146
41162
41172
41172
41174
41191
41197
41208
41216
41220
41241
41249
41265
41294
41298
41316
41318
41357
41358
41385
41392
41397
41402
41417
41458
41466
41474
41482
41516
41524
41537
41538
41538
41546
41565
41571
41583
41589
41594
41603
41617
41625
41636
41639
41643
41647
41649
41675
41682
41685
41689
41709
41718
41728
41738
41747
41754
41758
41761
41770
41797
41802
41813
41815
41823
41829
41831
41856
41862
41869
41878
41884
41902
41906
41918
41921
41933
41945
41955
41957
41958
41969
41970
41978
41988
42001
42028
42031
42034
42035
42062
42081
42090
42113
42116
42135
42150
42159
42163
42174
42185
42189
42205
42211
42217
42230
42259
42273
42276
42340
42343
42344
42350
42357
42362
42371
42399
42403
42412
42425
42429
42462
42468
42485
42500
42502
42567
42570
42583
42583
42595
42599
42614
42616
42621
42628
42655
42656
42688
42693
42701
42712
42730
42750
42756
42767
42775
42797
42807
42815
42818
42818
42820
42853
42868
42878
42879
42882
42893
42901
42925
42938
42938
42939
42961
42965
42990
42994
43002
43016
43021
43034
43043
43061
43062
43078
43096
43102
43121
43156
43187
43192
43201
43212
43213
43226
43232
43244
43248
43254
43258
43297
43305
43307
43319
43368
43401
43421
43429
43439
43456
43461
43487
43490
43497
43500
43519
43527
43550
43552
43581
43598
43599
43600
43607
43608
43619
43628
43633
43646
43648
43654
43662
43691
43700
43703
43705
43710
43710
43722
43724
43727
43732
43732
43742
43744
43745
43753
43772
43775
43785
43786
43799
43800
43819
43830
43834
43837
43839
43840
43851
43854
43869
43869
43872
43893
43907
43911
43912
43928
43975
43981
43986
43998
44015
44028
44028
44029
44064
44072
44090
44122
44187
44191
44203
44212
44245
44251
44252
44259
44261
44265
44273
44280
44314
44318
44346
44372
44390
44412
44417
44418
44421
44435
44455
44476
44478
44501
44502
44519
44522
44526
44532
44540
44544
44548
44549
44552
44561
44566
44578
44637
44644
44657
44681
44692
44693
44703
44708
44712
44714
44734
44734
44744
44750
44752
44758
44769
44773
44788
44789
44790
44792
44810
44814
44816
44824
44829
44849
44852
44868
44872
44872
44881
44885
44897
44956
44958
44959
44962
44971
44995
45003
45003
45004
45005
45016
45023
45037
45041
45045
45045
45057
45080
45082
45086
45102
45105
45125
45143
45150
45152
45168
45173
45177
45179
45192
45202
45204
45205
45207
45209
45211
45214
45222
45274
45275
45276
45286
45290
45293
45296
45296
45298
45300
45311
45323
45324
45344
45344
45351
45353
45353
45362
45391
45402
45407
45409
45413
45420
45451
45451
45465
45467
45483
45483
45495
45522
45530
45535
45538
45564
45576
45599
45608
45623
45625
45627
45631
45641
45673
45678
45680
45688
45699
45704
45707
45717
45736
45742
45744
45752
45752
45787
45807
45813
45825
45832
45832
45840
45843
45879
45900
45907
45912
45912
45915
45932
45937
45949
45950
45954
45961
45963
45976
45988
45990
46029
46032
46049
46090
46102
46102
46117
46120
46125
46130
46138
46142
46158
46171
46171
46180
46183
46191
46193
46231
46251
46254
46267
46285
46289
46306
46345
46367
46368
46373
46375
46383
46385
46387
46423
46424
46425
46438
46444
46446
46454
46476
46476
46479
46497
46515
46517
46523
46525
46531
46548
46568
46576
46578
46585
46587
46603
46648
46654
46655
46656
46666
46669
46681
46682
46682
46688
46693
46718
46724
46749
46753
46759
46763
46764
46766
46773
46778
46792
46799
46801
46821
46857
46860
46889
46935
46947
46969
46978
46982
47001
47007
47009
47017
47024
47037
47079
47080
47080
47083
47093
47117
47127
47130
47137
47143
47150
47153
47159
47160
47166
47169
47186
47195
47196
47209
47225
47227
47229
47237
47246
47255
47268
47270
47309
47310
47311
47313
47334
47366
47370
47376
47380
47392
47393
47401
47404
47406
47408
47409
47410
47413
47415
47420
47462
47467
47499
47506
47509
47510
47515
47522
47527
47539
47543
47549
47549
47562
47570
47582
47600
47609
47628
47632
47690
47691
47697
47698
47698
47702
47711
47726
47737
47759
47762
47762
47764
47767
47772
47774
47788
47790
47791
47792
47797
47807
47809
47812
47828
47829
47853
47865
47873
47882
47888
47893
47894
47898
47908
47911
47917
47942
47957
47964
47971
47987
48002
48002
48018
48018
48019
48030
48030
48031
48032
48047
48064
48072
48077
48086
48089
48097
48104
48107
48126
48143
48144
48145
48148
48156
48168
48169
48174
48179
48205
48214
48220
48221
48227
48236
48238
48242
48243
48251
48259
48267
48269
48270
48280
48281
48283
48293
48297
48310
48324
48338
48357
48358
48369
48387
48388
48410
48434
48434
48436
48445
48455
48456
48480
48503
48505
48518
48527
48543
48563
48581
48591
48614
48618
48619
48630
48631
48641
48673
48679
48681
48683
48698
48702
48703
48705
48707
48728
48733
48750
48757
48758
48782
48785
48790
48805
48812
48816
48826
48827
48840
48842
48844
48858
48868
48868
48878
48886
48919
48925
48939
48946
48971
48976
48981
48988
48995
48998
49000
49006
49051
49061
49066
49077
49108
49133
49141
49147
49149
49180
49194
49205
49219
49255
49257
49261
49278
49302
49305
49314
49319
49354
49368
49368
49369
49371
49371
49375
49383
49388
49388
49392
49395
49407
49409
49426
49426
49468
49471
49473
49481
49487
49489
49499
49504
49513
49514
49530
49531
49543
49544
49565
49571
49573
49591
49597
49597
49623
49702
49703
49704
49709
49723
49726
49732
49735
49759
49764
49770
49776
49777
49783
49785
49786
49787
49791
49798
49798
49805
49808
49811
49824
49832
49870
49871
49885
49892
49905
49931
49932
49963
49975
49976
49977
49980
49985
50005
50008
50012
50031
50034
50044
50065
50068
50084
50092
50094
50147
50157
50167
50174
50177
50177
50178
50181
50184
50189
50204
50219
50222
50222
50228
50245
50264
50295
50314
50315
50317
50322
50350
50353
50358
50360
50362
50368
50382
50385
50391
50401
50408
50438
50450
50459
50473
50483
50486
50490
50491
50498
50530
50531
50536
50537
50544
50546
50548
50549
50565
50580
50587
50593
50608
50616
50627
50657
50662
50675
50676
50694
50694
50716
50716
50755
50779
50782
50789
50805
50810
50819
50825
50852
50855
50873
50873
50891
50905
50912
50931
50939
50939
50939
50944
50946
50985
50990
51002
51034
51036
51056
51070
51071
51078
51081
51089
51089
51097
51103
51104
51110
51114
51117
51138
51142
51155
51158
51214
51221
51223
51228
51232
51233
51251
51255
51264
51270
51272
51287
51291
51300
51311
51315
51321
51327
51330
51336
51356
51365
51379
51408
51417
51418
51418
51419
51435
51449
51450
51454
51458
51498
51505
51512
51514
51546
51549
51551
51552
51559
51570
51582
51585
51598
51599
51627
51630
51635
51635
51666
51674
51674
51676
51679
51684
51696
51701
51705
51707
51709
51712
51717
51727
51749
51760
51774
51776
51787
51807
51814
51820
51824
51824
51883
51883
51886
51895
51897
51906
51939
51943
51946
51957
51958
51971
51997
52005
52010
52017
52039
52040
52043
52061
52064
52068
52074
52075
52078
52083
52084
52113
52124
52154
52154
52156
52167
52173
52183
52184
52191
52194
52208
52257
52266
52272
52272
52273
52275
52305
52307
52309
52311
52330
52333
52343
52351
52357
52358
52362
52379
52384
52390
52414
52442
52444
52463
52467
52473
52487
52502
52505
52593
52606
52645
52645
52652
52664
52671
52685
52687
52755
52760
52786
52792
52816
52816
52816
52827
52831
52836
52867
52885
52885
52889
52895
52895
52899
52905
52963
53005
53006
53016
53028
53054
53063
53069
53086
53109
53118
53127
53141
53175
53191
53194
53199
53203
53203
53209
53216
53218
53236
53238
53263
53265
53276
53279
53285
53287
53299
53311
53314
53317
53355
53371
53375
53376
53380
53383
53398
53398
53399
53422
53428
53455
53459
53464
53469
53490
53503
53507
53525
53532
53533
53546
53558
53563
53572
53574
53583
53587
53590
53606
53614
53618
53622
53623
53628
53647
53654
53660
53664
53666
53671
53685
53689
53692
53704
53715
53726
53728
53742
53752
53767
53771
53781
53785
53791
53791
53798
53817
53840
53841
53855
53856
53866
53872
53885
53894
53899
53910
53911
53953
53956
53960
53975
53976
53981
53981
53999
54020
54055
54065
54076
54076
54077
54080
54080
54088
54092
54122
54123
54124
54152
54164
54172
54211
54214
54236
54246
54254
54259
54273
54279
54286
54287
54301
54302
54305
54321
54324
54325
54332
54351
54369
54371
54384
54384
54391
54393
54399
54413
54416
54435
54458
54459
54462
54463
54481
54488
54493
54505
54523
54532
54539
54541
54546
54552
54558
54564
54568
54582
54582
54605
54616
54628
54646
54647
54652
54654
54655
54658
54682
54691
54694
54696
54699
54706
54719
54724
54728
54740
54763
54765
54778
54778
54785
54791
54800
54815
54827
54828
54841
54855
54865
54876
54887
54891
54905
54915
54973
54987
54994
54999
55003
55015
55020
55027
55028
55030
55043
55057
55081
55090
55098
55115
55118
55125
55148
55149
55159
55161
55194
55196
55200
55210
55225
55228
55243
55256
55269
55277
55278
55282
55291
55316
55319
55341
55359
55376
55383
55387
55409
55428
55436
55443
55445
55450
55459
55460
55465
55469
55476
55493
55501
55509
55511
55538
55546
55586
55592
55597
55617
55623
55625
55626
55628
55635
55648
55655
55671
55673
55684
55689
55703
55705
55707
55721
55723
55727
55728
55739
55748
55759
55768
55785
55793
55796
55811
55833
55866
55873
55875
55878
55882
55900
55901
55917
55925
55948
55977
55990
55992
56002
56006
56011
56016
56049
56050
56050
56053
56061
56064
56071
56079
56082
56095
56114
56118
56126
56128
56137
56149
56153
56154
56161
56166
56174
56217
56226
56227
56236
56276
56276
56280
56301
56306
56315
56330
56346
56366
56378
56417
56419
56440
56456
56457
56460
56462
56464
56470
56479
56482
56484
56484
56520
56533
56536
56544
56549
56564
56569
56580
56583
56603
56608
56614
56626
56635
56688
56689
56700
56700
56704
56722
56730
56743
56751
56760
56782
56789
56795
56799
56809
56810
56811
56816
56843
56851
56854
56855
56859
56869
56878
56880
56914
56916
56917
56935
56938
56938
56940
56941
56950
56959
56965
56967
56978
56995
56998
57002
57015
57016
57016
57022
57033
57077
57099
57106
57118
57124
57134
57134
57144
57158
57190
57201
57234
57253
57255
57275
57305
57307
57310
57318
57328
57351
57377
57382
57404
57411
57419
57428
57434
57439
57439
57439
57441
57445
57458
57468
57487
57497
57498
57524
57534
57542
57558
57584
57585
57592
57612
57615
57620
57624
57629
57645
57647
57664
57671
57701
57723
57724
57739
57756
57766
57790
57800
57801
57804
57804
57813
57838
57864
57879
57919
57940
57948
57949
57955
57960
57971
57996
57997
58001
58004
58005
58015
58031
58032
58035
58038
58057
58076
58090
58091
58095
58101
58104
58126
58142
58143
58143
58147
58149
58154
58171
58178
58198
58202
58216
58240
58241
58245
58246
58259
58266
58268
58279
58284
58294
58306
58309
58316
58317
58328
58332
58346
58366
58371
58380
58381
58409
58414
58414
58426
58432
58437
58456
58474
58482
58483
58488
58532
58533
58550
58564
58568
58601
58606
58607
58613
58614
58622
58622
58643
58650
58667
58668
58690
58698
58721
58732
58732
58756
58759
58773
58803
58806
58808
58812
58817
58833
58837
58841
58881
58897
58919
58953
58959
58992
59008
59011
59029
59032
59047
59052
59056
59066
59066
59101
59112
59112
59124
59127
59131
59141
59147
59156
59178
59194
59199
59205
59211
59217
59219
59220
59230
59249
59258
59263
59277
59285
59299
59302
59307
59321
59323
59328
59329
59344
59354
59356
59370
59372
59387
59403
59403
59410
59410
59417
59426
59428
59433
59435
59459
59460
59505
59506
59513
59517
59527
59530
59538
59541
59544
59552
59563
59564
59564
59598
59613
59615
59620
59632
59638
59641
59658
59663
59667
59691
59692
59693
59697
59701
59712
59722
59729
59737
59740
59772
59772
59775
59779
59785
59786
59796
59826
59846
59846
59848
59863
59864
59868
59870
59877
59883
59885
59892
59899
59908
59920
59922
59923
59932
59947
59948
59950
59963
59970
59971
59986
60007
60008
60018
60036
60056
60056
60063
60083
60119
60119
60125
60132
60146
60156
60162
60170
60172
60176
60180
60185
60194
60198
60202
60208
60213
60223
60228
60259
60260
60277
60310
60312
60315
60320
60337
60337
60341
60362
60373
60374
60382
60386
60398
60400
60435
60442
60460
60478
60492
60493
60503
60549
60556
60560
60576
60590
60609
60620
60624
60629
60629
60642
60659
60663
60683
60684
60692
60695
60727
60738
60750
60755
60760
60769
60770
60800
60812
60816
60826
60846
60848
60882
60891
60898
60917
60917
60918
60928
60943
60951
60955
60965
60967
60996
60997
61019
61043
61052
61067
61081
61085
61101
61102
61105
61122
61128
61138
61149
61162
61198
61202
61203
61205
61230
61237
61248
61275
61276
61348
61352
61368
61369
61382
61433
61436
61447
61456
61472
61474
61477
61481
61488
61497
61515
61535
61537
61552
61560
61560
61570
61605
61608
61615
61623
61627
61641
61643
61657
61666
61671
61693
61712
61728
61736
61743
61759
61762
61766
61778
61809
61813
61821
61865
61875
61877
61882
61884
61884
61896
61916
61927
61953
61956
61965
61972
62020
62027
62027
62032
62054
62058
62065
62107
62112
62137
62145
62146
62176
62226
62256
62273
62273
62288
62302
62309
62311
62311
62315
62333
62334
62350
62351
62361
62364
62369
62381
62395
62401
62403
62406
62408
62454
62455
62460
62471
62478
62480
62491
62495
62495
62499
62503
62517
62532
62538
62547
62547
62548
62556
62557
62566
62569
62570
62570
62580
62580
62586
62590
62632
62644
62645
62646
62646
62655
62660
62662
62675
62678
62706
62736
62746
62767
62770
62778
62787
62790
62791
62791
62799
62799
62800
62805
62830
62833
62842
62850
62859
62865
62896
62906
62918
62920
62922
62965
62969
62974
62975
62977
62981
62987
62988
63005
63033
63034
63036
63040
63045
63051
63056
63065
63075
63093
63131
63147
63158
63168
63203
63223
63227
63233
63241
63241
63248
63261
63289
63305
63307
63326
63332
63359
63372
63418
63419
63458
63462
63470
63475
63496
63510
63519
63522
63523
63523
63523
63542
63550
63553
63559
63567
63567
63575
63578
63592
63604
63620
63626
63639
63647
63659
63662
63664
63677
63703
63706
63719
63723
63726
63750
63756
63765
63767
63781
63789
63792
63821
63829
63839
63844
63874
63887
63892
63895
63907
63916
63942
63955
63966
63978
63979
63983
64002
64006
64017
64029
64038
64047
64049
64056
64077
64083
64088
64090
64102
64121
64141
64146
64173
64222
64226
64226
64238
64239
64240
64253
64259
64260
64263
64273
64280
64281
64287
64290
64303
64310
64315
64361
64364
64377
64378
64382
64382
64384
64390
64395
64398
64398
64403
64409
64412
64422
64430
64449
64453
64467
64476
64480
64497
64498
64516
64520
64528
64530
64533
64543
64545
64565
64582
64589
64591
64628
64642
64655
64676
64685
64711
64712
64726
64729
64736
64739
64752
64774
64779
64784
64784
64785
64789
64796
64804
64815
64840
64846
64849
64849
64856
64858
64868
64888
64897
64947
64956
64961
64971
64987
65010
65012
65020
65028
65036
65038
65042
65069
65069
65101
65114
65118
65122
65122
65127
65136
65143
65159
65186
65194
65209
65210
65212
65233
65240
65261
65285
65291
65299
65300
65304
65312
65332
65335
65378
65382
65395
65395
65396
65396
65405
65414
65425
65434
65436
65445
65450
65461
65468
65470
65483
65493
65494
65519
65526
65530
65535
65562
65565
65568
65576
65615
65633
65640
65684
65693
65701
65703
65705
65708
65725
65729
65742
65750
65753
65754
65756
65794
65802
65804
65820
65838
65841
65859
65861
65870
65887
65893
65895
65918
65940
65949
65951
65960
65967
65980
66016
66018
66032
66055
66058
66082
66084
66085
66085
66103
66105
66107
66120
66123
66133
66136
66150
66151
66153
66157
66164
66174
66176
66213
66215
66224
66227
66262
66272
66286
66297
66318
66324
66325
66329
66343
66355
66365
66380
66399
66421
66424
66434
66435
66436
66447
66471
66473
66478
66483
66488
66500
66512
66535
66544
66552
66553
66566
66573
66579
66589
66592
66599
66599
66605
66613
66614
66623
66669
66670
66672
66688
66692
66692
66694
66700
66704
66708
66740
66761
66781
66804
66822
66825
66825
66842
66843
66871
66890
66907
66907
66923
66928
66936
66944
66951
66954
66962
66973
66975
66983
66989
67001
67020
67027
67035
67036
67036
67043
67047
67047
67063
67068
67104
67105
67117
67123
67123
67126
67156
67163
67169
67177
67178
67196
67203
67203
67206
67208
67217
67225
67258
67276
67280
67289
67290
67299
67306
67306
67316
67319
67325
67331
67332
67348
67353
67362
67368
67398
67418
67420
67423
67424
67429
67440
67455
67466
67467
67468
67471
67478
67493
67502
67505
67518
67520
67523
67524
67529
67543
67561
67563
67571
67572
67575
67586
67611
67614
67615
67618
67618
67634
67637
67642
67655
67658
67667
67682
67683
67704
67711
67728
67729
67730
67733
67751
67764
67779
67782
67783
67788
67789
67796
67807
67828
67833
67835
67849
67849
67859
67868
67875
67879
67910
67920
67922
67957
67966
67972
67976
67979
67996
67997
68001
68005
68026
68035
68035
68045
68049
68083
68088
68105
68111
68122
68125
68144
68153
68162
68172
68182
68196
68199
68203
68219
68232
68244
68245
68246
68266
68266
68273
68306
68307
68310
68337
68348
68372
68373
68433
68443
68455
68456
68474
68475
68519
68573
68574
68578
68586
68612
68615
68617
68627
68627
68642
68649
68667
68669
68697
68699
68702
68708
68721
68728
68733
68745
68749
68750
68753
68754
68756
68795
68801
68811
68821
68829
68856
68858
68859
68860
68865
68867
68873
68885
68886
68900
68906
68922
68927
68933
68953
68955
68966
68966
68976
68978
68984
68990
68996
68997
69008
69013
69049
69051
69053
69064
69073
69090
69101
69108
69110
69116
69127
69154
69171
69176
69180
69189
69202
69208
69210
69216
69247
69257
69277
69282
69283
69293
69300
69351
69356
69361
69369
69371
69389
69390
69398
69415
69418
69426
69432
69442
69443
69456
69493
69496
69505
69507
69516
69522
69529
69529
69542
69544
69575
69578
69582
69596
69605
69617
69622
69623
69653
69659
69676
69680
69684
69698
69714
69728
69736
69736
69742
69744
69758
69761
69776
69793
69800
69805
69810
69817
69830
69836
69848
69850
69851
69856
69866
69883
69902
69903
69904
69904
69916
69917
69918
69927
69930
69933
69942
69944
69944
69958
69961
69976
69982
69993
70013
70017
70022
70027
70035
70040
70043
70045
70048
70057
70072
70077
70079
70089
70094
70096
70104
70140
70155
70162
70168
70186
70186
70216
70224
70227
70229
70231
70233
70236
70239
70251
70256
70274
70297
70298
70306
70345
70349
70355
70379
70382
70382
70389
70405
70423
70434
70436
70443
70457
70463
70514
70519
70520
70552
70590
70601
70612
70618
70646
70650
70669
70697
70719
70741
70756
70765
70771
70772
70775
70787
70792
70793
70798
70816
70832
70834
70840
70841
70885
70894
70898
70899
70901
70905
70916
70933
70934
70938
70948
70955
70958
70960
70965
70972
70973
70975
70984
70988
70996
71009
71017
71029
71034
71037
71045
71052
71066
71088
71107
71109
71122
71124
71144
71144
71162
71179
71180
71186
71204
71206
71238
71242
71251
71252
71259
71278
71284
71290
71305
71305
71314
71325
71343
71358
71361
71387
71389
71391
71399
71404
71404
71409
71457
71463
71465
71477
71501
71503
71524
71526
71547
71549
71557
71563
71567
71571
71574
71585
71586
71589
71599
71604
71612
71618
71628
71629
71632
71646
71651
71654
71671
71691
71722
71725
71731
71734
71743
71747
71754
71767
71774
71776
71777
71781
71801
71802
71806
71811
71812
71829
71856
71861
71861
71863
71866
71866
71870
71884
71884
71921
71926
71934
71955
71955
71973
71974
71984
71984
71987
71988
71988
72012
72017
72030
72036
72038
72040
72040
72046
72053
72062
72070
72083
72086
72094
72100
72104
72113
72141
72158
72165
72171
72190
72205
72208
72214
72216
72218
72219
72226
72259
72267
72269
72275
72290
72295
72297
72302
72307
72308
72315
72320
72335
72340
72349
72353
72357
72360
72398
72408
72415
72417
72433
72449
72459
72498
72516
72519
72533
72544
72554
72558
72559
72560
72565
72579
72604
72627
72629
72633
72654
72663
72693
72698
72708
72708
72712
72718
72758
72809
72840
72858
72861
72863
72868
72880
72882
72893
72894
72905
72915
72933
72934
72956
72960
72967
72974
72975
72981
72985
72996
73001
73004
73004
73011
73028
73031
73044
73048
73052
73079
73082
73086
73088
73104
73118
73122
73147
73164
73171
73212
73222
73225
73233
73250
73273
73274
73284
73289
73317
73338
73375
73377
73449
73474
73484
73490
73494
73503
73503
73510
73535
73548
73563
73565
73571
73585
73601
73610
73619
73647
73653
73680
73683
73690
73694
73708
73727
73731
73736
73754
73764
73801
73805
73814
73817
73830
73860
73866
73875
73876
73892
73913
73915
73921
73926
73930
73966
73978
74010
74011
74040
74070
74082
74083
74086
74091
74104
74108
74130
74133
74134
74156
74158
74163
74164
74164
74186
74199
74201
74201
74208
74217
74228
74246
74251
74264
74268
74272
74281
74284
74298
74314
74315
74315
74319
74320
74321
74350
74352
74356
74357
74382
74384
74400
74408
74414
74423
74433
74438
74453
74454
74468
74472
74497
74502
74513
74517
74523
74529
74562
74565
74566
74571
74580
74584
74585
74593
74606
74621
74635
74670
74679
74686
74717
74720
74722
74723
74731
74744
74747
74763
74769
74777
74779
74785
74816
74836
74840
74851
74877
74882
74885
74887
74897
74899
74902
74909
74919
74929
74940
74968
74980
74996
75006
75011
75023
75023
75027
75040
75064
75065
75070
75074
75078
75099
75116
75126
75144
75145
75146
75161
75163
75170
75175
75178
75179
75189
75194
75197
75201
75225
75237
75240
75250
75261
75303
75330
75333
75339
75346
75350
75357
75370
75383
75385
75387
75388
75392
75404
75429
75431
75439
75465
75472
75487
75488
75493
75495
75498
75501
75524
75530
75530
75542
75545
75545
75560
75563
75564
75575
75585
75605
75625
75626
75633
75642
75646
75655
75667
75674
75674
75680
75680
75699
75706
75719
75731
75748
75752
75764
75768
75770
75771
75786
75789
75801
75801
75816
75819
75837
75841
75848
75881
75881
75892
75896
75919
75926
75971
75982
75983
76002
76004
76031
76038
76079
76086
76110
76110
76142
76144
76150
76161
76175
76187
76194
76201
76202
76214
76215
76217
76227
76235
76239
76267
76294
76300
76301
76305
76337
76338
76345
76356
76360
76375
76376
76376
76390
76391
76396
76399
76406
76408
76412
76412
76414
76420
76423
76434
76436
76438
76456
76475
76480
76487
76488
76493
76501
76522
76529
76534
76536
76537
76538
76544
76574
76580
76592
76594
76611
76612
76613
76625
76628
76672
76678
76689
76690
76701
76717
76737
76750
76757
76766
76775
76775
76784
76801
76805
76871
76871
76879
76885
76886
76955
77008
77053
77070
77101
77103
77116
77118
77138
77149
77151
77177
77177
77190
77212
77223
77224
77240
77242
77243
77243
77244
77249
77250
77254
77263
77264
77272
77282
77287
77292
77295
77297
77300
77312
77322
77336
77343
77361
77375
77381
77393
77398
77402
77432
77444
77458
77459
77462
77467
77488
77492
77495
77504
77509
77512
77526
77561
77566
77569
77574
77608
77613
77635
77643
77673
77679
77687
77688
77693
77701
77704
77704
77704
77708
77709
77711
77715
77722
77731
77757
77768
77791
77813
77814
77829
77832
77833
77849
77852
77858
77884
77908
77931
77933
77938
77940
77950
77964
77970
77988
78011
78017
78031
78051
78064
78065
78067
78068
78070
78083
78125
78128
78130
78158
78161
78192
78229
78260
78278
78287
78288
78294
78313
78314
78326
78330
78333
78359
78369
78373
78385
78394
78401
78409
78413
78449
78450
78462
78465
78474
78480
78480
78490
78504
78520
78526
78532
78537
78538
78540
78568
78587
78604
78607
78621
78660
78682
78690
78723
78731
78735
78735
78742
78750
78762
78763
78766
78772
78796
78811
78818
78820
78831
78857
78864
78893
78902
78907
78914
78930
78942
78962
78975
78983
78993
79001
79016
79031
79039
79042
79043
79057
79068
79080
79082
79086
79089
79099
79104
79105
79141
79143
79149
79154
79156
79158
79164
79169
79171
79178
79192
79192
79205
79206
79222
79228
79233
79291
79293
79298
79311
79315
79315
79317
79321
79329
79340
79341
79343
79362
79367
79370
79370
79372
79389
79394
79399
79402
79416
79423
79423
79423
79446
79448
79459
79486
79536
79545
79547
79549
79553
79576
79582
79588
79591
79616
79647
79650
79655
79657
79669
79676
79686
79704
79720
79730
79752
79757
79762
79763
79770
79773
79790
79793
79796
79800
79821
79823
79833
79859
79860
79876
79882
79884
79887
79888
79919
79923
79950
79962
79976
79977
79996
80005
80045
80048
80050
80083
80086
80086
80087
80094
80097
80100
80108
80117
80118
80126
80128
80130
80132
80157
80160
80162
80175
80197
80205
80212
80213
80216
80238
80251
80259
80265
80283
80292
80292
80294
80295
80300
80310
80312
80348
80384
80401
80429
80429
80467
80490
80491
80499
80505
80514
80532
80533
80559
80561
80581
80584
80614
80616
80631
80638
80644
80646
80676
80677
80687
80727
80730
80730
80737
80742
80746
80749
80750
80760
80775
80782
80794
80801
80818
80837
80842
80844
80863
80870
80874
80895
80903
80905
80905
80908
80909
80915
80922
80924
80936
80943
80944
80950
80954
80957
80968
80978
80987
80996
81002
81009
81013
81014
81020
81024
81046
81048
81058
81060
81072
81075
81088
81100
81104
81112
81113
81114
81118
81119
81122
81127
81134
81142
81173
81176
81177
81182
81195
81209
81254
81261
81274
81292
81301
81317
81327
81344
81353
81364
81366
81371
81371
81386
81387
81388
81397
81397
81410
81427
81446
81466
81471
81539
81557
81593
81593
81611
81613
81628
81628
81644
81655
81670
81686
81687
81688
81690
81694
81696
81699
81700
81714
81742
81754
81759
81770
81773
81784
81796
81820
81850
81869
81880
81891
81906
81911
81917
81924
81925
81934
81941
81965
81981
81991
81998
82001
82010
82018
82092
82098
82107
82109
82125
82131
82135
82173
82182
82183
82183
82184
82185
82189
82190
82214
82221
82240
82243
82254
82254
82256
82263
82272
82277
82294
82299
82301
82304
82310
82329
82356
82358
82371
82386
82388
82402
82412
82441
82460
82472
82478
82485
82494
82494
82502
82507
82517
82521
82529
82533
82537
82546
82563
82581
82590
82608
82612
82614
82638
82640
82645
82653
82665
82672
82682
82687
82707
82724
82725
82736
82737
82738
82758
82762
82773
82787
82801
82841
82850
82858
82860
82861
82871
82875
82902
82909
82918
82936
82941
82948
82952
82953
82990
83012
83026
83117
83136
83136
83143
83149
83150
83172
83186
83194
83240
83243
83243
83247
83255
83259
83270
83272
83283
83299
83300
83301
83328
83329
83330
83338
83351
83355
83356
83359
83362
83369
83376
83382
83397
83399
83400
83421
83439
83441
83450
83457
83460
83468
83468
83469
83471
83472
83478
83480
83487
83527
83531
83545
83552
83574
83575
83586
83589
83610
83612
83650
83671
83678
83692
83693
83702
83703
83728
83729
83737
83738
83738
83744
83749
83750
83756
83766
83766
83767
83769
83775
83779
83782
83783
83785
83799
83810
83811
83826
83852
83857
83888
83913
83923
83941
83958
83966
83995
84011
84015
84017
84019
84023
84034
84043
84047
84050
84065
84082
84088
84103
84107
84112
84113
84128
84132
84169
84175
84175
84179
84193
84197
84221
84233
84235
84236
84263
84267
84277
84280
84295
84296
84303
84304
84309
84311
84313
84346
84352
84360
84370
84385
84388
84397
84397
84413
84419
84444
84448
84455
84462
84468
84472
84472
84502
84503
84505
84505
84519
84539
84541
84555
84557
84563
84568
84607
84619
84634
84647
84654
84658
84681
84688
84692
84698
84706
84708
84714
84718
84744
84744
84748
84753
84767
84780
84784
84787
84790
84804
84824
84826
84829
84830
84837
84863
84865
84868
84870
84873
84903
84905
84914
84931
84934
84944
84954
84970
84970
84981
85001
85002
85012
85015
85022
85046
85052
85061
85069
85071
85081
85101
85103
85103
85104
85118
85119
85121
85127
85144
85147
85158
85163
85167
85167
85179
85190
85250
85252
85255
85261
85286
85299
85300
85303
85334
85334
85334
85368
85370
85393
85408
85433
85441
85444
85460
85463
85465
85489
85490
85492
85496
85523
85538
85552
85572
85578
85586
85609
85618
85621
85632
85633
85679
85681
85682
85691
85696
85705
85722
85723
85733
85733
85738
85740
85744
85747
85752
85771
85785
85786
85795
85803
85806
85825
85837
85839
85847
85851
85861
85870
85909
85912
85912
85921
85925
85930
85931
85931
85939
85976
85991
86002
86007
86007
86019
86026
86030
86038
86041
86044
86079
86080
86080
86081
86094
86097
86133
86140
86141
86156
86161
86164
86195
86202
86208
86210
86213
86219
86230
86262
86276
86277
86283
86291
86299
86300
86306
86317
86333
86339
86340
86376
86384
86392
86410
86414
86445
86452
86460
86461
86463
86474
86498
86515
86535
86538
86543
86546
86547
86549
86551
86555
86560
86563
86572
86575
86615
86629
86632
86649
86651
86671
86685
86686
86686
86694
86711
86730
86733
86739
86754
86754
86784
86786
86787
86793
86794
86802
86817
86823
86841
86848
86873
86885
86892
86903
86910
86916
86922
86926
86951
86954
86958
86960
86983
87005
87006
87019
87025
87096
87100
87101
87102
87103
87103
87112
87115
87117
87157
87157
87205
87209
87215
87242
87246
87248
87253
87256
87261
87268
87273
87280
87283
87287
87287
87290
87290
87306
87325
87327
87342
87343
87345
87363
87392
87394
87396
87401
87405
87406
87423
87425
87436
87480
87481
87485
87520
87525
87533
87561
87569
87578
87585
87590
87593
87602
87605
87606
87611
87620
87620
87628
87634
87641
87650
87662
87680
87689
87707
87718
87725
87748
87748
87758
87774
87781
87783
87802
87805
87832
87834
87844
87885
87929
87929
87932
87946
87959
87971
87991
87997
88003
88018
88035
88036
88044
88044
88075
88088
88094
88104
88108
88116
88122
88151
88151
88154
88156
88157
88171
88174
88176
88184
88197
88207
88210
88217
88220
88243
88245
88249
88259
88262
88266
88267
88273
88279
88295
88304
88308
88329
88333
88338
88343
88356
88372
88381
88382
88387
88391
88412
88429
88441
88460
88461
88464
88481
88487
88519
88532
88535
88551
88559
88570
88570
88574
88576
88578
88601
88605
88606
88612
88621
88622
88646
88649
88655
88660
88663
88665
88670
88695
88709
88709
88712
88717
88731
88733
88733
88748
88749
88756
88757
88758
88774
88777
88779
88794
88795
88805
88826
88829
88831
88853
88857
88857
88862
88885
88922
88955
88969
88977
88981
88999
89020
89027
89051
89055
89061
89095
89114
89128
89154
89163
89178
89191
89209
89212
89216
89218
89233
89234
89285
89297
89321
89324
89331
89334
89338
89342
89346
89354
89364
89371
89374
89376
89377
89379
89380
89383
89386
89387
89407
89417
89423
89436
89457
89459
89463
89478
89483
89486
89521
89523
89532
89558
89588
89593
89596
89612
89619
89620
89625
89634
89635
89641
89641
89644
89656
89664
89664
89688
89695
89700
89705
89706
89708
89720
89722
89727
89758
89764
89768
89786
89787
89806
89814
89844
89858
89859
89876
89913
89923
89933
89941
89942
89945
89963
89973
89999
90002
90034
90048
90064
90075
90081
90102
90105
90121
90130
90134
90145
90147
90154
90160
90169
90178
90205
90215
90217
90228
90231
90235
90237
90255
90256
90271
90278
90282
90286
90286
90291
90304
90318
90320
90320
90341
90350
90360
90367
90377
90393
90398
90401
90433
90445
90448
90460
90472
90484
90485
90488
90494
90500
90510
90519
90549
90554
90556
90588
90612
90623
90623
90623
90651
90668
90697
90716
90726
90730
90738
90738
90752
90765
90769
90777
90785
90811
90837
90839
90843
90844
90852
90854
90895
90899
90937
90938
90938
90946
90951
90955
90985
90994
91005
91030
91070
91080
91083
91127
91135
91146
91148
91172
91190
91202
91211
91238
91258
91273
91281
91292
91307
91309
91316
91317
91333
91362
91391
91397
91403
91404
91412
91450
91451
91455
91471
91491
91493
91533
91542
91544
91545
91563
91598
91603
91607
91614
91618
91619
91630
91631
91635
91639
91640
91642
91644
91647
91650
91658
91661
91662
91685
91696
91698
91702
91732
91752
91772
91776
91799
91800
91814
91815
91825
91837
91837
91843
91844
91854
91855
91886
91888
91892
91896
91919
91929
91929
91947
91960
91964
91967
91977
91985
92002
92004
92009
92027
92031
92049
92053
92073
92098
92101
92113
92128
92162
92164
92177
92178
92179
92181
92192
92198
92201
92210
92213
92219
92226
92232
92246
92256
92278
92281
92291
92294
92294
92308
92318
92339
92356
92364
92377
92379
92388
92391
92391
92396
92401
92416
92424
92442
92454
92493
92501
92516
92523
92524
92544
92545
92546
92582
92588
92611
92612
92612
92620
92626
92638
92659
92664
92666
92673
92679
92689
92699
92701
92701
92706
92736
92745
92754
92760
92762
92764
92771
92781
92787
92818
92826
92827
92830
92863
92866
92885
92906
92917
92918
92931
92941
92953
92987
93006
93027
93039
93043
93047
93049
93056
93069
93101
93107
93110
93112
93126
93128
93142
93146
93147
93163
93175
93176
93181
93199
93217
93245
93251
93263
93265
93279
93283
93284
93293
93294
93299
93306
93314
93332
93343
93351
93352
93367
93370
93375
93382
93387
93390
93434
93447
93500
93505
93514
93530
93533
93535
93538
93551
93556
93576
93595
93595
93598
93601
93603
93613
93615
93623
93625
93627
93667
93670
93686
93687
93692
93701
93702
93707
93716
93749
93749
93757
93765
93794
93800
93807
93810
93821
93852
93877
93878
93879
93929
93946
93949
93951
93962
93964
93967
93987
93993
94002
94010
94013
94025
94032
94034
94045
94047
94063
94067
94078
94078
94091
94109
94114
94114
94119
94120
94126
94128
94132
94133
94138
94141
94156
94164
94166
94169
94170
94173
94185
94202
94203
94207
94215
94226
94228
94232
94235
94238
94242
94296
94307
94316
94333
94367
94384
94392
94403
94407
94459
94459
94465
94468
94479
94483
94487
94498
94510
94519
94539
94543
94551
94558
94559
94559
94571
94576
94577
94591
94592
94618
94630
94636
94641
94671
94675
94680
94681
94688
94693
94710
94715
94722
94739
94739
94742
94761
94762
94764
94782
94783
94791
94857
94872
94892
94898
94899
94912
94919
94927
94952
94977
94987
94991
94996
94997
95006
95039
95040
95042
95054
95076
95085
95107
95124
95131
95137
95152
95163
95164
95164
95169
95198
95200
95208
95216
95219
95222
95225
95227
95227
95232
95233
95247
95297
95298
95301
95309
95311
95312
95317
95325
95326
95347
95352
95371
95388
95391
95398
95403
95408
95417
95424
95426
95434
95451
95456
95456
95459
95484
95531
95541
95562
95564
95581
95597
95621
95627
95666
95669
95670
95674
95677
95679
95693
95699
95706
95712
95721
95728
95729
95732
95740
95750
95817
95819
95819
95820
95820
95838
95840
95840
95843
95845
95853
95855
95858
95871
95876
95905
95916
95937
95955
95955
95966
95979
95991
95992
96003
96010
96011
96019
96028
96031
96036
96049
96051
96052
96065
96069
96076
96104
96123
96125
96129
96132
96138
96151
96171
96180
96189
96215
96243
96247
96249
96264
96266
96283
96288
96293
96296
96302
96306
96323
96330
96335
96354
96356
96360
96365
96380
96389
96400
96401
96403
96404
96408
96416
96421
96489
96495
96495
96499
96514
96542
96545
96555
96568
96578
96586
96594
96602
96608
96609
96645
96652
96656
96660
96681
96688
96694
96706
96709
96712
96714
96717
96721
96728
96731
96753
96761
96766
96776
96778
96779
96781
96784
96785
96792
96806
96813
96822
96835
96836
96838
96845
96858
96863
96871
96885
96892
96901
96915
96917
96940
96942
96948
96960
96962
96970
96971
96991
96996
96998
97001
97011
97014
97027
97031
97038
97043
97056
97059
97068
97073
97079
97089
97115
97122
97142
97154
97167
97170
97185
97189
97190
97199
97203
97222
97262
97285
97306
97311
97316
97321
97323
97334
97336
97347
97364
97367
97381
97385
97414
97417
97423
97427
97434
97451
97503
97510
97510
97519
97523
97524
97525
97530
97534
97537
97558
97569
97572
97576
97590
97598
97609
97610
97642
97656
97694
97698
97699
97716
97728
97736
97753
97755
97756
97770
97779
97799
97811
97843
97854
97854
97872
97873
97879
97883
97890
97917
97928
97929
97936
97937
97943
97951
97959
97965
97971
97973
97997
97998
97999
98015
98023
98031
98034
98041
98055
98072
98101
98107
98142
98143
98153
98158
98176
98178
98184
98192
98202
98229
98229
98240
98257
98258
98275
98295
98298
98312
98319
98323
98325
98364
98371
98374
98387
98405
98406
98425
98436
98441
98463
98466
98501
98507
98508
98541
98541
98545
98547
98560
98560
98571
98574
98575
98579
98580
98594
98600
98605
98608
98618
98622
98644
98646
98646
98647
98656
98663
98673
98677
98683
98684
98728
98733
98743
98750
98751
98753
98756
98771
98813
98833
98834
98864
98879
98898
98913
98923
98953
98957
98978
98980
98984
99022
99028
99033
99042
99044
99045
99046
99065
99066
99067
99094
99107
99112
99115
99125
99127
99158
99162
99167
99168
99174
99185
99195
99196
99199
99205
99210
99223
99232
99237
99242
99251
99256
99261
99269
99280
99284
99301
99305
99324
99345
99378
99383
99387
99411
99418
99422
99424
99427
99455
99460
99509
99510
99533
99540
99544
99570
99604
99606
99615
99623
99634
99643
99651
99669
99676
99701
99720
99723
99725
99727
99727
99737
99744
99745
99768
99775
99777
99787
99795
99798
99801
99816
99825
99826
99839
99858
99889
99913
99930
99938
99940
99954
99954
99959
99966
99975
99982
99988
