0
2
9
19
26
27
43
55
58
80
102
105
108
109
116
130
142
164
169
175
179
191
193
210
214
217
222
225
245
252
260
267
276
333
334
339
341
343
368
370
383
393
402
408
414
434
444
448
451
473
518
524
530
541
549
552
556
563
573
583
604
605
635
661
666
669
685
705
717
764
769
777
780
781
786
803
809
811
844
845
852
857
874
874
875
887
889
893
906
907
907
908
909
917
925
930
952
954
955
960
969
989
1019
1032
1039
1044
1046
1052
1061
1064
1076
1084
1089
1093
1098
1105
1107
1108
1109
1126
1133
1154
1156
1162
1163
1163
1170
1172
1189
1190
1197
1203
1223
1224
1225
1236
1241
1253
1260
1262
1281
1300
1315
1322
1327
1329
1336
1340
1340
1379
1392
1395
1412
1414
1415
1422
1439
1448
1451
1460
1465
1470
1479
1481
1482
1487
1504
1523
1525
1533
1547
1550
1551
1563
1578
1583
1606
1608
1611
1612
1626
1631
1634
1662
1695
1695
1698
1704
1711
1733
1738
1773
1775
1777
1785
1792
1804
1817
1822
1829
1830
1847
1849
1854
1857
1863
1864
1871
1879
1916
1925
1927
1929
1965
1968
1969
1970
1975
2016
2017
2040
2056
2063
2064
2067
2094
2102
2115
2115
2117
2130
2175
2176
2185
2188
2190
2192
2200
2269
2272
2288
2289
2293
2294
2299
2301
2320
2323
2328
2330
2381
2392
2396
2412
2418
2421
2422
2427
2429
2438
2463
2478
2479
2488
2494
2509
2512
2521
2533
2543
2544
2578
2589
2590
2596
2627
2634
2638
2642
2643
2651
2653
2667
2671
2673
2674
2681
2691
2713
2739
2751
2757
2767
2776
2793
2793
2804
2817
2821
2835
2838
2841
2851
2854
2886
2889
2899
2906
2911
2927
2928
2952
2956
2957
2958
2958
2962
2986
2993
2997
2998
3001
3005
3012
3023
3035
3036
3081
3122
3128
3136
3155
3171
3175
3181
3191
3202
3211
3236
3239
3241
3278
3306
3311
3312
3323
3327
3339
3353
3368
3377
3378
3390
3396
3398
3400
3412
3428
3433
3439
3445
3448
3449
3452
3457
3467
3494
3498
3518
3529
3533
3533
3535
3539
3546
3558
3575
3583
3603
3613
3616
3620
3628
3636
3638
3641
3647
3651
3664
3670
3670
3672
3681
3690
3693
3704
3711
3712
3717
3726
3726
3728
3752
3783
3783
3791
3797
3797
3808
3815
3825
3845
3859
3864
3874
3880
3896
3908
3914
3917
3923
3929
3946
3953
3990
4002
4005
4010
4031
4040
4049
4053
4062
4066
4075
4081
4089
4097
4100
4132
4141
4147
4171
4172
4177
4212
4220
4223
4236
4237
4258
4268
4268
4272
4277
4277
4283
4306
4308
4313
4321
4326
4326
4337
4339
4361
4378
4400
4400
4403
4404
4405
4417
4425
4450
4451
4489
4491
4507
4510
4511
4522
4529
4537
4538
4544
4570
4579
4581
4621
4627
4652
4662
4667
4673
4682
4690
4704
4709
4728
4730
4739
4754
4758
4758
4758
4783
4785
4788
4791
4793
4799
4807
4818
4822
4823
4828
4839
4847
4856
4857
4863
4874
4878
4907
4908
4933
4954
4958
4962
4963
4982
4987
4992
5008
5010
5014
5026
5041
5043
5052
5054
5055
5055
5058
5060
5073
5076
5083
5092
5092
5106
5121
5131
5143
5157
5159
5163
5174
5179
5209
5215
5238
5244
5244
5244
5261
5261
5270
5280
5294
5296
5333
5339
5339
5364
5375
5385
5418
5418
5421
5432
5437
5443
5451
5455
5476
5477
5478
5481
5484
5497
5514
5516
5525
5534
5535
5546
5557
5595
5602
5602
5612
5613
5620
5628
5634
5649
5650
5650
5658
5673
5674
5675
5688
5688
5692
5694
5698
5712
5735
5738
5741
5759
5761
5816
5816
5821
5860
5863
5868
5872
5879
5900
5917
5936
5943
5943
5954
5976
5980
5986
5990
5994
5996
6012
6023
6034
6048
6053
6068
6072
6080
6082
6088
6089
6094
6097
6102
6109
6123
6139
6148
6151
6174
6202
6208
6220
6221
6228
6237
6253
6266
6271
6291
6300
6304
6310
6332
6334
6338
6347
6364
6365
6369
6391
6399
6411
6417
6441
6450
6494
6501
6510
6529
6536
6560
6578
6584
6586
6597
6598
6614
6647
6650
6651
6653
6660
6675
6688
6690
6692
6694
6699
6707
6708
6712
6717
6719
6726
6744
6751
6763
6781
6783
6798
6824
6855
6863
6866
6872
6875
6880
6886
6904
6905
6927
6943
6982
6982
6984
7003
7007
7016
7023
7038
7043
7051
7059
7059
7076
7079
7083
7086
7099
7118
7129
7129
7132
7145
7162
7184
7188
7188
7212
7222
7223
7228
7238
7249
7264
7287
7310
7319
7350
7351
7364
7374
7378
7383
7392
7397
7452
7462
7484
7497
7515
7516
7529
7536
7540
7544
7553
7564
7578
7579
7579
7595
7599
7625
7632
7636
7657
7657
7659
7665
7665
7680
7681
7686
7698
7701
7711
7714
7731
7735
7736
7739
7745
7747
7768
7782
7801
7815
7818
7820
7838
7843
7850
7871
7872
7872
7874
7878
7891
7897
7905
7912
7919
7944
7946
7947
7960
7966
7973
7981
7990
7992
8001
8003
8014
8028
8035
8056
8063
8069
8079
8082
8085
8091
8092
8113
8130
8133
8150
8184
8193
8205
8212
8265
8267
8271
8273
8286
8289
8292
8306
8324
8332
8333
8338
8346
8346
8350
8378
8383
8390
8405
8411
8417
8419
8423
8428
8443
8450
8455
8471
8485
8492
8492
8508
8510
8512
8513
8516
8522
8523
8523
8523
8525
8539
8564
8567
8571
8572
8573
8577
8578
8590
8604
8609
8616
8617
8623
8627
8637
8651
8653
8657
8658
8673
8675
8685
8726
8733
8737
8741
8758
8759
8769
8790
8809
8823
8827
8827
8832
8834
8839
8859
8861
8877
8879
8898
8900
8905
8905
8910
8928
8929
8937
8939
8950
8957
8968
8968
8979
8996
9000
9004
9006
9016
9030
9032
9037
9051
9068
9088
9088
9137
9143
9145
9160
9186
9187
9188
9202
9221
9231
9280
9282
9288
9297
9308
9318
9324
9326
9333
9349
9350
9363
9388
9393
9398
9405
9406
9411
9455
9462
9477
9479
9485
9485
9485
9496
9504
9509
9525
9573
9577
9591
9594
9624
9630
9639
9639
9644
9664
9674
9675
9676
9701
9705
9736
9742
9748
9763
9784
9792
9796
9805
9821
9827
9838
9849
9866
9882
9888
9896
9912
9935
9953
9975
9988
10000
10014
10037
10042
10058
10063
10088
10090
10095
10096
10104
10111
10112
10120
10124
10124
10154
10157
10166
10166
10167
10168
10191
10198
10219
10228
10228
10228
10229
10275
10283
10296
10308
10337
10362
10381
10393
10394
10405
10431
10432
10452
10456
10458
10466
10467
10468
10472
10474
10483
10486
10497
10500
10506
10516
10517
10557
10575
10579
10584
10588
10599
10610
10610
10614
10619
10625
10648
10651
10662
10701
10706
10720
10738
10757
10766
10782
10783
10789
10793
10807
10811
10832
10834
10856
10862
10863
10868
10873
10885
10891
10896
10904
10908
10913
10935
10940
10944
10967
10967
10975
10977
10984
10988
11028
11030
11077
11083
11133
11178
11182
11186
11188
11200
11211
11212
11213
11230
11234
11240
11249
11255
11260
11272
11274
11290
11301
11301
11321
11324
11347
11379
11394
11408
11426
11455
11457
11463
11485
11494
11505
11507
11544
11574
11595
11595
11599
11604
11607
11613
11624
11645
11646
11657
11660
11671
11678
11698
11702
11712
11725
11741
11753
11754
11762
11773
11773
11780
11783
11785
11798
11799
11802
11806
11808
11809
11813
11816
11823
11839
11850
11864
11868
11871
11882
11886
11894
11913
11913
11932
11940
11943
11948
11995
11999
12013
12013
12015
12029
12034
12043
12056
12057
12077
12078
12088
12090
12091
12107
12110
12116
12139
12175
12193
12194
12195
12205
12211
12222
12222
12223
12227
12228
12235
12247
12257
12258
12272
12272
12291
12293
12300
12305
12312
12328
12335
12337
12356
12359
12361
12368
12374
12383
12394
12398
12408
12409
12412
12419
12427
12433
12434
12436
12451
12452
12459
12483
12493
12520
12547
12559
12564
12577
12577
12584
12585
12600
12607
12616
12626
12628
12629
12639
12640
12646
12653
12656
12693
12716
12743
12763
12764
12768
12777
12777
12781
12781
12798
12798
12803
12805
12807
12854
12856
12869
12872
12889
12889
12895
12914
12915
12920
12938
12944
12950
12957
13001
13009
13014
13020
13025
13037
13038
13055
13067
13083
13100
13106
13108
13108
13115
13133
13151
13154
13154
13160
13160
13165
13166
13172
13174
13175
13179
13180
13185
13189
13190
13200
13202
13203
13217
13230
13245
13252
13254
13255
13272
13277
13280
13280
13283
13283
13288
13295
13301
13305
13318
13350
13352
13354
13359
13375
13381
13396
13397
13413
13422
13428
13435
13437
13437
13499
13508
13511
13523
13530
13531
13539
13545
13545
13585
13587
13601
13607
13614
13634
13663
13678
13679
13729
13731
13742
13748
13748
13765
13766
13773
13785
13789
13791
13812
13818
13835
13836
13839
13845
13866
13872
13903
13907
13932
13932
13953
13962
13974
13980
13985
14000
14008
14021
14024
14025
14040
14052
14064
14066
14075
14095
14108
14109
14110
14124
14140
14141
14154
14174
14179
14181
14182
14185
14188
14217
14218
14222
14223
14229
14234
14237
14245
14249
14252
14260
14270
14274
14279
14288
14295
14296
14310
14329
14335
14350
14350
14358
14399
14410
14437
14449
14450
14456
14503
14534
14534
14554
14582
14601
14611
14619
14642
14654
14663
14675
14675
14688
14692
14695
14709
14710
14714
14722
14726
14726
14730
14749
14765
14772
14785
14789
14818
14831
14872
14874
14886
14888
14896
14902
14917
14931
14947
14960
14967
14981
14997
15000
15015
15020
15025
15027
15035
15038
15057
15057
15059
15081
15090
15111
15127
15128
15151
15170
15177
15199
15202
15219
15239
15248
15253
15267
15296
15336
15347
15358
15359
15362
15362
15399
15409
15419
15419
15425
15425
15428
15436
15449
15462
15470
15490
15505
15508
15517
15519
15533
15540
15542
15547
15550
15568
15570
15584
15584
15587
15593
15594
15597
15597
15600
15602
15607
15608
15615
15672
15672
15676
15683
15696
15700
15715
15718
15720
15730
15751
15766
15779
15798
15812
15832
15843
15843
15843
15858
15879
15883
15891
15891
15906
15932
15941
15969
15972
15973
15979
15980
15982
15996
16001
16003
16003
16005
16007
16052
16053
16079
16093
16116
16121
16136
16136
16137
16147
16175
16187
16198
16208
16209
16216
16241
16246
16250
16262
16263
16269
16308
16316
16317
16337
16357
16361
16367
16368
16376
16389
16398
16399
16400
16443
16448
16450
16466
16476
16490
16496
16512
16517
16522
16527
16547
16579
16592
16593
16600
16605
16623
16633
16644
16649
16655
16666
16672
16672
16673
16674
16694
16708
16737
16752
16778
16792
16799
16799
16832
16833
16840
16851
16878
16881
16881
16882
16887
16891
16891
16894
16897
16898
16911
16915
16927
16930
16935
16936
16946
16951
16952
16957
16967
16971
16977
16981
16991
17001
17034
17051
17062
17066
17073
17073
17082
17082
17088
17088
17106
17153
17169
17181
17187
17193
17197
17223
17244
17251
17257
17262
17264
17271
17272
17298
17306
17317
17333
17354
17358
17361
17379
17379
17390
17401
17422
17423
17433
17447
17467
17473
17473
17474
17515
17516
17524
17525
17533
17538
17540
17576
17576
17577
17586
17589
17604
17606
17608
17613
17621
17653
17658
17659
17695
17707
17711
17719
17719
17731
17745
17764
17773
17793
17810
17812
17828
17841
17845
17859
17862
17863
17863
17865
17887
17890
17899
17904
17933
17967
17995
18014
18015
18018
18045
18046
18067
18082
18085
18088
18090
18101
18109
18124
18129
18147
18178
18185
18194
18207
18209
18211
18238
18239
18244
18274
18277
18284
18294
18299
18301
18316
18324
18337
18340
18341
18353
18355
18358
18364
18365
18375
18380
18382
18397
18401
18409
18434
18436
18447
18460
18475
18486
18501
18513
18515
18526
18526
18538
18545
18569
18572
18583
18600
18615
18615
18616
18625
18627
18632
18637
18653
18660
18660
18676
18689
18696
18718
18736
18744
18770
18770
18779
18782
18792
18808
18812
18813
18823
18844
18883
18895
18931
18943
18974
18977
18987
19002
19004
19023
19027
19030
19065
19079
19094
19104
19105
19107
19110
19115
19138
19138
19156
19157
19157
19162
19178
19183
19189
19207
19217
19226
19231
19243
19247
19280
19291
19299
19305
19309
19319
19322
19322
19339
19346
19358
19362
19364
19379
19420
19429
19435
19449
19454
19454
19459
19461
19481
19482
19496
19513
19516
19518
19535
19550
19550
19565
19570
19580
19581
19585
19608
19623
19630
19631
19639
19651
19670
19679
19688
19690
19691
19709
19727
19768
19809
19810
19824
19825
19836
19846
19848
19863
19872
19875
19882
19885
19888
19890
19891
19900
19910
19911
19911
19914
19917
19921
19927
19971
19989
19990
19990
19994
19998
20002
20002
20024
20029
20030
20036
20042
20057
20059
20060
20091
20095
20097
20099
20099
20112
20124
20148
20160
20167
20171
20181
20209
20218
20225
20227
20232
20235
20237
20250
20256
20261
20273
20278
20292
20310
20318
20331
20332
20333
20351
20360
20361
20363
20385
20388
20402
20413
20413
20419
20422
20430
20432
20458
20476
20476
20479
20497
20499
20516
20531
20533
20535
20539
20542
20543
20545
20573
20588
20601
20610
20610
20616
20638
20641
20668
20672
20674
20679
20679
20679
20686
20686
20687
20702
20727
20741
20746
20747
20771
20781
20782
20799
20800
20817
20824
20826
20844
20869
20884
20888
20888
20898
20930
20950
20951
20953
20960
20966
20972
20973
20974
20983
20988
21007
21008
21008
21023
21040
21056
21064
21089
21095
21096
21099
21107
21119
21123
21125
21142
21142
21158
21174
21177
21216
21264
21281
21290
21291
21305
21327
21332
21333
21353
21362
21377
21387
21420
21435
21437
21444
21452
21477
21486
21489
21503
21506
21519
21525
21535
21546
21563
21598
21605
21607
21607
21619
21624
21634
21634
21640
21660
21670
21679
21696
21713
21718
21725
21733
21735
21743
21775
21796
21809
21833
21840
21841
21849
21867
21878
21882
21883
21902
21911
21911
21913
21915
21925
21938
21955
21958
21973
21977
21985
22009
22017
22023
22024
22029
22034
22034
22047
22054
22061
22070
22075
22103
22117
22127
22133
22153
22156
22159
22160
22171
22171
22176
22230
22230
22231
22246
22277
22289
22302
22304
22313
22321
22329
22343
22350
22377
22383
22403
22424
22430
22431
22435
22457
22481
22486
22490
22495
22501
22507
22510
22515
22516
22516
22521
22525
22533
22549
22564
22566
22567
22568
22580
22583
22594
22599
22603
22610
22617
22617
22618
22623
22629
22638
22640
22647
22649
22654
22658
22668
22684
22702
22706
22711
22734
22735
22747
22751
22751
22751
22753
22757
22776
22777
22787
22787
22794
22819
22828
22833
22846
22857
22865
22873
22875
22884
22903
22905
22911
22932
22942
22953
22954
22958
22993
23001
23009
23010
23011
23025
23026
23034
23036
23036
23045
23054
23066
23080
23104
23121
23135
23135
23143
23153
23203
23206
23231
23236
23250
23252
23252
23261
23267
23271
23274
23276
23284
23304
23321
23332
23352
23376
23380
23383
23406
23413
23416
23419
23421
23427
23473
23492
23499
23500
23508
23517
23523
23539
23545
23558
23564
23570
23586
23590
23601
23602
23612
23621
23640
23644
23653
23658
23731
23737
23742
23742
23763
23775
23778
23783
23785
23792
23818
23838
23860
23894
23894
23902
23906
23937
23974
23983
23991
23996
24003
24003
24004
24016
24021
24034
24035
24037
24039
24062
24070
24081
24082
24096
24115
24137
24141
24150
24156
24158
24183
24186
24195
24198
24210
24212
24219
24233
24236
24237
24251
24256
24261
24268
24274
24313
24330
24334
24369
24377
24381
24387
24401
24404
24409
24412
24418
24428
24428
24430
24431
24432
24444
24452
24465
24477
24489
24509
24536
24546
24547
24551
24600
24606
24628
24650
24654
24684
24706
24710
24727
24737
24746
24757
24774
24778
24780
24812
24824
24832
24849
24856
24862
24870
24884
24893
24898
24900
24904
24906
24916
24926
24927
24959
24962
24974
24987
25001
25003
25017
25023
25024
25025
25068
25073
25078
25086
25104
25109
25151
25152
25157
25162
25164
25165
25172
25177
25178
25190
25201
25202
25202
25252
25273
25279
25284
25297
25324
25327
25331
25347
25363
25370
25371
25371
25377
25379
25382
25403
25413
25425
25426
25433
25443
25451
25452
25454
25462
25466
25481
25494
25494
25511
25514
25517
25518
25519
25523
25529
25530
25538
25588
25595
25599
25615
25630
25631
25639
25641
25655
25671
25682
25708
25720
25721
25728
25735
25741
25746
25758
25772
25780
25812
25821
25837
25846
25854
25867
25874
25886
25891
25897
25921
25936
25946
25953
25954
25974
25978
25986
26004
26015
26026
26041
26050
26056
26058
26080
26093
26102
26106
26107
26127
26143
26156
26163
26177
26178
26232
26242
26254
26269
26280
26294
26309
26313
26315
26329
26370
26376
26397
26400
26417
26417
26425
26430
26431
26450
26454
26456
26457
26469
26471
26477
26496
26520
26546
26558
26560
26564
26570
26579
26581
26589
26591
26592
26596
26604
26606
26633
26656
26663
26667
26669
26686
26690
26712
26716
26723
26732
26740
26742
26761
26773
26776
26789
26816
26821
26828
26840
26847
26866
26892
26893
26896
26902
26905
26909
26909
26910
26939
26950
26969
26975
26984
26988
26993
27002
27004
27005
27032
27043
27045
27063
27084
27091
27099
27099
27111
27114
27124
27179
27179
27184
27194
27198
27226
27264
27274
27299
27302
27326
27335
27356
27360
27368
27371
27372
27374
27374
27378
27396
27399
27400
27400
27420
27431
27449
27456
27460
27463
27464
27475
27482
27488
27507
27514
27522
27524
27528
27536
27555
27560
27569
27576
27579
27590
27599
27600
27622
27627
27638
27646
27647
27674
27684
27688
27689
27698
27699
27701
27703
27736
27737
27739
27745
27747
27749
27756
27761
27761
27766
27768
27769
27786
27797
27806
27806
27811
27817
27819
27820
27855
27859
27862
27867
27868
27877
27877
27889
27891
27891
27921
27944
27963
27977
27995
27996
28000
28027
28034
28039
28043
28056
28085
28092
28103
28113
28120
28128
28142
28161
28161
28170
28182
28186
28191
28206
28221
28259
28260
28266
28277
28282
28284
28294
28303
28321
28356
28366
28372
28382
28384
28385
28387
28401
28403
28409
28427
28441
28453
28460
28473
28492
28495
28498
28538
28546
28547
28551
28556
28564
28566
28584
28591
28613
28617
28620
28621
28623
28628
28629
28644
28650
28652
28654
28664
28672
28683
28691
28707
28723
28744
28752
28764
28770
28782
28782
28795
28836
28839
28853
28871
28884
28887
28892
28933
28953
28988
29012
29031
29032
29042
29046
29050
29055
29055
29056
29065
29066
29067
29075
29075
29077
29081
29085
29105
29115
29132
29137
29146
29172
29174
29178
29186
29188
29193
29195
29230
29238
29241
29264
29271
29278
29282
29303
29304
29330
29360
29361
29365
29378
29431
29435
29436
29443
29443
29446
29453
29459
29470
29472
29475
29489
29510
29516
29524
29528
29537
29540
29547
29548
29551
29558
29589
29592
29610
29619
29632
29640
29648
29649
29664
29666
29668
29676
29681
29690
29709
29727
29729
29731
29742
29779
29790
29796
29802
29802
29805
29806
29811
29824
29831
29832
29851
29854
29859
29865
29874
29888
29895
29906
29911
29915
29927
29932
29962
29966
29994
30009
30011
30013
30014
30018
30019
30023
30029
30042
30042
30057
30063
30066
30072
30080
30108
30109
30113
30124
30128
30170
30174
30186
30198
30200
30203
30220
30323
30324
30335
30349
30354
30358
30373
30375
30384
30387
30418
30430
30432
30452
30457
30465
30468
30489
30520
30528
30530
30534
30539
30579
30590
30593
30596
30617
30621
30637
30643
30650
30686
30689
30694
30696
30702
30730
30731
30764
30781
30783
30792
30796
30798
30800
30809
30822
30822
30822
30829
30836
30863
30863
30867
30887
30903
30916
30916
30923
30935
30935
30957
30964
30979
30988
30989
31009
31010
31021
31027
31028
31034
31037
31047
31047
31049
31050
31060
31071
31093
31116
31120
31124
31129
31150
31157
31158
31187
31193
31203
31214
31216
31232
31241
31244
31244
31253
31283
31289
31296
31367
31380
31390
31396
31409
31417
31432
31446
31454
31476
31479
31488
31488
31488
31489
31499
31504
31504
31508
31516
31536
31538
31539
31584
31604
31614
31642
31654
31667
31676
31676
31689
31708
31710
31713
31716
31723
31732
31732
31747
31748
31751
31751
31763
31763
31768
31797
31799
31807
31813
31834
31849
31864
31866
31866
31871
31877
31893
31899
31904
31910
31910
31918
31927
31933
31938
31941
31967
31977
31978
31981
31989
31998
32019
32020
32025
32025
32032
32038
32039
32056
32067
32082
32115
32120
32144
32149
32153
32156
32160
32186
32186
32193
32213
32215
32216
32226
32231
32233
32240
32241
32247
32261
32284
32299
32309
32312
32316
32316
32338
32342
32369
32369
32377
32379
32381
32382
32396
32418
32420
32440
32457
32466
32482
32484
32484
32492
32501
32501
32505
32510
32553
32559
32559
32580
32583
32587
32598
32605
32607
32613
32615
32615
32615
32632
32642
32642
32681
32690
32694
32721
32722
32724
32748
32756
32767
32783
32789
32819
32820
32823
32826
32829
32830
32831
32835
32844
32848
32853
32870
32872
32873
32874
32883
32919
32923
32941
32943
32967
32982
32994
33000
33002
33023
33045
33058
33061
33084
33084
33106
33149
33156
33163
33169
33211
33294
33309
33317
33326
33327
33336
33337
33340
33343
33365
33370
33376
33386
33422
33441
33442
33447
33450
33455
33462
33462
33486
33500
33514
33514
33528
33532
33534
33558
33590
33608
33611
33624
33627
33629
33646
33647
33655
33656
33705
33713
33716
33727
33729
33745
33761
33778
33780
33787
33809
33818
33832
33839
33865
33892
33898
33900
33901
33910
33917
33923
33939
33990
34008
34009
34016
34036
34037
34043
34058
34059
34071
34073
34083
34096
34096
34097
34104
34120
34123
34125
34129
34131
34156
34174
34201
34205
34209
34213
34221
34223
34228
34229
34233
34235
34237
34246
34248
34255
34281
34298
34307
34332
34347
34351
34351
34358
34360
34361
34369
34408
34415
34428
34428
34431
34438
34467
34474
34480
34495
34500
34510
34529
34537
34544
34544
34563
34564
34571
34591
34602
34606
34610
34620
34624
34632
34644
34644
34645
34651
34657
34672
34681
34713
34755
34759
34763
34769
34778
34805
34817
34833
34834
34840
34840
34845
34857
34870
34881
34885
34886
34894
34900
34954
34963
34978
34993
35000
35004
35022
35025
35041
35049
35052
35058
35064
35066
35066
35088
35098
35101
35112
35123
35128
35147
35153
35159
35165
35166
35185
35191
35203
35207
35212
35253
35272
35293
35301
35301
35302
35306
35332
35337
35362
35405
35418
35429
35431
35434
35443
35473
35477
35494
35502
35512
35534
35535
35544
35548
35548
35564
35567
35569
35580
35586
35588
35591
35624
35636
35651
35656
35659
35675
35684
35697
35700
35701
35727
35754
35760
35767
35778
35791
35794
35794
35797
35801
35809
35829
35868
35885
35894
35919
35926
35929
35945
35957
35958
35958
35975
35983
35992
36021
36023
36024
36029
36031
36046
36054
36061
36082
36086
36089
36118
36119
36124
36142
36152
36153
36169
36184
36210
36235
36262
36269
36276
36281
36295
36310
36317
36336
36337
36337
36353
36353
36357
36357
36359
36383
36393
36422
36426
36427
36430
36434
36441
36449
36464
36494
36495
36504
36505
36507
36527
36540
36547
36569
36577
36592
36604
36605
36608
36629
36648
36674
36676
36682
36689
36689
36695
36719
36728
36731
36745
36763
36766
36766
36773
36774
36775
36796
36800
36803
36810
36820
36821
36866
36867
36872
36888
36890
36928
36929
36934
36937
36957
36965
36983
37007
37009
37014
37016
37026
37028
37030
37047
37055
37079
37084
37102
37113
37116
37118
37141
37158
37167
37188
37205
37208
37215
37217
37230
37242
37253
37269
37271
37288
37291
37299
37302
37305
37315
37320
37329
37334
37337
37339
37341
37349
37353
37359
37370
37371
37380
37398
37406
37408
37439
37443
37461
37471
37486
37487
37489
37532
37534
37537
37552
37553
37555
37557
37563
37576
37579
37592
37627
37630
37640
37640
37641
37647
37658
37667
37677
37687
37705
37710
37724
37739
37747
37760
37765
37775
37801
37806
37822
37832
37833
37840
37841
37866
37866
37889
37892
37896
37916
37917
37922
37938
37938
37951
37957
37964
37966
37970
37972
37986
37998
38007
38007
38038
38044
38048
38049
38052
38055
38058
38060
38072
38075
38098
38123
38126
38149
38168
38182
38184
38185
38190
38202
38213
38219
38244
38257
38264
38264
38278
38280
38282
38296
38301
38302
38303
38305
38314
38325
38333
38341
38346
38356
38358
38359
38364
38369
38369
38383
38410
38428
38430
38433
38433
38467
38484
38486
38504
38505
38509
38523
38524
38534
38544
38556
38575
38625
38643
38657
38660
38680
38691
38694
38698
38702
38706
38706
38721
38724
38732
38734
38739
38744
38745
38755
38758
38767
38788
38800
38802
38808
38813
38815
38828
38829
38833
38844
38865
38865
38927
38942
38949
38951
38959
38973
38975
38975
38983
38996
38997
39004
39006
39009
39018
39046
39055
39062
39068
39074
39112
39122
39130
39140
39187
39187
39206
39211
39216
39222
39224
39225
39250
39264
39272
39294
39316
39321
39321
39358
39364
39371
39392
39393
39396
39410
39417
39459
39470
39483
39484
39487
39491
39496
39505
39522
39524
39526
39536
39537
39537
39539
39545
39562
39574
39577
39613
39616
39626
39645
39665
39675
39682
39682
39689
39698
39709
39712
39712
39713
39734
39749
39755
39772
39774
39800
39809
39816
39824
39838
39841
39851
39867
39901
39916
39954
39984
40007
40014
40015
40020
40024
40034
40048
40050
40069
40075
40075
40101
40117
40119
40121
40130
40132
40136
40137
40144
40170
40181
40181
40183
40185
40191
40195
40210
40235
40269
40278
40286
40297
40303
40330
40337
40343
40346
40351
40356
40364
40391
40409
40410
40418
40420
40437
40449
40464
40464
40473
40474
40480
40482
40494
40506
40509
40521
40527
40580
40596
40600
40616
40618
40620
40627
40633
40644
40663
40680
40696
40711
40736
40743
40766
40772
40773
40780
40793
40793
40813
40815
40821
40825
40835
40840
40841
40850
40859
40859
40865
40885
40899
40909
40915
40923
40951
40964
40980
40982
40983
41011
41013
41030
41031
41039
41040
41074
41098
41101
41113
41115
41133
41138
41143
41150
41159
41160
41162
41171
41197
41211
41232
41233
41239
41239
41243
41256
41258
41275
41282
41293
41294
41299
41307
41342
41365
41385
41389
41401
41403
41404
41407
41415
41432
41463
41470
41493
41505
41509
41514
41524
41528
41531
41531
41541
41555
41562
41567
41577
41597
41607
41608
41632
41636
41637
41639
41646
41651
41655
41659
41665
41665
41667
41670
41673
41677
41678
41686
41711
41724
41726
41743
41746
41757
41775
41787
41795
41810
41813
41825
41842
41845
41848
41852
41857
41857
41860
41864
41885
41899
41915
41917
41921
41924
41931
41932
41932
41996
42001
42003
42019
42020
42023
42043
42048
42066
42084
42089
42090
42095
42115
42116
42120
42126
42130
42137
42145
42154
42156
42159
42160
42177
42181
42185
42189
42200
42204
42220
42233
42237
42254
42258
42277
42286
42335
42350
42363
42378
42387
42393
42419
42428
42433
42434
42451
42453
42460
42461
42480
42497
42498
42500
42535
42546
42551
42553
42564
42584
42587
42588
42598
42608
42609
42613
42614
42620
42639
42646
42654
42660
42685
42686
42692
42737
42739
42754
42758
42783
42786
42787
42788
42791
42852
42856
42858
42868
42875
42893
42894
42897
42901
42904
42914
42917
42932
42947
42958
42987
43002
43003
43004
43021
43022
43023
43023
43026
43031
43035
43086
43107
43121
43122
43123
43127
43131
43138
43145
43173
43177
43197
43226
43229
43232
43233
43234
43259
43262
43286
43288
43290
43298
43300
43324
43328
43338
43350
43357
43366
43371
43382
43388
43392
43405
43452
43453
43470
43480
43501
43508
43533
43537
43545
43566
43585
43586
43591
43606
43626
43627
43635
43636
43642
43656
43679
43711
43711
43724
43729
43731
43751
43757
43758
43766
43783
43800
43810
43818
43819
43832
43838
43848
43863
43880
43889
43893
43909
43925
43938
43942
43967
43979
43982
44007
44013
44026
44028
44048
44058
44061
44064
44064
44068
44075
44088
44090
44092
44096
44110
44121
44151
44161
44168
44186
44213
44216
44216
44226
44236
44284
44299
44300
44311
44318
44319
44320
44332
44335
44341
44341
44363
44365
44367
44372
44372
44401
44401
44410
44414
44415
44433
44447
44462
44462
44478
44479
44482
44483
44508
44511
44515
44518
44526
44530
44539
44549
44551
44562
44572
44578
44582
44599
44612
44616
44618
44632
44646
44662
44662
44689
44701
44718
44721
44738
44754
44789
44790
44791
44793
44793
44799
44824
44828
44834
44843
44848
44857
44871
44888
44892
44893
44895
44898
44898
44912
44921
44922
44937
44943
44952
44957
44960
44981
44986
44991
44996
45001
45004
45005
45016
45044
45095
45096
45096
45124
45126
45131
45131
45139
45145
45145
45149
45151
45168
45173
45174
45178
45179
45180
45233
45238
45242
45245
45247
45254
45266
45280
45290
45302
45310
45344
45347
45352
45352
45359
45364
45381
45399
45407
45413
45421
45450
45460
45474
45493
45493
45533
45541
45550
45558
45568
45573
45573
45576
45579
45594
45603
45608
45609
45610
45618
45632
45643
45645
45645
45646
45666
45679
45682
45686
45686
45689
45691
45699
45729
45761
45767
45783
45800
45819
45823
45844
45845
45847
45865
45872
45889
45909
45909
45928
45933
45934
45939
45944
45959
45962
45967
45977
45985
45986
45992
46008
46011
46025
46046
46049
46051
46054
46055
46069
46072
46073
46073
46083
46087
46096
46098
46102
46102
46139
46144
46147
46165
46166
46167
46169
46169
46183
46197
46202
46224
46224
46225
46244
46268
46270
46291
46294
46295
46303
46305
46328
46344
46355
46357
46362
46369
46370
46382
46405
46462
46466
46507
46516
46525
46563
46573
46598
46601
46621
46641
46646
46646
46661
46677
46683
46690
46698
46724
46742
46759
46763
46766
46771
46775
46811
46812
46814
46831
46832
46846
46849
46862
46870
46874
46874
46878
46880
46886
46906
46919
46922
46926
46938
46940
46944
46947
46951
46967
46969
46998
47003
47004
47010
47013
47015
47019
47048
47064
47071
47078
47080
47084
47101
47103
47117
47118
47122
47129
47135
47135
47146
47146
47147
47150
47153
47153
47173
47177
47179
47181
47185
47204
47204
47217
47230
47231
47250
47252
47274
47278
47280
47296
47296
47312
47344
47349
47359
47370
47373
47422
47423
47425
47428
47437
47450
47452
47460
47476
47480
47485
47510
47522
47522
47523
47527
47533
47537
47552
47565
47573
47623
47633
47650
47660
47672
47677
47680
47688
47703
47713
47730
47732
47747
47751
47754
47757
47759
47779
47874
47882
47884
47897
47904
47905
47911
47921
47940
47940
47954
47957
47962
47971
47974
47978
47979
47987
47988
47991
47993
47994
48002
48031
48055
48055
48058
48060
48060
48062
48082
48085
48100
48112
48114
48129
48161
48169
48180
48182
48191
48194
48199
48203
48207
48212
48231
48273
48274
48282
48297
48300
48310
48321
48322
48323
48327
48351
48352
48370
48390
48391
48393
48410
48422
48441
48454
48457
48477
48482
48489
48502
48523
48527
48539
48542
48544
48566
48584
48591
48609
48609
48611
48622
48624
48627
48632
48634
48657
48681
48684
48698
48699
48706
48739
48744
48754
48762
48765
48772
48782
48787
48792
48812
48822
48823
48837
48843
48846
48852
48876
48876
48884
48889
48898
48901
48918
48936
48953
48971
48982
49023
49028
49028
49064
49090
49093
49094
49110
49112
49136
49163
49164
49194
49194
49222
49238
49240
49241
49270
49274
49292
49305
49313
49316
49317
49321
49331
49333
49344
49360
49381
49398
49399
49402
49409
49412
49413
49418
49422
49426
49435
49445
49445
49449
49458
49490
49506
49508
49535
49543
49553
49587
49589
49606
49620
49625
49644
49650
49657
49660
49678
49692
49700
49717
49727
49735
49735
49735
49757
49799
49804
49816
49824
49837
49839
49842
49849
49852
49895
49946
49950
49950
49961
49974
49991
50003
50024
50040
50050
50053
50067
50106
50120
50127
50140
50144
50151
50161
50163
50170
50172
50185
50192
50210
50241
50243
50248
50253
50255
50295
50302
50304
50312
50334
50335
50337
50357
50357
50365
50366
50376
50379
50384
50389
50393
50393
50401
50409
50410
50423
50443
50444
50444
50447
50458
50466
50493
50498
50521
50526
50527
50545
50561
50565
50575
50592
50600
50618
50621
50633
50639
50640
50660
50668
50670
50695
50714
50720
50721
50728
50728
50733
50735
50769
50778
50781
50784
50819
50837
50844
50848
50848
50867
50886
50895
50909
50911
50915
50915
50926
50957
50958
50997
50998
50998
50998
51003
51024
51026
51031
51060
51066
51072
51072
51079
51080
51090
51103
51109
51123
51131
51132
51143
51151
51168
51174
51189
51196
51199
51208
51213
51215
51218
51231
51234
51239
51258
51277
51308
51310
51315
51318
51339
51341
51341
51353
51354
51360
51370
51373
51386
51388
51392
51397
51413
51416
51437
51450
51455
51462
51477
51481
51494
51508
51540
51541
51551
51565
51587
51589
51591
51601
51603
51604
51611
51613
51628
51636
51640
51644
51673
51687
51697
51707
51708
51712
51714
51721
51732
51745
51756
51763
51765
51780
51780
51786
51800
51817
51827
51831
51843
51844
51875
51903
51919
51920
51931
51934
51940
51944
51954
51957
51971
51985
52006
52015
52023
52025
52028
52052
52068
52072
52102
52107
52109
52110
52115
52124
52130
52134
52154
52175
52187
52198
52205
52224
52224
52231
52232
52257
52290
52294
52302
52302
52316
52339
52342
52342
52352
52352
52380
52390
52409
52413
52426
52429
52435
52442
52452
52455
52456
52458
52481
52489
52519
52535
52548
52560
52573
52574
52614
52627
52633
52636
52649
52650
52668
52668
52671
52672
52683
52696
52714
52719
52729
52748
52755
52760
52760
52785
52791
52827
52841
52854
52859
52865
52881
52885
52888
52898
52908
52913
52913
52921
52924
52924
52935
52951
52954
52972
52974
52975
53003
53012
53013
53020
53042
53044
53044
53050
53059
53061
53066
53067
53082
53085
53097
53110
53113
53114
53114
53120
53122
53132
53133
53137
53151
53165
53178
53181
53213
53218
53224
53224
53225
53227
53241
53256
53258
53264
53272
53284
53292
53295
53308
53311
53316
53318
53323
53323
53323
53327
53359
53363
53370
53378
53385
53396
53422
53426
53444
53451
53451
53461
53463
53477
53477
53481
53496
53497
53499
53500
53515
53534
53538
53543
53566
53590
53598
53619
53644
53645
53661
53667
53709
53713
53729
53745
53759
53791
53796
53800
53810
53812
53821
53821
53822
53824
53825
53852
53871
53872
53880
53891
53909
53954
53977
54007
54023
54024
54024
54035
54044
54045
54048
54050
54054
54064
54069
54080
54096
54099
54104
54106
54109
54110
54124
54124
54128
54130
54141
54144
54156
54169
54195
54203
54204
54230
54298
54318
54318
54321
54322
54353
54354
54366
54385
54404
54407
54421
54424
54445
54445
54499
54504
54552
54573
54579
54583
54585
54606
54626
54641
54653
54685
54686
54688
54694
54703
54727
54766
54774
54780
54782
54792
54836
54852
54855
54865
54866
54877
54889
54889
54911
54915
54923
54926
54961
54978
54979
54979
54980
54987
54995
55008
55015
55028
55030
55037
55045
55058
55067
55070
55074
55078
55081
55083
55109
55111
55118
55128
55140
55157
55162
55170
55170
55174
55193
55206
55210
55212
55224
55224
55250
55260
55312
55325
55326
55329
55331
55331
55349
55350
55352
55358
55371
55377
55383
55431
55455
55462
55463
55475
55495
55495
55505
55508
55533
55541
55549
55550
55551
55551
55562
55571
55579
55594
55594
55648
55652
55664
55696
55704
55714
55724
55732
55745
55748
55776
55793
55797
55810
55811
55811
55818
55821
55836
55847
55857
55886
55890
55897
55912
55914
55933
55951
55976
55982
55990
56034
56036
56048
56050
56057
56062
56068
56076
56077
56081
56082
56084
56093
56094
56109
56110
56112
56153
56154
56178
56178
56186
56197
56214
56223
56225
56239
56255
56256
56264
56292
56294
56311
56351
56353
56358
56378
56379
56406
56410
56412
56423
56439
56450
56454
56477
56489
56496
56498
56543
56564
56570
56570
56575
56598
56600
56609
56636
56640
56645
56652
56664
56679
56683
56686
56687
56693
56721
56723
56725
56733
56743
56748
56754
56767
56778
56785
56816
56833
56843
56849
56883
56886
56905
56946
56950
56974
56997
57000
57006
57009
57024
57031
57046
57048
57051
57102
57123
57127
57132
57133
57134
57165
57166
57168
57175
57178
57196
57207
57218
57227
57228
57234
57237
57258
57280
57286
57292
57293
57301
57320
57321
57321
57323
57341
57346
57346
57347
57350
57379
57393
57394
57399
57405
57421
57427
57429
57435
57462
57476
57493
57520
57523
57524
57545
57553
57554
57555
57560
57581
57583
57600
57604
57628
57662
57683
57683
57683
57706
57726
57730
57741
57755
57761
57777
57782
57797
57824
57851
57856
57860
57869
57912
57924
57927
57931
57942
57946
57962
57965
57966
57974
57974
57988
57995
57996
57999
58008
58009
58022
58036
58052
58054
58055
58057
58060
58069
58084
58089
58098
58101
58114
58131
58133
58134
58136
58166
58189
58205
58224
58234
58245
58260
58272
58286
58291
58303
58323
58347
58347
58349
58350
58365
58366
58385
58411
58417
58431
58446
58455
58457
58458
58463
58463
58499
58501
58503
58504
58505
58505
58517
58520
58525
58535
58544
58544
58548
58555
58557
58566
58580
58612
58615
58621
58628
58641
58649
58669
58672
58680
58689
58693
58700
58703
58710
58718
58740
58750
58776
58798
58798
58801
58814
58820
58821
58821
58822
58842
58843
58851
58854
58856
58857
58864
58891
58900
58917
58956
58965
59009
59011
59013
59014
59021
59023
59042
59059
59063
59070
59072
59090
59099
59112
59118
59135
59135
59137
59158
59161
59162
59180
59181
59193
59199
59202
59206
59238
59247
59266
59279
59279
59292
59300
59307
59309
59327
59334
59350
59377
59413
59483
59498
59522
59554
59572
59587
59593
59594
59612
59647
59657
59668
59672
59678
59680
59699
59702
59716
59750
59772
59778
59782
59785
59787
59794
59816
59846
59850
59853
59853
59867
59882
59884
59884
59885
59902
59917
59923
59925
59933
59937
59942
59944
59945
59963
59971
59977
59982
59990
59994
60001
60031
60049
60056
60058
60065
60075
60077
60094
60099
60101
60109
60138
60139
60148
60168
60190
60196
60202
60217
60242
60252
60276
60277
60278
60292
60301
60313
60330
60345
60349
60352
60353
60358
60363
60365
60377
60385
60385
60416
60418
60425
60432
60455
60479
60479
60485
60503
60543
60555
60559
60559
60567
60587
60588
60604
60616
60632
60635
60640
60641
60651
60662
60679
60685
60685
60724
60731
60745
60751
60756
60757
60765
60765
60796
60807
60808
60824
60845
60854
60865
60867
60867
60869
60893
60906
60919
60927
60931
60933
60940
60953
60958
60959
60968
60973
60990
60992
61008
61022
61029
61039
61052
61081
61086
61090
61093
61109
61115
61117
61126
61144
61147
61163
61181
61194
61199
61207
61213
61217
61230
61235
61238
61272
61289
61292
61303
61303
61315
61325
61325
61328
61344
61355
61368
61372
61395
61395
61402
61403
61413
61422
61422
61431
61446
61462
61473
61476
61493
61500
61506
61507
61523
61531
61534
61535
61537
61540
61563
61584
61586
61591
61601
61614
61645
61645
61651
61655
61668
61683
61705
61708
61716
61732
61735
61749
61754
61755
61759
61786
61796
61802
61806
61806
61823
61827
61838
61843
61853
61874
61877
61878
61886
61907
61916
61919
61938
61941
61953
61954
61965
61993
61993
61995
62015
62018
62027
62044
62051
62069
62074
62091
62109
62128
62133
62133
62142
62149
62178
62184
62184
62204
62218
62270
62273
62278
62279
62298
62302
62307
62319
62320
62321
62323
62329
62339
62340
62341
62342
62370
62392
62401
62406
62416
62423
62424
62426
62449
62458
62466
62469
62472
62480
62483
62484
62486
62495
62497
62498
62501
62528
62533
62561
62591
62596
62605
62610
62621
62623
62645
62655
62655
62670
62678
62696
62711
62719
62728
62731
62732
62732
62746
62752
62756
62778
62797
62797
62807
62825
62828
62830
62860
62861
62868
62895
62923
62929
62938
62946
62947
62960
62982
62995
63003
63011
63015
63025
63030
63057
63058
63065
63069
63070
63079
63081
63084
63094
63096
63102
63137
63139
63147
63148
63158
63169
63175
63180
63180
63187
63192
63207
63207
63217
63230
63245
63247
63251
63252
63252
63254
63284
63285
63289
63292
63299
63305
63310
63311
63320
63356
63370
63384
63409
63419
63458
63486
63494
63498
63505
63509
63530
63542
63564
63570
63570
63571
63574
63619
63621
63623
63638
63652
63653
63658
63660
63664
63665
63683
63687
63694
63710
63715
63736
63746
63758
63768
63770
63775
63799
63804
63812
63828
63839
63851
63862
63893
63897
63898
63913
63921
63954
63964
63970
63984
63999
64001
64028
64054
64078
64098
64108
64114
64119
64120
64127
64130
64132
64134
64141
64148
64152
64156
64172
64176
64180
64183
64210
64212
64223
64235
64239
64264
64264
64266
64266
64272
64273
64287
64295
64305
64320
64322
64342
64347
64348
64349
64368
64410
64425
64446
64447
64448
64468
64490
64495
64502
64504
64510
64532
64535
64556
64557
64557
64558
64563
64568
64568
64571
64572
64594
64599
64632
64639
64684
64689
64737
64756
64757
64775
64791
64792
64793
64796
64797
64807
64814
64819
64821
64829
64866
64868
64874
64894
64894
64894
64898
64903
64912
64941
64953
64964
64966
64997
64997
65016
65036
65038
65039
65048
65062
65071
65077
65078
65102
65103
65114
65124
65150
65150
65160
65174
65180
65185
65187
65213
65230
65257
65261
65286
65313
65315
65334
65339
65341
65342
65349
65386
65389
65393
65400
65413
65430
65439
65442
65445
65457
65462
65464
65469
65473
65478
65479
65479
65482
65485
65489
65491
65492
65509
65515
65523
65527
65534
65542
65569
65573
65576
65585
65601
65612
65630
65634
65671
65671
65683
65692
65697
65714
65723
65726
65730
65753
65771
65811
65819
65822
65840
65843
65855
65858
65866
65883
65893
65899
65906
65913
65920
65940
65941
65942
65949
65951
65953
65954
65956
65975
65976
66008
66023
66026
66031
66036
66058
66065
66071
66071
66079
66098
66113
66115
66124
66144
66160
66181
66194
66198
66199
66201
66207
66207
66269
66270
66271
66292
66317
66339
66345
66356
66361
66362
66384
66385
66385
66391
66397
66402
66424
66444
66457
66457
66458
66459
66470
66470
66482
66488
66490
66532
66534
66535
66537
66550
66571
66602
66603
66609
66612
66616
66658
66659
66667
66676
66704
66717
66719
66722
66745
66752
66761
66772
66774
66778
66781
66785
66804
66807
66827
66832
66832
66844
66848
66851
66851
66862
66883
66890
66906
66912
66913
66927
66930
66934
66963
66965
66965
66968
66979
66981
66982
66984
66993
67000
67008
67029
67030
67064
67072
67073
67115
67141
67162
67162
67168
67175
67194
67196
67198
67202
67213
67246
67272
67282
67286
67309
67311
67319
67326
67329
67344
67346
67349
67357
67358
67362
67370
67374
67378
67382
67404
67407
67416
67419
67419
67444
67452
67455
67463
67485
67499
67502
67513
67517
67524
67525
67541
67542
67542
67544
67547
67564
67567
67573
67622
67629
67644
67648
67657
67682
67690
67709
67724
67726
67740
67746
67782
67795
67798
67815
67830
67834
67845
67846
67872
67872
67888
67889
67889
67894
67901
67911
67911
67916
67921
67933
67936
67946
67947
67960
67964
67966
67967
67968
67977
67996
67997
68009
68035
68044
68045
68045
68106
68116
68121
68125
68127
68135
68140
68158
68161
68165
68183
68189
68201
68212
68217
68231
68233
68235
68253
68255
68295
68296
68300
68305
68316
68319
68329
68330
68333
68342
68345
68346
68356
68370
68378
68384
68402
68404
68407
68414
68426
68438
68445
68452
68471
68479
68482
68489
68492
68496
68513
68525
68536
68553
68559
68560
68563
68565
68571
68587
68595
68611
68619
68638
68642
68651
68664
68668
68668
68669
68686
68686
68711
68713
68713
68743
68743
68746
68753
68765
68818
68821
68823
68828
68829
68838
68870
68889
68906
68917
68934
68935
68953
68960
68962
68977
69002
69014
69015
69024
69063
69074
69090
69108
69158
69158
69158
69159
69167
69169
69171
69174
69198
69209
69214
69235
69246
69258
69269
69288
69321
69338
69342
69345
69346
69349
69365
69381
69388
69391
69395
69409
69434
69438
69440
69462
69464
69473
69482
69494
69506
69506
69508
69530
69535
69537
69547
69578
69599
69639
69644
69647
69661
69670
69673
69675
69682
69688
69690
69732
69767
69790
69796
69797
69817
69828
69832
69833
69837
69854
69867
69873
69895
69898
69905
69925
69935
69943
69957
69962
69975
70013
70018
70018
70019
70026
70038
70048
70049
70054
70056
70059
70065
70085
70087
70113
70116
70120
70132
70137
70138
70152
70164
70181
70193
70215
70216
70232
70243
70259
70264
70265
70290
70309
70321
70331
70384
70414
70439
70444
70457
70497
70498
70500
70503
70517
70523
70533
70547
70566
70579
70584
70584
70588
70615
70617
70620
70624
70627
70641
70642
70647
70667
70670
70672
70678
70679
70685
70688
70690
70690
70694
70695
70699
70704
70739
70746
70746
70751
70754
70755
70755
70758
70785
70786
70799
70809
70841
70846
70848
70863
70878
70890
70916
70922
70925
70935
70938
70943
70947
70977
70980
70989
70997
71008
71038
71042
71052
71055
71059
71062
71092
71095
71097
71097
71103
71111
71114
71118
71129
71133
71155
71159
71169
71169
71170
71181
71181
71186
71190
71190
71197
71208
71209
71218
71249
71280
71283
71309
71337
71345
71352
71360
71365
71372
71379
71384
71408
71411
71420
71424
71426
71433
71476
71491
71517
71545
71555
71563
71567
71578
71585
71587
71587
71589
71589
71592
71614
71625
71632
71636
71655
71675
71702
71707
71732
71739
71752
71756
71756
71764
71766
71781
71785
71788
71805
71825
71825
71831
71860
71873
71874
71901
71904
71905
71918
71920
71923
71937
71950
71977
71991
72000
72004
72004
72024
72032
72033
72060
72063
72070
72081
72084
72110
72113
72114
72144
72147
72149
72150
72157
72163
72169
72186
72212
72219
72225
72247
72250
72257
72266
72274
72326
72338
72343
72363
72389
72395
72397
72399
72415
72419
72421
72427
72456
72493
72528
72531
72548
72549
72550
72562
72563
72571
72573
72573
72583
72593
72600
72600
72613
72622
72625
72630
72638
72638
72654
72696
72703
72709
72709
72716
72717
72740
72744
72748
72752
72756
72757
72761
72771
72772
72775
72790
72794
72800
72808
72809
72811
72816
72824
72844
72864
72878
72883
72884
72903
72907
72908
72913
72914
72914
72922
72930
72933
72940
72951
72955
72989
73001
73012
73015
73032
73039
73067
73072
73074
73082
73082
73093
73150
73157
73179
73186
73192
73198
73200
73229
73237
73238
73258
73268
73296
73320
73322
73326
73330
73339
73340
73352
73358
73362
73389
73396
73399
73400
73414
73417
73422
73431
73437
73438
73448
73453
73453
73475
73477
73481
73503
73512
73512
73535
73545
73559
73569
73576
73577
73615
73617
73639
73644
73650
73650
73651
73667
73689
73695
73700
73703
73709
73714
73714
73733
73747
73747
73755
73755
73775
73781
73836
73847
73865
73870
73872
73879
73891
73892
73893
73899
73911
73916
73927
73934
73934
73937
74037
74055
74055
74063
74092
74112
74121
74128
74137
74138
74144
74153
74157
74179
74187
74190
74198
74211
74213
74215
74226
74227
74232
74247
74253
74257
74269
74278
74278
74279
74281
74286
74290
74301
74301
74304
74306
74323
74355
74361
74379
74408
74447
74448
74453
74464
74468
74469
74487
74505
74507
74518
74539
74540
74542
74555
74560
74562
74564
74565
74567
74576
74584
74585
74597
74605
74611
74616
74618
74625
74626
74630
74635
74653
74662
74663
74678
74684
74688
74703
74719
74724
74728
74733
74767
74781
74791
74803
74804
74806
74807
74807
74813
74830
74864
74870
74879
74888
74890
74901
74902
74913
74915
74945
74958
74959
74967
74971
74984
74989
75017
75022
75023
75024
75031
75037
75067
75070
75072
75072
75075
75085
75131
75138
75147
75149
75153
75158
75159
75166
75176
75198
75229
75235
75285
75287
75293
75294
75296
75296
75301
75315
75328
75335
75362
75376
75388
75398
75398
75401
75403
75404
75418
75425
75432
75438
75442
75449
75459
75459
75463
75465
75470
75472
75481
75481
75488
75499
75499
75502
75503
75527
75541
75554
75561
75585
75587
75590
75606
75613
75619
75623
75637
75655
75678
75682
75682
75685
75732
75736
75742
75748
75754
75790
75800
75820
75848
75874
75876
75877
75882
75901
75938
75956
75957
75963
75985
75994
76004
76016
76030
76035
76042
76049
76056
76072
76074
76074
76085
76121
76134
76136
76146
76150
76181
76193
76199
76202
76228
76234
76254
76267
76291
76302
76309
76325
76326
76333
76333
76349
76358
76365
76380
76384
76403
76409
76410
76448
76450
76455
76487
76507
76509
76516
76527
76528
76535
76543
76565
76569
76573
76586
76595
76609
76612
76612
76623
76642
76651
76661
76662
76668
76669
76700
76731
76735
76739
76757
76769
76783
76787
76787
76803
76826
76831
76858
76881
76896
76910
76911
76915
76919
76920
76930
76932
76952
76965
76981
76981
76988
76997
77003
77010
77027
77033
77033
77046
77054
77063
77075
77075
77090
77100
77104
77105
77105
77106
77110
77127
77150
77153
77169
77172
77176
77181
77195
77207
77220
77243
77244
77254
77262
77267
77267
77286
77296
77304
77305
77312
77315
77316
77329
77335
77336
77361
77364
77373
77391
77394
77398
77446
77476
77487
77501
77510
77522
77523
77542
77549
77549
77556
77612
77618
77636
77653
77655
77658
77672
77682
77686
77687
77696
77704
77714
77719
77722
77724
77727
77735
77746
77752
77768
77780
77780
77781
77792
77793
77793
77816
77820
77823
77824
77828
77832
77832
77843
77846
77847
77862
77874
77884
77892
77908
77913
77914
77931
77958
77975
77996
78031
78048
78051
78104
78111
78148
78156
78158
78158
78159
78169
78184
78189
78192
78203
78211
78214
78214
78217
78220
78258
78268
78275
78281
78302
78309
78316
78348
78375
78389
78395
78404
78411
78421
78429
78434
78450
78470
78471
78475
78479
78483
78485
78511
78518
78548
78549
78554
78594
78601
78614
78618
78621
78622
78627
78655
78665
78671
78698
78700
78706
78724
78724
78731
78748
78751
78759
78760
78765
78780
78795
78796
78797
78802
78804
78806
78814
78815
78816
78855
78858
78864
78872
78883
78883
78910
78921
78926
78942
78950
78986
78993
79038
79039
79047
79063
79065
79068
79072
79074
79077
79080
79094
79113
79120
79120
79141
79158
79165
79168
79168
79171
79172
79177
79179
79203
79207
79212
79225
79233
79246
79248
79251
79273
79278
79282
79302
79309
79320
79327
79328
79365
79400
79402
79408
79411
79420
79427
79439
79440
79441
79474
79479
79502
79505
79516
79525
79538
79539
79542
79563
79570
79580
79594
79598
79623
79624
79629
79635
79636
79643
79647
79661
79667
79679
79679
79697
79706
79715
79737
79738
79746
79755
79783
79785
79806
79816
79840
79844
79846
79850
79859
79865
79873
79874
79874
79884
79892
79892
79899
79912
79915
79933
79942
79948
79951
79951
79971
79972
79975
79981
79985
79986
80009
80017
80019
80032
80060
80068
80089
80092
80095
80097
80124
80127
80129
80143
80150
80151
80156
80157
80173
80173
80176
80185
80226
80234
80243
80251
80272
80276
80282
80287
80292
80298
80299
80303
80303
80306
80334
80351
80355
80372
80374
80384
80396
80398
80399
80401
80411
80412
80423
80425
80429
80436
80449
80458
80470
80471
80471
80494
80498
80506
80520
80526
80526
80539
80542
80549
80580
80581
80599
80626
80626
80636
80637
80672
80672
80675
80679
80691
80700
80702
80721
80728
80739
80747
80779
80794
80802
80814
80837
80850
80854
80856
80867
80872
80879
80881
80884
80900
80905
80909
80912
80928
80932
80950
80960
80975
80976
80993
80999
81002
81009
81022
81033
81036
81040
81046
81054
81086
81086
81098
81109
81128
81138
81160
81163
81167
81167
81170
81176
81186
81186
81199
81207
81219
81227
81235
81273
81306
81326
81331
81352
81363
81364
81366
81380
81387
81391
81393
81394
81406
81408
81433
81438
81445
81454
81484
81503
81517
81521
81525
81529
81560
81561
81608
81616
81621
81636
81639
81639
81643
81655
81676
81688
81701
81706
81713
81724
81724
81749
81769
81776
81779
81786
81797
81809
81825
81825
81838
81845
81855
81866
81868
81875
81884
81896
81897
81898
81900
81904
81918
81922
81925
81929
81962
81980
81987
82019
82021
82035
82038
82044
82061
82074
82106
82126
82135
82141
82142
82144
82200
82203
82206
82228
82235
82242
82270
82296
82299
82313
82313
82314
82318
82321
82322
82329
82336
82358
82371
82373
82384
82390
82398
82399
82409
82413
82423
82426
82427
82430
82432
82436
82437
82444
82451
82457
82466
82470
82478
82488
82491
82508
82510
82514
82521
82537
82571
82652
82655
82656
82656
82674
82679
82682
82691
82692
82699
82717
82736
82763
82764
82769
82772
82781
82787
82795
82797
82798
82814
82838
82861
82862
82871
82891
82895
82914
82927
82944
82977
82988
82992
83004
83004
83024
83032
83047
83061
83065
83065
83082
83083
83101
83107
83109
83110
83118
83118
83118
83121
83121
83124
83148
83156
83165
83215
83226
83231
83241
83264
83268
83269
83306
83311
83328
83335
83343
83352
83354
83363
83381
83396
83416
83419
83421
83425
83427
83454
83456
83459
83469
83473
83475
83485
83485
83516
83518
83524
83528
83529
83542
83606
83609
83635
83636
83662
83672
83683
83700
83712
83714
83724
83737
83743
83773
83773
83789
83841
83846
83862
83867
83874
83875
83881
83887
83900
83914
83919
83930
83955
83982
83998
84013
84015
84019
84052
84073
84109
84124
84133
84137
84145
84155
84160
84165
84173
84188
84189
84196
84200
84203
84208
84209
84220
84222
84240
84243
84243
84244
84253
84293
84324
84328
84358
84363
84364
84370
84405
84406
84410
84420
84444
84462
84463
84504
84527
84529
84530
84536
84558
84560
84563
84566
84572
84573
84607
84612
84617
84638
84654
84662
84688
84708
84720
84756
84774
84791
84795
84796
84798
84800
84801
84813
84822
84865
84872
84889
84903
84924
84925
84955
84957
84959
84974
84983
84993
85024
85037
85043
85045
85049
85056
85060
85071
85080
85082
85092
85105
85107
85109
85129
85133
85136
85136
85166
85171
85177
85181
85183
85188
85192
85194
85211
85215
85216
85219
85235
85240
85250
85255
85264
85266
85266
85277
85289
85290
85304
85316
85341
85346
85346
85363
85369
85381
85385
85390
85402
85409
85414
85424
85428
85436
85438
85443
85457
85457
85470
85491
85560
85563
85586
85590
85606
85638
85655
85671
85683
85695
85696
85719
85721
85744
85745
85757
85762
85772
85780
85788
85796
85816
85818
85840
85843
85849
85850
85853
85857
85861
85886
85889
85906
85913
85951
85955
85964
85969
85985
85989
86003
86022
86048
86050
86072
86090
86099
86115
86186
86208
86252
86282
86286
86293
86303
86303
86319
86371
86376
86376
86383
86384
86386
86393
86395
86402
86402
86409
86416
86421
86430
86440
86459
86471
86473
86476
86479
86493
86505
86511
86529
86532
86545
86549
86553
86595
86606
86640
86665
86671
86677
86695
86696
86700
86709
86737
86739
86758
86761
86800
86837
86838
86845
86847
86848
86849
86850
86852
86855
86858
86867
86875
86885
86893
86897
86898
86900
86909
86932
86934
86936
86941
86941
86950
86952
86955
86970
86994
87002
87003
87003
87013
87018
87019
87030
87043
87057
87058
87062
87089
87105
87118
87131
87138
87140
87157
87201
87252
87253
87260
87263
87279
87282
87289
87289
87301
87306
87327
87334
87335
87340
87350
87362
87368
87397
87398
87410
87411
87419
87452
87458
87478
87496
87523
87524
87532
87533
87545
87550
87554
87555
87564
87571
87574
87578
87581
87581
87658
87672
87685
87687
87687
87706
87710
87721
87727
87734
87734
87753
87758
87773
87785
87788
87795
87811
87814
87816
87819
87849
87859
87879
87907
87919
87922
87923
87949
87949
87950
87952
87953
87961
87992
87994
88000
88015
88023
88025
88030
88048
88054
88058
88059
88060
88082
88095
88099
88112
88120
88132
88133
88145
88153
88161
88161
88163
88163
88166
88178
88206
88217
88220
88233
88239
88240
88246
88281
88306
88308
88338
88345
88381
88406
88426
88446
88446
88461
88465
88466
88468
88486
88493
88494
88496
88504
88505
88521
88525
88531
88536
88556
88563
88568
88568
88571
88576
88578
88583
88603
88624
88641
88657
88676
88700
88700
88712
88713
88715
88715
88723
88750
88754
88755
88775
88798
88816
88817
88820
88830
88857
88886
88894
88910
88928
88928
88948
88958
88967
88975
88976
88979
88986
88995
89001
89003
89030
89033
89040
89052
89071
89075
89084
89122
89127
89152
89152
89163
89171
89192
89198
89232
89234
89270
89289
89304
89311
89323
89326
89333
89347
89370
89379
89385
89394
89395
89400
89400
89416
89456
89466
89466
89491
89507
89516
89528
89536
89541
89565
89589
89608
89611
89613
89613
89619
89627
89636
89639
89643
89656
89664
89676
89712
89713
89727
89743
89745
89756
89758
89761
89774
89778
89779
89781
89802
89802
89804
89807
89818
89822
89825
89826
89855
89857
89867
89870
89882
89888
89890
89891
89896
89899
89903
89908
89914
89916
89918
89947
89958
89963
89963
89971
89988
90001
90017
90019
90025
90026
90027
90045
90047
90048
90053
90059
90077
90122
90126
90173
90174
90177
90179
90186
90209
90218
90227
90239
90240
90246
90253
90262
90267
90287
90301
90301
90306
90313
90317
90329
90341
90345
90356
90363
90376
90379
90418
90421
90441
90479
90480
90483
90483
90500
90505
90506
90512
90526
90544
90550
90559
90570
90576
90603
90608
90642
90665
90675
90682
90685
90706
90710
90711
90712
90749
90752
90754
90766
90781
90808
90814
90835
90845
90849
90856
90872
90892
90893
90907
90923
90941
90949
90951
90957
90958
90962
90974
90988
90994
91006
91008
91010
91057
91069
91085
91091
91094
91108
91108
91131
91137
91150
91180
91183
91184
91188
91204
91208
91237
91252
91262
91266
91309
91333
91348
91349
91352
91372
91387
91423
91428
91437
91455
91456
91458
91465
91472
91483
91501
91507
91515
91518
91523
91530
91545
91546
91553
91570
91590
91600
91612
91619
91619
91632
91645
91664
91673
91674
91678
91684
91698
91705
91727
91727
91732
91734
91735
91739
91743
91747
91748
91753
91767
91771
91777
91802
91804
91809
91811
91824
91841
91846
91859
91864
91876
91879
91885
91886
91895
91955
91955
91968
91969
91993
91998
92019
92024
92038
92041
92062
92073
92078
92080
92090
92092
92099
92100
92108
92116
92127
92133
92138
92172
92175
92177
92181
92190
92191
92200
92201
92203
92204
92206
92216
92218
92234
92237
92239
92243
92248
92249
92256
92275
92276
92323
92337
92347
92359
92371
92379
92396
92397
92407
92414
92423
92425
92432
92436
92439
92444
92449
92461
92461
92475
92486
92518
92536
92561
92571
92584
92586
92588
92610
92624
92649
92672
92679
92686
92706
92711
92722
92732
92766
92771
92775
92785
92786
92794
92808
92811
92813
92819
92824
92826
92832
92833
92877
92878
92907
92914
92914
92918
92925
92944
92947
92972
92979
93030
93057
93059
93064
93073
93081
93085
93106
93110
93117
93137
93145
93154
93164
93170
93182
93193
93202
93216
93237
93247
93269
93291
93330
93337
93357
93364
93364
93383
93399
93403
93413
93424
93444
93453
93454
93457
93459
93460
93461
93464
93468
93481
93482
93486
93486
93495
93495
93496
93507
93510
93515
93557
93567
93578
93581
93613
93622
93634
93659
93673
93675
93677
93688
93690
93723
93729
93733
93746
93755
93764
93769
93782
93816
93819
93819
93828
93837
93854
93859
93879
93881
93894
93919
93928
93938
93953
93965
93966
93981
93984
94003
94033
94050
94052
94063
94067
94072
94074
94077
94077
94082
94093
94121
94130
94132
94144
94157
94194
94207
94210
94227
94229
94235
94250
94260
94264
94271
94281
94294
94308
94342
94354
94361
94378
94393
94409
94412
94422
94430
94474
94507
94518
94522
94526
94529
94542
94549
94552
94571
94588
94594
94597
94599
94617
94635
94646
94674
94684
94693
94695
94696
94705
94708
94708
94723
94728
94757
94765
94766
94813
94817
94817
94821
94830
94834
94850
94856
94857
94862
94862
94873
94876
94888
94924
94925
94939
94965
94975
94979
95000
95005
95024
95035
95049
95055
95062
95074
95089
95097
95103
95111
95113
95151
95164
95182
95185
95199
95202
95205
95221
95221
95227
95232
95233
95233
95244
95246
95248
95271
95274
95305
95311
95314
95335
95336
95343
95353
95355
95376
95394
95400
95400
95400
95403
95405
95405
95409
95432
95438
95461
95470
95477
95512
95537
95542
95543
95550
95572
95576
95579
95582
95599
95606
95609
95610
95619
95625
95626
95645
95645
95649
95654
95656
95658
95675
95677
95679
95725
95728
95758
95758
95768
95771
95782
95799
95810
95811
95815
95822
95854
95862
95863
95869
95876
95878
95884
95915
95919
95920
95939
95940
95950
95956
95960
95985
95986
96026
96041
96043
96068
96080
96083
96089
96106
96129
96141
96141
96154
96161
96184
96212
96253
96254
96261
96279
96283
96290
96295
96298
96312
96321
96322
96332
96348
96353
96356
96361
96361
96387
96392
96396
96397
96401
96405
96412
96423
96447
96449
96455
96466
96471
96474
96506
96506
96544
96545
96545
96546
96547
96552
96561
96571
96594
96597
96606
96617
96652
96655
96672
96680
96681
96699
96709
96737
96758
96765
96779
96780
96789
96798
96800
96803
96806
96849
96862
96865
96865
96869
96886
96925
96948
96953
96957
96993
97014
97016
97019
97023
97032
97051
97104
97128
97136
97159
97160
97169
97170
97174
97179
97182
97195
97207
97218
97232
97235
97239
97249
97259
97261
97262
97266
97295
97300
97304
97307
97313
97337
97359
97367
97370
97385
97387
97394
97395
97402
97408
97429
97430
97442
97445
97450
97453
97457
97467
97477
97482
97490
97496
97507
97510
97521
97525
97550
97556
97558
97563
97578
97582
97587
97588
97591
97599
97600
97607
97618
97624
97643
97652
97661
97664
97685
97709
97728
97736
97737
97752
97759
97789
97816
97820
97829
97830
97836
97867
97867
97887
97902
97911
97915
97918
97937
97939
97958
97960
97983
97992
97996
98001
98006
98018
98030
98100
98110
98120
98140
98158
98158
98161
98169
98170
98182
98189
98204
98240
98269
98270
98296
98303
98307
98320
98338
98369
98369
98385
98394
98402
98408
98413
98416
98456
98485
98497
98503
98514
98521
98522
98531
98531
98563
98569
98570
98580
98587
98589
98637
98642
98651
98654
98671
98689
98715
98721
98737
98738
98738
98759
98760
98775
98776
98783
98796
98799
98802
98804
98807
98810
98815
98816
98832
98837
98841
98845
98847
98849
98851
98852
98858
98887
98889
98918
98937
98938
98954
98960
98963
98977
98985
98987
98998
99002
99044
99059
99062
99085
99088
99089
99090
99093
99099
99114
99120
99120
99123
99124
99139
99139
99157
99163
99188
99189
99208
99214
99223
99247
99254
99263
99266
99267
99293
99298
99303
99314
99320
99329
99330
99334
99347
99356
99362
99374
99386
99393
99396
99397
99400
99401
99431
99432
99435
99436
99438
99442
99455
99464
99470
99472
99475
99490
99493
99521
99527
99543
99566
99569
99582
99597
99601
99607
99607
99611
99613
99617
99629
99631
99635
99646
99648
99650
99669
99673
99684
99701
99714
99725
99726
99734
99740
99750
99766
99769
99770
99780
99796
99799
99850
99860
99875
99889
99933
99939
99959
99960
99973
99975
99989
