8
30
43
64
72
107
110
127
134
139
158
161
165
173
182
182
212
212
213
215
215
233
238
246
277
289
295
322
323
343
354
369
375
383
386
386
397
408
416
416
421
422
433
439
445
449
450
488
489
494
498
517
521
529
540
561
566
568
569
570
577
607
613
614
628
637
640
652
653
656
660
683
691
703
731
731
731
737
737
741
741
744
748
749
752
763
787
793
801
835
853
864
882
887
897
917
932
932
949
957
957
963
976
980
1010
1011
1014
1033
1067
1078
1081
1085
1092
1107
1138
1139
1142
1143
1146
1147
1157
1195
1214
1238
1238
1240
1247
1259
1261
1269
1272
1274
1285
1291
1294
1323
1331
1331
1360
1362
1368
1387
1392
1393
1409
1414
1415
1422
1426
1427
1431
1440
1451
1455
1466
1483
1490
1501
1505
1506
1508
1510
1512
1517
1533
1534
1536
1550
1568
1574
1574
1593
1600
1604
1613
1616
1632
1633
1634
1635
1641
1649
1671
1675
1698
1717
1735
1737
1771
1778
1797
1804
1817
1838
1841
1853
1871
1874
1886
1887
1887
1895
1902
1907
1920
1944
1944
1951
1966
1982
1982
1999
2013
2020
2028
2037
2076
2082
2091
2106
2110
2113
2127
2129
2133
2145
2157
2226
2235
2247
2259
2281
2283
2284
2286
2297
2298
2326
2327
2344
2345
2356
2358
2361
2394
2400
2407
2415
2418
2440
2450
2459
2461
2479
2481
2481
2483
2483
2485
2497
2500
2505
2519
2535
2538
2543
2565
2572
2601
2604
2605
2608
2621
2622
2627
2637
2658
2658
2671
2679
2689
2703
2703
2713
2725
2748
2765
2771
2776
2778
2798
2802
2802
2803
2815
2825
2827
2829
2834
2834
2837
2845
2846
2867
2878
2889
2927
2936
2941
2946
2958
2961
2969
2982
3003
3012
3013
3016
3042
3049
3053
3059
3075
3105
3121
3130
3166
3173
3192
3209
3209
3226
3228
3229
3269
3276
3322
3322
3342
3353
3358
3375
3394
3400
3404
3410
3467
3467
3491
3494
3497
3516
3517
3523
3525
3525
3533
3535
3537
3559
3564
3568
3580
3582
3592
3595
3601
3615
3624
3634
3635
3657
3680
3685
3691
3693
3702
3714
3714
3727
3733
3751
3763
3774
3790
3801
3807
3819
3829
3835
3842
3852
3854
3861
3876
3884
3884
3889
3890
3891
3892
3901
3922
3940
3943
3954
3981
4001
4004
4013
4015
4026
4031
4050
4064
4082
4103
4106
4108
4139
4140
4164
4169
4177
4188
4189
4197
4199
4207
4214
4234
4262
4278
4293
4299
4304
4320
4323
4333
4347
4350
4353
4354
4383
4409
4410
4430
4433
4438
4465
4471
4492
4494
4503
4504
4504
4516
4518
4530
4530
4548
4551
4579
4592
4600
4604
4636
4640
4642
4652
4678
4681
4682
4688
4712
4714
4715
4715
4720
4735
4737
4743
4746
4747
4770
4795
4809
4841
4859
4865
4882
4883
4892
4894
4907
4912
4913
4938
4951
4957
4974
4991
4991
5013
5022
5025
5025
5041
5048
5072
5077
5081
5084
5095
5100
5109
5116
5116
5131
5142
5156
5165
5169
5171
5172
5173
5178
5181
5186
5203
5218
5221
5221
5230
5245
5246
5255
5256
5299
5303
5306
5310
5321
5335
5341
5350
5350
5370
5371
5375
5386
5401
5419
5431
5440
5450
5459
5482
5491
5517
5537
5552
5560
5592
5598
5612
5631
5638
5640
5652
5665
5674
5710
5717
5728
5742
5744
5769
5789
5800
5804
5813
5824
5828
5865
5876
5882
5883
5883
5902
5915
5924
5934
5947
5950
5957
5963
5971
5979
5981
5983
5989
5991
6006
6024
6046
6098
6106
6107
6111
6156
6157
6160
6162
6162
6165
6205
6209
6214
6227
6228
6229
6249
6252
6257
6275
6275
6319
6321
6328
6334
6338
6346
6354
6364
6380
6381
6388
6401
6404
6426
6430
6430
6439
6440
6456
6475
6476
6480
6488
6489
6502
6523
6532
6539
6583
6587
6598
6603
6621
6625
6635
6640
6655
6656
6657
6661
6662
6662
6673
6674
6679
6711
6732
6732
6738
6764
6777
6781
6787
6797
6798
6805
6808
6816
6822
6822
6838
6839
6843
6857
6861
6864
6875
6884
6892
6896
6897
6914
6914
6923
6938
6949
6950
6962
6962
6965
6975
6984
6984
7017
7020
7025
7040
7044
7045
7051
7069
7069
7077
7081
7083
7103
7107
7108
7109
7124
7137
7146
7153
7156
7164
7167
7173
7181
7191
7193
7199
7208
7213
7228
7229
7236
7238
7242
7245
7249
7255
7270
7273
7282
7297
7302
7318
7352
7376
7391
7391
7401
7405
7408
7430
7452
7471
7490
7499
7500
7509
7520
7520
7522
7532
7534
7536
7544
7546
7552
7559
7564
7567
7582
7584
7588
7591
7611
7611
7614
7629
7645
7668
7668
7674
7675
7677
7686
7694
7713
7732
7759
7768
7774
7775
7775
7785
7788
7803
7825
7846
7852
7875
7880
7880
7886
7898
7915
7957
7959
7961
7964
7971
7972
7980
7994
8003
8005
8031
8037
8037
8067
8095
8098
8104
8105
8142
8144
8145
8146
8154
8156
8166
8171
8185
8214
8220
8237
8242
8266
8285
8295
8295
8309
8310
8318
8341
8343
8349
8359
8369
8371
8373
8389
8392
8402
8403
8439
8464
8470
8505
8515
8518
8521
8521
8524
8540
8542
8563
8570
8590
8594
8612
8622
8675
8683
8701
8710
8713
8713
8764
8778
8783
8788
8794
8822
8829
8841
8853
8862
8868
8869
8875
8877
8891
8899
8935
8946
8947
8967
8968
8977
9001
9018
9029
9030
9039
9045
9050
9052
9063
9080
9090
9099
9107
9116
9143
9152
9158
9171
9172
9183
9206
9207
9214
9230
9236
9240
9243
9259
9263
9287
9292
9304
9317
9327
9328
9340
9361
9364
9372
9376
9383
9384
9465
9479
9502
9503
9510
9520
9531
9535
9535
9543
9567
9593
9595
9596
9598
9602
9612
9613
9614
9624
9627
9638
9671
9676
9697
9720
9726
9741
9742
9745
9756
9757
9761
9780
9792
9803
9805
9838
9841
9868
9879
9893
9894
9901
9902
9903
9919
9933
9956
9956
9963
9978
9981
9988
9988
9990
10005
10022
10023
10059
10060
10068
10069
10072
10075
10082
10087
10103
10113
10113
10117
10137
10139
10152
10153
10181
10182
10188
10192
10194
10197
10203
10207
10210
10210
10221
10226
10232
10233
10238
10245
10267
10279
10288
10297
10299
10323
10324
10329
10343
10355
10379
10386
10403
10421
10422
10422
10423
10448
10449
10482
10489
10490
10498
10500
10504
10516
10528
10530
10535
10537
10538
10557
10558
10560
10581
10597
10603
10607
10635
10637
10641
10643
10644
10646
10647
10650
10654
10685
10697
10703
10734
10735
10743
10743
10766
10804
10827
10829
10831
10832
10838
10839
10842
10851
10851
10866
10870
10884
10887
10896
10900
10900
10916
10917
10918
10936
10937
10969
10977
10979
11002
11003
11012
11017
11033
11038
11050
11056
11057
11065
11066
11067
11071
11075
11078
11088
11088
11092
11096
11101
11110
11143
11144
11145
11158
11167
11171
11174
11186
11193
11193
11197
11210
11221
11222
11235
11253
11267
11276
11282
11300
11302
11304
11321
11323
11328
11329
11344
11348
11362
11371
11376
11381
11396
11402
11411
11414
11420
11436
11445
11448
11468
11470
11472
11476
11478
11487
11488
11497
11511
11519
11519
11520
11533
11537
11550
11550
11556
11562
11588
11589
11605
11606
11606
11629
11631
11636
11637
11662
11664
11678
11679
11680
11700
11701
11711
11713
11716
11743
11764
11769
11776
11776
11779
11829
11838
11841
11842
11850
11851
11853
11854
11875
11883
11884
11887
11891
11906
11913
11945
12006
12044
12109
12111
12111
12130
12143
12158
12180
12183
12184
12204
12229
12253
12260
12289
12294
12295
12299
12315
12316
12318
12363
12393
12400
12402
12418
12433
12435
12468
12474
12479
12485
12531
12534
12536
12538
12538
12551
12558
12562
12565
12569
12581
12585
12586
12593
12605
12613
12633
12643
12661
12662
12663
12685
12698
12703
12718
12720
12720
12737
12747
12766
12771
12774
12775
12782
12783
12784
12791
12807
12822
12826
12829
12849
12863
12902
12907
12910
12910
12922
12931
12940
12946
12958
12969
13028
13042
13047
13053
13060
13062
13064
13067
13077
13088
13098
13098
13102
13126
13130
13150
13166
13174
13179
13195
13218
13239
13249
13251
13263
13278
13291
13292
13300
13311
13312
13316
13317
13328
13350
13361
13374
13384
13390
13394
13408
13417
13417
13421
13423
13452
13458
13468
13478
13479
13491
13500
13505
13508
13511
13512
13520
13530
13536
13537
13555
13561
13583
13605
13618
13628
13635
13636
13648
13653
13668
13671
13678
13680
13680
13694
13710
13714
13732
13743
13748
13751
13756
13756
13760
13773
13776
13776
13781
13786
13795
13797
13799
13802
13815
13829
13830
13851
13854
13860
13866
13886
13897
13918
13926
13930
13966
13977
13986
13987
13989
13991
14003
14004
14009
14021
14027
14046
14056
14067
14083
14084
14087
14102
14113
14123
14127
14128
14139
14140
14150
14160
14166
14172
14182
14194
14202
14211
14222
14228
14272
14273
14276
14282
14283
14289
14293
14301
14307
14315
14319
14352
14359
14374
14386
14390
14405
14405
14429
14443
14449
14458
14459
14475
14475
14485
14519
14523
14525
14553
14560
14572
14575
14577
14583
14603
14606
14618
14628
14636
14640
14643
14667
14678
14692
14696
14702
14714
14736
14738
14747
14762
14767
14767
14776
14794
14816
14834
14843
14854
14873
14878
14887
14888
14892
14901
14910
14915
14916
14942
14954
14955
14971
14974
14985
14986
15004
15007
15010
15015
15016
15027
15029
15038
15079
15095
15095
15101
15105
15116
15121
15125
15131
15164
15170
15171
15186
15187
15194
15198
15206
15212
15219
15221
15222
15229
15232
15252
15255
15273
15282
15283
15307
15310
15316
15320
15338
15345
15354
15371
15373
15405
15410
15427
15437
15452
15493
15507
15548
15558
15562
15569
15600
15600
15623
15629
15650
15662
15666
15672
15678
15680
15685
15705
15714
15724
15726
15726
15726
15752
15757
15764
15766
15801
15813
15835
15845
15848
15868
15876
15884
15914
15918
15926
15950
15966
15970
15972
15974
15987
16008
16012
16014
16019
16035
16046
16051
16052
16069
16089
16121
16127
16136
16162
16163
16171
16173
16177
16183
16186
16187
16199
16202
16246
16248
16249
16259
16262
16276
16278
16286
16286
16301
16313
16314
16320
16322
16329
16341
16376
16395
16395
16403
16403
16423
16424
16425
16432
16439
16439
16462
16509
16517
16521
16529
16534
16537
16539
16582
16595
16601
16618
16627
16654
16665
16669
16676
16684
16694
16695
16695
16702
16706
16708
16738
16749
16749
16754
16763
16768
16782
16837
16841
16844
16846
16854
16855
16865
16866
16870
16872
16902
16926
16930
16946
16975
16982
16987
17005
17013
17019
17022
17045
17052
17065
17066
17069
17083
17083
17114
17139
17140
17169
17175
17180
17194
17203
17224
17224
17224
17229
17242
17245
17248
17252
17257
17263
17277
17281
17315
17319
17330
17331
17348
17350
17359
17360
17381
17384
17417
17434
17467
17473
17480
17486
17489
17491
17499
17501
17505
17506
17509
17513
17521
17528
17534
17568
17604
17618
17622
17632
17634
17637
17651
17654
17677
17678
17685
17688
17697
17699
17705
17716
17725
17760
17770
17773
17778
17779
17808
17814
17815
17819
17853
17856
17861
17864
17864
17885
17924
17931
17932
17940
17945
17952
17958
17962
17967
17979
18001
18007
18027
18029
18031
18035
18049
18058
18073
18078
18085
18093
18112
18126
18147
18151
18155
18170
18179
18180
18187
18190
18198
18201
18202
18210
18211
18221
18235
18237
18237
18257
18272
18282
18284
18291
18302
18304
18330
18343
18372
18372
18396
18401
18402
18407
18416
18422
18425
18453
18479
18488
18497
18535
18539
18546
18551
18558
18580
18591
18592
18602
18636
18647
18654
18658
18681
18708
18715
18742
18743
18747
18749
18765
18774
18785
18796
18810
18825
18828
18859
18862
18863
18871
18879
18885
18893
18911
18919
18933
18936
18977
18979
18979
18985
18988
18989
18995
18998
19003
19011
19027
19027
19029
19038
19042
19054
19078
19083
19092
19133
19150
19158
19166
19174
19176
19179
19180
19183
19226
19227
19236
19238
19240
19247
19254
19272
19275
19279
19290
19293
19297
19298
19299
19312
19318
19324
19329
19338
19353
19373
19375
19379
19394
19406
19429
19431
19438
19444
19450
19454
19461
19470
19473
19481
19483
19488
19492
19496
19498
19503
19511
19512
19513
19524
19526
19545
19563
19564
19576
19591
19602
19620
19620
19634
19667
19677
19679
19684
19691
19696
19705
19712
19739
19740
19743
19746
19748
19763
19765
19774
19811
19817
19835
19848
19852
19864
19869
19881
19885
19886
19904
19906
19914
19917
19921
19924
19941
19946
19966
19982
20007
20008
20012
20012
20035
20037
20050
20056
20059
20064
20071
20091
20101
20129
20131
20136
20156
20162
20171
20184
20188
20192
20197
20200
20208
20213
20213
20214
20219
20234
20240
20246
20249
20262
20268
20274
20284
20310
20314
20344
20344
20346
20357
20377
20391
20395
20398
20401
20414
20420
20428
20433
20434
20488
20499
20512
20520
20522
20525
20538
20545
20552
20552
20559
20580
20593
20604
20650
20674
20704
20706
20716
20719
20728
20744
20746
20749
20754
20756
20765
20773
20774
20780
20784
20796
20807
20822
20824
20826
20833
20833
20851
20861
20874
20884
20885
20886
20888
20906
20916
20918
20951
20952
20959
20970
20975
20982
20989
21000
21009
21023
21039
21044
21051
21059
21065
21067
21074
21086
21088
21091
21106
21118
21120
21121
21124
21159
21173
21181
21185
21185
21186
21211
21211
21215
21216
21219
21224
21226
21226
21255
21258
21266
21269
21319
21323
21326
21338
21368
21378
21386
21391
21411
21416
21420
21446
21447
21454
21482
21484
21485
21496
21514
21521
21528
21533
21563
21581
21614
21625
21656
21658
21661
21664
21668
21676
21678
21682
21684
21692
21697
21710
21739
21745
21756
21758
21767
21767
21795
21800
21802
21803
21805
21808
21811
21822
21823
21831
21853
21854
21856
21879
21884
21895
21900
21935
21936
21940
21941
21941
21943
21960
22014
22042
22065
22082
22097
22097
22101
22106
22111
22111
22115
22122
22124
22139
22141
22143
22143
22147
22154
22176
22178
22182
22187
22193
22194
22200
22227
22243
22243
22244
22260
22267
22267
22269
22270
22271
22283
22286
22290
22301
22304
22327
22330
22337
22358
22358
22378
22387
22388
22389
22390
22391
22396
22399
22406
22407
22411
22412
22414
22417
22425
22425
22453
22467
22476
22479
22488
22493
22494
22499
22504
22506
22508
22517
22524
22527
22546
22549
22552
22553
22554
22573
22584
22594
22605
22613
22615
22616
22617
22626
22629
22639
22676
22686
22692
22694
22694
22707
22727
22730
22749
22752
22760
22781
22787
22792
22807
22810
22817
22827
22839
22839
22847
22859
22866
22900
22917
22937
22952
22965
22967
22982
22988
22998
23011
23012
23022
23048
23049
23056
23063
23069
23074
23079
23084
23086
23094
23098
23115
23124
23140
23153
23153
23161
23180
23190
23199
23249
23266
23267
23268
23284
23289
23294
23322
23328
23331
23334
23338
23348
23361
23389
23412
23414
23424
23457
23467
23496
23510
23521
23531
23537
23556
23557
23560
23595
23595
23596
23601
23621
23626
23636
23651
23663
23666
23676
23685
23699
23699
23706
23725
23742
23747
23756
23757
23759
23770
23770
23793
23796
23804
23813
23814
23830
23867
23867
23885
23902
23924
23925
23933
23939
23945
23954
23972
23975
23992
24006
24022
24024
24041
24054
24056
24058
24075
24079
24092
24130
24145
24169
24170
24186
24206
24210
24218
24227
24239
24249
24251
24256
24260
24267
24279
24284
24289
24295
24295
24302
24310
24320
24326
24332
24342
24344
24357
24361
24372
24372
24373
24378
24385
24403
24407
24410
24420
24426
24427
24436
24445
24456
24465
24481
24489
24525
24552
24552
24568
24589
24598
24618
24623
24625
24627
24630
24670
24673
24701
24707
24722
24730
24734
24742
24743
24748
24783
24793
24798
24800
24801
24813
24844
24847
24878
24882
24885
24890
24891
24898
24902
24908
24911
24911
24921
24930
24947
24991
25011
25031
25038
25041
25077
25079
25081
25082
25119
25120
25120
25124
25128
25137
25139
25140
25149
25151
25167
25171
25177
25190
25198
25201
25214
25221
25224
25229
25240
25244
25244
25246
25246
25272
25280
25281
25282
25301
25303
25321
25322
25338
25340
25346
25352
25358
25392
25397
25397
25398
25403
25417
25418
25434
25437
25442
25450
25457
25461
25463
25471
25477
25497
25521
25524
25525
25543
25546
25548
25558
25574
25585
25601
25603
25608
25617
25617
25663
25682
25682
25707
25709
25715
25718
25718
25720
25721
25730
25736
25737
25747
25773
25778
25782
25788
25800
25808
25830
25830
25833
25836
25855
25859
25882
25892
25902
25903
25911
25953
25955
25962
25966
25967
25969
25981
25983
25986
25990
25995
25999
26000
26001
26005
26010
26040
26044
26055
26060
26074
26087
26094
26111
26124
26128
26129
26139
26156
26161
26185
26193
26222
26259
26272
26284
26300
26307
26318
26329
26333
26340
26360
26386
26392
26394
26399
26430
26436
26438
26449
26449
26472
26473
26479
26490
26514
26537
26541
26546
26547
26554
26560
26564
26595
26598
26600
26610
26639
26663
26665
26669
26670
26671
26675
26679
26700
26727
26739
26742
26749
26755
26762
26771
26776
26794
26802
26828
26843
26844
26850
26855
26859
26875
26876
26878
26883
26887
26900
26904
26907
26914
26933
26936
26946
26948
26948
26958
26981
26984
26992
27019
27019
27022
27046
27064
27067
27074
27077
27087
27096
27115
27116
27120
27137
27146
27147
27155
27160
27169
27184
27189
27200
27212
27222
27239
27241
27252
27264
27265
27300
27306
27309
27328
27334
27351
27354
27356
27367
27370
27372
27373
27377
27386
27389
27404
27412
27436
27438
27447
27456
27456
27473
27475
27475
27482
27482
27483
27484
27487
27490
27500
27506
27514
27520
27551
27555
27556
27564
27565
27574
27579
27583
27584
27588
27592
27593
27616
27623
27646
27662
27673
27725
27726
27730
27752
27757
27760
27765
27767
27768
27773
27845
27856
27859
27859
27863
27868
27869
27875
27880
27896
27903
27904
27906
27932
27943
27953
27975
27989
28000
28003
28008
28010
28021
28022
28026
28028
28036
28036
28038
28043
28055
28064
28075
28094
28096
28105
28106
28129
28135
28135
28156
28166
28177
28182
28183
28201
28209
28212
28225
28229
28245
28269
28278
28287
28289
28296
28305
28313
28327
28340
28341
28344
28368
28402
28417
28419
28425
28451
28515
28518
28521
28537
28573
28589
28604
28605
28613
28626
28629
28648
28651
28662
28662
28683
28690
28696
28712
28727
28732
28733
28740
28750
28752
28752
28767
28782
28788
28788
28831
28835
28839
28841
28844
28846
28847
28860
28870
28883
28903
28921
28940
28949
28955
28958
28979
28979
28987
29008
29009
29021
29059
29064
29074
29092
29094
29099
29104
29114
29118
29131
29135
29163
29164
29167
29174
29183
29210
29214
29219
29222
29228
29239
29239
29242
29255
29256
29276
29295
29298
29301
29314
29338
29340
29341
29343
29353
29354
29380
29390
29408
29420
29435
29442
29456
29512
29536
29545
29546
29556
29556
29564
29585
29596
29602
29608
29624
29625
29629
29643
29667
29692
29693
29707
29733
29737
29751
29757
29767
29787
29791
29808
29809
29814
29815
29849
29857
29860
29914
29939
29939
29958
29967
29969
29971
29971
29981
30000
30000
30012
30022
30029
30032
30041
30042
30044
30048
30060
30062
30073
30119
30121
30144
30154
30160
30170
30194
30224
30238
30241
30242
30261
30262
30267
30273
30280
30287
30291
30303
30305
30306
30326
30327
30332
30352
30357
30358
30364
30370
30378
30387
30392
30393
30396
30399
30403
30410
30419
30442
30443
30449
30457
30473
30478
30480
30481
30482
30483
30483
30491
30498
30506
30514
30519
30527
30543
30578
30587
30610
30622
30632
30636
30638
30640
30645
30645
30661
30662
30665
30668
30693
30695
30700
30710
30733
30735
30735
30741
30743
30754
30755
30757
30772
30774
30782
30801
30845
30854
30858
30881
30890
30891
30903
30913
30941
30946
30958
30984
30984
30987
30997
31003
31006
31031
31044
31046
31049
31062
31064
31125
31126
31127
31127
31135
31142
31151
31159
31169
31172
31194
31206
31217
31242
31247
31248
31261
31263
31325
31327
31327
31362
31373
31380
31381
31406
31422
31426
31435
31437
31446
31453
31457
31461
31461
31465
31469
31472
31489
31496
31505
31509
31511
31523
31537
31538
31543
31568
31570
31599
31608
31616
31625
31627
31639
31653
31671
31676
31681
31684
31710
31716
31718
31718
31721
31730
31765
31773
31809
31831
31859
31873
31885
31893
31904
31907
31911
31928
31929
31931
31939
31949
31952
31956
31964
31974
31976
32007
32014
32023
32035
32065
32070
32093
32095
32096
32096
32100
32122
32128
32132
32147
32150
32152
32157
32186
32188
32189
32218
32218
32224
32226
32241
32242
32256
32272
32292
32304
32309
32313
32321
32323
32339
32363
32374
32378
32385
32386
32395
32421
32425
32439
32439
32449
32456
32476
32532
32557
32561
32572
32593
32596
32612
32613
32627
32629
32639
32650
32713
32716
32722
32734
32735
32747
32748
32753
32761
32762
32783
32790
32790
32792
32827
32840
32842
32846
32853
32853
32858
32859
32875
32891
32899
32904
32923
32931
32934
32937
32939
32953
32971
32981
32986
33022
33039
33059
33060
33070
33070
33072
33084
33089
33097
33110
33130
33135
33146
33148
33155
33159
33168
33171
33173
33173
33174
33176
33181
33216
33223
33258
33300
33307
33333
33342
33355
33367
33398
33401
33411
33434
33439
33440
33442
33456
33456
33462
33468
33474
33476
33478
33483
33509
33513
33526
33541
33563
33564
33573
33597
33626
33639
33640
33647
33665
33672
33680
33689
33704
33708
33714
33717
33754
33759
33766
33783
33791
33795
33806
33810
33813
33830
33832
33848
33853
33864
33866
33869
33880
33891
33904
33918
33940
33957
33961
33972
33973
34025
34036
34038
34042
34043
34059
34080
34088
34089
34092
34100
34104
34115
34123
34127
34138
34139
34141
34163
34171
34174
34174
34175
34186
34187
34203
34244
34255
34270
34304
34305
34315
34322
34328
34352
34356
34358
34361
34375
34375
34382
34383
34404
34410
34433
34451
34482
34494
34549
34562
34576
34579
34643
34649
34651
34652
34657
34660
34667
34685
34690
34705
34727
34742
34749
34757
34763
34772
34774
34783
34792
34817
34817
34883
34892
34913
34923
34927
34929
34939
34951
34966
34978
34990
34991
34997
35001
35001
35019
35025
35030
35033
35040
35053
35069
35072
35084
35088
35095
35097
35120
35123
35131
35135
35146
35172
35198
35244
35265
35280
35292
35295
35300
35303
35313
35320
35321
35322
35344
35348
35355
35363
35377
35385
35395
35397
35398
35405
35443
35452
35454
35472
35512
35521
35528
35540
35556
35557
35574
35579
35609
35611
35614
35656
35661
35665
35666
35674
35702
35744
35762
35762
35765
35789
35796
35804
35846
35851
35855
35858
35867
35868
35875
35881
35887
35903
35904
35918
35924
35926
35940
35948
35969
35982
35987
36003
36004
36004
36006
36009
36010
36023
36025
36028
36039
36040
36043
36046
36064
36091
36093
36103
36107
36109
36112
36129
36142
36151
36180
36187
36200
36202
36205
36214
36227
36238
36243
36249
36249
36250
36269
36283
36287
36296
36317
36340
36366
36370
36388
36395
36440
36445
36480
36492
36522
36537
36548
36602
36661
36662
36663
36680
36683
36685
36688
36696
36698
36723
36733
36738
36750
36750
36757
36757
36811
36816
36817
36823
36830
36852
36871
36916
36919
36919
36939
36943
36955
36962
36966
36995
37001
37003
37022
37039
37047
37055
37083
37090
37101
37104
37116
37118
37136
37137
37137
37142
37143
37152
37165
37172
37215
37216
37237
37254
37255
37273
37273
37288
37294
37301
37308
37367
37376
37377
37395
37397
37403
37410
37419
37424
37425
37435
37437
37442
37451
37462
37475
37495
37497
37501
37501
37508
37511
37511
37516
37521
37572
37577
37593
37620
37627
37638
37649
37668
37674
37676
37682
37701
37712
37721
37734
37741
37757
37780
37801
37821
37823
37844
37859
37869
37872
37894
37917
37920
37926
37945
37966
37969
37979
37983
37992
38040
38048
38075
38082
38082
38127
38149
38165
38171
38187
38199
38207
38266
38269
38278
38303
38307
38309
38313
38319
38352
38354
38357
38370
38370
38371
38378
38382
38409
38413
38422
38425
38434
38458
38461
38470
38473
38474
38507
38509
38521
38537
38558
38586
38586
38601
38605
38625
38629
38692
38693
38728
38732
38739
38740
38743
38747
38749
38750
38758
38801
38817
38838
38844
38847
38849
38851
38851
38859
38902
38916
38920
38921
38922
38926
38928
38929
38934
38937
38950
38950
38960
38968
38988
39016
39019
39030
39053
39057
39067
39085
39100
39101
39101
39103
39112
39122
39129
39133
39140
39146
39159
39162
39164
39168
39175
39178
39179
39202
39212
39228
39228
39239
39246
39271
39277
39283
39284
39298
39300
39306
39313
39318
39327
39331
39336
39336
39351
39356
39369
39370
39370
39376
39385
39389
39402
39412
39432
39447
39480
39509
39532
39544
39563
39569
39573
39581
39585
39589
39589
39590
39593
39597
39601
39615
39619
39620
39626
39627
39627
39629
39631
39676
39703
39710
39720
39723
39732
39739
39741
39744
39789
39798
39803
39806
39810
39828
39838
39839
39840
39842
39850
39851
39851
39875
39880
39900
39903
39906
39917
39950
39956
39967
39972
39981
39996
39997
40000
40021
40039
40046
40053
40065
40075
40092
40101
40103
40107
40113
40119
40122
40137
40139
40140
40148
40151
40162
40162
40177
40186
40187
40188
40192
40192
40207
40208
40215
40236
40236
40242
40243
40246
40263
40270
40286
40292
40295
40301
40303
40314
40318
40342
40362
40370
40371
40371
40382
40384
40398
40405
40436
40437
40447
40449
40454
40455
40461
40463
40488
40491
40516
40525
40528
40529
40537
40537
40540
40545
40546
40547
40594
40603
40607
40607
40616
40617
40661
40666
40670
40681
40694
40700
40708
40719
40728
40729
40739
40759
40760
40771
40772
40774
40791
40793
40794
40796
40799
40804
40817
40819
40827
40841
40842
40853
40857
40864
40866
40871
40881
40884
40885
40886
40890
40901
40906
40914
40917
40920
40923
40926
40930
40949
40953
40961
40974
40982
41034
41043
41049
41060
41067
41093
41122
41125
41126
41126
41138
41146
41147
41149
41163
41165
41203
41212
41214
41215
41218
41224
41236
41242
41261
41261
41269
41270
41273
41276
41282
41298
41314
41319
41319
41319
41356
41356
41368
41379
41382
41399
41415
41425
41431
41448
41453
41467
41470
41473
41480
41481
41493
41494
41513
41522
41542
41555
41560
41562
41573
41593
41603
41611
41622
41622
41648
41663
41664
41691
41696
41701
41757
41759
41773
41808
41827
41846
41850
41868
41876
41877
41878
41917
41938
41946
41957
41959
41968
41984
42020
42028
42030
42037
42038
42039
42042
42056
42085
42117
42124
42127
42130
42131
42146
42181
42209
42219
42231
42236
42237
42282
42289
42318
42325
42330
42338
42361
42366
42376
42391
42400
42401
42413
42430
42433
42439
42458
42458
42467
42476
42506
42510
42540
42543
42552
42563
42569
42579
42583
42604
42607
42607
42611
42614
42624
42665
42682
42684
42692
42694
42694
42697
42700
42708
42715
42728
42745
42747
42754
42764
42770
42783
42784
42797
42798
42800
42805
42807
42819
42822
42828
42840
42850
42872
42883
42920
42923
42930
42936
42948
42949
42961
42964
42986
42989
43024
43025
43025
43025
43027
43028
43045
43049
43074
43080
43097
43145
43164
43165
43173
43185
43185
43213
43227
43227
43237
43239
43254
43283
43328
43331
43339
43358
43373
43373
43376
43391
43407
43422
43427
43438
43452
43469
43471
43479
43481
43492
43500
43512
43513
43535
43553
43566
43579
43589
43589
43599
43610
43610
43615
43621
43627
43627
43667
43680
43714
43722
43728
43731
43744
43746
43750
43754
43758
43764
43768
43768
43771
43772
43773
43776
43785
43794
43809
43810
43813
43820
43824
43848
43848
43855
43859
43874
43876
43878
43882
43888
43891
43907
43922
43929
43970
43986
43992
43993
43995
43999
43999
44009
44022
44043
44058
44091
44094
44108
44112
44117
44152
44171
44176
44177
44193
44198
44199
44201
44212
44218
44223
44247
44248
44259
44271
44272
44282
44287
44293
44298
44299
44309
44315
44315
44326
44353
44364
44365
44367
44373
44380
44387
44388
44390
44420
44425
44427
44456
44461
44467
44474
44474
44475
44477
44497
44511
44538
44544
44598
44599
44606
44633
44634
44635
44642
44649
44659
44659
44662
44710
44759
44782
44786
44788
44788
44800
44809
44814
44815
44846
44863
44872
44874
44877
44889
44894
44904
44906
44917
44920
44930
44945
44967
44968
44979
44986
45018
45025
45030
45041
45044
45046
45056
45067
45107
45116
45131
45138
45140
45144
45152
45160
45176
45182
45236
45240
45245
45277
45281
45285
45287
45295
45332
45335
45341
45346
45350
45358
45363
45377
45379
45381
45391
45399
45409
45414
45432
45436
45437
45441
45445
45449
45454
45458
45467
45472
45479
45482
45499
45522
45522
45533
45549
45550
45585
45596
45614
45636
45638
45659
45659
45677
45678
45696
45699
45715
45732
45733
45743
45745
45756
45758
45761
45761
45772
45776
45781
45811
45850
45852
45858
45871
45888
45911
45917
45932
45940
45941
45945
45952
45968
45973
46009
46016
46017
46032
46040
46058
46076
46076
46082
46096
46104
46120
46125
46139
46166
46168
46172
46182
46183
46186
46198
46204
46205
46205
46234
46241
46242
46243
46244
46247
46258
46268
46271
46283
46297
46297
46300
46314
46314
46316
46319
46321
46333
46333
46338
46345
46348
46379
46389
46392
46399
46404
46406
46409
46415
46418
46434
46442
46446
46460
46469
46484
46488
46495
46498
46498
46500
46506
46526
46538
46565
46577
46579
46604
46613
46625
46627
46639
46650
46672
46673
46679
46681
46689
46695
46714
46714
46731
46748
46759
46763
46768
46776
46797
46808
46815
46819
46822
46828
46829
46839
46841
46846
46862
46863
46893
46906
46965
46979
46980
46987
47009
47013
47018
47055
47055
47056
47072
47079
47098
47108
47118
47145
47146
47195
47209
47212
47222
47227
47272
47282
47285
47301
47308
47344
47348
47364
47369
47369
47393
47410
47429
47451
47457
47460
47482
47485
47491
47493
47497
47503
47507
47510
47520
47526
47545
47552
47564
47571
47582
47584
47592
47613
47638
47643
47646
47649
47657
47671
47671
47672
47686
47692
47706
47718
47767
47768
47768
47796
47810
47821
47822
47839
47843
47845
47852
47856
47898
47903
47911
47917
47925
47952
47957
47968
47976
47978
47981
47984
47988
47992
47996
48007
48009
48034
48044
48056
48064
48077
48081
48090
48096
48112
48117
48152
48168
48186
48197
48205
48213
48217
48222
48228
48235
48237
48245
48254
48265
48271
48291
48312
48315
48316
48330
48345
48349
48361
48387
48391
48405
48411
48423
48424
48425
48427
48430
48449
48455
48473
48507
48510
48517
48519
48521
48563
48579
48585
48594
48601
48616
48626
48653
48663
48679
48690
48693
48697
48705
48706
48741
48775
48787
48808
48824
48836
48837
48842
48848
48853
48871
48908
48910
48913
48926
48935
48942
48946
48948
48952
48954
48966
48978
48997
48998
49016
49024
49034
49039
49044
49045
49052
49056
49058
49076
49083
49084
49084
49085
49091
49094
49108
49111
49117
49138
49163
49181
49188
49190
49205
49221
49230
49257
49276
49284
49286
49291
49296
49310
49311
49325
49326
49328
49335
49340
49348
49354
49387
49398
49406
49424
49437
49438
49444
49459
49471
49494
49509
49512
49513
49515
49516
49522
49539
49543
49559
49574
49575
49600
49602
49605
49616
49629
49629
49638
49667
49676
49684
49695
49727
49751
49784
49786
49794
49796
49825
49836
49838
49839
49849
49851
49867
49870
49876
49906
49919
49927
49927
49940
49946
49958
49970
49973
49977
49977
49983
49988
49993
49996
50005
50010
50013
50016
50020
50041
50048
50065
50068
50073
50074
50078
50079
50080
50080
50083
50086
50107
50113
50116
50143
50158
50161
50164
50181
50203
50210
50230
50258
50280
50309
50322
50322
50323
50326
50329
50335
50353
50354
50374
50384
50408
50452
50454
50481
50482
50490
50496
50504
50505
50506
50508
50521
50522
50526
50536
50550
50551
50554
50559
50583
50601
50602
50622
50632
50634
50641
50660
50671
50678
50685
50691
50705
50712
50723
50732
50746
50796
50804
50806
50837
50847
50854
50857
50874
50877
50893
50915
50919
50925
50926
50936
50941
50945
50946
50973
50975
50988
50988
50989
51001
51004
51007
51016
51020
51040
51045
51074
51079
51107
51110
51112
51161
51167
51183
51193
51195
51209
51210
51221
51236
51244
51247
51252
51255
51257
51265
51265
51269
51273
51288
51293
51302
51306
51313
51315
51318
51320
51334
51342
51346
51371
51387
51420
51440
51443
51445
51450
51464
51472
51482
51496
51506
51540
51545
51549
51550
51563
51580
51581
51583
51586
51593
51595
51608
51608
51631
51633
51643
51646
51661
51662
51683
51709
51713
51716
51751
51772
51773
51779
51786
51789
51791
51793
51812
51846
51864
51872
51904
51923
51926
51943
51949
51952
51991
51993
52006
52012
52015
52042
52052
52064
52082
52088
52098
52112
52114
52127
52132
52146
52154
52160
52165
52167
52177
52179
52180
52187
52190
52198
52223
52225
52236
52249
52260
52284
52302
52320
52320
52342
52367
52367
52372
52381
52390
52409
52412
52415
52426
52445
52447
52449
52461
52470
52472
52482
52488
52499
52511
52521
52523
52528
52531
52539
52543
52548
52560
52562
52591
52595
52601
52609
52623
52628
52661
52695
52696
52698
52733
52742
52760
52764
52768
52786
52789
52799
52802
52821
52847
52851
52853
52854
52884
52896
52898
52899
52912
52927
52935
52952
52968
52972
52980
52982
52984
52995
53016
53018
53024
53026
53047
53052
53088
53099
53116
53141
53147
53197
53204
53207
53226
53228
53231
53234
53238
53249
53253
53257
53258
53261
53278
53285
53285
53292
53309
53322
53344
53351
53368
53376
53392
53395
53412
53418
53418
53422
53431
53434
53436
53437
53442
53500
53507
53511
53515
53523
53526
53530
53534
53540
53549
53557
53560
53575
53589
53592
53595
53658
53661
53669
53670
53680
53698
53699
53703
53706
53726
53744
53745
53775
53785
53792
53795
53796
53805
53866
53881
53892
53905
53917
53923
53938
53949
53967
53979
53982
53985
54009
54017
54019
54034
54038
54049
54055
54058
54061
54063
54110
54120
54131
54134
54137
54181
54192
54193
54197
54199
54206
54222
54222
54225
54244
54245
54248
54251
54253
54256
54260
54260
54272
54275
54306
54308
54309
54311
54317
54319
54322
54341
54342
54343
54343
54349
54352
54358
54364
54371
54386
54388
54391
54407
54413
54445
54452
54456
54457
54458
54459
54460
54465
54468
54488
54490
54492
54493
54499
54501
54525
54526
54547
54556
54580
54588
54590
54608
54608
54609
54609
54610
54616
54627
54642
54645
54647
54659
54671
54672
54673
54682
54687
54695
54715
54734
54743
54752
54805
54811
54812
54823
54854
54854
54864
54868
54883
54888
54889
54894
54900
54906
54908
54914
54930
54970
54976
54982
54982
54984
55006
55006
55008
55018
55036
55042
55044
55050
55064
55091
55108
55120
55128
55130
55147
55151
55156
55169
55169
55172
55180
55213
55219
55220
55247
55253
55258
55259
55291
55311
55322
55356
55376
55384
55392
55394
55417
55421
55430
55430
55439
55440
55447
55453
55455
55467
55468
55470
55479
55495
55518
55527
55540
55561
55562
55570
55574
55579
55584
55584
55607
55628
55632
55633
55634
55639
55640
55678
55681
55705
55719
55762
55788
55791
55794
55795
55825
55830
55831
55831
55835
55838
55838
55853
55855
55865
55898
55900
55913
55930
55948
55961
55969
55970
56025
56030
56052
56069
56077
56126
56132
56150
56169
56186
56188
56194
56199
56206
56232
56245
56247
56258
56285
56292
56299
56306
56310
56317
56339
56376
56377
56382
56391
56408
56411
56422
56447
56453
56468
56468
56478
56479
56481
56496
56496
56498
56514
56518
56547
56548
56548
56549
56570
56575
56579
56586
56587
56595
56610
56670
56672
56694
56710
56718
56721
56738
56741
56759
56783
56797
56801
56808
56829
56832
56853
56879
56915
56922
56928
56938
56944
56946
56947
56966
56970
56993
56997
57020
57032
57037
57044
57052
57052
57070
57073
57096
57100
57100
57110
57113
57114
57123
57128
57128
57143
57156
57179
57182
57184
57195
57207
57220
57229
57231
57244
57244
57245
57247
57254
57256
57272
57282
57290
57294
57304
57308
57322
57358
57392
57400
57414
57419
57421
57465
57474
57481
57482
57490
57498
57499
57499
57504
57515
57523
57532
57534
57546
57552
57562
57573
57577
57583
57588
57589
57600
57603
57608
57617
57622
57628
57632
57644
57654
57657
57675
57681
57685
57688
57746
57750
57760
57768
57768
57771
57781
57784
57809
57815
57847
57853
57860
57871
57877
57886
57896
57899
57900
57905
57916
57925
57929
57930
57933
57934
57941
57942
57945
57955
57957
57960
57975
57997
58000
58002
58015
58047
58050
58050
58053
58054
58062
58066
58084
58098
58122
58126
58154
58160
58160
58164
58197
58198
58205
58210
58216
58221
58229
58231
58237
58239
58243
58262
58266
58266
58271
58283
58292
58294
58298
58300
58309
58333
58349
58369
58395
58401
58401
58412
58429
58431
58436
58438
58484
58484
58485
58497
58498
58517
58519
58520
58523
58528
58530
58544
58549
58567
58576
58587
58597
58599
58602
58620
58623
58628
58638
58644
58652
58663
58677
58690
58698
58703
58754
58763
58778
58778
58791
58795
58799
58807
58814
58826
58842
58874
58883
58892
58894
58933
58937
58959
58961
58966
58974
58986
58996
58998
59004
59031
59043
59068
59079
59110
59112
59116
59122
59128
59139
59148
59153
59153
59163
59166
59176
59188
59190
59194
59204
59207
59209
59222
59224
59231
59232
59243
59277
59302
59306
59315
59331
59331
59343
59355
59362
59364
59382
59383
59398
59408
59411
59412
59412
59431
59435
59439
59446
59467
59483
59494
59521
59530
59531
59546
59552
59563
59575
59578
59609
59612
59618
59621
59625
59633
59656
59664
59673
59677
59701
59710
59711
59714
59721
59734
59747
59750
59762
59781
59791
59810
59811
59813
59822
59847
59860
59874
59910
59914
59917
59939
59942
59944
59947
59959
59980
59991
60001
60006
60016
60020
60026
60033
60044
60044
60051
60062
60064
60067
60069
60075
60086
60093
60144
60149
60163
60174
60203
60210
60218
60225
60229
60255
60270
60273
60306
60320
60327
60357
60374
60394
60408
60417
60424
60430
60450
60457
60460
60471
60496
60503
60522
60524
60536
60546
60554
60558
60564
60573
60576
60597
60604
60607
60610
60634
60638
60639
60641
60675
60683
60686
60686
60686
60687
60690
60693
60694
60696
60710
60730
60748
60752
60753
60755
60762
60791
60814
60838
60841
60848
60850
60865
60870
60871
60911
60917
60926
60933
60942
60955
60978
60981
60988
60992
61040
61044
61048
61084
61087
61089
61100
61101
61124
61164
61176
61191
61192
61208
61211
61219
61220
61252
61266
61270
61280
61286
61298
61324
61326
61339
61341
61348
61349
61361
61363
61366
61379
61384
61392
61395
61396
61418
61419
61428
61449
61458
61465
61469
61470
61498
61502
61508
61513
61520
61534
61536
61543
61548
61551
61561
61572
61584
61587
61600
61604
61605
61612
61625
61626
61630
61633
61634
61637
61637
61638
61665
61669
61675
61677
61678
61685
61686
61696
61698
61701
61719
61726
61730
61732
61752
61764
61770
61777
61781
61781
61793
61793
61795
61805
61810
61814
61833
61876
61879
61883
61916
61931
61932
61955
61979
61982
61984
61985
61990
62005
62020
62026
62079
62080
62091
62104
62104
62114
62123
62133
62151
62168
62182
62185
62190
62202
62213
62222
62226
62260
62312
62319
62329
62337
62347
62371
62416
62419
62432
62438
62441
62460
62472
62472
62486
62491
62498
62510
62525
62530
62550
62555
62556
62559
62563
62564
62567
62594
62610
62617
62622
62624
62637
62641
62642
62672
62676
62676
62684
62687
62687
62687
62688
62692
62721
62726
62729
62732
62744
62746
62754
62756
62769
62769
62770
62799
62804
62808
62812
62816
62837
62861
62864
62866
62878
62880
62884
62892
62905
62913
62915
62916
62944
62959
62963
62974
62983
62991
62992
62994
62995
63004
63007
63028
63045
63046
63056
63063
63071
63074
63101
63107
63108
63112
63115
63127
63154
63157
63157
63157
63199
63231
63240
63250
63259
63270
63281
63297
63303
63308
63309
63328
63336
63340
63352
63359
63364
63367
63368
63382
63400
63420
63454
63456
63469
63470
63485
63505
63506
63509
63513
63516
63531
63550
63560
63563
63572
63574
63590
63595
63596
63607
63623
63666
63673
63682
63683
63687
63695
63712
63732
63739
63745
63748
63753
63759
63768
63785
63830
63839
63864
63870
63882
63895
63900
63902
63920
63933
63943
63957
64011
64013
64019
64021
64027
64027
64034
64064
64069
64124
64136
64137
64172
64179
64185
64205
64213
64223
64242
64248
64250
64258
64261
64270
64281
64284
64296
64317
64320
64355
64361
64366
64386
64387
64391
64416
64418
64447
64464
64465
64492
64500
64504
64504
64514
64519
64527
64531
64537
64545
64545
64547
64553
64574
64584
64585
64585
64603
64627
64635
64654
64691
64700
64708
64714
64715
64722
64725
64727
64739
64741
64756
64759
64763
64763
64777
64820
64830
64831
64851
64852
64876
64886
64893
64897
64905
64906
64955
64956
64965
64967
64990
65002
65013
65049
65054
65056
65062
65070
65071
65089
65110
65136
65145
65158
65170
65171
65175
65194
65201
65205
65218
65218
65221
65226
65230
65235
65242
65282
65296
65324
65355
65355
65356
65359
65373
65380
65389
65392
65408
65408
65408
65414
65419
65440
65442
65448
65468
65488
65491
65491
65503
65507
65509
65526
65554
65565
65574
65582
65601
65608
65626
65630
65651
65651
65654
65655
65661
65679
65722
65725
65729
65734
65734
65746
65749
65752
65762
65763
65778
65778
65794
65798
65799
65802
65815
65828
65862
65873
65886
65907
65910
65919
65931
65938
65939
65956
65963
65983
65984
65996
66002
66004
66007
66015
66025
66028
66057
66057
66059
66071
66076
66080
66097
66106
66130
66144
66146
66162
66177
66214
66217
66243
66263
66297
66308
66310
66315
66323
66350
66365
66374
66423
66453
66465
66473
66481
66492
66494
66497
66516
66523
66526
66552
66554
66575
66581
66596
66599
66601
66610
66646
66657
66664
66675
66675
66683
66683
66731
66738
66742
66759
66764
66777
66783
66804
66805
66820
66845
66860
66881
66883
66885
66889
66905
66914
66920
66926
66929
66934
66935
66939
66962
66969
66987
67001
67004
67009
67014
67029
67032
67045
67046
67047
67047
67055
67065
67091
67122
67136
67137
67138
67157
67168
67169
67170
67173
67179
67185
67189
67194
67233
67241
67246
67255
67256
67258
67259
67278
67327
67346
67351
67392
67417
67421
67432
67436
67446
67452
67464
67467
67502
67503
67504
67505
67506
67509
67545
67550
67575
67579
67597
67603
67607
67634
67661
67662
67668
67669
67674
67678
67678
67679
67699
67705
67720
67741
67757
67758
67765
67776
67787
67795
67811
67816
67823
67832
67846
67850
67855
67856
67862
67883
67890
67892
67892
67894
67895
67900
67904
67939
67954
67961
67987
68001
68007
68008
68014
68016
68022
68039
68045
68092
68099
68099
68101
68107
68109
68110
68110
68127
68136
68137
68161
68162
68177
68183
68184
68187
68187
68196
68204
68218
68225
68240
68242
68253
68259
68283
68290
68293
68298
68314
68314
68325
68326
68342
68347
68354
68390
68391
68392
68398
68416
68417
68433
68449
68455
68464
68465
68471
68481
68487
68502
68508
68515
68521
68531
68532
68545
68546
68578
68581
68599
68600
68645
68655
68668
68675
68684
68702
68712
68736
68742
68762
68779
68780
68785
68788
68796
68824
68839
68866
68903
68912
68921
68966
68967
68974
68974
68993
69014
69018
69035
69061
69071
69095
69118
69124
69157
69158
69160
69162
69164
69165
69171
69180
69193
69195
69205
69208
69209
69217
69226
69255
69272
69285
69301
69313
69344
69354
69370
69374
69391
69397
69400
69419
69420
69436
69456
69457
69458
69481
69494
69498
69502
69514
69514
69526
69550
69571
69584
69586
69589
69590
69593
69611
69619
69627
69640
69644
69652
69654
69659
69690
69701
69706
69709
69709
69711
69718
69756
69771
69781
69787
69787
69811
69813
69817
69832
69834
69854
69863
69865
69895
69923
69938
69942
69948
69964
69966
69985
70006
70019
70022
70028
70029
70031
70041
70055
70066
70068
70072
70094
70103
70104
70123
70129
70136
70162
70163
70164
70167
70185
70210
70225
70225
70231
70233
70236
70243
70248
70280
70281
70306
70310
70310
70340
70341
70341
70356
70366
70380
70384
70385
70395
70406
70408
70411
70422
70435
70440
70466
70467
70476
70478
70480
70487
70496
70516
70538
70563
70575
70593
70603
70609
70611
70620
70626
70644
70655
70658
70704
70722
70723
70728
70743
70752
70759
70764
70777
70782
70783
70785
70791
70827
70871
70891
70895
70915
70920
70921
70922
70928
70933
70938
70953
70961
70961
70973
70979
70982
70993
71011
71022
71029
71035
71039
71041
71045
71052
71058
71058
71060
71063
71065
71082
71085
71087
71090
71091
71110
71123
71150
71173
71194
71212
71213
71214
71225
71246
71261
71261
71266
71277
71278
71288
71289
71308
71312
71322
71335
71337
71345
71366
71376
71377
71379
71386
71404
71407
71409
71411
71422
71424
71430
71450
71468
71491
71502
71508
71513
71524
71529
71557
71602
71602
71604
71610
71634
71654
71656
71661
71679
71680
71681
71684
71696
71708
71709
71710
71712
71727
71734
71736
71740
71754
71768
71801
71836
71855
71855
71856
71901
71902
71916
71923
71926
71927
71932
71945
71951
71957
71967
71969
71975
71987
71991
71996
72003
72011
72023
72045
72054
72074
72101
72108
72113
72122
72125
72127
72135
72154
72163
72169
72183
72186
72194
72197
72201
72202
72213
72235
72238
72243
72246
72251
72265
72272
72275
72277
72284
72295
72304
72313
72320
72328
72332
72332
72333
72346
72354
72358
72358
72360
72372
72373
72380
72395
72400
72404
72415
72420
72427
72452
72452
72453
72453
72518
72522
72528
72537
72537
72538
72544
72557
72560
72563
72574
72638
72648
72657
72657
72666
72674
72687
72713
72714
72717
72735
72744
72747
72754
72763
72766
72768
72784
72790
72791
72821
72824
72832
72838
72874
72883
72886
72888
72908
72924
72928
72938
72939
72950
72973
72980
72985
72989
72994
73019
73026
73045
73058
73079
73080
73085
73087
73093
73111
73114
73122
73123
73123
73127
73133
73139
73143
73148
73170
73177
73177
73186
73196
73201
73211
73212
73219
73230
73231
73239
73260
73263
73270
73273
73280
73291
73294
73309
73324
73359
73362
73373
73376
73376
73414
73431
73432
73450
73451
73456
73459
73470
73478
73489
73495
73504
73511
73534
73544
73566
73567
73575
73622
73627
73628
73641
73667
73669
73670
73686
73687
73710
73728
73731
73747
73750
73753
73754
73758
73772
73781
73782
73806
73832
73842
73853
73855
73856
73872
73879
73904
73906
73910
73928
73931
73933
73955
73973
73979
73997
74005
74005
74010
74011
74034
74039
74045
74090
74119
74138
74144
74149
74151
74170
74174
74179
74183
74185
74236
74237
74242
74263
74272
74275
74296
74304
74328
74330
74339
74368
74373
74390
74391
74392
74393
74421
74436
74444
74451
74464
74466
74500
74514
74515
74522
74522
74547
74571
74582
74584
74588
74608
74612
74619
74626
74633
74639
74640
74642
74646
74648
74653
74664
74670
74689
74699
74700
74723
74738
74739
74749
74767
74775
74782
74793
74801
74803
74818
74820
74847
74847
74852
74854
74854
74859
74863
74895
74903
74922
74922
74934
74946
74948
74952
74955
74957
74958
74982
74991
75020
75024
75032
75051
75057
75060
75070
75083
75085
75090
75098
75121
75129
75131
75147
75152
75190
75192
75217
75225
75229
75240
75263
75286
75298
75307
75345
75354
75376
75379
75382
75385
75388
75390
75398
75405
75429
75443
75460
75460
75462
75492
75494
75494
75500
75500
75501
75504
75505
75512
75530
75533
75534
75540
75540
75553
75556
75576
75582
75583
75641
75646
75650
75654
75658
75659
75679
75680
75682
75693
75711
75712
75729
75743
75746
75749
75752
75760
75769
75774
75776
75792
75818
75822
75823
75834
75841
75868
75873
75878
75885
75897
75901
75937
75946
75947
75957
75964
75985
75989
76021
76024
76029
76051
76059
76063
76064
76065
76073
76088
76093
76107
76114
76139
76141
76143
76155
76157
76161
76163
76178
76179
76185
76195
76197
76213
76220
76226
76229
76233
76237
76240
76245
76284
76293
76294
76323
76326
76348
76356
76364
76368
76381
76384
76403
76417
76418
76428
76431
76457
76462
76477
76502
76506
76516
76535
76542
76565
76567
76573
76584
76586
76601
76609
76654
76660
76672
76679
76683
76689
76698
76708
76713
76716
76727
76737
76765
76768
76780
76787
76794
76799
76807
76808
76810
76827
76831
76849
76864
76864
76882
76885
76904
76917
76922
76947
76953
77021
77022
77029
77039
77048
77052
77059
77065
77094
77094
77116
77128
77131
77168
77168
77174
77184
77188
77203
77220
77225
77226
77234
77237
77240
77249
77258
77259
77285
77289
77291
77298
77299
77299
77301
77309
77312
77319
77339
77344
77355
77365
77374
77379
77406
77419
77420
77420
77441
77444
77450
77454
77460
77463
77466
77474
77494
77512
77521
77524
77533
77533
77539
77546
77556
77597
77621
77622
77624
77627
77641
77652
77655
77657
77657
77686
77691
77699
77708
77726
77733
77736
77750
77758
77777
77801
77830
77831
77835
77851
77868
77872
77920
77937
77938
77940
77945
77991
78005
78015
78018
78021
78030
78030
78032
78032
78056
78056
78068
78074
78101
78109
78136
78137
78138
78141
78142
78145
78152
78161
78171
78176
78177
78180
78194
78204
78212
78234
78249
78254
78257
78258
78274
78320
78325
78332
78342
78344
78356
78358
78364
78384
78414
78431
78434
78450
78458
78465
78487
78514
78517
78537
78569
78593
78594
78598
78605
78611
78612
78629
78635
78647
78664
78665
78674
78679
78687
78691
78706
78714
78717
78743
78750
78751
78763
78770
78808
78833
78868
78873
78875
78884
78891
78903
78905
78924
78948
78950
78962
78969
78993
78993
79032
79055
79072
79082
79086
79091
79096
79101
79110
79111
79117
79126
79142
79151
79151
79188
79200
79217
79239
79246
79249
79253
79253
79263
79273
79274
79278
79282
79285
79287
79300
79315
79320
79325
79329
79330
79331
79355
79362
79372
79375
79376
79380
79382
79393
79400
79403
79421
79425
79427
79455
79458
79466
79468
79470
79507
79517
79546
79603
79612
79616
79621
79629
79642
79694
79704
79714
79722
79725
79732
79739
79759
79767
79793
79793
79802
79807
79810
79813
79820
79848
79848
79850
79853
79864
79884
79891
79897
79902
79904
79912
79916
79934
79949
79950
79968
79991
79995
79996
80007
80015
80026
80045
80045
80060
80081
80096
80098
80106
80108
80124
80138
80169
80187
80215
80217
80221
80225
80234
80245
80252
80271
80291
80299
80307
80308
80335
80336
80336
80339
80347
80352
80367
80387
80394
80395
80400
80406
80422
80429
80437
80450
80451
80466
80472
80499
80500
80503
80505
80511
80521
80526
80535
80552
80563
80568
80588
80604
80619
80632
80643
80644
80644
80652
80656
80672
80674
80675
80688
80692
80701
80702
80703
80709
80710
80713
80730
80738
80747
80763
80764
80781
80787
80789
80814
80828
80832
80836
80838
80839
80851
80856
80871
80891
80921
80925
80929
80934
80949
80970
80976
80984
80986
81024
81024
81028
81028
81033
81042
81054
81061
81070
81071
81073
81083
81084
81116
81140
81157
81163
81173
81179
81198
81198
81200
81212
81215
81219
81222
81225
81244
81244
81251
81252
81252
81257
81257
81282
81290
81301
81305
81306
81318
81325
81331
81354
81363
81372
81391
81399
81416
81423
81425
81425
81446
81496
81524
81544
81549
81560
81592
81602
81614
81626
81631
81646
81647
81654
81668
81680
81691
81703
81704
81710
81728
81728
81750
81761
81792
81814
81821
81824
81824
81828
81828
81829
81844
81849
81855
81855
81861
81901
81915
81926
81928
81930
81954
81963
81986
81990
82043
82043
82048
82060
82070
82094
82108
82117
82156
82160
82165
82180
82186
82196
82234
82242
82255
82263
82265
82267
82272
82280
82289
82302
82305
82307
82312
82335
82350
82356
82367
82373
82375
82376
82404
82412
82413
82417
82417
82426
82433
82436
82437
82450
82465
82498
82528
82544
82547
82549
82569
82573
82579
82584
82608
82629
82643
82643
82646
82660
82667
82667
82669
82684
82693
82706
82737
82748
82760
82781
82798
82799
82804
82817
82823
82832
82833
82860
82860
82868
82873
82877
82880
82881
82889
82904
82911
82929
82943
82943
82943
82950
82951
82954
82964
82992
82996
83000
83001
83016
83016
83049
83054
83054
83077
83079
83085
83086
83088
83098
83106
83118
83132
83133
83148
83163
83190
83216
83230
83236
83238
83246
83255
83256
83269
83270
83277
83285
83305
83319
83348
83387
83397
83413
83418
83428
83433
83434
83458
83471
83472
83474
83490
83499
83518
83519
83536
83568
83581
83599
83605
83630
83638
83640
83649
83651
83664
83670
83671
83706
83717
83726
83734
83736
83744
83749
83754
83755
83755
83756
83767
83791
83797
83816
83832
83847
83849
83888
83889
83895
83896
83908
83917
83927
83928
83949
83957
83994
84010
84014
84049
84050
84074
84076
84086
84104
84123
84129
84142
84143
84143
84150
84157
84158
84161
84162
84170
84177
84198
84208
84222
84231
84237
84243
84257
84262
84284
84290
84302
84312
84332
84351
84353
84369
84374
84390
84396
84406
84436
84437
84440
84451
84465
84467
84468
84488
84491
84498
84498
84506
84512
84537
84551
84553
84568
84575
84575
84593
84608
84635
84636
84646
84655
84659
84672
84673
84674
84697
84702
84702
84711
84735
84746
84761
84762
84775
84793
84821
84856
84863
84876
84879
84886
84887
84888
84960
84976
84986
84989
85014
85017
85020
85023
85044
85051
85088
85089
85120
85146
85147
85150
85183
85188
85195
85201
85202
85218
85253
85261
85265
85277
85289
85295
85300
85302
85357
85360
85374
85376
85382
85402
85403
85412
85431
85437
85438
85440
85457
85460
85473
85473
85480
85515
85519
85566
85572
85589
85594
85605
85609
85625
85633
85638
85639
85665
85674
85681
85682
85684
85706
85713
85720
85729
85744
85761
85776
85776
85789
85795
85796
85812
85816
85829
85832
85841
85845
85874
85877
85884
85886
85896
85896
85902
85933
85959
85960
85994
85998
86005
86010
86017
86028
86044
86045
86073
86110
86139
86148
86149
86153
86155
86157
86162
86164
86166
86169
86173
86179
86190
86191
86197
86210
86244
86258
86269
86283
86284
86297
86302
86308
86326
86334
86344
86352
86362
86366
86395
86418
86421
86430
86438
86438
86442
86442
86445
86457
86459
86485
86499
86500
86506
86511
86518
86523
86526
86534
86543
86578
86593
86597
86604
86610
86621
86623
86643
86662
86684
86686
86686
86686
86692
86721
86733
86748
86761
86765
86771
86787
86800
86815
86819
86826
86894
86899
86899
86900
86918
86922
86928
86931
86933
86944
86944
86944
86961
86982
86999
87000
87010
87016
87039
87045
87069
87070
87071
87076
87084
87091
87096
87099
87114
87125
87127
87132
87139
87140
87144
87155
87158
87169
87174
87183
87200
87215
87227
87239
87250
87251
87280
87286
87286
87291
87294
87300
87303
87315
87317
87325
87326
87328
87357
87358
87391
87392
87402
87403
87444
87455
87466
87468
87471
87476
87479
87483
87483
87503
87510
87524
87551
87586
87595
87595
87596
87597
87604
87605
87616
87632
87642
87653
87657
87670
87690
87707
87712
87719
87730
87734
87740
87769
87776
87780
87819
87876
87880
87899
87901
87906
87911
87924
87927
87932
87936
87949
87980
87987
87988
87990
88015
88022
88033
88046
88048
88051
88054
88059
88060
88075
88081
88083
88084
88084
88097
88112
88126
88129
88131
88137
88146
88152
88158
88162
88164
88169
88170
88184
88186
88187
88199
88206
88207
88207
88208
88222
88229
88232
88252
88273
88292
88297
88308
88323
88331
88331
88338
88343
88355
88373
88382
88388
88389
88398
88400
88409
88437
88448
88478
88500
88505
88533
88534
88536
88538
88558
88567
88590
88593
88598
88601
88605
88611
88612
88620
88624
88625
88631
88641
88642
88691
88694
88696
88700
88704
88711
88718
88728
88736
88740
88758
88765
88791
88793
88798
88806
88818
88821
88821
88853
88856
88876
88900
88913
88925
88935
88944
88951
88957
88963
88963
88986
89008
89013
89013
89023
89033
89035
89038
89051
89061
89068
89073
89080
89085
89087
89088
89093
89098
89099
89102
89120
89126
89147
89150
89153
89153
89161
89163
89174
89177
89187
89190
89202
89210
89211
89212
89229
89254
89265
89269
89270
89274
89278
89290
89305
89307
89311
89315
89329
89335
89338
89357
89363
89373
89375
89378
89380
89382
89387
89397
89413
89420
89424
89427
89435
89444
89447
89447
89450
89474
89484
89485
89488
89490
89490
89499
89505
89506
89516
89518
89518
89538
89539
89551
89556
89559
89567
89597
89617
89627
89629
89649
89660
89667
89667
89676
89678
89680
89684
89689
89703
89712
89713
89759
89768
89772
89780
89806
89807
89810
89815
89832
89835
89848
89852
89865
89880
89892
89902
89919
89924
89966
89970
89971
89991
90000
90002
90017
90020
90043
90059
90061
90076
90080
90094
90100
90113
90126
90135
90159
90171
90180
90202
90208
90217
90221
90244
90249
90252
90266
90271
90291
90294
90311
90318
90320
90324
90330
90341
90345
90352
90352
90360
90374
90375
90376
90385
90401
90407
90446
90453
90455
90487
90489
90502
90529
90529
90549
90583
90589
90590
90611
90621
90624
90638
90640
90643
90646
90652
90657
90658
90660
90670
90679
90721
90729
90740
90761
90762
90767
90777
90780
90782
90798
90813
90816
90828
90833
90838
90839
90850
90859
90865
90869
90869
90873
90877
90894
90908
90918
90933
90935
90960
90968
90996
90997
91001
91005
91017
91030
91045
91047
91050
91054
91056
91079
91085
91100
91104
91109
91134
91150
91155
91173
91175
91180
91189
91210
91238
91248
91253
91259
91292
91300
91300
91314
91332
91336
91354
91360
91369
91398
91400
91403
91412
91423
91426
91428
91434
91444
91450
91451
91461
91463
91489
91492
91504
91522
91526
91540
91542
91542
91560
91561
91568
91568
91573
91590
91611
91640
91645
91649
91661
91665
91667
91674
91692
91692
91693
91698
91700
91708
91709
91760
91762
91766
91769
91794
91802
91808
91816
91819
91823
91827
91857
91857
91859
91864
91882
91885
91911
91920
91933
91952
91974
91976
91981
91985
91989
91990
91998
92000
92005
92010
92019
92026
92034
92075
92081
92094
92106
92120
92141
92162
92168
92172
92190
92199
92202
92205
92216
92229
92285
92302
92302
92307
92314
92317
92319
92321
92323
92327
92351
92354
92360
92362
92364
92369
92381
92400
92402
92422
92424
92431
92455
92459
92470
92479
92481
92500
92500
92523
92523
92526
92529
92531
92535
92535
92551
92561
92568
92574
92592
92595
92598
92627
92653
92654
92660
92665
92670
92676
92678
92694
92714
92735
92738
92746
92754
92755
92766
92770
92783
92785
92800
92803
92808
92817
92826
92827
92862
92872
92884
92894
92919
92926
92946
92971
92972
92986
92988
92990
93010
93029
93040
93051
93060
93061
93074
93074
93092
93102
93103
93110
93112
93113
93119
93147
93170
93180
93184
93191
93208
93230
93230
93239
93241
93252
93279
93288
93298
93324
93325
93334
93386
93387
93403
93438
93449
93449
93450
93452
93460
93479
93524
93527
93545
93545
93549
93580
93589
93598
93599
93605
93609
93619
93620
93651
93662
93664
93669
93677
93678
93682
93722
93729
93742
93744
93746
93759
93764
93765
93766
93771
93772
93784
93789
93802
93808
93809
93814
93818
93826
93830
93840
93878
93883
93905
93906
93926
93928
93952
93957
93963
93986
93992
93992
94001
94012
94023
94026
94040
94054
94060
94071
94072
94098
94114
94139
94149
94154
94185
94189
94196
94203
94214
94220
94222
94229
94239
94241
94248
94260
94312
94313
94399
94403
94408
94410
94410
94413
94419
94422
94423
94449
94453
94467
94481
94482
94485
94499
94510
94526
94546
94554
94565
94583
94589
94590
94593
94596
94626
94654
94656
94664
94666
94676
94677
94679
94686
94711
94730
94758
94762
94775
94793
94810
94814
94823
94824
94867
94884
94886
94897
94902
94921
94924
94926
94941
94947
94968
94969
95023
95046
95046
95048
95049
95058
95059
95059
95075
95078
95087
95110
95116
95127
95144
95147
95150
95161
95173
95199
95205
95211
95220
95222
95222
95227
95227
95238
95239
95241
95246
95250
95251
95254
95258
95259
95273
95298
95348
95354
95356
95359
95368
95395
95408
95415
95417
95427
95432
95439
95440
95447
95464
95467
95470
95479
95497
95506
95511
95522
95529
95529
95554
95555
95556
95567
95589
95590
95606
95608
95630
95644
95644
95662
95667
95671
95675
95684
95688
95711
95713
95714
95714
95746
95746
95751
95771
95772
95773
95796
95814
95867
95871
95894
95903
95907
95914
95934
95938
95951
95956
95967
95975
95993
96005
96047
96048
96052
96074
96075
96097
96107
96115
96116
96117
96123
96125
96141
96150
96193
96215
96221
96229
96237
96256
96285
96285
96289
96295
96327
96331
96343
96383
96387
96392
96394
96402
96409
96414
96422
96441
96444
96476
96484
96493
96529
96547
96552
96552
96552
96585
96585
96587
96589
96592
96597
96599
96635
96658
96672
96673
96696
96701
96702
96704
96707
96720
96726
96730
96732
96741
96747
96759
96775
96785
96795
96802
96803
96807
96811
96818
96849
96866
96929
96931
96933
96938
96948
96951
96967
96973
96983
96989
97008
97009
97010
97029
97042
97055
97062
97079
97095
97115
97120
97131
97137
97144
97164
97167
97192
97193
97196
97197
97197
97198
97204
97210
97253
97262
97275
97291
97294
97296
97316
97337
97349
97366
97377
97393
97395
97406
97414
97416
97418
97422
97424
97428
97449
97459
97484
97487
97493
97504
97509
97518
97532
97549
97553
97554
97593
97601
97610
97612
97630
97643
97651
97656
97656
97660
97676
97685
97693
97709
97715
97723
97726
97729
97752
97756
97761
97772
97774
97779
97797
97801
97808
97822
97824
97828
97828
97831
97862
97880
97894
97905
97908
97934
97940
97941
97946
97946
97954
97956
97958
97962
97969
97983
97991
97996
98007
98043
98053
98054
98072
98081
98083
98113
98115
98124
98127
98132
98141
98150
98151
98156
98160
98164
98173
98181
98185
98201
98205
98225
98229
98247
98266
98292
98293
98307
98309
98317
98356
98363
98382
98405
98421
98443
98447
98455
98498
98502
98513
98521
98533
98545
98555
98560
98567
98568
98598
98608
98613
98622
98633
98644
98646
98646
98667
98678
98684
98690
98694
98707
98717
98726
98733
98740
98746
98750
98752
98783
98787
98800
98812
98817
98843
98844
98858
98859
98863
98865
98868
98875
98883
98886
98894
98895
98898
98917
98923
98930
98938
98945
98950
98955
98969
98973
99025
99029
99032
99048
99056
99061
99063
99065
99078
99095
99099
99101
99113
99118
99130
99140
99142
99165
99178
99183
99184
99190
99198
99202
99209
99214
99217
99281
99299
99314
99326
99326
99338
99342
99350
99362
99362
99370
99396
99397
99419
99436
99475
99484
99490
99520
99529
99534
99540
99550
99552
99557
99565
99569
99572
99583
99594
99606
99606
99613
99620
99620
99629
99641
99648
99653
99657
99674
99695
99700
99717
99719
99723
99744
99750
99753
99757
99758
99767
99767
99781
99782
99784
99787
99794
99815
99820
99845
99872
99874
99894
99894
99899
99935
99943
99954
99973
99982
99984
99990
99991
