2
9
26
39
71
82
91
97
103
110
125
133
154
158
160
176
191
234
237
243
287
296
298
301
303
308
310
311
316
330
340
350
353
354
373
374
377
404
411
432
440
442
447
448
460
468
475
479
524
527
541
546
550
551
562
586
598
600
613
619
624
629
643
647
653
661
667
676
681
685
685
689
694
697
700
705
717
718
751
754
761
762
763
772
773
790
791
799
802
817
830
833
834
853
857
865
877
892
914
917
925
932
937
949
949
964
971
980
988
991
1016
1038
1041
1047
1047
1050
1065
1066
1073
1084
1084
1103
1112
1113
1130
1133
1135
1143
1148
1150
1157
1157
1164
1171
1185
1185
1190
1208
1208
1210
1222
1233
1240
1265
1267
1288
1311
1314
1327
1328
1339
1343
1345
1383
1390
1407
1416
1466
1476
1506
1522
1562
1567
1573
1603
1634
1638
1648
1664
1666
1676
1687
1698
1700
1727
1729
1730
1734
1738
1756
1796
1799
1809
1821
1826
1833
1857
1878
1899
1900
1905
1908
1908
1915
1932
1938
1945
1955
1961
2002
2011
2018
2019
2024
2033
2067
2076
2082
2083
2095
2101
2115
2136
2161
2176
2213
2218
2219
2223
2232
2233
2235
2249
2251
2270
2283
2292
2295
2310
2319
2322
2330
2330
2357
2361
2375
2385
2401
2411
2415
2420
2446
2455
2471
2480
2486
2495
2512
2517
2520
2526
2571
2582
2598
2613
2614
2646
2661
2674
2674
2697
2698
2719
2723
2725
2740
2744
2781
2783
2813
2816
2828
2831
2846
2873
2889
2889
2892
2893
2908
2916
2921
2927
2928
2935
2937
2941
2953
2954
2959
2969
2980
2989
2996
2997
3001
3001
3009
3013
3014
3039
3054
3083
3116
3126
3127
3127
3128
3129
3133
3137
3175
3198
3198
3205
3226
3233
3253
3264
3276
3287
3297
3298
3314
3333
3336
3339
3344
3350
3356
3357
3358
3376
3389
3400
3400
3460
3467
3473
3485
3497
3501
3502
3505
3511
3514
3526
3543
3550
3564
3573
3577
3578
3605
3618
3618
3621
3644
3648
3684
3687
3694
3701
3703
3705
3706
3715
3730
3736
3743
3746
3749
3750
3767
3775
3802
3815
3824
3825
3844
3853
3855
3861
3864
3864
3873
3875
3876
3890
3897
3921
3924
3966
3974
3976
3978
3979
3994
4002
4025
4039
4063
4076
4086
4104
4105
4116
4123
4126
4133
4137
4139
4150
4152
4183
4187
4190
4206
4220
4225
4229
4233
4234
4242
4242
4242
4261
4264
4268
4270
4300
4304
4336
4336
4340
4356
4379
4391
4410
4430
4457
4459
4459
4462
4478
4496
4497
4518
4521
4527
4543
4544
4545
4545
4585
4609
4643
4648
4679
4684
4694
4710
4725
4738
4747
4751
4779
4789
4790
4802
4813
4814
4814
4817
4823
4824
4835
4836
4849
4852
4857
4889
4890
4893
4895
4900
4903
4917
4918
4925
4944
5011
5023
5037
5039
5066
5075
5084
5085
5108
5113
5116
5131
5133
5137
5140
5147
5152
5163
5169
5186
5187
5189
5193
5197
5200
5203
5226
5231
5241
5313
5321
5322
5346
5353
5361
5364
5365
5366
5400
5404
5415
5418
5419
5437
5441
5459
5463
5470
5475
5477
5477
5497
5507
5508
5516
5529
5544
5549
5552
5576
5581
5584
5591
5601
5609
5625
5631
5648
5655
5671
5674
5676
5681
5690
5711
5716
5724
5725
5726
5728
5728
5730
5730
5739
5758
5766
5773
5787
5809
5819
5827
5834
5834
5839
5893
5894
5898
5899
5906
5926
5936
5947
5966
5966
5968
6008
6012
6017
6019
6019
6034
6062
6067
6070
6073
6095
6124
6126
6141
6156
6164
6166
6168
6170
6174
6183
6188
6195
6207
6209
6230
6235
6256
6258
6258
6291
6308
6315
6318
6336
6344
6364
6365
6379
6384
6393
6399
6405
6408
6411
6411
6431
6435
6435
6440
6449
6473
6478
6481
6493
6528
6533
6547
6560
6568
6574
6586
6592
6600
6600
6605
6610
6617
6618
6621
6641
6658
6662
6666
6679
6682
6689
6711
6712
6721
6744
6744
6786
6800
6804
6805
6832
6833
6843
6852
6866
6875
6928
6930
6935
6936
6963
6967
6977
6983
7007
7009
7013
7032
7040
7051
7055
7065
7089
7104
7108
7116
7118
7121
7139
7142
7147
7155
7179
7185
7185
7186
7197
7211
7212
7268
7285
7295
7301
7302
7303
7353
7355
7359
7373
7379
7380
7384
7384
7385
7393
7398
7411
7429
7443
7450
7453
7461
7469
7470
7475
7475
7479
7481
7493
7524
7528
7536
7548
7550
7572
7575
7589
7592
7593
7595
7600
7604
7610
7614
7639
7639
7647
7649
7652
7653
7654
7661
7669
7680
7709
7712
7713
7721
7722
7762
7789
7789
7796
7797
7803
7810
7818
7833
7837
7867
7869
7872
7876
7895
7896
7897
7901
7930
7930
7938
7960
7960
7962
7964
7970
7985
8011
8011
8014
8015
8025
8027
8028
8041
8051
8060
8063
8080
8084
8104
8108
8139
8171
8187
8190
8212
8236
8239
8240
8249
8253
8260
8262
8267
8270
8272
8284
8289
8301
8305
8325
8326
8334
8351
8360
8361
8363
8363
8383
8401
8431
8436
8446
8447
8450
8453
8453
8454
8466
8482
8493
8519
8520
8521
8523
8532
8539
8548
8553
8557
8560
8579
8610
8628
8633
8641
8651
8652
8655
8661
8690
8699
8724
8745
8745
8756
8765
8793
8801
8831
8867
8878
8878
8880
8882
8936
8965
8981
8994
9000
9009
9011
9014
9017
9019
9029
9044
9054
9074
9076
9080
9097
9102
9108
9109
9111
9127
9130
9147
9166
9177
9180
9182
9187
9214
9219
9221
9223
9244
9245
9245
9264
9264
9266
9283
9284
9302
9313
9333
9335
9346
9346
9356
9367
9376
9414
9415
9427
9430
9443
9472
9482
9483
9504
9517
9522
9550
9555
9559
9562
9573
9578
9590
9595
9629
9632
9633
9664
9666
9666
9694
9712
9713
9719
9749
9751
9756
9768
9773
9777
9782
9785
9785
9785
9795
9797
9814
9826
9826
9835
9842
9852
9860
9875
9877
9878
9891
9897
9902
9906
9910
9915
9930
9937
9939
9955
9957
9982
9991
10002
10006
10008
10011
10011
10012
10021
10022
10030
10036
10052
10060
10064
10068
10076
10096
10109
10114
10122
10122
10190
10192
10193
10217
10218
10221
10246
10279
10298
10301
10301
10303
10308
10313
10313
10329
10330
10342
10387
10387
10396
10402
10418
10426
10427
10464
10471
10475
10504
10508
10523
10548
10550
10552
10562
10575
10585
10599
10609
10619
10633
10635
10639
10640
10668
10673
10674
10679
10692
10704
10714
10732
10737
10757
10776
10776
10780
10793
10804
10809
10832
10858
10865
10868
10876
10879
10894
10901
10909
10909
10917
10931
10934
10937
10946
10959
10994
11001
11014
11017
11023
11032
11038
11039
11041
11045
11045
11046
11073
11092
11102
11116
11130
11136
11145
11157
11172
11182
11189
11195
11207
11208
11210
11218
11240
11266
11279
11287
11294
11307
11308
11320
11326
11327
11327
11332
11360
11363
11396
11399
11399
11400
11401
11422
11423
11424
11434
11438
11447
11458
11463
11470
11492
11499
11501
11524
11528
11532
11533
11538
11549
11551
11565
11566
11570
11575
11583
11589
11609
11614
11626
11646
11666
11674
11676
11680
11680
11684
11685
11704
11715
11728
11729
11737
11769
11778
11794
11798
11802
11811
11831
11843
11849
11872
11889
11889
11894
11907
11913
11937
11941
11950
11971
11974
11977
11979
11997
12006
12027
12053
12057
12064
12079
12121
12133
12170
12182
12202
12223
12226
12234
12250
12251
12251
12258
12259
12260
12278
12288
12309
12321
12328
12338
12349
12350
12373
12378
12382
12403
12431
12446
12449
12460
12468
12468
12476
12476
12484
12489
12492
12496
12499
12507
12519
12532
12532
12548
12552
12559
12564
12570
12573
12573
12584
12590
12595
12596
12611
12617
12620
12629
12631
12636
12639
12668
12677
12681
12692
12697
12697
12722
12734
12745
12749
12750
12755
12764
12769
12792
12828
12830
12830
12832
12839
12851
12852
12854
12858
12868
12875
12891
12902
12930
12933
12937
12947
12959
12965
12966
12974
12980
12998
12999
12999
13002
13020
13021
13026
13027
13071
13079
13080
13082
13087
13089
13106
13126
13128
13132
13138
13175
13175
13217
13219
13227
13234
13264
13273
13276
13309
13324
13326
13330
13337
13341
13343
13356
13375
13401
13407
13423
13453
13453
13458
13462
13465
13476
13481
13482
13489
13497
13519
13528
13534
13538
13549
13549
13556
13560
13562
13567
13601
13629
13631
13638
13644
13649
13665
13693
13693
13709
13711
13713
13715
13716
13719
13720
13723
13725
13732
13733
13736
13755
13756
13775
13781
13804
13809
13810
13813
13813
13839
13839
13852
13863
13873
13880
13883
13898
13907
13910
13912
13915
13917
13920
13935
13960
13970
13974
13977
13999
14000
14004
14024
14055
14056
14067
14076
14095
14099
14115
14136
14137
14145
14152
14172
14186
14191
14202
14230
14241
14245
14247
14247
14251
14259
14267
14307
14309
14314
14315
14347
14364
14368
14370
14376
14381
14388
14389
14414
14422
14459
14472
14478
14491
14501
14505
14514
14531
14540
14544
14547
14548
14556
14558
14561
14562
14566
14572
14593
14596
14607
14609
14628
14652
14661
14665
14667
14702
14705
14706
14706
14727
14738
14745
14750
14781
14797
14806
14823
14835
14838
14854
14857
14857
14868
14882
14892
14893
14911
14911
14919
14927
14928
14941
14943
14944
14958
14968
14994
14996
15023
15038
15045
15047
15050
15088
15104
15128
15129
15144
15155
15156
15171
15183
15198
15209
15226
15233
15246
15249
15256
15260
15271
15273
15281
15293
15307
15309
15310
15335
15336
15337
15346
15359
15367
15373
15392
15397
15410
15439
15455
15465
15466
15478
15481
15496
15507
15554
15559
15568
15569
15580
15588
15591
15591
15602
15608
15614
15624
15625
15633
15652
15675
15688
15692
15695
15700
15720
15736
15760
15767
15770
15784
15784
15794
15794
15798
15802
15814
15819
15822
15828
15842
15855
15860
15861
15873
15877
15878
15897
15918
15918
15919
15931
15938
15939
15940
15950
15956
15989
15992
15997
15997
15998
16013
16015
16018
16029
16030
16042
16042
16045
16052
16057
16060
16077
16099
16122
16124
16171
16174
16201
16203
16214
16226
16233
16235
16244
16252
16252
16261
16276
16287
16308
16347
16355
16360
16364
16366
16373
16389
16418
16422
16431
16436
16438
16454
16468
16475
16482
16482
16497
16502
16510
16524
16524
16526
16531
16543
16546
16565
16574
16577
16580
16581
16584
16596
16629
16642
16642
16648
16651
16655
16656
16657
16659
16683
16696
16697
16700
16709
16712
16717
16761
16763
16771
16772
16779
16820
16821
16844
16847
16874
16886
16892
16899
16915
16926
16937
16962
16962
16964
16988
16992
16993
17009
17017
17043
17051
17060
17061
17074
17079
17079
17100
17101
17103
17105
17116
17140
17156
17159
17159
17177
17188
17203
17217
17228
17234
17234
17239
17246
17258
17275
17297
17310
17327
17327
17332
17348
17375
17377
17379
17390
17415
17415
17420
17423
17450
17457
17458
17460
17468
17481
17509
17510
17511
17511
17515
17522
17526
17527
17532
17532
17578
17579
17602
17629
17637
17644
17661
17691
17700
17702
17704
17710
17726
17729
17730
17732
17738
17738
17760
17769
17785
17795
17802
17810
17813
17834
17837
17842
17849
17850
17855
17855
17859
17883
17902
17909
17918
17927
17943
17944
17962
17967
17991
18025
18029
18039
18056
18066
18069
18071
18083
18089
18097
18110
18118
18120
18133
18135
18161
18165
18167
18179
18185
18199
18223
18229
18233
18250
18253
18258
18261
18272
18283
18286
18293
18300
18320
18329
18342
18347
18354
18361
18381
18410
18418
18423
18430
18434
18463
18463
18468
18474
18476
18481
18483
18495
18505
18511
18518
18555
18594
18615
18631
18635
18649
18671
18677
18692
18693
18694
18698
18698
18700
18739
18743
18752
18759
18767
18778
18785
18836
18852
18865
18874
18888
18889
18902
18909
18918
18926
18935
18954
18959
18964
18981
18992
18994
19004
19043
19048
19061
19071
19078
19078
19097
19113
19139
19143
19151
19154
19154
19159
19171
19185
19186
19190
19200
19203
19207
19222
19244
19248
19260
19268
19280
19303
19305
19319
19324
19328
19329
19329
19336
19342
19346
19352
19370
19378
19390
19409
19420
19428
19456
19466
19469
19472
19473
19484
19496
19504
19508
19513
19547
19548
19554
19561
19565
19585
19597
19600
19607
19614
19621
19626
19639
19662
19673
19677
19682
19690
19715
19729
19744
19753
19760
19793
19794
19837
19846
19849
19850
19854
19874
19899
19902
19903
19908
19921
19921
19923
19933
19941
19966
19968
19976
19976
19992
20009
20025
20034
20066
20067
20093
20096
20147
20151
20154
20172
20174
20184
20186
20203
20203
20217
20231
20236
20242
20245
20251
20254
20274
20275
20282
20311
20320
20340
20351
20367
20374
20387
20397
20404
20405
20408
20424
20429
20431
20456
20456
20463
20465
20468
20479
20486
20486
20512
20538
20538
20549
20553
20553
20555
20559
20564
20585
20592
20605
20629
20636
20638
20640
20658
20694
20698
20713
20713
20716
20719
20724
20727
20730
20739
20768
20770
20772
20809
20810
20825
20829
20840
20843
20846
20853
20858
20859
20859
20859
20870
20883
20911
20918
20922
20927
20936
20941
20950
20956
20963
20964
20981
20990
20997
21008
21024
21053
21055
21055
21056
21068
21074
21081
21108
21109
21119
21130
21136
21155
21203
21213
21227
21239
21253
21261
21292
21301
21315
21334
21352
21379
21384
21392
21395
21399
21404
21409
21414
21438
21459
21478
21493
21523
21550
21557
21570
21603
21636
21665
21678
21717
21723
21762
21767
21775
21777
21779
21783
21786
21791
21792
21814
21818
21834
21838
21840
21847
21884
21903
21904
21912
21928
21969
21975
21983
22001
22009
22026
22026
22026
22026
22034
22043
22048
22054
22061
22102
22119
22129
22130
22158
22167
22172
22189
22190
22191
22207
22221
22244
22245
22253
22255
22259
22262
22265
22265
22279
22294
22299
22301
22353
22366
22367
22368
22372
22377
22390
22393
22402
22433
22437
22450
22493
22508
22510
22513
22523
22527
22532
22535
22537
22543
22544
22545
22553
22554
22560
22581
22586
22592
22615
22623
22625
22626
22645
22657
22671
22674
22675
22679
22709
22716
22736
22751
22755
22759
22771
22786
22796
22808
22814
22829
22863
22866
22873
22874
22908
22921
22924
22932
22943
22960
22994
23006
23016
23022
23038
23040
23042
23044
23045
23047
23059
23080
23082
23086
23105
23110
23111
23128
23132
23135
23153
23170
23205
23205
23224
23231
23246
23249
23269
23276
23277
23278
23293
23303
23306
23316
23320
23326
23330
23332
23333
23336
23342
23348
23349
23356
23411
23415
23423
23429
23455
23461
23467
23469
23481
23485
23491
23509
23517
23519
23521
23528
23532
23538
23551
23562
23563
23564
23569
23570
23576
23584
23586
23587
23595
23597
23602
23615
23617
23617
23626
23632
23637
23647
23647
23655
23660
23668
23671
23681
23692
23697
23703
23710
23712
23731
23732
23767
23771
23772
23776
23777
23789
23791
23802
23805
23810
23828
23843
23854
23855
23855
23866
23879
23888
23889
23923
23927
23927
23935
23968
23969
23983
23992
23998
24002
24013
24018
24021
24022
24022
24023
24033
24033
24034
24034
24035
24043
24056
24062
24080
24092
24116
24132
24137
24143
24155
24167
24177
24187
24190
24200
24206
24227
24233
24233
24234
24235
24245
24260
24283
24285
24293
24315
24319
24321
24334
24343
24346
24356
24361
24368
24374
24377
24385
24392
24401
24403
24411
24424
24429
24437
24441
24464
24477
24478
24483
24491
24509
24512
24512
24514
24517
24525
24528
24543
24553
24564
24566
24604
24608
24610
24616
24630
24654
24662
24684
24684
24690
24690
24691
24699
24703
24714
24714
24717
24730
24737
24737
24745
24772
24776
24793
24798
24806
24807
24814
24837
24838
24840
24842
24843
24863
24868
24869
24870
24877
24893
24893
24913
24928
24938
24952
24953
24967
24970
24976
24998
24998
25019
25031
25036
25043
25051
25055
25061
25067
25079
25084
25087
25152
25157
25164
25165
25174
25174
25175
25184
25185
25200
25210
25232
25236
25261
25273
25275
25278
25295
25303
25304
25332
25334
25350
25369
25373
25376
25380
25400
25417
25418
25422
25423
25423
25432
25445
25454
25476
25478
25479
25482
25497
25499
25503
25506
25509
25528
25547
25552
25555
25560
25562
25572
25578
25582
25592
25593
25597
25610
25655
25657
25668
25672
25683
25715
25746
25751
25753
25767
25778
25782
25797
25817
25817
25819
25822
25833
25852
25853
25874
25881
25885
25889
25905
25907
25923
25946
25974
25975
25975
25993
26006
26023
26028
26028
26031
26039
26039
26041
26052
26053
26066
26070
26075
26080
26090
26090
26100
26109
26111
26119
26122
26141
26144
26148
26151
26152
26153
26162
26167
26173
26176
26187
26191
26205
26218
26235
26249
26253
26268
26286
26287
26295
26306
26316
26319
26327
26358
26361
26374
26376
26379
26389
26390
26402
26407
26426
26426
26427
26429
26479
26483
26493
26497
26513
26515
26521
26524
26529
26553
26577
26603
26607
26608
26623
26627
26629
26629
26634
26636
26638
26648
26651
26655
26656
26663
26665
26674
26677
26679
26685
26685
26690
26700
26704
26705
26715
26719
26727
26738
26754
26756
26760
26763
26768
26771
26778
26784
26790
26791
26803
26819
26838
26869
26873
26875
26877
26896
26915
26949
26991
26997
27002
27019
27021
27023
27029
27047
27051
27053
27053
27055
27063
27067
27074
27086
27098
27135
27137
27151
27162
27171
27175
27207
27208
27216
27228
27291
27334
27347
27349
27352
27356
27363
27369
27376
27380
27381
27387
27410
27422
27429
27434
27439
27443
27443
27447
27451
27453
27456
27463
27492
27501
27530
27533
27542
27577
27582
27584
27599
27623
27636
27654
27656
27658
27661
27667
27677
27678
27685
27692
27702
27708
27730
27734
27745
27763
27765
27774
27777
27822
27824
27838
27845
27845
27846
27878
27901
27907
27938
27940
27965
27965
27969
27970
27988
28004
28015
28020
28038
28041
28047
28068
28073
28074
28074
28076
28091
28094
28109
28119
28127
28138
28149
28151
28178
28188
28227
28242
28245
28249
28262
28265
28270
28279
28293
28300
28307
28312
28317
28318
28323
28327
28335
28340
28342
28343
28354
28373
28415
28415
28423
28428
28440
28448
28455
28462
28466
28490
28503
28516
28517
28519
28533
28542
28581
28582
28582
28583
28584
28601
28606
28609
28622
28623
28639
28645
28649
28659
28662
28662
28663
28694
28699
28702
28709
28718
28719
28726
28735
28737
28741
28744
28751
28769
28786
28787
28798
28804
28823
28844
28851
28861
28865
28865
28868
28887
28908
28915
28926
28928
28936
28937
28943
28980
28984
28994
29007
29010
29015
29015
29016
29020
29022
29027
29045
29048
29050
29050
29054
29061
29061
29063
29064
29068
29089
29093
29115
29130
29141
29155
29157
29169
29192
29192
29199
29224
29224
29229
29230
29247
29280
29296
29311
29322
29322
29360
29365
29373
29393
29403
29405
29406
29420
29425
29436
29469
29471
29506
29506
29521
29544
29546
29551
29561
29570
29584
29585
29601
29611
29627
29639
29653
29654
29666
29688
29695
29720
29722
29723
29724
29729
29729
29732
29736
29751
29751
29760
29775
29780
29788
29821
29828
29832
29836
29849
29857
29862
29872
29872
29884
29887
29894
29898
29907
29916
29945
29950
29967
29969
29975
29993
30001
30002
30015
30016
30017
30019
30022
30032
30039
30044
30056
30059
30065
30080
30086
30091
30104
30140
30143
30148
30160
30162
30164
30164
30169
30169
30176
30179
30207
30227
30229
30231
30237
30240
30259
30285
30295
30321
30329
30365
30370
30370
30403
30403
30408
30412
30423
30435
30440
30453
30457
30460
30469
30496
30497
30500
30511
30542
30566
30570
30571
30572
30573
30576
30580
30591
30596
30599
30605
30610
30612
30613
30613
30656
30658
30662
30682
30684
30688
30694
30721
30736
30736
30737
30747
30762
30768
30777
30781
30793
30802
30806
30807
30820
30823
30832
30832
30833
30839
30850
30891
30903
30906
30934
30957
30960
30970
30984
30987
30993
31003
31009
31014
31055
31072
31076
31087
31120
31121
31127
31132
31136
31155
31157
31158
31158
31162
31164
31166
31174
31181
31186
31191
31208
31231
31232
31242
31248
31252
31270
31273
31276
31287
31292
31296
31316
31319
31328
31356
31359
31388
31398
31410
31429
31444
31444
31448
31450
31450
31460
31472
31480
31496
31514
31527
31534
31539
31543
31547
31558
31570
31591
31604
31604
31606
31610
31635
31662
31672
31677
31679
31685
31688
31712
31739
31743
31746
31771
31777
31784
31797
31809
31819
31821
31830
31839
31841
31846
31847
31847
31864
31865
31877
31890
31892
31894
31904
31906
31913
31920
31938
31945
31956
31966
31972
31984
31984
31984
31985
31986
31996
31996
31997
32000
32013
32027
32040
32044
32045
32053
32069
32086
32089
32101
32107
32130
32139
32157
32175
32184
32185
32192
32199
32215
32222
32252
32260
32266
32267
32272
32280
32291
32302
32318
32320
32328
32336
32337
32338
32346
32346
32349
32356
32377
32378
32381
32394
32394
32404
32416
32450
32465
32471
32482
32489
32492
32497
32503
32581
32588
32629
32632
32635
32636
32670
32672
32673
32677
32680
32683
32686
32693
32696
32703
32711
32719
32725
32749
32766
32783
32786
32794
32812
32821
32821
32832
32845
32857
32857
32861
32875
32891
32893
32897
32898
32909
32912
32929
32944
32963
32975
32975
32977
32995
33015
33024
33031
33038
33039
33040
33060
33068
33068
33101
33117
33119
33137
33146
33146
33175
33180
33210
33215
33228
33231
33250
33263
33281
33294
33321
33323
33324
33325
33347
33352
33355
33378
33407
33414
33419
33435
33438
33462
33505
33508
33516
33522
33528
33540
33547
33549
33578
33600
33614
33616
33630
33659
33665
33680
33687
33692
33697
33701
33703
33710
33749
33767
33772
33776
33803
33810
33818
33824
33839
33844
33869
33875
33881
33885
33896
33927
33929
33947
33955
33970
33980
34001
34026
34034
34035
34051
34058
34084
34094
34095
34159
34168
34194
34195
34201
34209
34209
34211
34217
34218
34219
34221
34260
34261
34324
34328
34337
34344
34351
34360
34387
34391
34397
34401
34413
34430
34438
34449
34454
34471
34472
34490
34490
34492
34504
34516
34521
34521
34536
34538
34540
34553
34563
34563
34567
34582
34587
34599
34604
34604
34610
34614
34616
34634
34636
34651
34659
34663
34675
34676
34681
34689
34689
34715
34730
34732
34734
34746
34747
34756
34759
34764
34764
34766
34801
34802
34805
34816
34840
34848
34853
34854
34860
34862
34863
34874
34894
34948
34950
34961
34962
34967
35010
35019
35053
35066
35100
35102
35103
35120
35141
35142
35150
35158
35168
35172
35175
35176
35191
35201
35203
35238
35240
35252
35265
35285
35295
35307
35316
35319
35328
35343
35374
35376
35381
35382
35388
35390
35393
35401
35404
35421
35422
35443
35446
35452
35453
35477
35495
35500
35516
35526
35547
35568
35610
35611
35624
35631
35639
35646
35649
35649
35650
35691
35724
35728
35758
35764
35768
35776
35780
35786
35835
35845
35853
35867
35888
35909
35945
35947
35977
35977
35983
35989
35996
36000
36008
36019
36029
36051
36054
36076
36078
36085
36091
36097
36114
36121
36127
36131
36148
36157
36173
36223
36232
36264
36288
36299
36314
36364
36379
36381
36385
36390
36391
36404
36407
36410
36416
36453
36453
36457
36459
36461
36465
36470
36471
36479
36505
36507
36511
36518
36532
36544
36545
36567
36590
36596
36609
36624
36629
36680
36688
36719
36720
36749
36756
36758
36774
36832
36848
36854
36860
36864
36879
36883
36884
36895
36906
36910
36915
36924
36925
36927
36935
36962
36988
36996
36999
37016
37018
37022
37023
37042
37043
37072
37099
37109
37116
37120
37137
37153
37154
37161
37162
37175
37181
37187
37191
37204
37210
37267
37273
37298
37306
37339
37364
37374
37393
37396
37399
37402
37424
37425
37430
37432
37434
37438
37462
37473
37474
37474
37483
37486
37492
37500
37502
37511
37532
37576
37577
37597
37605
37619
37628
37636
37664
37664
37671
37682
37687
37697
37707
37709
37711
37714
37751
37760
37762
37775
37780
37784
37819
37833
37835
37873
37895
37897
37899
37901
37926
37930
37946
37953
37954
37967
37985
37987
37994
38002
38004
38010
38020
38027
38041
38056
38073
38076
38088
38088
38101
38110
38133
38134
38135
38138
38145
38145
38151
38152
38184
38185
38185
38189
38190
38199
38200
38201
38211
38217
38264
38300
38308
38318
38323
38328
38351
38373
38373
38375
38382
38385
38400
38406
38413
38422
38424
38427
38430
38430
38437
38444
38447
38447
38449
38468
38481
38496
38527
38528
38529
38548
38576
38607
38609
38610
38644
38648
38666
38671
38677
38678
38680
38682
38685
38690
38697
38702
38735
38759
38761
38770
38785
38794
38807
38814
38840
38847
38857
38865
38866
38867
38875
38893
38906
38930
38934
38948
38950
38966
38967
38971
38992
39000
39012
39019
39020
39024
39033
39038
39038
39038
39043
39055
39071
39076
39077
39081
39093
39115
39126
39145
39162
39163
39165
39172
39195
39204
39207
39226
39234
39249
39253
39287
39305
39324
39345
39372
39379
39392
39395
39395
39397
39405
39426
39440
39445
39447
39454
39456
39458
39472
39477
39489
39490
39490
39495
39506
39506
39510
39519
39523
39539
39554
39569
39587
39587
39587
39598
39611
39624
39633
39660
39664
39674
39691
39695
39701
39703
39728
39729
39737
39738
39742
39742
39758
39762
39763
39787
39803
39803
39821
39826
39829
39838
39846
39848
39857
39859
39870
39884
39891
39916
39918
39920
39926
39932
39933
39977
40012
40033
40062
40068
40083
40104
40109
40115
40131
40132
40133
40136
40147
40152
40178
40179
40186
40186
40190
40205
40208
40216
40224
40245
40259
40260
40268
40282
40296
40306
40349
40362
40368
40369
40373
40390
40390
40399
40399
40407
40429
40431
40439
40450
40453
40465
40482
40494
40505
40510
40518
40525
40540
40550
40551
40565
40571
40590
40602
40605
40610
40621
40636
40646
40652
40657
40659
40667
40672
40673
40682
40686
40687
40695
40697
40736
40749
40751
40759
40760
40765
40767
40788
40792
40814
40823
40834
40835
40842
40847
40859
40901
40934
40934
40935
40939
40955
40956
40980
40990
40995
41013
41040
41043
41059
41081
41105
41120
41123
41135
41139
41149
41150
41155
41164
41167
41183
41190
41197
41200
41211
41215
41223
41227
41247
41259
41262
41263
41268
41271
41294
41305
41310
41310
41314
41324
41327
41328
41328
41332
41334
41358
41359
41364
41373
41378
41384
41385
41400
41427
41428
41449
41453
41467
41469
41470
41475
41488
41490
41491
41502
41504
41505
41509
41520
41525
41532
41535
41546
41547
41561
41564
41574
41578
41585
41645
41692
41695
41702
41714
41718
41729
41730
41741
41752
41753
41761
41775
41788
41793
41798
41799
41801
41815
41823
41838
41875
41910
41925
41933
41935
41946
41968
41973
41979
41989
41989
41999
42028
42031
42032
42040
42042
42052
42068
42079
42081
42092
42097
42119
42140
42160
42166
42169
42177
42187
42193
42202
42210
42216
42226
42226
42240
42255
42259
42271
42292
42306
42332
42348
42356
42366
42372
42383
42392
42418
42423
42423
42444
42445
42452
42455
42455
42462
42468
42473
42476
42499
42500
42517
42539
42551
42564
42568
42571
42579
42586
42587
42591
42607
42624
42629
42645
42664
42676
42682
42703
42709
42709
42719
42723
42737
42755
42757
42759
42760
42795
42799
42810
42832
42849
42851
42851
42865
42874
42931
42934
42941
42959
42982
42983
42988
43002
43003
43020
43048
43076
43088
43092
43099
43129
43141
43152
43165
43165
43188
43194
43195
43199
43204
43214
43216
43222
43244
43250
43280
43288
43297
43300
43302
43321
43326
43329
43344
43356
43363
43368
43376
43389
43392
43396
43403
43421
43423
43424
43431
43445
43456
43458
43459
43479
43485
43485
43490
43497
43503
43523
43560
43570
43601
43608
43610
43628
43646
43666
43672
43689
43697
43701
43713
43716
43722
43730
43769
43789
43802
43803
43824
43837
43854
43859
43865
43866
43937
43937
43939
43950
43955
43965
43968
43975
43979
43979
44003
44006
44009
44011
44018
44023
44044
44045
44045
44052
44082
44085
44099
44127
44146
44154
44160
44173
44177
44183
44216
44220
44223
44253
44263
44276
44285
44297
44315
44318
44320
44331
44333
44364
44381
44397
44409
44422
44448
44469
44477
44485
44499
44499
44515
44520
44541
44542
44551
44556
44557
44590
44611
44621
44623
44629
44632
44635
44637
44646
44660
44668
44673
44711
44714
44725
44731
44735
44736
44757
44760
44781
44785
44788
44792
44825
44826
44836
44838
44845
44866
44871
44876
44880
44887
44917
44924
44927
44938
44975
44982
44995
45015
45033
45042
45051
45064
45072
45073
45074
45092
45096
45096
45097
45099
45102
45116
45124
45126
45130
45132
45150
45152
45153
45175
45176
45191
45197
45197
45198
45203
45221
45258
45270
45275
45304
45307
45344
45352
45369
45369
45373
45378
45378
45380
45385
45391
45391
45402
45405
45409
45412
45422
45443
45461
45470
45482
45501
45506
45512
45526
45544
45559
45560
45561
45599
45605
45624
45626
45636
45646
45667
45670
45726
45731
45733
45737
45737
45741
45743
45755
45778
45806
45808
45828
45842
45853
45854
45856
45856
45857
45857
45860
45869
45884
45887
45887
45892
45927
45941
45986
45994
46034
46037
46054
46064
46069
46075
46082
46091
46091
46095
46122
46123
46128
46140
46163
46171
46177
46211
46219
46228
46257
46285
46287
46312
46321
46326
46329
46356
46359
46360
46367
46380
46388
46403
46408
46441
46444
46446
46452
46495
46506
46514
46536
46541
46557
46560
46570
46571
46571
46587
46608
46613
46619
46619
46636
46645
46646
46648
46650
46651
46663
46672
46685
46693
46707
46708
46723
46733
46734
46741
46759
46765
46809
46810
46820
46825
46825
46831
46838
46847
46854
46855
46861
46870
46870
46876
46883
46910
46921
46922
46925
46966
46980
47018
47020
47037
47048
47056
47059
47060
47077
47081
47082
47085
47091
47099
47103
47115
47128
47128
47142
47143
47155
47161
47162
47167
47169
47176
47203
47213
47221
47225
47229
47230
47236
47237
47240
47255
47271
47276
47303
47322
47324
47339
47339
47350
47356
47382
47399
47407
47408
47409
47416
47424
47427
47438
47441
47463
47485
47497
47512
47513
47521
47541
47546
47554
47562
47572
47605
47617
47618
47628
47629
47655
47659
47666
47695
47703
47709
47726
47727
47732
47745
47746
47751
47751
47761
47766
47768
47774
47786
47797
47801
47826
47850
47851
47852
47872
47886
47911
47918
47929
47944
47960
47969
47975
47976
47987
47991
47992
47999
48021
48034
48038
48039
48050
48074
48079
48084
48089
48095
48104
48105
48108
48132
48133
48140
48141
48143
48163
48172
48172
48172
48189
48189
48204
48213
48215
48222
48225
48225
48252
48253
48262
48272
48272
48293
48295
48303
48312
48313
48313
48313
48339
48364
48374
48382
48406
48422
48431
48451
48456
48487
48496
48497
48512
48518
48529
48533
48543
48544
48547
48566
48582
48597
48633
48638
48652
48653
48685
48700
48703
48732
48733
48747
48749
48750
48754
48760
48767
48774
48789
48793
48798
48816
48831
48834
48837
48856
48867
48869
48884
48891
48896
48924
48945
48948
48981
48982
48983
48986
48989
49000
49018
49026
49030
49036
49040
49047
49049
49052
49067
49091
49107
49123
49129
49131
49132
49145
49157
49159
49162
49170
49173
49177
49178
49223
49228
49229
49232
49248
49252
49255
49256
49276
49283
49292
49296
49308
49313
49333
49337
49341
49345
49382
49391
49395
49405
49425
49432
49438
49453
49456
49465
49465
49471
49475
49488
49494
49520
49535
49581
49583
49593
49596
49616
49617
49638
49657
49674
49683
49684
49684
49691
49713
49732
49744
49747
49760
49774
49779
49781
49781
49787
49788
49791
49820
49822
49834
49846
49858
49866
49869
49873
49892
49896
49898
49901
49931
49932
49943
49956
49987
50031
50066
50082
50092
50144
50151
50163
50175
50188
50197
50204
50210
50219
50229
50230
50250
50251
50300
50302
50310
50313
50334
50344
50346
50351
50363
50363
50366
50377
50418
50420
50431
50433
50439
50464
50470
50475
50498
50507
50510
50513
50520
50527
50533
50543
50544
50553
50555
50562
50566
50579
50590
50590
50619
50643
50650
50656
50692
50694
50701
50702
50716
50721
50725
50739
50741
50750
50761
50765
50780
50783
50789
50799
50811
50828
50854
50859
50861
50863
50864
50871
50871
50883
50897
50917
50926
50930
50953
50957
50988
51001
51009
51016
51020
51053
51058
51065
51069
51071
51071
51078
51088
51090
51115
51128
51138
51144
51145
51150
51176
51178
51187
51194
51202
51204
51204
51216
51229
51276
51291
51300
51304
51310
51326
51330
51333
51335
51343
51349
51355
51377
51381
51403
51413
51416
51418
51420
51433
51440
51447
51451
51478
51498
51512
51513
51523
51554
51572
51586
51593
51595
51604
51610
51617
51623
51634
51644
51644
51650
51662
51681
51685
51687
51689
51694
51695
51713
51719
51720
51726
51736
51741
51750
51751
51751
51767
51779
51788
51794
51811
51833
51835
51839
51839
51844
51860
51868
51870
51885
51887
51887
51896
51935
51939
51940
51949
51954
51967
51969
51980
51994
51999
52002
52022
52027
52028
52038
52047
52054
52057
52066
52071
52078
52081
52090
52103
52118
52130
52134
52138
52141
52163
52172
52184
52202
52220
52232
52239
52241
52253
52253
52259
52260
52269
52274
52313
52322
52328
52336
52342
52347
52349
52350
52363
52365
52368
52369
52382
52385
52410
52417
52423
52423
52452
52454
52477
52487
52512
52534
52537
52545
52556
52564
52568
52581
52584
52592
52600
52601
52606
52607
52629
52635
52645
52655
52669
52673
52674
52679
52694
52698
52701
52704
52705
52717
52725
52725
52739
52744
52751
52751
52751
52756
52762
52766
52770
52801
52822
52830
52857
52858
52887
52908
52973
52981
52992
52998
53011
53029
53037
53042
53048
53054
53057
53059
53066
53067
53109
53118
53118
53119
53124
53128
53129
53146
53154
53168
53176
53188
53192
53202
53215
53239
53260
53263
53287
53290
53299
53322
53327
53352
53360
53360
53365
53393
53397
53412
53430
53457
53458
53470
53484
53500
53513
53533
53533
53535
53538
53545
53551
53567
53572
53578
53592
53595
53597
53603
53609
53619
53621
53641
53645
53649
53681
53681
53687
53692
53715
53720
53753
53762
53780
53785
53789
53799
53819
53821
53828
53837
53847
53875
53879
53893
53894
53907
53910
53912
53979
54012
54015
54032
54054
54075
54079
54080
54081
54123
54131
54139
54153
54157
54163
54168
54172
54182
54189
54199
54212
54220
54230
54230
54247
54252
54257
54262
54278
54281
54292
54298
54308
54319
54321
54347
54350
54353
54368
54375
54379
54380
54382
54406
54413
54416
54480
54488
54497
54504
54509
54512
54530
54532
54535
54537
54547
54567
54599
54611
54613
54641
54660
54669
54687
54702
54712
54724
54739
54761
54762
54772
54773
54773
54780
54782
54786
54821
54832
54860
54890
54891
54927
54934
54941
54946
54953
54966
54977
54983
54985
54986
54990
54999
55007
55007
55014
55047
55047
55068
55117
55123
55129
55149
55170
55172
55179
55186
55217
55227
55231
55234
55242
55248
55266
55269
55283
55294
55306
55308
55308
55353
55356
55364
55385
55390
55395
55396
55403
55419
55436
55448
55450
55456
55472
55472
55473
55476
55477
55494
55497
55523
55531
55532
55534
55536
55548
55552
55579
55588
55589
55604
55613
55616
55623
55626
55630
55636
55638
55646
55647
55660
55661
55683
55691
55692
55700
55707
55710
55714
55728
55760
55761
55764
55796
55811
55813
55844
55847
55849
55857
55882
55885
55887
55893
55896
55899
55901
55905
55905
55908
55909
55910
55914
55917
55929
55945
55950
55956
55987
55988
55988
56000
56001
56015
56024
56062
56104
56106
56112
56115
56118
56122
56165
56168
56199
56212
56224
56239
56241
56248
56249
56269
56274
56285
56290
56323
56354
56356
56366
56382
56406
56420
56429
56434
56437
56465
56467
56476
56492
56500
56507
56521
56540
56550
56558
56563
56577
56599
56606
56609
56621
56627
56629
56633
56636
56660
56666
56676
56686
56715
56736
56753
56770
56776
56782
56784
56789
56796
56806
56817
56846
56849
56868
56874
56878
56880
56899
56907
56912
56912
56914
56946
56978
56980
57026
57036
57043
57047
57051
57053
57060
57062
57067
57080
57083
57084
57090
57091
57095
57105
57119
57121
57133
57137
57139
57140
57141
57150
57179
57179
57199
57202
57207
57212
57222
57226
57242
57246
57260
57280
57288
57292
57301
57345
57355
57355
57358
57369
57390
57398
57405
57415
57416
57478
57481
57484
57495
57497
57528
57585
57596
57603
57603
57605
57610
57616
57620
57627
57653
57656
57663
57669
57677
57699
57701
57716
57734
57742
57755
57763
57783
57796
57797
57799
57808
57812
57814
57820
57830
57837
57838
57842
57848
57856
57879
57882
57892
57913
57920
57920
57926
57947
57953
57961
57968
57988
57991
58007
58008
58018
58021
58025
58030
58034
58040
58054
58058
58067
58081
58084
58091
58096
58105
58111
58154
58174
58196
58196
58197
58203
58211
58218
58222
58235
58244
58251
58253
58257
58258
58269
58280
58294
58301
58313
58334
58360
58362
58367
58369
58383
58386
58387
58431
58435
58446
58448
58448
58452
58453
58453
58455
58461
58462
58463
58467
58469
58471
58476
58480
58486
58501
58517
58519
58520
58520
58521
58533
58533
58547
58572
58577
58582
58619
58626
58630
58656
58667
58700
58709
58718
58719
58721
58723
58725
58740
58753
58772
58795
58796
58800
58822
58830
58837
58862
58875
58894
58900
58901
58910
58912
58916
58918
58924
58925
58939
58969
58983
58984
58984
58989
59019
59033
59045
59047
59057
59083
59085
59093
59110
59119
59125
59155
59161
59166
59196
59199
59200
59202
59226
59268
59274
59276
59283
59294
59294
59311
59325
59331
59340
59348
59356
59362
59367
59396
59403
59404
59406
59428
59446
59446
59451
59453
59455
59458
59460
59472
59474
59482
59487
59495
59515
59516
59527
59547
59558
59559
59562
59593
59613
59614
59618
59620
59635
59636
59655
59658
59660
59694
59720
59747
59748
59781
59790
59792
59810
59811
59814
59815
59828
59834
59837
59841
59866
59868
59869
59872
59875
59881
59895
59900
59911
59922
59927
59958
59959
59960
59966
60008
60026
60028
60031
60034
60068
60079
60080
60081
60082
60105
60114
60124
60125
60157
60158
60159
60159
60164
60182
60186
60191
60202
60207
60223
60224
60224
60227
60227
60229
60239
60244
60253
60274
60284
60285
60286
60294
60308
60317
60327
60338
60342
60342
60345
60386
60389
60396
60398
60413
60437
60447
60448
60469
60474
60485
60488
60491
60502
60526
60540
60593
60593
60596
60605
60619
60638
60647
60687
60696
60706
60717
60729
60770
60774
60783
60785
60787
60790
60814
60820
60828
60839
60842
60851
60852
60866
60879
60903
60919
60938
60949
60951
60953
60956
60972
60972
60975
60999
61012
61021
61052
61058
61070
61086
61093
61094
61108
61120
61123
61141
61150
61152
61163
61175
61179
61203
61212
61218
61248
61270
61290
61298
61304
61313
61321
61330
61361
61364
61364
61371
61372
61383
61396
61401
61402
61412
61424
61425
61426
61427
61429
61440
61447
61449
61460
61476
61485
61512
61517
61519
61521
61533
61534
61558
61595
61621
61649
61659
61660
61676
61679
61702
61715
61719
61739
61780
61782
61784
61796
61805
61828
61830
61833
61837
61838
61841
61842
61842
61847
61859
61872
61875
61876
61885
61886
61895
61897
61911
61913
61921
61921
61984
62030
62032
62039
62053
62059
62066
62066
62067
62079
62084
62097
62104
62106
62111
62115
62120
62143
62151
62155
62155
62199
62216
62216
62223
62225
62240
62251
62254
62259
62262
62303
62304
62317
62343
62350
62350
62359
62376
62376
62379
62386
62389
62391
62392
62403
62411
62412
62414
62418
62425
62442
62447
62452
62479
62480
62493
62501
62502
62521
62530
62547
62573
62578
62588
62592
62594
62596
62603
62614
62623
62630
62637
62645
62645
62658
62673
62681
62685
62696
62715
62719
62736
62742
62743
62761
62766
62770
62841
62848
62850
62853
62854
62866
62881
62891
62899
62903
62904
62921
62933
62939
62957
62967
62974
62991
62995
63001
63004
63005
63021
63032
63037
63038
63040
63064
63067
63077
63079
63079
63080
63095
63106
63109
63127
63131
63139
63144
63146
63154
63166
63191
63200
63236
63242
63244
63252
63257
63258
63263
63278
63286
63296
63300
63339
63345
63348
63350
63359
63378
63379
63395
63416
63436
63447
63457
63467
63468
63514
63535
63543
63544
63545
63545
63555
63557
63567
63583
63591
63594
63605
63652
63654
63661
63669
63674
63674
63680
63686
63700
63717
63719
63728
63743
63763
63769
63779
63789
63793
63796
63800
63814
63852
63853
63861
63863
63868
63900
63931
63935
63936
63945
63966
63976
63981
64002
64036
64055
64057
64073
64080
64088
64103
64104
64106
64107
64107
64118
64127
64133
64144
64150
64172
64180
64185
64188
64190
64200
64210
64217
64253
64260
64263
64263
64264
64270
64271
64277
64290
64316
64321
64325
64327
64327
64334
64337
64340
64349
64359
64363
64366
64367
64376
64428
64429
64430
64435
64439
64446
64456
64462
64464
64491
64510
64517
64522
64532
64548
64548
64549
64552
64604
64660
64670
64673
64676
64678
64684
64706
64711
64713
64734
64742
64755
64777
64790
64793
64798
64805
64810
64814
64827
64846
64855
64859
64872
64886
64906
64909
64938
64944
64965
64965
64968
64974
64977
64980
64988
64990
64996
65000
65010
65014
65015
65020
65022
65024
65032
65047
65054
65062
65077
65077
65083
65085
65106
65138
65141
65146
65147
65159
65172
65177
65191
65201
65205
65207
65213
65219
65233
65250
65252
65271
65278
65279
65280
65285
65290
65291
65300
65314
65324
65364
65375
65398
65401
65439
65446
65451
65470
65501
65509
65517
65518
65522
65531
65541
65553
65561
65564
65564
65566
65576
65577
65585
65587
65587
65624
65624
65643
65648
65697
65698
65703
65715
65722
65727
65733
65738
65739
65753
65762
65770
65772
65794
65797
65801
65821
65835
65838
65845
65856
65859
65860
65869
65883
65893
65904
65914
65922
65956
65959
65959
65962
65967
65975
65999
66002
66040
66046
66053
66062
66072
66079
66080
66080
66085
66101
66108
66116
66125
66153
66164
66172
66210
66246
66256
66274
66290
66344
66347
66348
66353
66366
66378
66378
66387
66390
66404
66441
66443
66448
66459
66470
66472
66495
66513
66520
66533
66549
66550
66562
66570
66582
66583
66589
66603
66614
66621
66632
66643
66645
66650
66657
66662
66674
66685
66691
66716
66718
66734
66740
66747
66751
66754
66756
66762
66764
66778
66782
66785
66799
66807
66808
66841
66843
66844
66847
66850
66854
66862
66864
66867
66876
66899
66909
66910
66924
66944
66955
66981
66988
66989
66993
66994
66998
67001
67020
67021
67023
67029
67030
67033
67039
67044
67047
67052
67065
67066
67092
67094
67129
67131
67138
67175
67212
67214
67225
67225
67238
67240
67252
67256
67260
67278
67279
67285
67294
67312
67320
67323
67328
67329
67333
67340
67347
67360
67367
67368
67382
67383
67444
67459
67473
67476
67489
67503
67518
67531
67534
67545
67561
67561
67563
67580
67586
67597
67610
67616
67621
67621
67629
67654
67654
67656
67660
67672
67672
67684
67704
67711
67725
67727
67741
67743
67745
67747
67752
67757
67763
67767
67776
67783
67794
67799
67810
67823
67823
67826
67829
67838
67858
67873
67883
67899
67921
67923
67927
67938
67962
67966
67970
67984
67985
68001
68005
68011
68026
68029
68030
68039
68047
68056
68064
68066
68091
68092
68093
68103
68127
68133
68133
68137
68138
68156
68184
68184
68188
68188
68190
68198
68206
68217
68221
68227
68254
68265
68275
68280
68332
68384
68400
68403
68428
68436
68447
68452
68456
68472
68476
68488
68506
68511
68528
68532
68554
68583
68592
68594
68595
68600
68607
68611
68613
68630
68639
68660
68667
68671
68681
68692
68694
68700
68703
68709
68715
68721
68745
68756
68760
68760
68768
68769
68824
68825
68825
68832
68841
68856
68857
68861
68862
68862
68882
68889
68896
68906
68907
68911
68931
68949
68964
68966
68998
69001
69001
69008
69010
69053
69056
69062
69063
69069
69082
69083
69086
69088
69104
69112
69133
69146
69147
69152
69160
69166
69169
69171
69173
69200
69237
69247
69265
69266
69271
69274
69288
69293
69300
69303
69312
69317
69328
69332
69337
69339
69350
69351
69362
69400
69423
69441
69461
69461
69462
69466
69476
69478
69498
69532
69534
69534
69538
69547
69553
69567
69569
69578
69588
69588
69594
69629
69634
69642
69644
69648
69651
69653
69668
69684
69685
69690
69690
69696
69716
69731
69735
69757
69757
69760
69779
69784
69793
69802
69810
69814
69828
69831
69832
69840
69852
69860
69905
69944
69976
70000
70000
70013
70020
70048
70054
70071
70072
70076
70097
70102
70123
70127
70135
70150
70150
70151
70155
70180
70198
70200
70203
70207
70226
70241
70259
70264
70272
70274
70276
70297
70299
70305
70319
70324
70338
70344
70380
70390
70392
70392
70396
70408
70418
70419
70421
70425
70443
70444
70448
70451
70456
70463
70463
70477
70479
70489
70493
70499
70514
70517
70522
70524
70601
70671
70688
70696
70714
70780
70782
70793
70817
70824
70835
70844
70848
70849
70881
70888
70892
70904
70906
70911
70915
70916
70928
70957
70976
70992
71019
71021
71029
71037
71072
71096
71111
71130
71139
71162
71167
71169
71170
71178
71180
71194
71213
71220
71221
71237
71250
71266
71273
71273
71302
71321
71330
71350
71352
71359
71366
71379
71409
71445
71475
71481
71482
71485
71492
71498
71506
71511
71512
71517
71525
71533
71533
71533
71543
71556
71564
71579
71581
71582
71586
71625
71633
71637
71649
71650
71680
71681
71681
71696
71707
71717
71730
71745
71752
71781
71784
71795
71812
71819
71825
71833
71839
71856
71870
71871
71873
71876
71893
71916
71928
71977
71978
71988
72019
72019
72025
72039
72041
72041
72063
72068
72091
72100
72109
72110
72115
72131
72148
72148
72149
72149
72154
72198
72202
72208
72222
72238
72254
72258
72289
72292
72294
72325
72326
72343
72359
72371
72383
72384
72387
72391
72394
72414
72417
72429
72436
72437
72459
72463
72481
72484
72495
72497
72506
72512
72513
72519
72530
72534
72535
72553
72558
72559
72561
72579
72589
72598
72601
72610
72637
72654
72666
72669
72671
72677
72678
72679
72703
72723
72727
72745
72753
72758
72764
72766
72777
72778
72795
72823
72835
72847
72859
72868
72902
72910
72917
72926
72932
72961
72971
72977
72982
73026
73032
73043
73081
73086
73124
73125
73126
73134
73141
73151
73157
73189
73206
73209
73227
73238
73244
73255
73255
73292
73293
73311
73321
73350
73361
73378
73391
73413
73415
73425
73439
73439
73439
73469
73471
73496
73519
73527
73536
73541
73549
73559
73562
73580
73585
73585
73600
73602
73607
73624
73627
73651
73659
73662
73666
73677
73689
73705
73708
73708
73714
73727
73736
73740
73754
73760
73761
73768
73769
73779
73798
73798
73799
73802
73802
73806
73811
73827
73833
73836
73837
73858
73861
73877
73896
73896
73914
73915
73916
73928
73964
74047
74050
74062
74066
74067
74072
74104
74107
74118
74132
74139
74158
74162
74182
74190
74217
74218
74227
74234
74246
74248
74249
74258
74279
74293
74303
74308
74310
74320
74342
74352
74359
74361
74379
74379
74392
74412
74428
74437
74470
74470
74483
74484
74491
74491
74507
74525
74532
74532
74554
74584
74584
74589
74592
74595
74600
74607
74610
74618
74625
74630
74630
74632
74635
74635
74659
74683
74704
74706
74727
74749
74751
74772
74778
74782
74787
74794
74798
74799
74799
74800
74800
74819
74821
74843
74844
74846
74855
74858
74861
74870
74883
74885
74900
74904
74919
74932
74933
74947
74967
74968
74984
74987
74990
74999
75001
75005
75015
75019
75021
75029
75067
75080
75090
75091
75100
75126
75146
75159
75160
75194
75200
75214
75238
75244
75270
75278
75291
75294
75303
75313
75317
75317
75323
75340
75354
75366
75371
75392
75395
75419
75421
75427
75432
75434
75441
75473
75478
75501
75514
75517
75520
75525
75533
75558
75562
75574
75583
75590
75599
75603
75620
75625
75629
75631
75635
75657
75658
75661
75678
75690
75691
75699
75725
75726
75732
75732
75744
75761
75775
75779
75782
75783
75787
75794
75800
75827
75844
75849
75851
75865
75865
75876
75890
75891
75894
75922
75929
75930
75931
75941
75957
75964
75968
75972
75974
75992
75992
76034
76041
76041
76052
76054
76057
76057
76076
76089
76093
76093
76093
76101
76101
76108
76123
76126
76128
76138
76141
76158
76193
76197
76216
76226
76242
76244
76246
76252
76271
76272
76287
76288
76341
76342
76380
76386
76389
76395
76395
76396
76426
76431
76437
76450
76479
76480
76480
76490
76496
76515
76534
76534
76538
76545
76562
76570
76573
76587
76615
76619
76635
76642
76645
76650
76653
76663
76665
76674
76676
76693
76694
76695
76697
76706
76710
76718
76720
76720
76720
76728
76736
76738
76746
76751
76778
76779
76781
76791
76846
76876
76881
76906
76907
76916
76918
76928
76937
76949
76981
76984
76990
76994
77017
77025
77031
77044
77047
77049
77054
77072
77076
77077
77089
77094
77097
77103
77104
77105
77118
77126
77150
77173
77180
77192
77193
77199
77206
77214
77219
77227
77278
77280
77291
77306
77324
77336
77369
77381
77387
77392
77393
77398
77399
77400
77402
77447
77449
77451
77455
77455
77473
77485
77497
77521
77525
77527
77544
77577
77579
77601
77606
77609
77619
77642
77645
77649
77651
77668
77675
77681
77682
77710
77711
77716
77719
77725
77725
77727
77729
77730
77733
77734
77738
77746
77748
77762
77764
77795
77802
77803
77820
77863
77875
77878
77885
77910
77911
77911
77924
77935
77938
77961
77975
77976
77978
77979
77983
77983
77984
77997
77999
78051
78054
78059
78059
78071
78081
78083
78084
78087
78088
78091
78102
78114
78151
78155
78161
78165
78186
78192
78199
78218
78228
78246
78251
78251
78276
78294
78303
78307
78311
78327
78329
78332
78341
78344
78345
78373
78376
78384
78384
78393
78395
78408
78408
78423
78430
78448
78459
78472
78491
78504
78528
78531
78536
78541
78550
78554
78578
78589
78605
78609
78633
78643
78649
78662
78675
78697
78697
78704
78731
78733
78743
78765
78769
78771
78793
78794
78800
78804
78804
78814
78834
78836
78841
78845
78849
78865
78886
78889
78917
78931
78937
78942
78946
78969
78972
78984
78987
78988
79006
79006
79013
79018
79027
79034
79042
79050
79065
79092
79095
79109
79114
79136
79139
79151
79160
79162
79163
79178
79186
79225
79229
79231
79245
79265
79276
79306
79331
79335
79346
79365
79389
79413
79448
79449
79450
79453
79476
79493
79514
79523
79526
79545
79565
79592
79597
79598
79602
79602
79603
79638
79668
79681
79687
79688
79688
79723
79729
79736
79745
79751
79757
79762
79765
79767
79779
79832
79837
79838
79847
79847
79848
79855
79859
79861
79888
79895
79895
79906
79909
79927
79936
79952
79971
79981
80005
80008
80058
80073
80078
80079
80104
80139
80147
80148
80165
80166
80179
80192
80223
80224
80267
80268
80273
80302
80316
80317
80339
80341
80356
80358
80359
80367
80375
80378
80380
80394
80403
80404
80408
80414
80418
80462
80474
80485
80486
80504
80505
80519
80526
80577
80583
80600
80605
80644
80656
80670
80676
80698
80698
80714
80716
80724
80739
80752
80754
80755
80761
80770
80772
80787
80793
80800
80804
80807
80829
80862
80869
80879
80884
80890
80908
80917
80922
80939
80957
80966
80966
80980
80996
81002
81008
81010
81032
81051
81069
81081
81098
81103
81114
81127
81135
81142
81144
81145
81147
81163
81167
81169
81179
81181
81203
81204
81216
81277
81299
81311
81315
81324
81340
81348
81362
81394
81422
81426
81428
81434
81454
81470
81470
81472
81473
81495
81496
81496
81505
81517
81541
81546
81555
81580
81587
81595
81606
81621
81622
81628
81643
81647
81658
81669
81679
81694
81697
81702
81707
81714
81722
81735
81748
81750
81751
81782
81785
81805
81812
81816
81828
81829
81850
81853
81862
81870
81893
81903
81914
81921
81925
81932
81935
81943
81952
81966
81988
82028
82033
82034
82035
82036
82043
82047
82062
82064
82071
82075
82087
82106
82112
82137
82180
82192
82193
82194
82199
82209
82212
82221
82228
82236
82242
82257
82258
82265
82282
82286
82322
82329
82330
82334
82335
82342
82372
82373
82375
82407
82415
82420
82421
82428
82444
82445
82448
82448
82465
82466
82468
82469
82493
82497
82506
82509
82512
82518
82521
82524
82530
82536
82564
82572
82581
82588
82593
82596
82605
82643
82644
82646
82649
82653
82657
82662
82669
82686
82694
82708
82714
82714
82730
82748
82756
82782
82783
82786
82792
82800
82806
82806
82811
82828
82834
82844
82849
82872
82878
82880
82882
82927
82957
82973
82978
82988
82991
83002
83018
83031
83063
83068
83078
83079
83083
83104
83119
83134
83170
83175
83180
83182
83189
83216
83230
83256
83260
83272
83274
83275
83276
83280
83285
83304
83305
83313
83327
83337
83353
83360
83367
83372
83378
83379
83410
83410
83414
83415
83420
83440
83444
83445
83450
83460
83467
83481
83496
83519
83536
83545
83549
83572
83575
83579
83586
83606
83615
83620
83624
83630
83632
83655
83658
83665
83669
83672
83674
83678
83679
83691
83699
83763
83779
83792
83796
83800
83822
83832
83843
83845
83848
83849
83858
83858
83863
83888
83902
83907
83908
83952
83967
83981
83986
83986
83992
84017
84028
84038
84049
84055
84070
84076
84081
84114
84128
84143
84145
84156
84203
84209
84218
84232
84259
84278
84289
84302
84302
84325
84335
84337
84369
84388
84391
84392
84403
84403
84436
84439
84443
84446
84454
84455
84461
84468
84468
84471
84507
84522
84528
84531
84532
84562
84563
84566
84576
84579
84589
84590
84616
84623
84624
84641
84650
84665
84671
84684
84695
84717
84723
84744
84745
84750
84781
84801
84811
84819
84850
84862
84872
84877
84892
84896
84911
84943
84944
84975
84980
84987
84995
85003
85009
85021
85024
85025
85051
85055
85070
85072
85072
85093
85111
85117
85132
85135
85135
85149
85165
85175
85192
85195
85197
85204
85223
85227
85229
85244
85246
85255
85258
85262
85267
85267
85269
85275
85281
85284
85288
85297
85323
85330
85340
85352
85354
85356
85359
85369
85389
85403
85403
85409
85411
85418
85419
85426
85445
85545
85545
85547
85571
85589
85592
85610
85611
85614
85622
85633
85645
85655
85660
85677
85680
85685
85685
85693
85700
85709
85710
85717
85734
85749
85756
85773
85795
85797
85802
85811
85812
85820
85830
85849
85851
85856
85859
85866
85870
85880
85910
85920
85925
85931
85932
85933
85948
85954
85955
85955
85966
85970
85975
85992
86003
86007
86047
86054
86073
86111
86113
86120
86124
86125
86142
86154
86160
86168
86180
86192
86195
86196
86211
86238
86241
86256
86275
86290
86290
86314
86318
86322
86324
86329
86342
86368
86373
86384
86385
86401
86403
86425
86426
86450
86459
86465
86468
86475
86480
86481
86488
86501
86507
86521
86524
86531
86538
86550
86550
86559
86561
86574
86592
86594
86598
86613
86615
86618
86622
86624
86668
86692
86697
86739
86759
86762
86796
86800
86811
86834
86879
86891
86903
86924
86940
86942
86953
86965
86967
86978
86990
86991
86992
86996
87004
87016
87028
87031
87041
87045
87060
87089
87092
87125
87144
87146
87146
87165
87173
87175
87181
87188
87227
87229
87236
87237
87239
87255
87271
87284
87292
87299
87310
87319
87330
87333
87339
87366
87372
87379
87386
87388
87394
87401
87402
87418
87431
87438
87450
87467
87474
87477
87483
87498
87503
87525
87527
87535
87548
87551
87557
87564
87584
87593
87597
87597
87600
87618
87638
87638
87652
87668
87678
87687
87690
87691
87711
87716
87727
87731
87732
87734
87736
87764
87782
87787
87791
87828
87828
87829
87835
87851
87856
87879
87911
87914
87918
87918
87920
87933
87935
87937
87940
87947
87961
87969
87975
87984
87994
87999
88012
88014
88020
88033
88038
88053
88054
88057
88064
88064
88067
88078
88084
88085
88090
88093
88114
88133
88144
88149
88156
88175
88192
88196
88204
88208
88215
88220
88226
88227
88236
88240
88286
88301
88318
88362
88387
88402
88412
88416
88425
88426
88450
88452
88461
88481
88491
88506
88522
88523
88543
88544
88544
88547
88553
88559
88560
88576
88582
88582
88583
88616
88623
88655
88671
88676
88676
88691
88692
88710
88711
88720
88721
88722
88723
88730
88731
88733
88744
88753
88759
88791
88793
88814
88815
88819
88827
88838
88845
88852
88853
88868
88874
88876
88915
88923
88936
88936
88942
88944
88947
88983
88992
89023
89039
89075
89082
89107
89109
89126
89137
89144
89162
89165
89168
89178
89190
89202
89221
89222
89227
89232
89247
89247
89266
89275
89304
89315
89323
89330
89332
89333
89334
89334
89365
89365
89371
89378
89413
89430
89431
89447
89455
89461
89463
89465
89476
89502
89505
89508
89510
89515
89523
89523
89537
89564
89569
89586
89591
89605
89608
89610
89612
89619
89622
89638
89644
89655
89663
89667
89677
89683
89691
89710
89744
89750
89759
89764
89767
89770
89776
89794
89805
89808
89817
89822
89824
89826
89843
89873
89894
89894
89897
89906
89911
89924
89988
89992
89999
90004
90012
90014
90016
90057
90060
90065
90076
90077
90081
90088
90102
90103
90104
90111
90114
90138
90144
90144
90173
90186
90203
90216
90220
90225
90227
90245
90248
90250
90253
90259
90275
90283
90290
90302
90309
90313
90325
90332
90334
90341
90349
90362
90366
90366
90390
90394
90405
90407
90412
90419
90439
90442
90443
90444
90448
90452
90457
90464
90466
90469
90475
90479
90483
90491
90496
90511
90525
90532
90537
90541
90546
90569
90570
90574
90576
90578
90584
90595
90599
90622
90626
90643
90647
90650
90655
90659
90666
90668
90681
90690
90698
90720
90746
90750
90751
90762
90784
90793
90803
90813
90813
90814
90832
90851
90859
90860
90870
90891
90916
90920
90922
90942
90942
90948
90949
90954
90965
90974
90976
90991
90996
90998
90999
91006
91011
91012
91082
91106
91119
91134
91169
91172
91174
91188
91191
91193
91197
91209
91211
91218
91231
91234
91259
91260
91262
91265
91284
91285
91294
91302
91316
91323
91343
91348
91365
91368
91388
91398
91399
91411
91421
91421
91430
91434
91440
91457
91506
91533
91535
91548
91552
91556
91562
91563
91565
91589
91603
91605
91624
91643
91680
91688
91716
91738
91739
91742
91783
91786
91799
91807
91831
91833
91837
91844
91855
91858
91869
91885
91897
91941
91962
91970
91970
92021
92030
92032
92038
92045
92049
92056
92084
92090
92174
92185
92192
92218
92227
92247
92255
92259
92259
92263
92264
92283
92289
92291
92295
92298
92302
92316
92336
92361
92364
92379
92411
92412
92421
92425
92432
92439
92439
92452
92463
92467
92476
92491
92498
92507
92514
92519
92524
92531
92538
92558
92558
92560
92576
92592
92636
92650
92652
92658
92672
92678
92702
92704
92711
92730
92730
92733
92754
92773
92780
92795
92800
92806
92812
92830
92846
92856
92859
92887
92911
92915
92919
92921
92922
92925
92928
92929
92932
92956
92960
92972
92981
92989
92996
92998
93009
93031
93047
93048
93050
93065
93075
93102
93108
93116
93125
93129
93134
93140
93145
93156
93171
93174
93194
93197
93213
93219
93229
93262
93265
93271
93296
93309
93325
93356
93364
93369
93395
93411
93417
93426
93433
93435
93441
93456
93460
93465
93469
93471
93489
93489
93491
93501
93510
93527
93559
93564
93571
93581
93599
93608
93641
93642
93651
93674
93691
93703
93708
93708
93713
93715
93750
93773
93787
93798
93799
93837
93844
93863
93872
93902
93910
93913
93915
93936
93937
93956
93961
93969
93972
93995
93995
94023
94024
94038
94041
94044
94050
94054
94060
94082
94084
94086
94107
94108
94114
94116
94134
94148
94155
94162
94182
94192
94192
94199
94204
94211
94227
94231
94232
94238
94246
94259
94261
94293
94294
94323
94323
94326
94341
94342
94357
94370
94371
94390
94392
94394
94406
94418
94427
94440
94448
94459
94463
94466
94488
94495
94498
94502
94506
94509
94521
94529
94536
94536
94542
94558
94589
94595
94612
94612
94616
94619
94644
94647
94656
94670
94679
94683
94686
94691
94702
94707
94717
94718
94727
94732
94734
94738
94764
94768
94768
94772
94797
94816
94818
94825
94832
94832
94835
94840
94846
94849
94853
94862
94883
94896
94904
94905
94912
94927
94934
94935
94950
94961
94965
94972
94972
94980
94981
94992
94999
95000
95049
95058
95066
95079
95100
95173
95176
95180
95203
95209
95210
95219
95227
95237
95242
95248
95251
95253
95261
95262
95278
95281
95287
95292
95300
95316
95319
95325
95329
95330
95337
95345
95346
95352
95353
95360
95365
95373
95385
95390
95396
95397
95407
95415
95435
95451
95457
95459
95473
95483
95507
95514
95524
95531
95532
95548
95566
95578
95591
95624
95634
95637
95643
95659
95663
95666
95687
95695
95697
95710
95715
95735
95738
95748
95749
95752
95756
95758
95760
95770
95775
95795
95799
95818
95821
95827
95833
95840
95857
95861
95861
95866
95871
95872
95878
95887
95932
95938
95961
95962
95975
95976
96013
96014
96022
96027
96030
96037
96046
96048
96072
96073
96091
96097
96107
96112
96113
96120
96124
96125
96125
96133
96139
96141
96147
96151
96163
96168
96190
96193
96203
96205
96213
96215
96224
96228
96238
96266
96271
96277
96283
96291
96302
96306
96307
96310
96319
96324
96328
96328
96340
96350
96368
96371
96379
96393
96420
96426
96452
96466
96471
96487
96517
96519
96561
96575
96576
96576
96576
96588
96602
96609
96627
96652
96656
96691
96693
96698
96716
96730
96744
96752
96753
96756
96759
96777
96784
96805
96807
96812
96814
96826
96858
96872
96895
96908
96917
96936
96944
96944
96952
96960
96972
96979
97008
97012
97012
97021
97029
97057
97076
97080
97081
97098
97106
97113
97113
97127
97128
97155
97168
97184
97200
97204
97210
97222
97224
97231
97236
97240
97247
97289
97293
97301
97301
97323
97339
97340
97345
97363
97368
97377
97397
97408
97428
97448
97462
97472
97503
97509
97513
97525
97533
97535
97542
97553
97560
97576
97606
97618
97626
97627
97635
97651
97653
97658
97661
97661
97664
97673
97677
97681
97696
97720
97723
97724
97726
97727
97747
97758
97763
97770
97779
97784
97789
97797
97813
97813
97864
97865
97875
97892
97905
97910
97915
97932
97932
97943
97947
97964
97981
97987
98007
98033
98048
98056
98069
98073
98074
98091
98103
98109
98173
98180
98182
98185
98213
98254
98283
98284
98299
98303
98305
98306
98313
98321
98324
98327
98337
98346
98350
98351
98369
98376
98385
98403
98407
98414
98429
98452
98456
98463
98501
98503
98506
98508
98513
98527
98551
98551
98574
98590
98604
98610
98613
98641
98651
98655
98668
98668
98678
98688
98695
98705
98709
98715
98716
98720
98731
98752
98754
98769
98778
98784
98796
98798
98810
98827
98833
98843
98845
98857
98857
98871
98877
98883
98887
98890
98897
98898
98898
98902
98902
98913
98923
98934
98936
98969
98970
98980
99008
99016
99020
99025
99029
99036
99036
99047
99068
99076
99083
99088
99106
99140
99149
99157
99186
99193
99215
99222
99224
99229
99236
99243
99245
99258
99288
99295
99296
99299
99302
99312
99320
99323
99339
99398
99417
99422
99438
99441
99450
99453
99460
99485
99487
99508
99522
99535
99538
99551
99558
99576
99588
99593
99601
99606
99609
99610
99616
99626
99632
99635
99666
99676
99683
99695
99759
99766
99770
99774
99777
99809
99823
99830
99836
99875
99918
99927
99929
99936
99958
99963
99985
99987
99988
