1
21
34
46
62
72
93
94
96
112
126
129
145
155
156
171
178
187
193
216
219
230
236
240
240
244
255
257
267
274
280
283
308
318
318
319
341
349
379
420
424
438
452
452
457
460
466
480
482
493
495
497
511
531
531
562
567
573
589
599
616
618
626
626
627
636
642
651
670
703
705
713
740
749
755
764
764
765
767
770
778
781
781
782
789
815
826
827
830
836
857
868
871
874
884
889
897
906
918
928
928
944
948
949
962
981
991
1009
1013
1014
1018
1019
1044
1057
1073
1082
1094
1098
1108
1113
1117
1130
1137
1142
1143
1147
1176
1176
1177
1180
1199
1201
1211
1220
1267
1284
1300
1326
1347
1361
1362
1377
1393
1396
1399
1416
1429
1431
1449
1450
1454
1471
1481
1481
1491
1493
1502
1517
1518
1525
1531
1551
1574
1576
1589
1590
1594
1595
1596
1599
1604
1614
1618
1641
1651
1661
1683
1700
1704
1707
1716
1718
1721
1735
1775
1785
1786
1793
1795
1815
1822
1826
1827
1831
1837
1854
1855
1890
1904
1909
1913
1914
1927
1927
1929
1940
1943
1972
1974
1975
1998
2030
2039
2039
2050
2063
2077
2083
2096
2098
2102
2104
2127
2132
2141
2168
2177
2201
2206
2207
2208
2210
2254
2263
2289
2303
2324
2339
2344
2362
2362
2366
2368
2368
2369
2370
2373
2379
2402
2405
2420
2421
2443
2450
2451
2452
2466
2470
2477
2481
2496
2500
2515
2532
2542
2543
2549
2554
2571
2578
2615
2615
2623
2627
2627
2645
2656
2685
2700
2714
2717
2736
2739
2742
2746
2756
2756
2762
2785
2787
2793
2793
2809
2813
2815
2819
2820
2820
2839
2850
2864
2880
2909
2932
2934
2962
2964
2978
2982
2986
2989
2999
3012
3022
3040
3067
3069
3071
3075
3084
3087
3095
3103
3117
3126
3137
3155
3168
3213
3224
3241
3250
3270
3316
3316
3333
3335
3342
3354
3369
3374
3376
3417
3418
3420
3426
3426
3426
3438
3470
3485
3517
3537
3543
3551
3560
3567
3567
3571
3577
3587
3589
3609
3642
3680
3703
3704
3734
3745
3754
3775
3785
3787
3790
3792
3794
3823
3839
3842
3854
3867
3868
3871
3898
3903
3925
3929
3962
3976
3979
3988
4044
4053
4057
4071
4077
4080
4084
4086
4100
4104
4111
4113
4114
4116
4130
4133
4138
4169
4192
4209
4218
4228
4234
4239
4242
4248
4251
4254
4258
4261
4269
4275
4275
4288
4294
4300
4305
4310
4314
4323
4352
4375
4392
4403
4404
4418
4443
4464
4466
4479
4480
4487
4494
4505
4516
4529
4545
4560
4575
4589
4600
4603
4614
4617
4648
4651
4661
4673
4679
4684
4686
4696
4701
4712
4718
4760
4792
4809
4813
4826
4838
4880
4892
4902
4921
4947
4948
4963
4976
4983
4999
5014
5017
5021
5029
5031
5032
5034
5057
5061
5066
5067
5073
5079
5090
5097
5111
5112
5115
5119
5128
5139
5143
5149
5183
5187
5192
5198
5200
5216
5218
5233
5237
5253
5259
5267
5272
5274
5290
5294
5303
5306
5315
5316
5322
5325
5330
5357
5426
5448
5466
5468
5473
5483
5486
5490
5492
5492
5498
5501
5504
5510
5530
5542
5551
5560
5572
5594
5617
5618
5626
5650
5656
5681
5715
5745
5751
5756
5765
5767
5768
5773
5775
5778
5792
5802
5831
5833
5843
5844
5845
5867
5877
5879
5880
5884
5884
5884
5888
5893
5914
5918
5918
5949
5965
5981
5999
6015
6016
6025
6026
6029
6035
6046
6064
6067
6070
6094
6108
6110
6150
6151
6153
6156
6159
6161
6178
6180
6192
6194
6194
6196
6202
6210
6215
6216
6231
6231
6236
6243
6246
6247
6263
6283
6295
6299
6300
6317
6322
6326
6329
6330
6366
6367
6390
6395
6396
6406
6413
6414
6416
6436
6447
6460
6461
6463
6464
6464
6509
6510
6515
6545
6547
6549
6555
6556
6569
6591
6596
6597
6604
6606
6613
6614
6620
6624
6627
6636
6659
6668
6673
6699
6711
6713
6719
6721
6729
6748
6773
6790
6791
6794
6800
6827
6849
6859
6883
6897
6918
6932
6937
6958
6963
6965
6970
6971
6971
6971
6977
6986
6986
6990
6995
7020
7033
7068
7071
7073
7079
7096
7101
7139
7141
7145
7147
7150
7150
7152
7159
7167
7183
7190
7208
7211
7220
7233
7236
7246
7251
7285
7292
7312
7333
7336
7338
7345
7350
7350
7369
7371
7374
7386
7394
7398
7402
7419
7420
7435
7437
7448
7455
7459
7462
7466
7473
7481
7486
7489
7490
7498
7500
7509
7515
7533
7536
7558
7568
7571
7579
7584
7591
7592
7605
7605
7617
7631
7631
7632
7635
7639
7641
7645
7651
7654
7661
7661
7672
7675
7677
7681
7689
7703
7712
7714
7715
7717
7725
7765
7766
7769
7777
7793
7850
7864
7870
7872
7876
7904
7909
7913
7914
7920
7934
7935
7948
7957
7960
7972
7993
7994
8032
8058
8059
8076
8085
8090
8095
8097
8100
8128
8131
8134
8145
8156
8162
8169
8188
8191
8196
8202
8219
8222
8222
8225
8240
8246
8260
8275
8279
8294
8295
8310
8312
8322
8324
8329
8340
8349
8354
8360
8370
8370
8383
8383
8400
8406
8411
8419
8439
8453
8458
8464
8482
8491
8497
8500
8503
8521
8538
8551
8552
8565
8576
8578
8590
8597
8605
8611
8620
8635
8637
8639
8644
8646
8665
8669
8695
8697
8698
8736
8742
8743
8754
8757
8827
8838
8870
8878
8888
8899
8906
8912
8949
8952
8969
8986
9010
9011
9011
9017
9020
9034
9055
9063
9070
9070
9075
9083
9093
9105
9107
9132
9137
9141
9149
9150
9164
9172
9176
9191
9193
9196
9209
9215
9231
9241
9245
9250
9255
9259
9264
9282
9288
9295
9297
9323
9329
9332
9333
9334
9336
9341
9372
9374
9389
9397
9403
9404
9411
9417
9430
9431
9452
9456
9462
9463
9463
9468
9502
9502
9518
9520
9521
9522
9528
9529
9530
9534
9541
9550
9561
9571
9588
9590
9604
9607
9615
9622
9626
9655
9658
9668
9672
9690
9726
9733
9746
9786
9787
9795
9799
9800
9807
9812
9828
9829
9846
9850
9865
9870
9883
9904
9925
9926
9930
9951
9957
9980
9984
10002
10030
10033
10070
10087
10093
10096
10102
10113
10142
10143
10152
10171
10176
10195
10206
10218
10239
10275
10280
10281
10292
10293
10297
10299
10304
10311
10313
10314
10338
10339
10340
10343
10350
10355
10356
10371
10378
10390
10396
10400
10410
10419
10432
10468
10469
10483
10487
10494
10505
10510
10534
10558
10559
10581
10592
10595
10602
10602
10602
10611
10621
10643
10657
10658
10661
10662
10669
10673
10684
10707
10720
10736
10741
10744
10746
10751
10757
10767
10774
10792
10793
10796
10799
10810
10814
10818
10826
10833
10845
10855
10869
10871
10875
10898
10912
10922
10929
10955
10965
10966
10967
10985
10997
11002
11013
11015
11017
11022
11052
11053
11069
11072
11072
11073
11076
11086
11088
11096
11130
11137
11139
11153
11162
11182
11187
11192
11195
11203
11215
11218
11221
11232
11241
11251
11278
11297
11317
11324
11345
11347
11365
11369
11377
11406
11421
11431
11436
11454
11458
11461
11469
11490
11492
11494
11521
11531
11533
11533
11538
11582
11596
11612
11613
11616
11638
11639
11640
11648
11651
11657
11673
11685
11690
11695
11700
11708
11726
11731
11739
11745
11748
11752
11758
11789
11801
11811
11839
11866
11877
11881
11882
11935
11967
11976
12005
12021
12033
12035
12044
12071
12087
12090
12108
12121
12122
12123
12135
12152
12168
12195
12206
12228
12252
12256
12263
12266
12271
12281
12285
12292
12302
12323
12334
12341
12342
12368
12372
12379
12380
12382
12401
12402
12406
12407
12408
12435
12439
12459
12465
12478
12480
12489
12501
12517
12534
12536
12543
12545
12546
12547
12549
12552
12580
12595
12604
12606
12627
12642
12644
12682
12683
12687
12695
12710
12710
12721
12733
12739
12772
12774
12785
12799
12837
12838
12839
12864
12875
12877
12878
12902
12902
12906
12907
12928
12932
12943
12945
12949
12973
12999
13000
13004
13043
13046
13056
13060
13067
13080
13081
13088
13092
13093
13094
13095
13099
13129
13134
13147
13180
13181
13196
13198
13201
13203
13207
13217
13235
13244
13262
13309
13309
13316
13324
13328
13345
13347
13351
13359
13363
13383
13401
13426
13431
13445
13471
13492
13496
13497
13502
13503
13511
13511
13533
13541
13547
13562
13586
13586
13595
13595
13599
13614
13620
13620
13621
13624
13631
13633
13643
13643
13648
13651
13662
13663
13673
13678
13679
13688
13715
13717
13729
13737
13742
13750
13773
13782
13794
13795
13811
13835
13862
13884
13884
13890
13907
13914
13921
13927
13946
13969
13984
13993
14002
14006
14009
14010
14014
14014
14022
14033
14038
14051
14058
14066
14068
14092
14092
14095
14111
14116
14119
14128
14136
14145
14162
14170
14179
14188
14192
14217
14263
14271
14276
14285
14296
14299
14300
14319
14323
14332
14343
14343
14344
14350
14354
14356
14366
14373
14413
14418
14422
14438
14466
14471
14481
14486
14489
14541
14548
14558
14587
14593
14608
14613
14624
14631
14678
14680
14698
14709
14711
14746
14750
14765
14784
14796
14800
14808
14811
14817
14825
14835
14859
14859
14889
14890
14892
14911
14915
14920
14926
14935
14936
14943
14959
14984
14985
14987
14989
15011
15020
15034
15035
15052
15056
15065
15078
15090
15093
15114
15116
15144
15165
15174
15202
15224
15230
15231
15234
15247
15255
15271
15296
15300
15300
15304
15312
15340
15352
15356
15371
15377
15387
15393
15411
15416
15427
15428
15428
15442
15447
15447
15448
15450
15456
15465
15466
15470
15500
15506
15510
15514
15525
15557
15570
15579
15593
15599
15620
15670
15673
15699
15707
15712
15714
15723
15732
15733
15735
15739
15768
15783
15785
15786
15792
15792
15814
15826
15837
15843
15854
15860
15891
15895
15901
15933
15941
15944
15945
15953
15954
15957
15957
15991
15992
16002
16011
16013
16013
16015
16038
16068
16077
16117
16117
16121
16135
16139
16149
16155
16155
16176
16182
16186
16206
16216
16221
16236
16246
16253
16270
16279
16283
16287
16314
16315
16351
16355
16362
16388
16392
16394
16399
16408
16410
16424
16472
16503
16503
16504
16510
16523
16526
16530
16537
16540
16544
16550
16565
16567
16597
16631
16634
16645
16648
16649
16668
16670
16702
16708
16710
16716
16724
16738
16754
16760
16790
16794
16802
16812
16832
16833
16842
16842
16862
16865
16865
16870
16874
16874
16880
16882
16899
16910
16941
16944
16957
16957
16960
16991
16997
17003
17015
17022
17025
17034
17035
17045
17057
17062
17074
17075
17078
17095
17116
17120
17125
17142
17149
17158
17168
17173
17197
17214
17224
17255
17261
17271
17272
17275
17276
17282
17289
17290
17295
17304
17344
17348
17357
17390
17397
17403
17409
17409
17443
17451
17471
17472
17475
17498
17500
17506
17521
17532
17534
17534
17550
17551
17552
17552
17553
17561
17562
17594
17599
17612
17629
17631
17651
17658
17670
17676
17679
17691
17694
17695
17715
17715
17716
17728
17735
17749
17778
17778
17795
17796
17819
17821
17822
17831
17840
17868
17883
17891
17904
17905
17911
17916
17919
17929
17929
17937
17942
17956
17964
17967
17976
17980
18014
18023
18026
18032
18066
18074
18089
18115
18118
18135
18137
18138
18166
18173
18180
18187
18201
18202
18217
18217
18227
18228
18242
18267
18267
18283
18290
18304
18305
18307
18315
18347
18354
18375
18390
18391
18395
18401
18408
18410
18410
18432
18445
18446
18461
18464
18470
18472
18495
18515
18536
18542
18544
18565
18571
18589
18590
18597
18605
18615
18618
18639
18641
18643
18650
18665
18670
18686
18690
18690
18703
18704
18710
18711
18714
18719
18725
18732
18739
18746
18752
18786
18791
18797
18801
18806
18831
18907
18908
18935
18966
18970
18973
18974
18999
19002
19014
19021
19052
19060
19089
19105
19110
19129
19136
19139
19149
19171
19180
19187
19194
19200
19205
19219
19221
19230
19238
19243
19254
19259
19261
19282
19294
19314
19332
19343
19361
19375
19383
19383
19386
19395
19409
19420
19420
19425
19457
19457
19475
19476
19476
19507
19510
19528
19547
19554
19559
19569
19570
19571
19579
19579
19582
19593
19603
19610
19618
19624
19624
19629
19631
19636
19642
19703
19739
19743
19744
19750
19754
19757
19771
19782
19790
19798
19821
19836
19838
19839
19843
19846
19865
19869
19876
19881
19889
19936
19958
19998
19999
20003
20028
20028
20032
20036
20037
20042
20043
20060
20085
20096
20098
20151
20170
20183
20203
20211
20217
20223
20230
20243
20243
20245
20247
20249
20260
20275
20279
20288
20297
20301
20307
20319
20326
20346
20347
20359
20384
20391
20397
20409
20422
20436
20440
20465
20476
20503
20512
20516
20522
20526
20540
20541
20547
20549
20555
20578
20582
20588
20590
20590
20594
20604
20611
20618
20639
20641
20663
20668
20674
20674
20676
20694
20701
20704
20707
20713
20732
20749
20766
20774
20782
20791
20795
20805
20846
20847
20876
20876
20878
20886
20887
20897
20911
20923
20923
20937
20942
20956
20974
20989
20996
21016
21025
21031
21043
21052
21054
21057
21059
21080
21089
21093
21093
21113
21119
21129
21135
21153
21154
21165
21179
21190
21198
21220
21224
21237
21274
21303
21313
21320
21325
21327
21329
21354
21381
21383
21391
21395
21447
21455
21463
21492
21495
21498
21500
21507
21511
21514
21550
21569
21571
21572
21582
21587
21594
21616
21626
21631
21645
21656
21681
21682
21684
21687
21688
21696
21699
21704
21722
21737
21771
21779
21780
21794
21805
21805
21820
21836
21866
21876
21896
21924
21934
21939
21946
21957
21978
21989
22002
22003
22010
22014
22016
22056
22057
22059
22073
22079
22082
22083
22101
22103
22114
22116
22122
22134
22148
22149
22152
22158
22189
22194
22215
22221
22223
22235
22249
22263
22277
22278
22285
22285
22286
22286
22293
22303
22312
22325
22330
22332
22344
22383
22385
22394
22399
22399
22416
22419
22431
22443
22453
22467
22489
22490
22494
22500
22517
22519
22526
22534
22541
22547
22552
22563
22565
22585
22599
22599
22600
22630
22635
22653
22664
22666
22666
22675
22681
22691
22693
22700
22711
22715
22724
22730
22755
22757
22759
22759
22787
22798
22808
22815
22825
22828
22828
22843
22843
22856
22864
22878
22881
22885
22897
22920
22935
22941
22955
22960
22962
22968
22971
22972
22973
22979
22984
23000
23012
23017
23040
23048
23067
23077
23087
23091
23094
23101
23103
23108
23112
23115
23129
23130
23180
23197
23225
23234
23260
23273
23285
23288
23290
23297
23305
23321
23323
23329
23331
23333
23336
23339
23342
23344
23348
23355
23376
23382
23385
23403
23410
23412
23418
23420
23424
23427
23449
23460
23465
23465
23472
23492
23496
23496
23549
23576
23582
23589
23605
23607
23611
23612
23639
23673
23674
23676
23688
23741
23742
23749
23752
23758
23760
23778
23784
23785
23792
23803
23817
23827
23839
23843
23846
23855
23860
23864
23871
23893
23893
23946
23955
23958
23958
23961
23964
24023
24027
24056
24061
24072
24087
24101
24112
24121
24128
24148
24171
24183
24189
24205
24207
24211
24227
24234
24263
24272
24273
24275
24275
24339
24368
24373
24377
24382
24387
24393
24393
24405
24425
24435
24445
24450
24453
24470
24476
24511
24535
24536
24551
24559
24604
24617
24618
24626
24631
24641
24644
24649
24654
24656
24656
24667
24669
24683
24692
24694
24696
24698
24701
24709
24743
24745
24752
24761
24763
24765
24773
24775
24778
24789
24819
24820
24828
24856
24858
24859
24863
24864
24894
24896
24904
24931
24966
24972
24978
24981
25000
25018
25043
25049
25065
25068
25081
25094
25095
25099
25106
25109
25124
25135
25185
25188
25206
25213
25226
25229
25230
25234
25246
25248
25252
25272
25272
25273
25278
25281
25282
25299
25302
25320
25373
25399
25401
25416
25425
25433
25440
25446
25450
25455
25467
25467
25479
25486
25508
25511
25524
25545
25553
25560
25628
25632
25650
25677
25689
25694
25696
25715
25721
25722
25731
25734
25760
25771
25783
25793
25801
25808
25810
25818
25826
25829
25831
25882
25889
25891
25912
25938
25965
25967
25969
25987
26005
26007
26009
26026
26054
26056
26073
26087
26121
26127
26136
26136
26139
26143
26151
26163
26177
26179
26181
26189
26200
26230
26233
26234
26234
26258
26269
26269
26279
26283
26285
26285
26289
26303
26310
26321
26324
26328
26332
26348
26357
26361
26379
26408
26423
26428
26437
26440
26477
26486
26498
26510
26515
26519
26536
26539
26546
26556
26556
26556
26567
26580
26584
26589
26594
26605
26633
26651
26652
26659
26661
26662
26669
26693
26705
26725
26731
26734
26747
26762
26763
26774
26782
26801
26805
26810
26813
26816
26847
26857
26882
26897
26897
26901
26906
26936
26944
26951
26963
26972
26972
26976
26978
26985
26987
26987
26987
27003
27011
27011
27017
27021
27061
27064
27070
27079
27081
27100
27103
27127
27133
27135
27143
27170
27201
27210
27213
27272
27287
27287
27291
27332
27333
27337
27347
27352
27354
27357
27380
27387
27391
27402
27448
27453
27475
27476
27487
27489
27495
27496
27499
27508
27528
27556
27570
27571
27577
27598
27603
27635
27647
27656
27680
27682
27690
27700
27703
27704
27708
27714
27730
27767
27771
27791
27798
27801
27813
27841
27845
27856
27893
27896
27903
27915
27917
27920
27923
27943
27954
27968
27977
27991
28000
28024
28043
28047
28087
28105
28119
28135
28155
28164
28171
28171
28177
28181
28184
28231
28243
28244
28265
28268
28284
28293
28298
28304
28308
28310
28322
28324
28336
28343
28344
28344
28348
28353
28355
28371
28371
28388
28396
28406
28406
28410
28410
28443
28447
28450
28456
28456
28458
28470
28471
28478
28505
28509
28540
28567
28572
28574
28606
28615
28615
28637
28646
28649
28663
28697
28705
28716
28723
28729
28734
28736
28740
28771
28773
28776
28798
28812
28828
28838
28841
28870
28879
28899
28903
28910
28915
28924
28925
28930
28935
28937
28941
28947
28953
28956
28959
28975
28987
29002
29032
29037
29054
29091
29095
29113
29115
29118
29128
29134
29164
29172
29185
29191
29192
29194
29246
29261
29265
29266
29268
29270
29273
29274
29279
29306
29308
29335
29335
29352
29359
29365
29369
29400
29403
29409
29423
29425
29437
29459
29464
29465
29470
29472
29486
29489
29491
29523
29523
29527
29527
29553
29598
29605
29622
29636
29640
29644
29655
29665
29674
29692
29694
29705
29707
29717
29724
29727
29736
29745
29751
29758
29768
29792
29795
29820
29841
29842
29849
29852
29875
29896
29898
29912
29939
29941
29953
29975
29980
29998
30004
30008
30010
30022
30030
30039
30040
30041
30094
30103
30114
30125
30128
30139
30150
30163
30171
30177
30187
30203
30204
30207
30210
30212
30218
30233
30241
30241
30293
30299
30300
30308
30322
30328
30347
30363
30414
30422
30422
30424
30433
30435
30445
30453
30456
30468
30486
30507
30535
30538
30539
30547
30561
30568
30569
30576
30578
30578
30594
30600
30602
30606
30610
30615
30632
30636
30640
30650
30675
30678
30691
30697
30702
30709
30727
30740
30751
30767
30821
30834
30843
30844
30846
30851
30882
30884
30909
30910
30938
30982
30986
31043
31054
31062
31064
31074
31103
31139
31143
31146
31148
31167
31186
31189
31193
31198
31217
31221
31227
31228
31239
31260
31266
31271
31302
31321
31328
31335
31339
31348
31350
31361
31378
31403
31407
31410
31410
31423
31431
31442
31448
31467
31483
31490
31510
31516
31519
31535
31554
31565
31611
31619
31622
31623
31627
31670
31692
31708
31721
31724
31739
31748
31752
31753
31755
31759
31770
31776
31786
31793
31808
31808
31819
31823
31868
31899
31903
31922
31952
31966
31984
31988
32002
32021
32035
32059
32067
32070
32077
32115
32149
32176
32183
32196
32215
32225
32232
32269
32272
32278
32282
32285
32286
32296
32298
32333
32347
32355
32357
32359
32368
32375
32378
32400
32408
32423
32424
32444
32450
32450
32458
32467
32472
32508
32519
32528
32533
32538
32547
32549
32554
32556
32556
32560
32560
32570
32571
32577
32581
32582
32583
32589
32589
32600
32605
32616
32622
32653
32657
32660
32690
32704
32714
32734
32739
32740
32745
32748
32766
32768
32770
32774
32778
32778
32778
32788
32793
32800
32804
32808
32831
32841
32849
32859
32879
32891
32900
32907
32917
32924
32935
32945
32956
32975
32982
32984
32993
32997
33005
33012
33016
33059
33061
33065
33097
33111
33116
33129
33151
33161
33170
33180
33192
33192
33193
33194
33195
33199
33201
33206
33209
33230
33231
33240
33244
33244
33255
33258
33265
33286
33305
33326
33335
33357
33361
33377
33397
33414
33421
33423
33449
33481
33485
33494
33507
33509
33517
33524
33525
33534
33567
33577
33580
33585
33604
33614
33618
33637
33652
33656
33664
33668
33671
33686
33691
33693
33703
33705
33711
33714
33724
33726
33729
33735
33745
33774
33777
33795
33800
33803
33816
33821
33831
33863
33891
33907
33915
33931
33939
33952
33972
33979
33996
34034
34034
34035
34043
34052
34059
34063
34066
34071
34084
34091
34091
34096
34097
34103
34110
34168
34171
34176
34193
34206
34228
34237
34237
34240
34246
34269
34275
34280
34291
34294
34300
34301
34316
34325
34343
34357
34379
34381
34382
34405
34405
34410
34411
34425
34425
34434
34436
34441
34459
34459
34467
34524
34551
34553
34558
34568
34589
34591
34591
34593
34596
34604
34605
34634
34656
34670
34687
34687
34693
34694
34704
34769
34770
34771
34781
34781
34795
34803
34804
34839
34843
34846
34849
34858
34874
34890
34892
34904
34926
34945
34953
34956
34956
34960
34968
34971
35010
35025
35056
35064
35079
35112
35124
35134
35142
35144
35182
35194
35238
35239
35247
35249
35257
35266
35268
35295
35299
35303
35303
35321
35328
35336
35339
35342
35343
35353
35354
35355
35377
35378
35387
35388
35394
35395
35403
35406
35434
35434
35459
35465
35474
35483
35495
35497
35505
35514
35525
35534
35566
35586
35586
35606
35610
35615
35615
35617
35622
35622
35636
35643
35655
35659
35661
35674
35710
35718
35726
35744
35749
35752
35758
35779
35781
35784
35786
35810
35812
35828
35859
35865
35868
35878
35882
35888
35898
35900
35900
35902
35920
35923
35954
35959
35959
35973
35977
36007
36014
36016
36019
36036
36039
36055
36064
36070
36073
36085
36091
36117
36137
36149
36152
36156
36161
36163
36181
36197
36215
36227
36237
36240
36240
36249
36268
36276
36282
36311
36324
36345
36364
36372
36395
36408
36416
36423
36427
36433
36437
36438
36451
36461
36463
36489
36496
36508
36513
36525
36530
36544
36545
36547
36559
36567
36603
36606
36615
36617
36619
36637
36651
36653
36672
36697
36703
36707
36710
36715
36715
36721
36725
36732
36747
36760
36760
36781
36785
36787
36800
36800
36803
36819
36844
36849
36861
36871
36877
36900
36927
36948
36957
36972
37020
37024
37041
37055
37062
37063
37091
37098
37106
37116
37118
37120
37122
37130
37168
37173
37186
37188
37210
37217
37247
37253
37265
37282
37282
37283
37283
37288
37293
37298
37308
37319
37322
37330
37332
37341
37344
37347
37370
37383
37389
37399
37402
37421
37421
37432
37447
37454
37458
37471
37472
37478
37511
37521
37534
37559
37568
37583
37597
37618
37621
37639
37646
37666
37707
37730
37753
37754
37761
37794
37803
37813
37868
37870
37879
37888
37902
37908
37923
37926
37931
37946
37969
37972
37976
37978
37995
38003
38005
38007
38018
38031
38041
38043
38056
38086
38092
38100
38109
38122
38123
38124
38129
38136
38138
38142
38146
38163
38170
38178
38203
38209
38212
38218
38223
38227
38235
38255
38282
38309
38318
38318
38335
38340
38347
38364
38367
38389
38401
38402
38415
38417
38419
38431
38434
38448
38448
38470
38479
38507
38510
38512
38516
38520
38537
38538
38543
38548
38552
38577
38587
38589
38591
38595
38595
38599
38604
38610
38624
38638
38655
38664
38664
38666
38681
38689
38707
38709
38730
38751
38754
38768
38776
38776
38776
38788
38789
38794
38795
38795
38814
38814
38814
38815
38844
38854
38873
38874
38907
38911
38931
38932
38937
38938
38961
38990
38994
38996
38999
39007
39016
39018
39040
39041
39041
39063
39074
39076
39101
39110
39118
39126
39135
39143
39145
39146
39152
39159
39188
39189
39220
39237
39241
39242
39249
39263
39267
39269
39277
39299
39304
39321
39335
39339
39349
39351
39359
39382
39384
39390
39412
39431
39438
39453
39470
39506
39509
39515
39519
39533
39548
39550
39562
39563
39563
39585
39591
39598
39599
39599
39602
39604
39626
39658
39662
39664
39665
39672
39687
39688
39692
39727
39730
39730
39743
39743
39753
39763
39764
39771
39774
39775
39780
39785
39791
39796
39797
39823
39825
39838
39854
39872
39883
39952
39956
39959
39959
39981
39985
39997
40008
40029
40030
40034
40034
40036
40036
40042
40064
40076
40092
40118
40128
40138
40140
40145
40153
40158
40160
40165
40169
40170
40187
40189
40190
40192
40206
40233
40259
40280
40304
40315
40335
40338
40354
40362
40381
40383
40385
40402
40410
40410
40411
40429
40446
40451
40458
40474
40488
40498
40509
40511
40529
40544
40551
40584
40590
40593
40604
40605
40618
40658
40661
40681
40702
40704
40715
40718
40744
40750
40757
40786
40805
40817
40821
40833
40839
40842
40842
40874
40895
40923
40925
40927
40942
40957
40972
41006
41028
41032
41033
41080
41096
41097
41098
41101
41102
41102
41176
41189
41202
41220
41225
41251
41252
41254
41257
41264
41266
41275
41296
41310
41337
41338
41338
41355
41360
41365
41366
41366
41367
41370
41377
41378
41380
41382
41393
41396
41398
41404
41414
41420
41426
41427
41447
41452
41484
41487
41501
41504
41509
41516
41523
41541
41545
41568
41581
41582
41585
41586
41608
41641
41658
41659
41662
41668
41668
41712
41733
41734
41741
41744
41751
41768
41781
41783
41814
41864
41873
41877
41878
41888
41894
41898
41923
41945
41946
41949
41964
41964
41993
41995
42008
42025
42027
42037
42050
42060
42060
42079
42079
42096
42120
42125
42128
42148
42150
42151
42153
42177
42177
42178
42179
42198
42239
42248
42256
42265
42281
42297
42309
42350
42353
42358
42370
42375
42388
42410
42429
42440
42440
42454
42458
42496
42511
42536
42544
42568
42573
42575
42577
42601
42601
42602
42605
42629
42667
42674
42680
42700
42704
42715
42719
42722
42727
42744
42746
42751
42752
42762
42763
42797
42812
42835
42860
42884
42891
42894
42895
42901
42939
42943
42948
42951
42980
42984
43038
43046
43051
43053
43079
43095
43100
43107
43123
43130
43140
43146
43161
43184
43188
43189
43204
43246
43261
43285
43292
43298
43306
43343
43359
43383
43391
43415
43423
43437
43444
43445
43453
43455
43462
43483
43505
43515
43538
43538
43573
43582
43586
43591
43597
43615
43618
43632
43650
43666
43671
43691
43698
43727
43730
43742
43748
43761
43774
43787
43819
43851
43863
43868
43871
43872
43876
43881
43899
43903
43932
43935
43946
43979
43998
43998
44002
44006
44041
44052
44062
44088
44089
44095
44096
44097
44100
44105
44108
44111
44112
44130
44134
44153
44155
44156
44165
44167
44201
44202
44208
44230
44250
44252
44273
44274
44286
44291
44308
44314
44346
44347
44363
44365
44373
44376
44416
44433
44440
44442
44447
44454
44459
44462
44467
44467
44475
44481
44484
44487
44489
44516
44553
44556
44568
44589
44595
44597
44611
44614
44621
44626
44628
44636
44643
44654
44662
44667
44669
44692
44697
44699
44708
44718
44726
44732
44744
44745
44756
44761
44762
44828
44836
44856
44862
44884
44886
44892
44909
44918
44919
44925
44935
44953
44976
44976
44976
44987
44989
45003
45009
45022
45042
45066
45083
45084
45086
45087
45091
45098
45117
45156
45164
45164
45184
45186
45195
45198
45217
45232
45257
45283
45283
45286
45294
45304
45305
45305
45310
45319
45323
45328
45333
45340
45342
45354
45358
45373
45376
45377
45401
45404
45409
45411
45413
45420
45421
45430
45451
45458
45468
45474
45479
45483
45487
45487
45493
45495
45495
45496
45500
45503
45509
45518
45520
45523
45533
45535
45543
45555
45560
45568
45569
45573
45575
45583
45590
45611
45612
45619
45643
45655
45660
45693
45705
45710
45713
45717
45754
45763
45788
45791
45804
45831
45846
45849
45877
45877
45885
45894
45894
45898
45898
45899
45902
45925
45929
45930
45931
45934
45943
45949
45951
45956
45973
45997
46009
46020
46031
46036
46049
46052
46064
46065
46080
46084
46120
46135
46135
46144
46167
46174
46185
46190
46191
46193
46227
46234
46234
46235
46252
46257
46258
46267
46276
46280
46281
46284
46291
46297
46299
46310
46311
46317
46320
46324
46325
46346
46369
46378
46384
46407
46414
46434
46450
46475
46505
46513
46520
46521
46558
46582
46598
46603
46630
46634
46644
46646
46648
46650
46682
46689
46708
46725
46728
46733
46745
46758
46759
46765
46768
46791
46795
46802
46808
46818
46844
46855
46856
46862
46868
46876
46890
46891
46894
46907
46911
46919
46919
46923
46925
46926
46937
46937
46953
46956
46959
46998
47004
47006
47066
47094
47095
47106
47114
47144
47181
47183
47190
47218
47240
47263
47290
47299
47314
47315
47330
47337
47346
47351
47358
47363
47382
47392
47392
47402
47429
47433
47440
47444
47480
47485
47488
47490
47493
47500
47500
47530
47534
47541
47554
47556
47561
47562
47566
47568
47577
47582
47585
47600
47601
47604
47605
47609
47611
47628
47639
47662
47687
47689
47705
47705
47705
47719
47725
47730
47742
47744
47747
47747
47752
47753
47763
47775
47775
47776
47779
47781
47782
47813
47814
47816
47820
47824
47829
47842
47855
47860
47892
47906
47928
47935
47941
47959
47963
47965
47980
47983
47990
47997
48006
48032
48035
48048
48052
48068
48069
48076
48091
48108
48136
48140
48143
48143
48176
48182
48187
48203
48217
48228
48231
48236
48237
48245
48248
48254
48274
48290
48298
48326
48335
48349
48354
48358
48362
48364
48367
48392
48393
48398
48401
48403
48432
48435
48447
48478
48479
48483
48499
48500
48506
48507
48511
48516
48518
48518
48522
48527
48540
48559
48593
48597
48608
48630
48635
48647
48655
48694
48702
48716
48721
48734
48743
48743
48764
48764
48773
48773
48775
48776
48780
48783
48784
48812
48820
48825
48826
48827
48832
48841
48846
48849
48857
48871
48879
48882
48886
48890
48892
48914
48926
48927
48940
48943
48958
48975
48989
48992
49009
49012
49013
49014
49022
49037
49039
49044
49069
49071
49071
49081
49087
49098
49102
49112
49132
49158
49169
49184
49202
49217
49221
49231
49238
49241
49242
49255
49259
49269
49279
49315
49319
49325
49345
49354
49361
49361
49364
49374
49386
49394
49405
49416
49421
49423
49430
49436
49437
49448
49464
49476
49486
49493
49507
49516
49523
49538
49540
49541
49550
49551
49555
49567
49571
49586
49602
49605
49610
49617
49623
49629
49662
49668
49674
49678
49688
49692
49703
49709
49720
49735
49780
49794
49807
49815
49823
49844
49887
49895
49898
49899
49912
49918
49918
49926
49929
49930
49940
49947
49952
49974
49985
49997
50028
50034
50034
50059
50060
50063
50091
50099
50105
50107
50109
50158
50160
50168
50174
50192
50195
50197
50201
50204
50208
50213
50214
50220
50243
50269
50275
50294
50320
50326
50337
50347
50348
50350
50361
50365
50372
50379
50408
50413
50423
50433
50442
50446
50447
50463
50468
50483
50486
50488
50492
50493
50494
50507
50509
50522
50539
50543
50548
50556
50560
50562
50568
50569
50645
50649
50655
50659
50667
50672
50677
50678
50686
50708
50713
50713
50714
50720
50764
50772
50803
50803
50812
50842
50842
50852
50857
50857
50872
50883
50907
50911
50913
50921
50923
50930
50942
50942
50944
50955
50977
50980
50980
50983
50984
50990
50993
51004
51014
51057
51060
51062
51069
51072
51080
51097
51107
51113
51119
51133
51152
51167
51168
51178
51212
51215
51220
51221
51237
51241
51243
51263
51266
51266
51276
51278
51284
51285
51288
51290
51290
51293
51302
51311
51312
51319
51343
51345
51350
51362
51368
51369
51373
51375
51382
51389
51390
51393
51402
51406
51424
51444
51447
51459
51469
51476
51477
51496
51496
51506
51519
51542
51556
51556
51557
51558
51564
51600
51606
51619
51630
51639
51656
51658
51659
51661
51666
51673
51678
51684
51685
51693
51701
51703
51710
51711
51760
51766
51782
51786
51816
51819
51822
51835
51836
51840
51841
51846
51848
51854
51878
51885
51895
51896
51904
51905
51907
51913
51918
51921
51926
51935
51938
51942
51957
51996
52006
52044
52061
52076
52080
52089
52102
52106
52119
52167
52182
52198
52219
52222
52223
52226
52233
52233
52236
52245
52264
52289
52290
52303
52323
52327
52328
52337
52369
52380
52392
52407
52428
52430
52439
52457
52461
52468
52476
52488
52490
52492
52502
52510
52531
52562
52563
52566
52573
52575
52576
52582
52603
52611
52615
52618
52647
52650
52651
52663
52705
52706
52723
52729
52731
52735
52742
52751
52773
52789
52795
52817
52817
52821
52823
52826
52829
52830
52839
52842
52851
52852
52854
52861
52861
52863
52880
52889
52901
52908
52916
52932
52958
52968
52968
53015
53034
53035
53038
53055
53066
53075
53077
53093
53103
53104
53109
53122
53148
53153
53153
53164
53174
53176
53183
53187
53190
53193
53194
53203
53215
53221
53221
53231
53242
53251
53254
53268
53270
53272
53292
53304
53318
53347
53349
53363
53379
53401
53404
53406
53454
53468
53471
53475
53477
53522
53532
53540
53558
53561
53568
53579
53582
53584
53587
53588
53595
53599
53609
53625
53656
53669
53677
53688
53711
53729
53739
53748
53754
53755
53763
53768
53776
53781
53783
53790
53794
53798
53805
53819
53832
53836
53846
53849
53876
53889
53905
53905
53927
53932
53944
53949
53951
53962
53972
53980
53993
53995
54003
54010
54015
54016
54018
54024
54025
54025
54027
54040
54041
54049
54065
54083
54092
54094
54103
54121
54129
54138
54153
54160
54163
54174
54182
54187
54190
54220
54222
54223
54225
54225
54255
54259
54269
54270
54289
54312
54313
54371
54376
54379
54408
54418
54421
54430
54433
54442
54444
54481
54486
54495
54498
54499
54506
54522
54523
54558
54570
54576
54597
54626
54639
54650
54654
54664
54680
54680
54696
54724
54730
54731
54753
54761
54766
54781
54787
54790
54793
54825
54829
54846
54850
54852
54867
54878
54889
54913
54920
54944
54952
54955
54957
54959
54976
54982
54997
55016
55018
55034
55035
55035
55037
55050
55066
55070
55099
55113
55134
55146
55156
55157
55165
55176
55217
55224
55225
55236
55266
55269
55278
55287
55288
55303
55310
55310
55317
55319
55335
55342
55344
55346
55349
55351
55355
55380
55385
55385
55404
55405
55442
55447
55490
55532
55543
55550
55551
55553
55566
55571
55578
55580
55591
55593
55594
55607
55607
55609
55618
55622
55624
55631
55641
55658
55659
55663
55702
55702
55706
55736
55748
55751
55755
55757
55766
55776
55782
55795
55805
55807
55812
55827
55858
55872
55877
55890
55908
55910
55925
55925
55936
55940
55948
55974
55979
55998
56003
56008
56025
56036
56040
56054
56061
56078
56083
56092
56093
56095
56097
56098
56104
56116
56121
56123
56124
56126
56136
56145
56149
56166
56167
56171
56185
56206
56239
56259
56269
56273
56297
56307
56316
56345
56352
56364
56367
56381
56386
56390
56410
56423
56432
56441
56453
56460
56467
56484
56488
56493
56497
56498
56503
56505
56511
56517
56518
56524
56524
56535
56546
56569
56570
56600
56616
56621
56629
56629
56631
56645
56651
56653
56668
56716
56734
56754
56794
56797
56802
56804
56840
56846
56849
56869
56870
56871
56875
56875
56877
56884
56905
56922
56923
56925
56930
56935
56936
56939
56955
56976
56987
57013
57014
57038
57042
57044
57056
57070
57073
57085
57096
57116
57136
57139
57139
57147
57152
57163
57170
57175
57176
57183
57183
57199
57209
57210
57229
57258
57279
57301
57321
57331
57342
57381
57389
57396
57400
57401
57412
57415
57420
57446
57449
57453
57454
57482
57486
57506
57516
57536
57551
57560
57575
57593
57596
57618
57625
57631
57646
57648
57662
57670
57670
57689
57690
57713
57714
57723
57724
57725
57734
57734
57739
57744
57749
57749
57761
57764
57796
57797
57801
57801
57808
57826
57826
57827
57843
57848
57862
57875
57878
57885
57904
57910
57911
57918
57921
57924
57925
57933
57941
57944
57945
57956
57971
57972
57976
58002
58023
58027
58031
58047
58051
58084
58092
58110
58124
58130
58140
58163
58172
58175
58180
58187
58188
58208
58220
58234
58236
58239
58253
58256
58275
58283
58286
58288
58289
58298
58300
58300
58301
58304
58329
58344
58364
58418
58434
58437
58448
58479
58488
58520
58528
58537
58551
58576
58577
58610
58616
58616
58619
58620
58632
58649
58655
58669
58683
58697
58697
58700
58703
58719
58732
58732
58734
58744
58754
58762
58774
58804
58804
58814
58826
58829
58844
58861
58878
58881
58883
58887
58888
58895
58904
58918
58938
58942
58944
58956
58956
58962
58965
58975
58999
59014
59021
59026
59031
59032
59044
59051
59066
59071
59076
59086
59092
59096
59102
59108
59117
59120
59120
59128
59138
59139
59155
59178
59184
59192
59206
59227
59239
59250
59259
59269
59280
59313
59337
59357
59358
59371
59378
59394
59411
59418
59435
59444
59500
59511
59513
59530
59533
59553
59560
59578
59578
59583
59622
59622
59644
59659
59663
59670
59697
59706
59707
59709
59712
59738
59745
59747
59750
59752
59784
59798
59800
59812
59818
59821
59829
59832
59839
59884
59889
59904
59906
59912
59925
59927
59940
59947
59951
59956
59964
59973
59973
59975
59986
60009
60021
60022
60025
60029
60034
60047
60054
60080
60081
60082
60085
60092
60095
60102
60111
60116
60116
60125
60128
60131
60133
60137
60161
60173
60174
60177
60180
60197
60204
60211
60216
60243
60244
60246
60259
60266
60268
60274
60276
60281
60318
60318
60327
60330
60335
60336
60337
60344
60361
60362
60370
60370
60397
60398
60415
60416
60423
60425
60433
60435
60439
60454
60467
60481
60484
60492
60493
60539
60547
60553
60555
60593
60610
60636
60648
60658
60666
60674
60674
60688
60703
60704
60715
60724
60731
60741
60748
60748
60758
60766
60795
60804
60804
60808
60810
60831
60843
60856
60880
60886
60898
60929
60932
60936
60960
60962
60968
60981
60983
60993
61013
61013
61030
61061
61068
61069
61079
61080
61087
61117
61122
61123
61125
61128
61132
61140
61141
61149
61155
61162
61180
61186
61216
61218
61237
61238
61250
61276
61277
61277
61281
61297
61301
61311
61313
61338
61344
61360
61370
61391
61401
61407
61420
61421
61422
61423
61440
61450
61452
61453
61458
61478
61479
61487
61495
61512
61513
61515
61538
61548
61549
61556
61562
61576
61576
61580
61582
61600
61605
61608
61634
61638
61641
61652
61667
61670
61679
61688
61696
61697
61700
61716
61718
61721
61723
61726
61744
61748
61754
61762
61769
61772
61810
61829
61837
61868
61906
61907
61918
61926
61942
61951
61975
61982
61993
62003
62006
62011
62029
62040
62043
62044
62084
62086
62098
62100
62118
62121
62122
62124
62140
62154
62163
62165
62169
62177
62224
62234
62240
62242
62269
62288
62298
62306
62310
62317
62339
62344
62358
62366
62367
62371
62387
62405
62406
62409
62438
62445
62457
62476
62480
62498
62508
62516
62525
62528
62542
62574
62577
62589
62590
62591
62594
62601
62630
62634
62670
62679
62687
62692
62693
62706
62710
62723
62734
62766
62795
62795
62797
62807
62817
62819
62824
62826
62872
62874
62875
62878
62885
62891
62899
62927
62927
62959
62968
62982
62989
62991
63016
63031
63036
63072
63073
63074
63078
63082
63084
63126
63133
63134
63137
63154
63159
63183
63218
63248
63248
63250
63262
63272
63280
63292
63319
63320
63331
63336
63338
63344
63360
63364
63388
63397
63401
63409
63418
63421
63458
63460
63464
63466
63468
63473
63477
63502
63505
63511
63515
63516
63517
63522
63531
63541
63558
63560
63566
63584
63599
63609
63610
63627
63628
63631
63637
63652
63662
63663
63675
63677
63678
63689
63690
63705
63722
63729
63748
63765
63775
63780
63801
63807
63821
63823
63837
63848
63869
63882
63925
63926
63939
63945
63953
63980
63981
63984
63985
64020
64025
64026
64034
64035
64048
64069
64079
64092
64105
64113
64116
64118
64123
64131
64149
64157
64158
64161
64176
64177
64196
64198
64202
64205
64206
64216
64216
64230
64234
64239
64281
64301
64302
64310
64311
64312
64321
64332
64334
64344
64347
64358
64371
64379
64401
64405
64407
64417
64422
64427
64439
64443
64445
64449
64459
64474
64494
64505
64508
64532
64535
64540
64546
64554
64559
64570
64577
64599
64603
64605
64616
64620
64637
64644
64650
64654
64663
64664
64679
64690
64725
64737
64744
64777
64791
64804
64816
64835
64838
64840
64857
64862
64867
64875
64878
64905
64905
64916
64917
64924
64924
64939
64940
64948
64951
64959
64972
64975
64982
64993
65004
65010
65011
65021
65031
65031
65032
65036
65041
65048
65057
65060
65074
65084
65101
65104
65106
65120
65125
65143
65147
65149
65170
65178
65179
65197
65199
65204
65210
65219
65261
65286
65292
65294
65298
65304
65307
65336
65349
65350
65363
65371
65400
65408
65410
65424
65445
65464
65468
65474
65483
65492
65503
65504
65505
65508
65521
65525
65534
65551
65583
65584
65588
65593
65598
65615
65628
65645
65645
65646
65650
65658
65675
65703
65722
65732
65743
65761
65761
65762
65767
65773
65773
65781
65785
65785
65800
65807
65824
65833
65844
65845
65878
65880
65882
65882
65899
65934
65949
65959
65974
65991
65991
65996
66012
66020
66024
66028
66028
66029
66036
66052
66053
66055
66077
66102
66109
66128
66170
66201
66206
66207
66226
66230
66231
66233
66233
66245
66248
66258
66268
66268
66276
66284
66300
66300
66308
66339
66353
66374
66384
66403
66407
66408
66415
66420
66426
66439
66447
66448
66450
66455
66469
66473
66478
66479
66479
66484
66487
66488
66492
66501
66504
66518
66523
66532
66546
66561
66581
66585
66595
66595
66600
66612
66623
66630
66633
66643
66654
66687
66693
66693
66711
66714
66714
66723
66726
66737
66761
66763
66769
66773
66774
66784
66787
66788
66788
66789
66798
66799
66814
66847
66857
66862
66871
66874
66879
66881
66890
66898
66901
66910
66921
66924
66945
66952
66953
66957
66962
66985
66990
66999
67011
67014
67015
67027
67028
67050
67050
67057
67062
67075
67080
67098
67115
67119
67125
67128
67129
67130
67141
67171
67188
67207
67222
67225
67239
67249
67290
67293
67296
67302
67309
67332
67332
67367
67369
67389
67395
67395
67401
67408
67411
67417
67434
67468
67483
67499
67501
67505
67509
67540
67564
67573
67578
67580
67609
67614
67621
67627
67629
67631
67639
67642
67658
67668
67672
67688
67710
67710
67715
67736
67739
67774
67774
67787
67790
67819
67821
67825
67830
67843
67866
67874
67894
67901
67901
67908
67910
67911
67925
67937
67954
67961
67964
67966
67969
67982
67994
67996
67997
68002
68004
68007
68019
68021
68055
68069
68074
68087
68101
68127
68140
68150
68151
68159
68170
68174
68176
68185
68196
68200
68214
68215
68225
68226
68237
68250
68260
68265
68272
68280
68283
68287
68302
68333
68339
68348
68352
68359
68380
68386
68400
68403
68404
68417
68421
68428
68440
68443
68452
68457
68458
68458
68467
68469
68469
68480
68485
68487
68490
68491
68495
68495
68512
68526
68530
68533
68535
68538
68551
68584
68587
68630
68658
68663
68696
68707
68726
68730
68731
68736
68758
68764
68770
68772
68774
68782
68803
68807
68852
68871
68872
68882
68891
68921
68933
68974
68975
69017
69017
69018
69027
69034
69047
69049
69061
69073
69073
69098
69130
69139
69140
69157
69169
69181
69189
69209
69228
69248
69282
69282
69288
69293
69334
69339
69357
69359
69373
69397
69401
69401
69405
69415
69432
69438
69439
69463
69482
69488
69490
69511
69535
69536
69548
69561
69566
69572
69584
69608
69625
69660
69674
69678
69698
69716
69717
69724
69726
69726
69728
69734
69755
69767
69767
69780
69794
69835
69835
69844
69847
69850
69859
69860
69869
69873
69878
69879
69899
69900
69901
69917
69921
69969
69969
69979
69989
70008
70010
70017
70024
70047
70050
70051
70060
70061
70077
70091
70092
70108
70117
70140
70141
70142
70148
70148
70157
70168
70175
70180
70198
70207
70232
70242
70258
70268
70314
70315
70332
70334
70353
70359
70361
70384
70387
70390
70402
70422
70428
70428
70430
70433
70434
70455
70473
70483
70486
70488
70488
70489
70504
70514
70529
70536
70561
70576
70578
70596
70600
70601
70607
70608
70647
70649
70650
70653
70656
70661
70669
70673
70674
70684
70689
70690
70699
70702
70722
70723
70725
70727
70749
70752
70771
70774
70778
70783
70788
70789
70791
70811
70814
70826
70832
70844
70875
70883
70901
70923
70929
70943
70959
70990
71005
71005
71013
71014
71014
71015
71015
71027
71043
71045
71047
71050
71062
71076
71092
71111
71126
71163
71178
71185
71191
71227
71230
71247
71254
71279
71319
71326
71343
71356
71383
71384
71421
71422
71436
71459
71471
71474
71479
71486
71501
71506
71517
71524
71535
71578
71588
71592
71616
71628
71639
71657
71658
71658
71666
71672
71681
71683
71684
71694
71702
71714
71718
71719
71720
71725
71726
71741
71754
71756
71764
71764
71778
71789
71800
71814
71818
71829
71851
71853
71866
71875
71881
71894
71900
71901
71914
71916
71938
71940
71948
71949
71959
71977
71982
71989
71993
72005
72008
72010
72019
72060
72062
72079
72088
72089
72119
72129
72145
72147
72152
72169
72170
72186
72205
72215
72237
72238
72252
72259
72259
72274
72285
72300
72308
72318
72328
72349
72353
72357
72360
72369
72376
72386
72395
72399
72402
72418
72423
72450
72452
72457
72470
72480
72487
72487
72489
72490
72490
72493
72494
72503
72533
72544
72549
72567
72592
72607
72607
72611
72625
72631
72633
72642
72645
72649
72653
72657
72657
72669
72712
72721
72735
72744
72745
72755
72763
72764
72767
72772
72781
72791
72793
72800
72806
72814
72816
72832
72880
72884
72893
72923
72939
72944
72947
72978
72989
73009
73011
73025
73051
73066
73084
73108
73137
73137
73166
73187
73226
73233
73256
73268
73294
73301
73304
73316
73329
73331
73369
73381
73383
73386
73393
73402
73405
73412
73415
73487
73490
73499
73523
73525
73534
73540
73541
73555
73559
73562
73565
73565
73569
73580
73581
73584
73585
73594
73595
73597
73601
73602
73617
73622
73631
73636
73654
73662
73681
73704
73719
73724
73735
73740
73742
73747
73754
73760
73773
73776
73784
73786
73787
73802
73814
73820
73826
73849
73863
73875
73890
73900
73903
73906
73911
73937
73956
73957
73969
73988
74007
74007
74026
74031
74047
74048
74053
74072
74087
74087
74094
74096
74120
74141
74155
74161
74190
74191
74210
74216
74219
74221
74261
74269
74271
74271
74287
74290
74295
74302
74311
74311
74315
74338
74351
74365
74376
74376
74377
74381
74398
74401
74422
74445
74461
74463
74466
74488
74491
74497
74501
74520
74544
74565
74569
74571
74573
74595
74607
74610
74615
74645
74651
74662
74665
74668
74676
74679
74681
74686
74687
74693
74731
74747
74754
74769
74772
74773
74781
74789
74794
74809
74847
74850
74851
74882
74890
74894
74903
74905
74907
74911
74912
74917
74936
74939
74961
75009
75013
75014
75014
75050
75068
75078
75112
75127
75128
75130
75132
75145
75153
75157
75172
75177
75189
75191
75217
75239
75247
75250
75250
75253
75253
75259
75262
75265
75277
75290
75290
75294
75297
75298
75313
75314
75329
75337
75342
75347
75355
75360
75375
75377
75397
75399
75401
75423
75436
75439
75441
75442
75450
75478
75478
75484
75484
75487
75497
75499
75533
75539
75547
75548
75551
75551
75555
75559
75569
75569
75570
75571
75581
75585
75585
75585
75585
75591
75617
75677
75690
75693
75694
75697
75699
75705
75717
75720
75741
75749
75761
75764
75777
75809
75816
75819
75833
75845
75870
75874
75898
75912
75925
75952
75954
75970
75971
75971
75990
75994
75994
76005
76039
76083
76089
76097
76101
76108
76112
76119
76140
76151
76159
76183
76195
76196
76206
76223
76236
76236
76275
76277
76279
76283
76286
76288
76288
76302
76306
76334
76367
76373
76379
76384
76386
76389
76407
76425
76427
76435
76446
76452
76453
76454
76465
76476
76490
76513
76514
76529
76536
76536
76547
76589
76601
76602
76604
76623
76650
76659
76666
76667
76671
76709
76735
76741
76746
76751
76753
76769
76775
76789
76791
76793
76827
76830
76847
76855
76857
76858
76859
76863
76877
76883
76884
76898
76908
76909
76912
76913
76916
76916
76919
76923
76942
76952
76960
76964
76979
76989
77013
77022
77030
77047
77048
77068
77073
77092
77111
77118
77118
77136
77142
77144
77147
77153
77165
77175
77181
77182
77185
77192
77207
77235
77250
77258
77264
77274
77277
77281
77291
77294
77313
77315
77320
77341
77364
77365
77377
77380
77406
77423
77436
77440
77452
77454
77470
77470
77473
77477
77489
77490
77492
77496
77519
77525
77528
77530
77541
77543
77557
77560
77596
77609
77650
77652
77674
77697
77699
77704
77711
77735
77737
77741
77743
77757
77763
77774
77789
77810
77833
77852
77856
77859
77873
77876
77887
77889
77892
77938
77940
77964
77965
77997
77998
78010
78019
78026
78046
78050
78068
78086
78113
78177
78186
78193
78195
78204
78208
78226
78283
78285
78287
78288
78294
78299
78301
78308
78323
78361
78372
78397
78412
78416
78437
78440
78442
78445
78448
78451
78475
78480
78493
78508
78512
78514
78522
78528
78534
78551
78587
78605
78606
78613
78621
78628
78631
78637
78641
78646
78651
78652
78665
78671
78672
78701
78703
78708
78714
78720
78725
78752
78755
78791
78792
78802
78804
78827
78840
78876
78879
78883
78883
78887
78904
78910
78913
78923
78939
78953
78970
78992
79010
79019
79023
79037
79040
79040
79047
79047
79077
79089
79089
79091
79104
79115
79126
79127
79156
79162
79166
79167
79179
79180
79186
79194
79196
79196
79198
79206
79217
79232
79261
79263
79271
79277
79316
79355
79365
79374
79379
79397
79420
79429
79437
79465
79465
79469
79493
79506
79510
79520
79525
79548
79555
79557
79559
79575
79581
79581
79583
79585
79591
79595
79598
79600
79626
79637
79642
79650
79655
79674
79676
79688
79704
79720
79751
79756
79761
79763
79769
79773
79775
79778
79782
79809
79821
79826
79845
79853
79871
79879
79889
79904
79909
79915
79917
79932
79948
79958
79965
79967
79968
79968
79974
79979
79979
79983
79987
79998
80009
80013
80026
80038
80052
80062
80072
80075
80081
80081
80087
80095
80098
80100
80106
80116
80148
80158
80162
80173
80182
80187
80187
80191
80207
80222
80226
80249
80261
80265
80270
80270
80279
80329
80333
80352
80359
80369
80385
80410
80413
80421
80432
80445
80450
80456
80483
80490
80519
80530
80535
80536
80538
80545
80558
80595
80615
80630
80649
80660
80676
80686
80693
80699
80710
80711
80736
80736
80739
80743
80745
80749
80750
80756
80757
80775
80789
80798
80808
80811
80816
80822
80825
80834
80854
80862
80864
80865
80869
80870
80878
80892
80894
80895
80908
80910
80914
80931
80946
80953
80962
80972
80974
80983
80984
80992
80992
80997
80999
81009
81019
81038
81039
81052
81053
81056
81066
81071
81078
81088
81103
81103
81105
81119
81123
81159
81182
81223
81231
81240
81247
81250
81269
81276
81284
81285
81289
81303
81342
81368
81369
81371
81372
81392
81394
81432
81457
81479
81488
81490
81493
81504
81510
81529
81541
81545
81546
81552
81555
81556
81561
81565
81579
81584
81600
81600
81624
81624
81625
81626
81626
81629
81639
81651
81653
81658
81658
81665
81669
81672
81677
81697
81712
81715
81715
81722
81737
81740
81743
81757
81760
81768
81770
81770
81783
81788
81817
81845
81864
81888
81895
81896
81896
81897
81903
81904
81906
81925
81931
81934
81937
81973
81983
81989
81999
82003
82004
82008
82023
82058
82061
82090
82091
82100
82117
82131
82136
82138
82158
82168
82170
82173
82204
82213
82215
82227
82229
82233
82268
82269
82276
82296
82300
82311
82317
82320
82328
82330
82352
82361
82371
82373
82385
82418
82423
82455
82458
82525
82543
82544
82556
82559
82565
82566
82609
82609
82633
82662
82681
82694
82717
82728
82747
82751
82755
82772
82791
82797
82802
82820
82821
82826
82851
82872
82883
82891
82909
82923
82926
82935
82952
82956
82964
82966
82980
82988
82991
83004
83008
83017
83063
83079
83086
83089
83115
83120
83127
83130
83130
83135
83147
83165
83174
83178
83178
83184
83189
83192
83197
83230
83241
83248
83255
83262
83270
83294
83317
83321
83335
83340
83341
83357
83365
83372
83402
83415
83421
83435
83436
83471
83513
83525
83528
83533
83537
83545
83546
83560
83583
83592
83596
83599
83605
83607
83610
83621
83625
83628
83643
83644
83651
83668
83716
83719
83719
83724
83739
83766
83801
83805
83825
83835
83854
83858
83867
83869
83877
83877
83915
83922
83930
83941
83945
83949
83950
83961
83970
84008
84008
84015
84020
84029
84038
84046
84051
84057
84060
84068
84099
84106
84107
84122
84123
84127
84140
84151
84152
84173
84207
84215
84220
84247
84275
84282
84290
84294
84311
84313
84314
84325
84327
84332
84332
84334
84336
84337
84338
84379
84379
84405
84406
84412
84417
84419
84423
84452
84457
84457
84475
84488
84505
84505
84506
84508
84517
84517
84526
84538
84542
84551
84554
84576
84595
84598
84600
84602
84611
84622
84650
84668
84674
84703
84718
84720
84741
84744
84755
84756
84762
84766
84773
84797
84814
84834
84870
84871
84886
84923
84940
84942
84945
84948
84948
84971
84975
84982
84988
84990
84994
85006
85010
85029
85039
85043
85044
85048
85049
85050
85066
85066
85070
85083
85083
85085
85097
85106
85108
85113
85114
85127
85132
85137
85148
85164
85171
85172
85182
85191
85206
85217
85219
85223
85226
85237
85243
85247
85249
85249
85264
85266
85284
85290
85296
85299
85319
85322
85334
85334
85342
85398
85399
85408
85428
85438
85440
85452
85478
85482
85508
85526
85541
85543
85556
85557
85567
85576
85587
85617
85638
85645
85654
85656
85661
85664
85677
85694
85712
85712
85726
85730
85749
85758
85759
85762
85769
85784
85795
85801
85835
85857
85873
85880
85881
85886
85915
85915
85919
85922
85924
85928
85935
85946
85972
85980
85987
85989
85995
86002
86003
86014
86029
86037
86038
86042
86079
86088
86098
86101
86111
86125
86138
86141
86168
86191
86193
86215
86232
86242
86244
86245
86259
86268
86276
86285
86294
86305
86306
86312
86341
86351
86359
86381
86383
86405
86426
86427
86430
86437
86443
86453
86456
86461
86479
86481
86486
86498
86499
86507
86512
86526
86535
86539
86540
86543
86552
86555
86574
86576
86577
86618
86624
86631
86639
86639
86645
86645
86652
86653
86655
86670
86683
86687
86688
86700
86721
86730
86736
86750
86756
86776
86782
86795
86816
86829
86830
86857
86867
86878
86886
86909
86911
86929
86942
86946
86975
86983
86988
86989
87011
87017
87040
87050
87053
87085
87088
87107
87127
87133
87148
87150
87173
87185
87187
87189
87196
87197
87212
87215
87238
87264
87269
87274
87276
87302
87303
87313
87321
87344
87350
87352
87354
87367
87393
87394
87396
87414
87445
87448
87458
87459
87467
87467
87471
87477
87481
87504
87514
87521
87525
87526
87532
87592
87600
87606
87609
87617
87619
87622
87633
87635
87637
87640
87640
87688
87696
87703
87754
87771
87795
87796
87810
87824
87840
87900
87912
87914
87940
87940
87954
87958
87987
87997
87999
88008
88015
88026
88031
88036
88063
88068
88074
88080
88087
88114
88121
88131
88135
88139
88149
88160
88161
88163
88189
88192
88200
88201
88202
88206
88209
88218
88221
88234
88235
88247
88249
88250
88269
88287
88301
88313
88322
88335
88335
88353
88358
88366
88372
88374
88377
88381
88392
88397
88407
88413
88423
88423
88439
88448
88488
88489
88492
88506
88515
88520
88522
88530
88550
88563
88566
88580
88581
88582
88583
88583
88590
88592
88595
88603
88605
88607
88626
88631
88633
88659
88670
88672
88683
88689
88692
88719
88728
88730
88731
88736
88742
88748
88758
88759
88763
88791
88797
88807
88819
88823
88844
88849
88858
88859
88883
88896
88901
88902
88911
88912
88920
88926
88939
88954
88954
88971
88972
88973
88982
88987
88988
88989
89008
89011
89019
89023
89027
89028
89031
89049
89058
89064
89074
89088
89090
89091
89095
89116
89129
89133
89135
89153
89155
89157
89168
89170
89172
89192
89199
89213
89219
89221
89223
89231
89242
89248
89256
89262
89267
89279
89290
89312
89313
89359
89364
89373
89399
89401
89403
89424
89433
89441
89449
89466
89466
89469
89495
89519
89545
89547
89549
89552
89559
89573
89578
89579
89598
89629
89629
89635
89637
89641
89641
89642
89657
89669
89678
89679
89683
89687
89698
89700
89707
89738
89744
89755
89755
89760
89764
89768
89770
89773
89775
89785
89807
89813
89829
89832
89847
89852
89861
89876
89880
89884
89891
89892
89900
89911
89913
89925
89926
89962
89964
89967
89968
89990
90009
90048
90050
90055
90055
90056
90078
90087
90122
90126
90159
90162
90166
90176
90186
90191
90217
90218
90228
90250
90269
90283
90301
90310
90318
90319
90338
90342
90351
90356
90361
90377
90381
90381
90383
90390
90395
90397
90413
90418
90426
90427
90430
90432
90437
90438
90439
90445
90445
90452
90463
90515
90516
90519
90526
90540
90542
90551
90573
90575
90589
90592
90593
90601
90612
90645
90648
90679
90682
90705
90722
90730
90732
90742
90743
90750
90751
90752
90754
90767
90777
90789
90792
90794
90796
90804
90811
90813
90844
90848
90852
90860
90865
90865
90868
90869
90898
90910
90942
90972
90980
90982
90990
90991
90997
91001
91019
91024
91032
91036
91037
91044
91055
91072
91101
91103
91110
91114
91115
91115
91134
91137
91180
91186
91199
91215
91227
91231
91231
91233
91244
91248
91264
91265
91281
91319
91323
91330
91339
91340
91344
91364
91368
91376
91380
91383
91384
91390
91399
91402
91404
91408
91408
91418
91428
91441
91446
91463
91469
91469
91482
91486
91486
91497
91498
91532
91539
91576
91587
91595
91596
91603
91609
91612
91652
91667
91667
91692
91694
91716
91717
91719
91721
91732
91751
91751
91753
91760
91774
91775
91784
91796
91797
91801
91803
91827
91841
91843
91863
91868
91869
91873
91877
91886
91886
91890
91897
91899
91927
91936
91946
91949
91957
91961
91968
91972
91995
92007
92018
92021
92021
92024
92029
92033
92033
92036
92039
92042
92044
92048
92052
92052
92053
92074
92080
92082
92098
92115
92125
92125
92142
92160
92161
92169
92175
92175
92175
92180
92194
92199
92204
92209
92219
92221
92224
92258
92261
92264
92270
92299
92307
92347
92355
92360
92364
92368
92379
92385
92393
92399
92404
92406
92410
92430
92433
92444
92450
92471
92471
92492
92508
92511
92514
92523
92534
92556
92585
92586
92593
92608
92617
92641
92648
92651
92652
92653
92669
92704
92707
92710
92716
92740
92752
92772
92773
92774
92783
92785
92795
92800
92803
92803
92805
92822
92822
92825
92831
92848
92862
92863
92870
92870
92874
92875
92881
92894
92907
92908
92911
92916
92924
92931
92936
92937
92938
92941
92952
92956
92959
92971
92990
92999
92999
93022
93035
93051
93053
93066
93067
93069
93093
93100
93126
93127
93134
93146
93148
93157
93165
93173
93173
93186
93192
93209
93209
93219
93221
93232
93241
93260
93271
93272
93275
93282
93284
93284
93289
93311
93318
93319
93319
93326
93329
93354
93387
93389
93409
93410
93418
93421
93463
93466
93481
93486
93489
93495
93536
93541
93560
93567
93573
93578
93591
93597
93606
93626
93632
93641
93642
93645
93650
93661
93680
93683
93696
93708
93722
93743
93749
93752
93765
93781
93795
93797
93806
93806
93819
93829
93829
93834
93840
93857
93887
93902
93912
93924
93926
93936
93939
93944
93949
93958
93960
93969
93977
93988
94007
94012
94014
94052
94078
94096
94105
94106
94124
94128
94128
94135
94145
94152
94161
94165
94166
94174
94189
94197
94197
94204
94215
94218
94222
94239
94241
94266
94294
94305
94308
94318
94329
94331
94336
94340
94344
94346
94349
94350
94354
94363
94364
94386
94390
94394
94404
94413
94419
94429
94439
94452
94459
94484
94488
94502
94511
94521
94542
94565
94573
94582
94582
94586
94591
94605
94608
94620
94620
94624
94640
94657
94670
94672
94698
94699
94701
94711
94712
94720
94724
94726
94729
94739
94763
94766
94768
94775
94775
94780
94782
94798
94809
94813
94814
94817
94820
94839
94839
94872
94900
94913
94924
94939
94940
94956
94957
94959
94986
94994
95015
95041
95052
95053
95072
95088
95112
95123
95158
95159
95173
95186
95191
95191
95203
95210
95232
95235
95244
95270
95295
95296
95303
95330
95332
95351
95368
95374
95382
95387
95396
95417
95425
95431
95442
95452
95458
95463
95477
95483
95501
95518
95526
95532
95534
95558
95567
95571
95572
95578
95599
95606
95620
95622
95652
95664
95677
95677
95688
95691
95692
95703
95723
95735
95745
95750
95751
95763
95769
95819
95823
95835
95860
95862
95874
95899
95909
95917
95919
95932
95934
95943
95951
95966
95971
95973
95978
95986
95994
96004
96008
96015
96018
96041
96053
96063
96081
96103
96120
96150
96151
96156
96158
96164
96180
96200
96207
96215
96220
96281
96282
96289
96295
96332
96352
96366
96381
96396
96403
96412
96414
96414
96418
96426
96437
96437
96449
96451
96452
96452
96458
96472
96501
96509
96534
96546
96549
96563
96576
96579
96580
96591
96605
96606
96647
96650
96664
96673
96684
96711
96723
96731
96740
96749
96750
96752
96759
96768
96771
96775
96776
96779
96795
96799
96803
96814
96823
96826
96828
96834
96889
96902
96928
96940
96941
96950
96965
97005
97006
97017
97023
97036
97037
97075
97081
97088
97090
97100
97100
97102
97105
97128
97130
97147
97165
97173
97178
97182
97189
97195
97200
97208
97216
97260
97267
97279
97284
97299
97301
97309
97324
97347
97376
97383
97409
97418
97419
97420
97425
97440
97450
97452
97457
97460
97468
97514
97514
97531
97532
97534
97552
97555
97559
97562
97564
97566
97580
97596
97668
97669
97710
97714
97717
97730
97761
97776
97782
97785
97789
97798
97823
97826
97836
97841
97842
97855
97872
97872
97886
97896
97913
97915
97966
97989
97995
97997
98017
98033
98037
98039
98041
98043
98067
98086
98119
98120
98120
98123
98131
98131
98146
98157
98161
98166
98184
98185
98185
98208
98223
98236
98239
98245
98246
98257
98260
98263
98274
98294
98299
98306
98315
98317
98320
98347
98348
98387
98406
98416
98419
98421
98422
98456
98457
98458
98462
98463
98464
98486
98502
98523
98527
98529
98543
98553
98558
98566
98569
98573
98574
98584
98592
98599
98600
98607
98609
98610
98615
98633
98645
98648
98658
98661
98669
98690
98692
98700
98706
98708
98714
98723
98734
98743
98750
98755
98763
98792
98795
98800
98838
98839
98842
98842
98858
98858
98870
98873
98883
98885
98917
98919
98938
98938
98945
98952
98962
98983
99031
99037
99041
99043
99054
99056
99060
99061
99064
99095
99095
99100
99115
99125
99129
99131
99153
99156
99167
99167
99173
99192
99193
99193
99199
99204
99220
99233
99246
99250
99255
99257
99257
99267
99270
99271
99273
99279
99297
99311
99356
99361
99367
99391
99391
99408
99409
99416
99428
99437
99471
99476
99481
99494
99500
99519
99548
99550
99558
99570
99572
99573
99575
99583
99598
99598
99611
99616
99625
99641
99647
99651
99670
99672
99677
99681
99682
99685
99693
99705
99718
99760
99811
99819
99828
99829
99842
99856
99872
99873
99903
99918
99931
99945
99954
99968
99978
99979
99991
99995
99996
