5
7
15
15
39
48
68
82
95
97
105
106
106
107
119
133
147
177
201
203
209
209
211
222
257
263
270
270
277
278
279
290
290
293
299
307
320
332
357
358
376
378
409
420
425
441
458
460
465
476
476
481
487
492
500
505
515
520
526
545
548
548
550
567
569
582
588
615
617
634
635
637
640
665
673
678
683
686
691
692
705
720
743
745
748
783
784
784
785
787
793
807
820
836
845
847
870
874
903
925
958
967
982
1006
1025
1028
1030
1036
1043
1044
1058
1059
1060
1074
1080
1084
1132
1139
1140
1153
1168
1173
1187
1194
1219
1219
1222
1231
1241
1252
1264
1279
1288
1289
1290
1297
1305
1314
1319
1324
1325
1342
1361
1375
1381
1387
1395
1395
1412
1418
1421
1422
1434
1434
1435
1441
1466
1470
1484
1500
1505
1505
1506
1516
1523
1559
1576
1592
1605
1623
1632
1634
1637
1648
1657
1675
1711
1714
1715
1715
1719
1724
1745
1747
1752
1797
1811
1811
1822
1825
1836
1842
1848
1861
1883
1905
1918
1928
1934
1942
1949
1954
1968
1970
1975
1975
1976
1984
1994
2008
2051
2058
2067
2076
2086
2096
2097
2106
2109
2125
2132
2144
2148
2155
2155
2161
2169
2176
2178
2221
2225
2239
2239
2250
2260
2262
2267
2271
2274
2277
2288
2289
2290
2307
2332
2347
2356
2358
2358
2371
2399
2412
2413
2436
2456
2468
2478
2479
2484
2485
2492
2502
2509
2534
2539
2562
2566
2568
2571
2574
2582
2586
2592
2627
2641
2649
2650
2672
2675
2683
2720
2730
2732
2740
2756
2776
2801
2802
2848
2856
2861
2890
2890
2905
2912
2913
2913
2917
2938
2958
2962
2962
2969
2973
2976
2982
2986
2992
2994
2998
3000
3025
3025
3041
3051
3074
3082
3107
3112
3197
3206
3219
3224
3224
3225
3228
3229
3236
3250
3256
3259
3274
3280
3281
3307
3309
3316
3318
3332
3332
3334
3336
3345
3347
3353
3360
3362
3363
3378
3401
3403
3404
3409
3410
3414
3415
3417
3439
3443
3452
3460
3509
3517
3526
3546
3551
3555
3560
3563
3565
3578
3614
3638
3643
3656
3689
3690
3697
3727
3727
3739
3784
3797
3806
3827
3831
3831
3857
3860
3869
3878
3882
3898
3901
3929
3948
3967
3979
3983
4001
4008
4011
4018
4018
4021
4021
4023
4028
4037
4038
4040
4042
4057
4057
4059
4081
4081
4099
4107
4118
4121
4124
4142
4147
4159
4169
4177
4186
4193
4199
4203
4213
4215
4229
4235
4241
4245
4248
4268
4274
4281
4282
4285
4288
4288
4290
4293
4297
4298
4306
4310
4317
4321
4335
4341
4344
4345
4348
4390
4398
4400
4409
4421
4424
4431
4446
4455
4455
4457
4474
4477
4488
4494
4507
4521
4545
4567
4580
4582
4603
4618
4636
4647
4654
4694
4699
4725
4727
4728
4728
4728
4737
4756
4759
4765
4775
4775
4777
4781
4787
4796
4800
4805
4811
4814
4816
4831
4845
4848
4859
4873
4926
4930
4937
4946
4955
4968
4975
4985
5044
5055
5060
5061
5065
5069
5084
5085
5110
5116
5116
5122
5131
5133
5133
5136
5139
5168
5174
5183
5187
5191
5213
5213
5214
5232
5235
5243
5247
5252
5256
5270
5279
5296
5308
5311
5320
5320
5321
5347
5350
5356
5360
5365
5376
5384
5391
5392
5393
5404
5425
5434
5441
5449
5449
5451
5451
5454
5457
5473
5477
5481
5499
5511
5524
5537
5562
5569
5574
5577
5583
5591
5608
5620
5624
5630
5645
5645
5667
5690
5694
5694
5713
5714
5743
5745
5751
5768
5769
5776
5780
5798
5800
5812
5819
5835
5871
5874
5876
5878
5895
5906
5917
5917
5927
5931
5936
5956
5963
5964
5974
6002
6006
6044
6062
6104
6105
6118
6124
6143
6155
6156
6161
6174
6182
6211
6213
6218
6230
6246
6269
6272
6277
6280
6290
6298
6299
6339
6355
6381
6383
6383
6390
6402
6407
6411
6413
6421
6426
6432
6440
6441
6466
6467
6482
6488
6490
6494
6501
6502
6503
6506
6523
6535
6542
6553
6554
6562
6571
6575
6585
6585
6585
6612
6631
6641
6650
6650
6664
6674
6692
6699
6710
6740
6742
6794
6795
6796
6798
6801
6801
6803
6807
6807
6837
6838
6859
6861
6863
6877
6899
6903
6904
6912
6915
6917
6924
6929
6931
6941
6951
6956
6970
6984
6992
6994
6994
7015
7017
7026
7029
7045
7046
7051
7057
7061
7093
7123
7156
7163
7204
7205
7207
7218
7252
7257
7266
7270
7271
7283
7283
7291
7292
7318
7334
7348
7354
7354
7357
7369
7375
7409
7419
7435
7443
7452
7483
7493
7510
7556
7563
7564
7567
7581
7582
7587
7592
7596
7612
7621
7623
7624
7640
7666
7667
7670
7675
7679
7700
7701
7704
7716
7720
7721
7724
7732
7736
7743
7770
7770
7776
7784
7791
7797
7800
7821
7824
7828
7837
7851
7854
7872
7890
7915
7922
7924
7935
7943
7946
7955
7968
7975
7995
8002
8004
8009
8019
8025
8027
8045
8050
8065
8067
8068
8070
8082
8083
8090
8097
8106
8112
8115
8119
8135
8139
8145
8146
8147
8157
8161
8165
8179
8190
8200
8202
8212
8256
8262
8301
8316
8316
8317
8325
8328
8349
8355
8356
8369
8372
8428
8443
8445
8477
8478
8488
8489
8493
8500
8507
8510
8517
8522
8537
8544
8573
8615
8620
8630
8633
8643
8646
8657
8668
8684
8694
8698
8712
8725
8727
8737
8737
8746
8753
8756
8775
8791
8797
8798
8802
8818
8820
8847
8853
8857
8877
8905
8905
8909
8923
8933
8945
8946
8957
8969
8987
9003
9013
9016
9018
9034
9041
9044
9046
9052
9059
9060
9061
9061
9062
9076
9077
9082
9086
9096
9097
9112
9115
9123
9128
9137
9145
9157
9159
9164
9165
9166
9181
9189
9190
9196
9209
9212
9217
9225
9234
9255
9276
9285
9287
9291
9294
9313
9330
9339
9340
9344
9348
9362
9372
9380
9382
9397
9434
9436
9447
9453
9467
9477
9494
9506
9519
9522
9531
9558
9591
9592
9594
9603
9606
9646
9651
9653
9665
9708
9711
9713
9739
9739
9748
9760
9781
9819
9834
9846
9849
9850
9855
9889
9901
9907
9914
9921
9922
9933
9943
9948
9950
9952
9962
9982
9994
10002
10011
10016
10035
10046
10053
10055
10056
10056
10059
10071
10079
10080
10098
10102
10107
10111
10116
10133
10142
10157
10159
10166
10177
10180
10204
10209
10220
10220
10263
10265
10284
10296
10321
10336
10336
10348
10382
10385
10396
10404
10414
10416
10447
10447
10450
10459
10462
10462
10467
10470
10478
10483
10505
10509
10510
10535
10540
10541
10547
10596
10601
10607
10631
10632
10635
10637
10639
10657
10659
10666
10680
10730
10730
10740
10751
10773
10796
10800
10802
10814
10824
10825
10828
10837
10839
10844
10847
10855
10857
10875
10881
10885
10892
10903
10918
10922
10926
10934
10944
10950
10954
10954
10955
10961
10972
10986
11015
11025
11036
11045
11058
11060
11072
11084
11089
11107
11116
11120
11137
11139
11145
11148
11149
11149
11157
11158
11191
11191
11207
11214
11218
11243
11269
11269
11272
11277
11284
11295
11297
11298
11301
11308
11315
11326
11358
11362
11389
11394
11395
11404
11425
11425
11427
11445
11459
11465
11479
11486
11489
11489
11495
11500
11502
11504
11510
11515
11555
11588
11603
11612
11643
11643
11644
11649
11661
11665
11671
11682
11706
11706
11713
11728
11729
11729
11738
11747
11751
11763
11774
11780
11811
11813
11816
11821
11829
11835
11838
11847
11848
11848
11853
11854
11856
11859
11872
11885
11902
11907
11908
11911
11912
11916
11929
11932
11934
11939
11941
11943
11950
11957
11975
11995
11996
12008
12015
12020
12052
12069
12074
12074
12085
12120
12158
12165
12189
12215
12218
12219
12232
12236
12243
12249
12255
12256
12266
12280
12301
12315
12326
12338
12363
12383
12384
12397
12414
12418
12424
12426
12446
12480
12485
12495
12497
12500
12514
12552
12560
12562
12572
12574
12576
12584
12608
12623
12633
12641
12663
12670
12670
12681
12692
12693
12701
12701
12705
12710
12713
12714
12731
12738
12741
12742
12768
12773
12774
12783
12784
12785
12786
12800
12800
12810
12810
12814
12823
12825
12829
12839
12852
12894
12898
12907
12921
12921
12932
12954
12966
12973
12992
12994
13012
13017
13039
13040
13041
13050
13056
13072
13080
13081
13082
13086
13089
13098
13125
13137
13139
13140
13148
13163
13163
13166
13181
13194
13199
13204
13207
13207
13211
13248
13252
13255
13279
13279
13279
13299
13300
13309
13335
13345
13346
13350
13365
13368
13370
13404
13414
13430
13438
13444
13462
13464
13488
13489
13498
13499
13519
13541
13542
13562
13569
13603
13612
13623
13633
13644
13646
13648
13651
13662
13669
13688
13690
13696
13706
13711
13711
13717
13726
13737
13738
13764
13789
13793
13802
13813
13826
13842
13862
13885
13891
13905
13931
13933
13935
13956
13958
13992
14020
14024
14031
14053
14062
14064
14077
14083
14088
14090
14115
14134
14140
14159
14160
14165
14169
14170
14176
14176
14204
14267
14267
14289
14336
14343
14367
14375
14380
14385
14389
14393
14399
14414
14415
14427
14436
14449
14450
14491
14495
14533
14535
14552
14566
14568
14576
14585
14604
14605
14613
14648
14649
14665
14666
14671
14727
14735
14736
14748
14800
14806
14816
14819
14822
14845
14848
14857
14871
14888
14893
14915
14928
14934
14941
14943
14945
15007
15018
15022
15025
15028
15039
15048
15080
15135
15142
15164
15169
15171
15173
15177
15182
15196
15204
15212
15218
15245
15262
15268
15286
15288
15295
15296
15298
15305
15311
15325
15343
15345
15348
15349
15352
15358
15369
15374
15391
15405
15412
15435
15436
15447
15483
15485
15489
15494
15496
15497
15503
15509
15515
15546
15549
15554
15556
15563
15567
15567
15568
15580
15585
15592
15602
15617
15619
15627
15629
15667
15668
15668
15673
15679
15724
15730
15778
15795
15802
15804
15813
15844
15864
15877
15878
15878
15880
15886
15891
15904
15922
15934
15946
15952
15955
15985
15989
15994
15997
16000
16022
16025
16028
16041
16050
16056
16075
16090
16096
16107
16109
16140
16144
16147
16222
16223
16225
16236
16255
16261
16280
16284
16286
16292
16312
16316
16317
16324
16325
16332
16354
16357
16371
16380
16389
16391
16397
16398
16399
16408
16426
16436
16437
16458
16476
16485
16500
16510
16527
16535
16535
16540
16545
16552
16555
16560
16564
16578
16609
16610
16632
16638
16649
16652
16656
16657
16678
16703
16708
16711
16724
16731
16739
16745
16763
16768
16774
16780
16789
16799
16834
16839
16842
16848
16859
16871
16890
16897
16899
16924
16929
16946
16946
16950
16952
16968
16968
16975
16979
16988
16999
17004
17004
17008
17011
17013
17016
17022
17035
17043
17055
17056
17065
17103
17104
17105
17113
17119
17120
17123
17127
17133
17150
17159
17194
17200
17211
17216
17233
17233
17242
17247
17275
17276
17281
17284
17306
17315
17324
17324
17326
17332
17343
17346
17352
17366
17377
17392
17411
17446
17461
17481
17490
17509
17513
17534
17568
17575
17591
17598
17599
17602
17613
17616
17621
17641
17648
17673
17675
17682
17685
17688
17696
17712
17712
17718
17719
17732
17734
17754
17754
17756
17780
17783
17786
17796
17804
17818
17826
17828
17841
17859
17868
17876
17877
17901
17902
17915
17924
17951
17962
17962
17967
17971
17977
17987
17996
18004
18026
18035
18062
18086
18098
18101
18103
18111
18113
18113
18127
18150
18166
18171
18188
18192
18196
18199
18239
18259
18268
18290
18297
18302
18302
18305
18314
18316
18316
18328
18335
18348
18363
18366
18369
18378
18394
18405
18407
18444
18447
18449
18459
18464
18469
18476
18482
18487
18487
18494
18500
18502
18504
18516
18524
18528
18531
18532
18540
18546
18551
18568
18581
18604
18606
18620
18621
18625
18634
18638
18642
18662
18673
18680
18683
18684
18702
18719
18722
18731
18741
18751
18764
18773
18780
18793
18797
18812
18822
18832
18841
18888
18894
18910
18924
18930
18934
18943
18944
18947
18955
19003
19007
19016
19029
19032
19046
19047
19063
19082
19100
19102
19104
19113
19115
19117
19128
19131
19174
19180
19196
19197
19227
19231
19232
19239
19262
19263
19271
19277
19290
19298
19321
19330
19333
19335
19347
19356
19358
19361
19361
19371
19378
19412
19412
19413
19416
19435
19456
19483
19487
19499
19518
19529
19532
19539
19548
19552
19574
19587
19611
19625
19632
19652
19653
19653
19694
19697
19699
19701
19715
19722
19734
19736
19741
19746
19749
19772
19784
19786
19797
19802
19816
19826
19835
19856
19863
19868
19874
19898
19905
19905
19905
19910
19911
19941
19943
19948
19952
19952
19955
19957
19993
20000
20009
20012
20025
20030
20041
20043
20053
20056
20079
20080
20083
20092
20100
20111
20140
20141
20144
20164
20170
20186
20187
20196
20230
20233
20251
20255
20264
20270
20274
20278
20284
20302
20330
20336
20343
20372
20398
20424
20435
20437
20466
20477
20483
20486
20488
20498
20519
20526
20538
20547
20554
20557
20573
20585
20596
20603
20613
20657
20662
20663
20674
20695
20696
20709
20722
20723
20723
20730
20732
20736
20750
20751
20755
20776
20794
20800
20801
20802
20809
20818
20821
20824
20850
20850
20874
20893
20894
20895
20904
20920
20925
20930
20930
20942
20960
20983
21015
21015
21018
21021
21034
21044
21046
21049
21051
21052
21059
21086
21101
21124
21135
21157
21158
21170
21198
21230
21244
21262
21262
21278
21318
21319
21328
21335
21337
21354
21360
21362
21375
21389
21389
21393
21407
21429
21445
21457
21465
21479
21480
21491
21496
21505
21512
21512
21518
21535
21550
21555
21563
21569
21580
21585
21596
21602
21626
21634
21641
21646
21652
21653
21663
21674
21678
21682
21697
21697
21712
21717
21731
21737
21750
21758
21766
21767
21792
21799
21802
21823
21835
21844
21856
21860
21862
21867
21872
21876
21877
21887
21890
21894
21894
21905
21918
21922
21923
21928
21929
21933
21934
21956
21958
21969
21988
21995
22036
22041
22046
22052
22066
22108
22111
22143
22150
22153
22160
22178
22186
22188
22202
22209
22215
22217
22218
22242
22255
22262
22278
22288
22289
22289
22292
22299
22299
22301
22305
22306
22309
22312
22314
22315
22325
22344
22350
22352
22361
22366
22371
22372
22373
22404
22418
22419
22430
22442
22447
22472
22498
22513
22516
22517
22526
22529
22538
22542
22543
22544
22547
22555
22569
22599
22611
22615
22634
22638
22662
22663
22680
22681
22683
22696
22706
22708
22708
22720
22730
22730
22734
22738
22752
22769
22775
22777
22784
22787
22789
22790
22791
22794
22798
22804
22841
22846
22866
22887
22935
22940
22946
22951
22959
22965
22969
22977
23018
23025
23033
23041
23044
23050
23052
23075
23092
23100
23107
23114
23119
23123
23133
23136
23144
23159
23173
23176
23180
23184
23188
23191
23197
23215
23231
23239
23264
23304
23304
23305
23309
23325
23326
23333
23335
23338
23344
23349
23351
23390
23395
23396
23411
23420
23445
23452
23453
23469
23486
23508
23516
23517
23522
23526
23534
23539
23557
23569
23595
23622
23622
23646
23659
23667
23675
23679
23683
23687
23688
23697
23701
23709
23716
23722
23728
23733
23735
23738
23739
23748
23748
23751
23759
23777
23803
23804
23805
23821
23826
23826
23828
23833
23845
23851
23856
23859
23885
23887
23896
23915
23925
23937
23944
23944
23945
23945
23956
23960
23961
23961
23968
23976
23983
23990
23993
23994
24011
24023
24024
24052
24060
24096
24109
24139
24145
24161
24172
24194
24200
24203
24212
24217
24219
24239
24250
24251
24273
24276
24284
24314
24330
24337
24343
24343
24346
24348
24356
24357
24365
24375
24386
24392
24398
24401
24422
24434
24436
24437
24443
24464
24464
24474
24486
24528
24535
24543
24547
24566
24573
24580
24595
24599
24607
24633
24649
24668
24671
24676
24708
24709
24711
24711
24739
24747
24747
24755
24771
24772
24774
24781
24797
24805
24805
24806
24811
24817
24821
24830
24839
24839
24840
24845
24846
24870
24875
24889
24899
24899
24945
24948
24960
24975
24995
24998
25003
25023
25030
25060
25107
25113
25138
25152
25172
25175
25209
25219
25220
25234
25237
25246
25253
25255
25255
25266
25271
25278
25284
25286
25291
25299
25307
25325
25326
25331
25354
25373
25374
25389
25401
25401
25452
25468
25471
25474
25479
25486
25508
25508
25509
25515
25520
25520
25533
25551
25590
25601
25612
25625
25633
25646
25652
25656
25666
25689
25736
25740
25745
25758
25762
25767
25806
25813
25816
25820
25827
25832
25834
25854
25861
25895
25895
25902
25902
25907
25912
25937
25938
25939
25947
25961
25964
25966
25970
25973
26007
26012
26016
26024
26035
26037
26065
26065
26073
26082
26092
26125
26127
26135
26139
26141
26142
26153
26189
26200
26212
26224
26225
26225
26257
26268
26271
26271
26276
26287
26300
26312
26334
26344
26346
26354
26364
26372
26376
26382
26398
26415
26436
26437
26445
26447
26487
26520
26539
26541
26553
26553
26566
26571
26583
26593
26597
26639
26643
26667
26675
26688
26689
26691
26718
26718
26724
26732
26733
26741
26744
26757
26772
26816
26824
26837
26843
26844
26845
26849
26857
26863
26865
26870
26887
26896
26902
26907
26909
26920
26949
26950
26950
26963
26967
26969
27000
27006
27022
27042
27059
27101
27105
27106
27110
27110
27137
27149
27154
27163
27166
27174
27177
27184
27188
27190
27192
27196
27198
27207
27224
27227
27229
27231
27241
27245
27246
27250
27262
27267
27267
27268
27290
27307
27311
27313
27317
27319
27320
27325
27331
27333
27348
27359
27363
27388
27395
27408
27415
27424
27431
27435
27442
27444
27444
27450
27452
27454
27454
27469
27483
27494
27516
27516
27517
27528
27531
27569
27570
27574
27576
27598
27601
27602
27610
27613
27625
27634
27641
27642
27651
27661
27664
27670
27672
27682
27693
27694
27700
27707
27710
27721
27725
27767
27791
27810
27822
27822
27838
27888
27891
27904
27919
27928
27929
27941
27943
27943
27960
27965
27983
27992
28001
28006
28013
28030
28059
28076
28084
28102
28110
28112
28117
28119
28131
28155
28162
28163
28166
28167
28170
28188
28189
28235
28236
28238
28253
28257
28262
28280
28285
28324
28342
28353
28383
28395
28411
28412
28413
28423
28431
28440
28456
28472
28479
28488
28497
28559
28582
28582
28589
28590
28592
28600
28608
28613
28622
28624
28626
28642
28650
28664
28666
28686
28738
28755
28767
28775
28783
28788
28792
28793
28794
28797
28813
28818
28821
28828
28839
28852
28855
28857
28872
28879
28890
28890
28901
28903
28906
28912
28915
28925
28931
28946
28955
28965
28979
28986
28995
29005
29007
29021
29047
29054
29070
29100
29105
29126
29133
29161
29179
29183
29194
29200
29205
29234
29246
29257
29273
29279
29288
29324
29324
29329
29333
29342
29349
29356
29376
29377
29380
29385
29399
29407
29417
29427
29428
29429
29439
29457
29459
29470
29476
29477
29481
29484
29493
29514
29516
29541
29547
29552
29557
29596
29615
29626
29641
29675
29708
29716
29722
29727
29738
29743
29761
29774
29776
29794
29797
29805
29839
29860
29861
29873
29880
29884
29889
29892
29892
29904
29918
29928
29938
29950
29959
29960
29968
29979
29993
30000
30019
30032
30040
30048
30069
30083
30085
30093
30098
30108
30112
30140
30151
30154
30159
30163
30169
30178
30226
30228
30234
30234
30235
30235
30241
30296
30311
30317
30326
30327
30331
30334
30342
30347
30354
30358
30376
30377
30381
30382
30398
30404
30407
30411
30415
30416
30424
30428
30450
30455
30455
30460
30468
30475
30486
30486
30489
30490
30496
30497
30515
30530
30546
30551
30564
30579
30584
30589
30590
30591
30602
30611
30629
30630
30632
30640
30646
30699
30700
30715
30724
30736
30740
30743
30762
30769
30774
30790
30797
30808
30812
30813
30816
30830
30843
30844
30844
30860
30860
30861
30864
30876
30879
30879
30885
30894
30895
30895
30899
30902
30912
30921
30925
30933
30950
30953
30956
30979
30988
31019
31027
31056
31070
31075
31105
31110
31142
31150
31157
31165
31189
31191
31194
31194
31200
31210
31215
31227
31239
31257
31259
31262
31270
31279
31303
31318
31321
31331
31344
31350
31351
31368
31371
31372
31374
31375
31384
31387
31392
31395
31403
31405
31413
31424
31432
31452
31457
31462
31472
31482
31502
31507
31516
31527
31529
31561
31565
31589
31611
31616
31617
31625
31638
31643
31663
31686
31693
31709
31709
31712
31742
31744
31750
31759
31782
31783
31783
31795
31799
31806
31812
31815
31834
31847
31848
31868
31876
31877
31886
31887
31922
31927
31945
31962
31968
31974
31977
31989
32002
32008
32023
32025
32027
32050
32053
32067
32071
32076
32090
32098
32103
32104
32111
32126
32134
32145
32152
32159
32176
32183
32196
32201
32212
32220
32229
32231
32232
32235
32236
32236
32243
32248
32270
32271
32271
32307
32313
32316
32316
32325
32326
32327
32331
32339
32340
32343
32348
32351
32359
32369
32380
32382
32384
32387
32395
32406
32423
32427
32432
32464
32467
32473
32489
32492
32508
32512
32523
32538
32545
32548
32567
32571
32601
32608
32618
32620
32631
32638
32648
32651
32651
32670
32696
32705
32718
32722
32725
32736
32742
32749
32753
32767
32769
32770
32778
32784
32787
32791
32812
32812
32816
32832
32838
32840
32850
32852
32859
32915
32916
32921
32925
32958
32971
32977
32982
32986
32992
33006
33041
33059
33063
33067
33084
33085
33090
33094
33099
33110
33110
33122
33132
33134
33140
33147
33157
33159
33173
33181
33188
33194
33208
33214
33217
33231
33248
33259
33262
33275
33278
33279
33287
33297
33314
33315
33323
33329
33336
33343
33345
33349
33365
33369
33379
33384
33396
33398
33404
33406
33428
33428
33430
33450
33451
33453
33455
33457
33457
33462
33475
33478
33500
33507
33508
33513
33527
33528
33537
33544
33554
33569
33585
33588
33589
33594
33598
33604
33607
33613
33621
33651
33657
33667
33673
33679
33683
33684
33687
33692
33703
33741
33743
33746
33758
33766
33769
33784
33786
33786
33805
33812
33824
33826
33832
33837
33840
33853
33863
33864
33865
33868
33869
33875
33882
33887
33892
33897
33901
33904
33912
33925
33931
33935
33962
33971
33976
34000
34036
34055
34057
34078
34081
34083
34088
34095
34100
34100
34140
34154
34165
34232
34237
34248
34249
34262
34262
34270
34274
34298
34317
34323
34339
34340
34341
34347
34356
34360
34366
34393
34403
34404
34421
34435
34451
34469
34472
34480
34487
34495
34525
34529
34537
34559
34577
34590
34617
34626
34626
34633
34638
34644
34646
34651
34673
34680
34680
34687
34724
34727
34733
34740
34765
34772
34776
34778
34788
34837
34838
34840
34845
34856
34860
34861
34862
34864
34866
34868
34884
34915
34931
34934
34954
34955
34959
34977
34985
34986
34991
35000
35012
35014
35047
35070
35071
35093
35096
35107
35136
35136
35143
35165
35165
35167
35181
35192
35209
35224
35246
35252
35267
35273
35275
35276
35276
35286
35300
35302
35304
35309
35310
35336
35351
35365
35369
35382
35393
35393
35397
35408
35415
35446
35462
35485
35496
35496
35499
35500
35510
35531
35541
35542
35548
35551
35556
35557
35578
35579
35594
35606
35612
35614
35615
35615
35667
35672
35677
35685
35727
35743
35767
35780
35787
35789
35792
35811
35811
35817
35847
35852
35856
35878
35880
35887
35892
35914
35925
35934
35935
35984
35989
36001
36027
36028
36029
36030
36035
36043
36053
36055
36056
36059
36069
36069
36071
36078
36106
36119
36126
36155
36169
36178
36185
36189
36198
36226
36239
36239
36244
36247
36248
36283
36285
36288
36291
36300
36328
36338
36354
36363
36363
36396
36407
36417
36436
36443
36460
36473
36483
36483
36483
36505
36510
36511
36519
36523
36537
36549
36550
36557
36558
36563
36564
36564
36587
36600
36606
36626
36629
36655
36673
36678
36698
36714
36715
36716
36719
36726
36727
36741
36744
36767
36790
36792
36803
36808
36812
36816
36819
36823
36824
36826
36831
36834
36838
36848
36864
36877
36878
36884
36900
36907
36920
36934
36937
36949
36950
36967
36968
36969
36975
37006
37014
37017
37022
37025
37037
37045
37046
37048
37064
37073
37082
37088
37088
37091
37109
37111
37113
37115
37152
37162
37166
37181
37191
37197
37230
37242
37271
37273
37278
37282
37284
37291
37301
37306
37311
37327
37330
37336
37343
37343
37350
37351
37386
37394
37395
37414
37422
37451
37472
37486
37487
37490
37512
37516
37516
37519
37526
37527
37539
37546
37565
37565
37573
37594
37606
37613
37628
37638
37655
37665
37669
37671
37676
37680
37691
37695
37696
37704
37705
37715
37741
37745
37746
37747
37773
37776
37779
37785
37793
37800
37807
37813
37826
37833
37847
37866
37866
37875
37885
37892
37897
37899
37900
37911
37914
37940
37946
37954
37955
37962
37963
37964
37966
37968
37978
37986
38010
38014
38018
38021
38043
38043
38044
38048
38050
38060
38073
38075
38113
38134
38134
38137
38159
38168
38171
38173
38176
38183
38198
38205
38211
38238
38243
38245
38256
38261
38279
38280
38281
38291
38297
38306
38312
38316
38318
38361
38369
38371
38375
38380
38384
38386
38408
38408
38428
38431
38484
38489
38492
38509
38518
38539
38547
38556
38556
38558
38558
38576
38587
38589
38611
38643
38643
38655
38659
38690
38709
38709
38713
38725
38729
38731
38735
38737
38746
38753
38754
38758
38770
38790
38794
38805
38812
38813
38816
38819
38834
38848
38858
38883
38889
38893
38920
38924
38926
38929
38939
38946
38946
39002
39006
39011
39016
39039
39056
39059
39063
39065
39065
39071
39079
39084
39097
39108
39114
39125
39125
39136
39146
39147
39161
39162
39170
39172
39194
39196
39198
39207
39236
39247
39257
39258
39259
39260
39271
39276
39344
39354
39369
39383
39384
39393
39393
39395
39399
39401
39408
39419
39431
39463
39485
39491
39509
39526
39529
39533
39553
39563
39585
39586
39591
39594
39598
39611
39620
39620
39629
39649
39653
39683
39688
39690
39702
39712
39713
39743
39756
39781
39784
39784
39820
39822
39823
39837
39853
39866
39880
39885
39904
39915
39917
39923
39925
39938
39942
39942
39962
39970
39975
39982
39983
39983
40031
40047
40057
40063
40069
40075
40099
40104
40108
40140
40144
40153
40153
40172
40183
40188
40190
40202
40203
40203
40254
40260
40302
40310
40329
40331
40335
40342
40344
40356
40364
40369
40380
40408
40412
40434
40448
40449
40456
40461
40462
40483
40487
40499
40500
40532
40548
40555
40563
40569
40595
40598
40627
40632
40639
40642
40644
40645
40682
40682
40697
40710
40711
40726
40734
40742
40761
40777
40787
40787
40792
40826
40829
40835
40838
40856
40857
40890
40895
40917
40920
40936
40954
40967
40970
40983
41003
41019
41030
41030
41031
41046
41071
41073
41106
41115
41120
41129
41135
41142
41145
41151
41153
41165
41177
41183
41199
41206
41212
41212
41224
41239
41256
41257
41263
41287
41298
41303
41312
41314
41317
41338
41339
41341
41344
41379
41399
41416
41417
41420
41429
41460
41469
41477
41499
41510
41538
41561
41569
41579
41579
41579
41581
41603
41604
41608
41613
41616
41633
41688
41691
41721
41725
41730
41749
41752
41753
41759
41772
41776
41783
41792
41802
41838
41892
41901
41908
41920
41931
41934
41954
41966
41983
41983
41989
41993
41996
42013
42016
42027
42058
42095
42103
42116
42134
42174
42183
42202
42209
42219
42222
42231
42257
42264
42265
42277
42279
42298
42299
42334
42336
42343
42344
42364
42368
42382
42395
42403
42404
42414
42441
42456
42468
42474
42481
42482
42505
42506
42521
42522
42529
42534
42560
42566
42587
42599
42606
42613
42614
42617
42626
42635
42653
42653
42666
42673
42678
42679
42691
42726
42749
42754
42767
42782
42795
42802
42813
42846
42853
42853
42854
42885
42887
42890
42891
42897
42901
42902
42902
42913
42950
42977
42997
43015
43016
43016
43118
43131
43158
43172
43180
43195
43207
43207
43216
43224
43242
43257
43287
43290
43291
43293
43325
43361
43364
43377
43382
43387
43393
43416
43417
43439
43440
43444
43454
43476
43495
43500
43511
43523
43528
43538
43553
43567
43568
43579
43592
43609
43628
43644
43664
43671
43674
43683
43703
43717
43725
43732
43735
43745
43753
43759
43764
43773
43784
43785
43796
43805
43814
43835
43839
43859
43860
43867
43884
43885
43889
43902
43905
43911
43916
43918
43919
43948
43983
43986
43986
43991
43994
44021
44053
44061
44091
44092
44092
44132
44136
44144
44156
44165
44168
44169
44175
44176
44188
44191
44193
44221
44223
44243
44257
44276
44311
44312
44318
44333
44339
44364
44368
44376
44377
44415
44428
44440
44458
44464
44491
44495
44498
44499
44501
44519
44522
44522
44540
44551
44551
44554
44588
44589
44597
44631
44657
44658
44661
44663
44666
44672
44690
44693
44705
44707
44710
44719
44724
44731
44731
44738
44747
44770
44801
44813
44820
44823
44830
44836
44841
44845
44847
44852
44858
44866
44873
44873
44880
44891
44891
44903
44905
44970
44974
44975
44987
44990
45047
45049
45052
45069
45072
45085
45088
45092
45113
45118
45152
45163
45164
45192
45202
45213
45217
45229
45251
45256
45264
45269
45278
45287
45347
45354
45396
45407
45409
45411
45418
45427
45444
45447
45454
45465
45472
45486
45489
45490
45494
45496
45517
45520
45521
45527
45543
45556
45570
45588
45594
45595
45596
45611
45621
45624
45625
45629
45638
45639
45654
45689
45690
45693
45694
45695
45698
45747
45764
45780
45793
45822
45825
45840
45840
45895
45896
45912
45923
45924
45929
45934
45973
45978
45979
45986
45987
46000
46012
46012
46019
46051
46071
46072
46080
46101
46139
46146
46151
46161
46174
46182
46198
46202
46287
46290
46296
46313
46322
46344
46345
46353
46357
46361
46364
46393
46402
46407
46416
46419
46421
46429
46432
46434
46437
46449
46457
46470
46476
46478
46481
46498
46517
46545
46550
46553
46554
46563
46565
46567
46611
46613
46624
46630
46632
46671
46675
46675
46688
46692
46702
46736
46745
46753
46773
46793
46815
46820
46822
46882
46888
46897
46902
46907
46909
46914
46916
46933
46955
46960
46969
46974
46975
46979
46985
46991
46996
47000
47037
47042
47052
47053
47084
47091
47118
47119
47123
47125
47132
47134
47140
47147
47154
47158
47158
47168
47201
47207
47227
47229
47234
47239
47247
47252
47292
47295
47301
47303
47336
47340
47350
47352
47365
47380
47380
47422
47425
47430
47439
47441
47456
47484
47490
47493
47510
47514
47520
47528
47528
47582
47590
47597
47606
47613
47613
47636
47638
47643
47650
47650
47659
47682
47684
47689
47696
47700
47716
47724
47728
47746
47752
47768
47783
47803
47811
47824
47836
47847
47879
47883
47885
47891
47895
47898
47907
47925
47930
47937
47944
47966
47979
47980
47982
48011
48018
48021
48041
48042
48055
48062
48086
48088
48090
48103
48106
48109
48112
48114
48118
48142
48143
48149
48154
48162
48202
48203
48227
48228
48233
48240
48241
48250
48266
48269
48318
48319
48333
48339
48341
48345
48348
48349
48355
48402
48412
48412
48415
48431
48439
48444
48447
48474
48475
48502
48508
48523
48529
48547
48552
48570
48571
48597
48602
48614
48628
48647
48649
48651
48658
48671
48694
48700
48704
48707
48707
48707
48708
48712
48714
48716
48719
48731
48747
48750
48750
48759
48760
48769
48773
48778
48793
48797
48809
48827
48876
48892
48897
48917
48920
48926
48930
48964
48964
48968
48974
48988
48995
49059
49064
49082
49084
49086
49088
49088
49097
49119
49125
49133
49159
49165
49174
49190
49208
49218
49227
49234
49237
49243
49253
49254
49257
49269
49281
49286
49294
49308
49315
49371
49374
49382
49397
49413
49428
49471
49517
49523
49534
49534
49535
49556
49579
49581
49605
49606
49633
49638
49654
49672
49673
49684
49691
49706
49723
49746
49759
49776
49785
49785
49785
49797
49811
49833
49835
49845
49863
49864
49913
49920
49935
49944
49946
49946
49961
49963
49964
49968
49976
49988
50011
50027
50028
50037
50043
50047
50054
50055
50056
50058
50106
50116
50118
50144
50149
50150
50154
50171
50183
50187
50187
50201
50207
50215
50233
50252
50258
50287
50298
50308
50324
50333
50343
50352
50372
50373
50379
50400
50406
50424
50427
50427
50450
50455
50456
50495
50497
50515
50539
50553
50554
50557
50567
50575
50577
50592
50594
50597
50600
50619
50622
50627
50643
50648
50679
50686
50687
50708
50712
50715
50719
50729
50730
50746
50780
50786
50793
50826
50833
50848
50850
50865
50869
50870
50891
50893
50908
50916
50923
50953
50975
50981
50983
51003
51023
51048
51068
51072
51075
51088
51092
51108
51121
51129
51132
51138
51138
51140
51161
51162
51200
51216
51217
51223
51228
51239
51242
51256
51257
51308
51316
51321
51328
51357
51369
51396
51408
51417
51419
51421
51429
51442
51451
51477
51512
51513
51514
51523
51539
51553
51558
51567
51572
51574
51586
51592
51601
51615
51623
51637
51640
51664
51666
51689
51694
51697
51719
51726
51739
51740
51761
51765
51785
51805
51807
51814
51816
51826
51849
51861
51869
51873
51879
51880
51884
51891
51906
51924
51940
51964
51968
51973
51977
51978
51989
51997
52003
52003
52011
52014
52046
52048
52049
52061
52063
52070
52071
52072
52082
52089
52089
52089
52092
52121
52155
52178
52207
52207
52209
52268
52280
52282
52293
52296
52297
52297
52306
52332
52332
52335
52340
52373
52387
52404
52412
52414
52417
52423
52483
52485
52485
52487
52535
52537
52553
52573
52576
52578
52583
52592
52601
52605
52607
52607
52611
52652
52662
52666
52676
52677
52681
52698
52699
52703
52707
52729
52731
52737
52747
52752
52759
52765
52770
52791
52800
52806
52811
52818
52847
52870
52871
52877
52905
52928
52955
52959
52960
52968
52975
53012
53032
53034
53036
53039
53055
53061
53069
53071
53072
53074
53081
53082
53083
53099
53105
53118
53134
53142
53165
53178
53191
53191
53206
53207
53216
53231
53233
53243
53244
53274
53286
53287
53297
53305
53315
53326
53335
53358
53360
53396
53408
53418
53424
53436
53450
53453
53456
53469
53494
53496
53500
53540
53545
53548
53551
53556
53559
53568
53571
53573
53622
53634
53639
53654
53662
53669
53671
53674
53679
53691
53693
53694
53731
53732
53736
53739
53742
53746
53749
53751
53755
53777
53787
53793
53801
53802
53820
53823
53829
53857
53870
53874
53899
53913
53922
53925
53929
53930
53948
53953
53958
53982
53985
54001
54003
54003
54016
54033
54035
54037
54039
54040
54046
54080
54081
54084
54086
54090
54097
54104
54126
54127
54136
54148
54167
54167
54168
54171
54199
54204
54204
54212
54214
54217
54220
54243
54274
54277
54287
54307
54337
54340
54342
54349
54350
54362
54364
54368
54369
54370
54380
54383
54392
54430
54451
54471
54484
54486
54487
54495
54506
54530
54534
54552
54567
54573
54575
54578
54582
54583
54599
54599
54601
54605
54676
54679
54688
54694
54702
54705
54706
54735
54766
54773
54775
54786
54789
54802
54804
54811
54825
54834
54835
54837
54842
54890
54910
54931
54941
54971
54974
54986
54988
54997
55010
55014
55018
55034
55037
55042
55047
55054
55056
55056
55066
55069
55072
55089
55121
55131
55137
55151
55151
55162
55165
55172
55174
55193
55229
55235
55239
55268
55286
55298
55313
55316
55319
55335
55341
55345
55346
55350
55357
55360
55401
55408
55409
55409
55424
55425
55430
55434
55442
55447
55454
55463
55467
55467
55501
55523
55537
55557
55570
55575
55580
55599
55601
55603
55624
55625
55639
55645
55646
55650
55666
55678
55678
55686
55692
55700
55700
55700
55721
55722
55725
55752
55757
55759
55772
55773
55775
55776
55779
55786
55787
55790
55800
55803
55822
55849
55851
55854
55868
55875
55883
55890
55891
55896
55906
55918
55922
55932
55941
55954
55958
55960
55978
55983
55985
55989
55992
55995
55999
56021
56024
56026
56031
56033
56042
56047
56053
56058
56060
56070
56100
56107
56113
56115
56152
56157
56170
56170
56178
56187
56200
56226
56235
56241
56260
56267
56279
56303
56310
56324
56353
56363
56387
56395
56399
56408
56414
56416
56439
56446
56446
56447
56448
56453
56455
56458
56474
56475
56485
56509
56553
56587
56590
56590
56615
56621
56623
56625
56632
56650
56654
56670
56688
56701
56710
56715
56729
56734
56742
56747
56772
56786
56787
56787
56798
56805
56806
56830
56830
56867
56871
56875
56885
56892
56907
56915
56960
56978
56979
56982
57010
57019
57031
57031
57034
57037
57039
57041
57045
57122
57134
57138
57141
57142
57143
57147
57155
57165
57169
57193
57199
57200
57219
57220
57223
57235
57239
57242
57244
57253
57266
57273
57282
57304
57306
57328
57333
57345
57351
57360
57360
57361
57366
57368
57373
57373
57376
57389
57391
57393
57409
57454
57462
57467
57487
57489
57498
57501
57519
57520
57541
57547
57551
57555
57555
57569
57582
57595
57601
57609
57609
57627
57631
57632
57643
57643
57692
57696
57710
57713
57725
57759
57765
57779
57798
57818
57836
57840
57846
57849
57856
57891
57893
57894
57898
57911
57915
57944
57987
57997
58000
58012
58013
58020
58026
58043
58062
58063
58080
58111
58116
58119
58123
58125
58138
58146
58166
58192
58194
58203
58222
58247
58252
58282
58292
58313
58320
58320
58346
58364
58376
58378
58379
58390
58401
58423
58432
58433
58442
58462
58467
58485
58496
58507
58527
58529
58550
58558
58563
58574
58577
58584
58597
58598
58603
58604
58613
58615
58621
58623
58666
58673
58681
58685
58697
58718
58722
58728
58752
58765
58770
58775
58787
58816
58822
58833
58839
58845
58862
58881
58890
58893
58896
58909
58921
58936
58944
58952
58953
58962
58969
58983
58991
59001
59009
59018
59044
59052
59075
59077
59084
59086
59093
59097
59101
59106
59134
59143
59146
59149
59155
59165
59177
59180
59181
59190
59221
59227
59230
59234
59246
59251
59254
59257
59265
59267
59290
59315
59333
59336
59341
59370
59384
59385
59400
59425
59448
59460
59464
59474
59491
59494
59523
59529
59545
59552
59559
59567
59572
59586
59588
59597
59601
59618
59633
59634
59638
59642
59642
59647
59657
59664
59677
59684
59707
59718
59739
59741
59742
59801
59801
59819
59820
59821
59843
59843
59856
59858
59862
59868
59873
59887
59888
59907
59915
59925
59933
59935
59938
59950
59954
59968
59970
59991
60005
60014
60043
60052
60069
60105
60116
60127
60136
60145
60152
60153
60154
60156
60168
60175
60176
60187
60210
60212
60213
60240
60241
60248
60288
60292
60306
60319
60322
60324
60326
60330
60341
60346
60349
60361
60385
60388
60390
60396
60397
60410
60410
60421
60445
60465
60467
60468
60472
60482
60482
60484
60489
60497
60506
60522
60527
60541
60545
60557
60561
60576
60583
60593
60594
60596
60596
60612
60618
60632
60637
60640
60645
60645
60658
60660
60665
60670
60692
60693
60735
60755
60758
60759
60792
60825
60827
60834
60837
60840
60844
60847
60851
60853
60858
60869
60892
60892
60893
60902
60916
60918
60922
60938
60939
60939
60939
60964
60974
61017
61049
61050
61053
61057
61059
61068
61071
61073
61087
61094
61095
61108
61115
61115
61118
61127
61128
61128
61155
61156
61169
61171
61176
61199
61202
61207
61222
61226
61232
61255
61261
61264
61299
61323
61351
61353
61369
61412
61419
61422
61430
61437
61439
61452
61455
61460
61469
61483
61490
61498
61516
61522
61532
61540
61544
61560
61561
61566
61583
61586
61595
61601
61605
61606
61616
61627
61632
61636
61640
61651
61660
61669
61678
61678
61680
61681
61683
61684
61686
61689
61716
61718
61726
61747
61752
61785
61800
61803
61831
61832
61838
61846
61860
61865
61874
61890
61904
61935
61936
61956
61967
61973
61993
61994
62009
62012
62012
62021
62041
62059
62063
62076
62082
62097
62122
62124
62126
62129
62131
62134
62138
62148
62161
62174
62197
62234
62234
62238
62255
62260
62275
62289
62303
62308
62310
62323
62344
62351
62364
62374
62384
62388
62392
62413
62420
62444
62461
62467
62472
62473
62484
62493
62513
62520
62542
62543
62546
62554
62555
62559
62566
62567
62594
62638
62646
62671
62684
62690
62694
62723
62724
62730
62736
62747
62764
62798
62807
62808
62809
62811
62837
62856
62859
62867
62880
62880
62880
62883
62886
62892
62893
62900
62903
62905
62910
62915
62918
62935
62941
62943
62945
62977
62979
62986
62991
63004
63017
63029
63033
63041
63046
63052
63063
63070
63083
63086
63090
63099
63103
63103
63104
63109
63130
63143
63144
63145
63154
63168
63175
63176
63180
63181
63186
63187
63191
63198
63211
63212
63213
63219
63222
63232
63239
63247
63255
63260
63264
63271
63279
63288
63289
63292
63297
63315
63317
63324
63331
63331
63349
63351
63360
63367
63387
63403
63427
63446
63453
63454
63455
63455
63457
63457
63459
63507
63518
63568
63574
63577
63579
63586
63598
63602
63634
63635
63639
63640
63662
63686
63692
63693
63694
63766
63772
63777
63799
63814
63815
63832
63851
63864
63879
63897
63906
63955
63963
63964
63994
64013
64018
64027
64029
64072
64073
64082
64086
64091
64092
64112
64115
64124
64132
64137
64138
64141
64158
64174
64174
64177
64191
64195
64207
64209
64209
64221
64225
64239
64258
64283
64284
64288
64299
64306
64309
64331
64335
64339
64339
64348
64360
64374
64381
64387
64393
64395
64397
64406
64418
64420
64436
64466
64470
64477
64548
64558
64567
64585
64586
64594
64623
64625
64625
64631
64645
64656
64658
64691
64699
64714
64716
64725
64728
64735
64739
64783
64803
64812
64826
64882
64885
64907
64914
64947
64959
64960
64965
64976
64982
64996
65003
65005
65007
65021
65029
65044
65062
65077
65104
65107
65110
65116
65123
65127
65156
65188
65201
65208
65213
65219
65225
65277
65296
65298
65301
65315
65348
65348
65358
65363
65364
65381
65382
65387
65400
65416
65422
65430
65430
65435
65435
65457
65469
65486
65496
65501
65510
65520
65523
65527
65528
65531
65551
65566
65568
65583
65583
65586
65595
65598
65616
65617
65618
65619
65621
65630
65630
65634
65634
65664
65697
65699
65718
65724
65732
65739
65743
65747
65751
65760
65765
65767
65771
65780
65784
65786
65805
65810
65869
65874
65907
65913
65916
65928
65940
65965
65966
65968
65968
65972
65973
65988
66011
66012
66028
66031
66036
66043
66071
66089
66099
66114
66133
66138
66138
66145
66148
66149
66160
66170
66177
66188
66218
66219
66233
66243
66258
66260
66286
66298
66298
66300
66311
66324
66324
66358
66358
66370
66380
66381
66384
66386
66388
66392
66397
66400
66405
66413
66424
66433
66443
66444
66446
66452
66466
66486
66508
66514
66518
66524
66543
66558
66559
66565
66570
66578
66597
66605
66620
66628
66654
66679
66687
66687
66705
66711
66716
66722
66730
66730
66742
66752
66761
66770
66771
66787
66792
66796
66840
66840
66857
66857
66873
66875
66876
66884
66906
66907
66926
66945
66951
66968
66990
66998
67001
67010
67020
67024
67030
67031
67039
67045
67060
67091
67092
67094
67107
67108
67113
67126
67130
67149
67152
67161
67166
67169
67173
67178
67182
67209
67219
67220
67225
67232
67234
67241
67241
67250
67256
67270
67275
67276
67281
67304
67310
67317
67322
67359
67371
67374
67375
67389
67404
67410
67411
67422
67425
67434
67439
67457
67468
67468
67487
67491
67504
67535
67555
67555
67559
67572
67576
67603
67612
67628
67632
67633
67639
67653
67658
67686
67693
67754
67760
67785
67793
67825
67838
67848
67871
67875
67877
67884
67907
67919
67920
67920
67929
67940
67954
67954
67964
67969
67981
67996
67997
67999
68008
68036
68037
68038
68056
68061
68070
68085
68089
68116
68133
68159
68160
68161
68174
68190
68231
68242
68247
68252
68263
68271
68275
68299
68327
68334
68338
68360
68375
68378
68387
68391
68411
68414
68418
68442
68476
68484
68487
68488
68493
68534
68536
68543
68545
68618
68634
68635
68636
68659
68665
68668
68683
68688
68688
68702
68709
68709
68718
68736
68739
68740
68742
68752
68792
68806
68820
68833
68845
68864
68865
68885
68888
68909
68911
68947
68979
68992
68999
69004
69012
69024
69028
69038
69049
69054
69054
69060
69081
69086
69087
69094
69102
69111
69114
69114
69122
69132
69185
69185
69188
69188
69219
69224
69231
69243
69245
69245
69261
69264
69266
69278
69280
69284
69305
69312
69313
69317
69331
69335
69370
69380
69401
69404
69405
69406
69416
69419
69440
69462
69482
69505
69520
69537
69542
69557
69585
69604
69617
69623
69642
69644
69649
69673
69680
69688
69708
69709
69717
69722
69737
69741
69757
69760
69771
69786
69786
69790
69797
69822
69828
69833
69892
69896
69898
69919
69923
69944
69950
69960
69970
69970
69971
69982
69999
70005
70007
70015
70017
70032
70063
70084
70089
70109
70111
70114
70117
70145
70148
70153
70161
70179
70186
70186
70196
70213
70237
70251
70254
70257
70261
70269
70277
70277
70278
70289
70293
70296
70303
70316
70323
70324
70326
70372
70390
70403
70422
70428
70434
70434
70457
70479
70494
70502
70515
70554
70577
70592
70593
70606
70618
70643
70652
70658
70658
70662
70664
70669
70669
70671
70681
70692
70693
70697
70709
70711
70741
70746
70748
70748
70777
70785
70787
70791
70804
70813
70824
70824
70829
70845
70867
70878
70887
70887
70888
70889
70917
70919
70940
70953
70968
70973
70978
70983
70992
70996
71000
71014
71016
71022
71025
71028
71035
71035
71044
71059
71089
71128
71143
71146
71166
71169
71171
71196
71196
71199
71213
71219
71237
71251
71251
71259
71271
71271
71284
71314
71322
71323
71331
71333
71345
71358
71379
71394
71407
71408
71435
71456
71464
71470
71479
71486
71488
71495
71501
71516
71523
71529
71571
71573
71575
71607
71607
71619
71632
71640
71642
71665
71681
71691
71693
71698
71710
71714
71726
71726
71763
71763
71764
71777
71784
71785
71803
71820
71821
71821
71828
71831
71847
71851
71852
71857
71859
71865
71869
71877
71884
71900
71917
71948
71949
71959
71973
71991
72011
72020
72023
72024
72028
72049
72059
72066
72067
72068
72072
72077
72085
72098
72100
72115
72144
72161
72163
72181
72190
72191
72197
72198
72214
72215
72234
72246
72248
72264
72269
72271
72284
72285
72312
72314
72322
72326
72330
72335
72353
72390
72397
72402
72413
72418
72420
72433
72437
72456
72464
72464
72471
72480
72481
72493
72493
72497
72508
72509
72533
72538
72545
72547
72569
72577
72609
72626
72637
72646
72646
72647
72662
72667
72675
72696
72699
72710
72713
72722
72723
72730
72732
72739
72761
72799
72818
72825
72829
72836
72844
72878
72889
72900
72902
72904
72915
72915
72927
72947
72963
72972
72986
72993
72997
73040
73051
73069
73089
73097
73127
73143
73146
73166
73177
73184
73188
73218
73246
73253
73276
73277
73282
73287
73297
73298
73310
73319
73323
73332
73342
73365
73369
73380
73386
73397
73399
73413
73420
73428
73429
73440
73442
73444
73450
73454
73462
73462
73468
73473
73479
73481
73488
73493
73503
73513
73532
73536
73545
73550
73554
73558
73595
73605
73622
73634
73636
73642
73666
73683
73687
73702
73703
73721
73734
73738
73764
73773
73783
73800
73840
73842
73871
73898
73903
73906
73906
73916
73920
73920
73920
73923
73924
73935
73938
73950
73954
73954
73970
73991
73996
74001
74022
74024
74029
74030
74032
74055
74059
74067
74071
74073
74077
74078
74096
74098
74101
74102
74113
74118
74119
74120
74125
74127
74132
74136
74153
74154
74156
74156
74165
74165
74168
74176
74190
74197
74212
74220
74249
74251
74264
74267
74320
74322
74328
74332
74334
74338
74345
74349
74365
74381
74383
74387
74389
74392
74393
74406
74411
74419
74434
74437
74448
74448
74458
74463
74477
74482
74491
74494
74499
74503
74514
74525
74525
74541
74548
74558
74561
74568
74569
74574
74575
74588
74593
74604
74607
74619
74641
74643
74646
74652
74653
74656
74664
74673
74676
74690
74695
74697
74715
74717
74719
74724
74726
74726
74733
74743
74752
74761
74762
74765
74789
74817
74821
74826
74828
74831
74832
74852
74861
74864
74871
74880
74887
74888
74892
74903
74918
74958
74981
74986
75005
75029
75040
75049
75053
75070
75085
75086
75087
75101
75105
75134
75141
75142
75148
75164
75166
75177
75179
75201
75219
75223
75224
75235
75249
75254
75284
75305
75306
75326
75336
75342
75361
75369
75391
75400
75421
75443
75444
75487
75506
75515
75533
75544
75589
75610
75633
75637
75649
75665
75673
75703
75707
75723
75724
75727
75731
75751
75754
75763
75764
75771
75775
75784
75793
75795
75795
75826
75831
75844
75850
75864
75876
75884
75891
75894
75898
75908
75933
75955
75955
75966
75972
75977
76011
76017
76030
76031
76034
76039
76041
76042
76043
76045
76064
76094
76097
76100
76112
76114
76114
76119
76130
76136
76141
76145
76150
76154
76160
76163
76186
76191
76199
76206
76219
76220
76235
76277
76281
76302
76302
76314
76323
76330
76371
76379
76389
76390
76392
76396
76396
76401
76410
76420
76434
76439
76441
76442
76452
76456
76472
76479
76481
76488
76511
76525
76540
76560
76565
76565
76585
76597
76636
76638
76659
76675
76698
76700
76714
76738
76745
76750
76760
76780
76786
76793
76804
76835
76867
76893
76910
76924
76968
76973
76983
76983
76986
77000
77007
77032
77051
77057
77070
77074
77095
77096
77097
77099
77106
77108
77113
77114
77157
77160
77169
77187
77189
77196
77203
77210
77226
77234
77240
77256
77258
77259
77282
77296
77324
77330
77343
77359
77371
77388
77392
77401
77402
77430
77435
77446
77446
77474
77484
77541
77544
77554
77555
77560
77564
77567
77578
77581
77586
77589
77615
77620
77621
77646
77664
77669
77679
77684
77704
77707
77730
77743
77747
77769
77774
77777
77780
77797
77817
77819
77827
77888
77892
77897
77902
77906
77920
77936
77946
77947
77949
77954
77959
77966
77984
77992
77993
77996
78001
78014
78035
78038
78053
78065
78073
78077
78077
78080
78081
78083
78096
78105
78118
78122
78135
78140
78143
78152
78185
78199
78199
78220
78242
78258
78316
78318
78323
78332
78338
78349
78365
78377
78382
78386
78391
78393
78405
78412
78421
78445
78453
78461
78466
78467
78469
78476
78477
78481
78485
78492
78516
78533
78540
78541
78542
78561
78563
78580
78584
78585
78596
78598
78598
78623
78628
78647
78651
78678
78679
78680
78691
78697
78701
78702
78704
78707
78733
78743
78754
78755
78773
78790
78794
78797
78804
78815
78822
78844
78850
78854
78862
78863
78868
78874
78875
78891
78903
78910
78941
78952
78962
78965
78967
78981
78991
79004
79035
79036
79047
79060
79065
79069
79079
79079
79083
79091
79115
79120
79129
79139
79170
79178
79206
79215
79220
79225
79236
79263
79266
79267
79275
79323
79331
79352
79359
79369
79370
79388
79407
79411
79412
79422
79423
79426
79436
79441
79472
79476
79498
79502
79510
79514
79518
79522
79524
79543
79553
79557
79558
79559
79595
79615
79624
79640
79642
79661
79680
79697
79701
79706
79731
79732
79733
79780
79787
79792
79796
79814
79827
79833
79833
79841
79850
79857
79883
79888
79892
79923
79927
79941
79960
79962
79967
79969
79972
80009
80012
80014
80018
80034
80038
80047
80053
80054
80063
80070
80090
80100
80124
80124
80127
80130
80153
80160
80169
80180
80183
80187
80198
80207
80209
80237
80240
80263
80270
80280
80280
80296
80297
80336
80353
80362
80365
80371
80383
80397
80403
80409
80412
80412
80424
80435
80437
80444
80456
80485
80487
80501
80522
80523
80525
80532
80536
80553
80569
80570
80585
80595
80609
80622
80626
80626
80630
80631
80634
80646
80656
80674
80681
80685
80686
80703
80707
80734
80736
80739
80745
80751
80752
80766
80767
80771
80776
80816
80828
80828
80846
80884
80895
80912
80912
80934
80941
80955
80961
80963
80973
80981
80992
81022
81031
81039
81040
81043
81055
81072
81072
81080
81096
81105
81106
81129
81130
81146
81147
81155
81167
81172
81172
81177
81186
81214
81221
81224
81226
81248
81251
81263
81268
81293
81299
81300
81330
81340
81347
81351
81387
81388
81390
81407
81421
81458
81462
81481
81484
81487
81500
81502
81505
81515
81517
81524
81532
81542
81552
81557
81561
81567
81571
81581
81603
81620
81624
81630
81635
81661
81663
81707
81717
81752
81755
81761
81761
81764
81765
81770
81787
81790
81794
81807
81824
81825
81839
81847
81848
81867
81868
81885
81886
81891
81916
81934
81950
81983
81983
81989
81996
82001
82027
82032
82038
82042
82050
82061
82062
82069
82075
82091
82096
82098
82103
82104
82110
82112
82125
82132
82132
82133
82133
82139
82144
82147
82184
82205
82211
82225
82233
82247
82249
82263
82276
82294
82310
82315
82323
82338
82344
82348
82350
82350
82353
82357
82387
82387
82394
82394
82413
82446
82449
82464
82468
82470
82487
82504
82512
82578
82581
82587
82594
82601
82611
82635
82647
82657
82690
82698
82710
82722
82735
82748
82760
82764
82768
82777
82780
82813
82826
82830
82857
82865
82866
82869
82877
82918
82929
82945
82955
82958
82964
82965
82974
82974
82982
82990
82997
83004
83012
83014
83057
83063
83069
83093
83105
83112
83120
83140
83150
83154
83163
83166
83174
83191
83193
83201
83201
83206
83206
83217
83224
83227
83230
83238
83266
83270
83321
83325
83332
83334
83366
83379
83379
83383
83391
83403
83423
83426
83444
83449
83463
83469
83475
83514
83514
83516
83516
83536
83539
83557
83602
83603
83619
83624
83631
83647
83651
83669
83672
83679
83715
83727
83735
83741
83751
83759
83777
83811
83848
83854
83867
83889
83890
83891
83892
83908
83930
83946
83950
83954
83955
83960
83972
83981
83982
83989
83993
83994
84000
84049
84072
84077
84089
84114
84142
84142
84144
84159
84169
84175
84183
84197
84203
84231
84240
84252
84264
84272
84272
84283
84286
84293
84293
84320
84331
84338
84352
84355
84365
84372
84415
84418
84436
84442
84448
84451
84461
84464
84474
84483
84502
84516
84524
84537
84544
84551
84566
84570
84575
84580
84587
84595
84613
84619
84620
84634
84636
84653
84667
84687
84690
84708
84708
84711
84712
84736
84763
84788
84793
84794
84799
84803
84810
84815
84821
84858
84896
84912
84922
84930
84934
84935
84958
84960
84968
84974
84999
85002
85002
85008
85018
85020
85024
85030
85031
85034
85043
85057
85079
85081
85086
85095
85111
85122
85134
85137
85153
85175
85177
85179
85181
85190
85196
85200
85222
85224
85227
85233
85244
85255
85298
85325
85326
85328
85345
85361
85374
85399
85425
85427
85428
85430
85435
85442
85468
85473
85474
85491
85501
85502
85505
85509
85511
85521
85556
85574
85578
85589
85593
85615
85632
85653
85657
85667
85695
85710
85729
85738
85765
85790
85798
85800
85806
85817
85835
85839
85854
85856
85870
85873
85886
85902
85903
85903
85918
85919
85921
85962
85963
85969
85976
86002
86011
86026
86026
86041
86044
86051
86055
86063
86064
86065
86078
86094
86096
86142
86151
86179
86200
86212
86213
86224
86227
86237
86272
86273
86276
86288
86294
86295
86296
86303
86304
86312
86329
86332
86335
86344
86365
86366
86370
86380
86398
86419
86421
86428
86434
86441
86445
86447
86463
86463
86482
86499
86500
86511
86534
86535
86554
86557
86578
86578
86578
86582
86635
86640
86648
86648
86656
86660
86663
86671
86677
86683
86706
86708
86712
86720
86721
86725
86734
86740
86745
86747
86747
86768
86769
86771
86776
86777
86789
86800
86803
86812
86816
86839
86846
86872
86872
86895
86895
86899
86900
86900
86916
86919
86922
86924
86930
86930
86936
86940
86943
86951
86977
86982
86988
87001
87006
87030
87046
87061
87087
87098
87107
87109
87119
87121
87169
87181
87183
87203
87204
87206
87288
87290
87306
87319
87320
87326
87347
87357
87382
87397
87398
87404
87407
87410
87426
87440
87447
87456
87459
87463
87474
87480
87490
87498
87499
87507
87509
87514
87531
87560
87568
87569
87581
87604
87626
87629
87631
87650
87653
87661
87680
87681
87707
87720
87746
87746
87747
87755
87766
87785
87792
87793
87802
87804
87809
87813
87832
87834
87838
87844
87855
87858
87858
87860
87872
87902
87904
87911
87922
87924
87942
87944
87961
87967
87970
87976
87978
87986
87992
87994
88007
88023
88030
88062
88072
88082
88095
88097
88100
88123
88123
88127
88143
88146
88164
88173
88187
88216
88224
88259
88262
88263
88269
88300
88307
88368
88385
88386
88392
88401
88411
88414
88423
88424
88425
88429
88437
88439
88448
88476
88502
88510
88526
88531
88538
88538
88550
88554
88586
88599
88610
88611
88614
88652
88660
88664
88666
88673
88693
88710
88712
88715
88726
88730
88731
88758
88772
88776
88776
88790
88793
88798
88800
88824
88831
88832
88850
88859
88863
88868
88879
88883
88912
88913
88917
88946
88960
88965
88969
88975
88976
88985
88991
88999
89033
89043
89049
89057
89070
89075
89084
89097
89126
89132
89151
89181
89191
89197
89199
89201
89202
89210
89211
89245
89250
89259
89267
89284
89287
89287
89287
89297
89300
89307
89310
89320
89364
89379
89379
89381
89387
89389
89391
89404
89407
89410
89433
89433
89441
89459
89491
89519
89521
89539
89555
89574
89578
89588
89590
89602
89616
89616
89616
89619
89620
89640
89641
89642
89676
89689
89701
89723
89726
89731
89746
89752
89752
89753
89769
89779
89789
89800
89817
89831
89838
89840
89841
89855
89866
89881
89885
89895
89902
89912
89916
89930
89934
89953
89972
89983
89984
89986
89991
89993
89997
90033
90049
90049
90058
90073
90081
90114
90122
90140
90170
90174
90176
90185
90195
90204
90220
90230
90232
90241
90252
90253
90273
90274
90275
90284
90297
90310
90318
90330
90345
90348
90352
90366
90380
90382
90383
90393
90399
90407
90410
90415
90421
90428
90429
90432
90447
90447
90454
90471
90471
90477
90487
90513
90519
90528
90531
90533
90534
90542
90550
90563
90579
90581
90594
90598
90599
90604
90610
90623
90625
90626
90628
90641
90645
90650
90657
90664
90665
90690
90696
90698
90701
90741
90762
90765
90809
90811
90813
90826
90857
90884
90890
90907
90923
90932
90949
90967
90987
90987
90990
91000
91001
91005
91017
91023
91037
91044
91052
91064
91124
91126
91140
91146
91153
91155
91163
91178
91187
91215
91223
91229
91231
91233
91252
91273
91276
91277
91294
91308
91315
91340
91362
91369
91375
91380
91388
91407
91414
91443
91445
91450
91461
91475
91483
91492
91497
91510
91520
91524
91526
91532
91536
91548
91551
91561
91574
91576
91576
91576
91582
91604
91607
91616
91630
91641
91645
91666
91671
91675
91715
91743
91746
91750
91750
91752
91759
91762
91765
91768
91783
91798
91800
91808
91815
91846
91857
91872
91882
91886
91901
91902
91908
91918
91932
91962
91966
91967
91998
92016
92017
92027
92029
92056
92078
92092
92098
92105
92121
92138
92150
92176
92186
92193
92194
92198
92202
92206
92221
92225
92229
92237
92245
92275
92323
92324
92326
92335
92340
92342
92343
92347
92355
92365
92366
92374
92375
92377
92378
92378
92398
92416
92422
92437
92443
92448
92454
92457
92477
92482
92507
92516
92519
92526
92534
92537
92539
92547
92548
92561
92587
92593
92595
92603
92612
92624
92624
92639
92666
92684
92693
92696
92708
92718
92731
92731
92749
92757
92761
92776
92777
92793
92816
92823
92833
92841
92851
92866
92870
92897
92908
92935
92939
92970
92974
92980
92981
93014
93024
93027
93030
93035
93039
93055
93072
93081
93082
93082
93099
93099
93132
93139
93148
93155
93165
93165
93167
93176
93181
93185
93198
93202
93202
93207
93211
93242
93243
93268
93268
93282
93290
93295
93303
93305
93306
93315
93327
93368
93383
93406
93406
93408
93410
93440
93446
93462
93466
93467
93468
93493
93507
93509
93511
93524
93532
93533
93533
93540
93555
93556
93559
93562
93569
93581
93594
93603
93606
93609
93615
93621
93621
93625
93626
93630
93630
93631
93638
93647
93666
93682
93685
93697
93714
93798
93807
93835
93858
93873
93889
93891
93898
93899
93906
93908
93911
93956
93960
93997
93999
94004
94018
94020
94028
94051
94054
94055
94062
94084
94086
94124
94126
94130
94131
94135
94136
94184
94190
94230
94232
94241
94244
94258
94261
94263
94290
94294
94298
94300
94302
94307
94315
94327
94335
94357
94362
94374
94379
94401
94431
94443
94457
94457
94458
94461
94463
94482
94483
94484
94493
94507
94515
94516
94529
94530
94532
94553
94592
94595
94597
94608
94611
94622
94637
94647
94651
94665
94701
94706
94707
94716
94723
94737
94753
94753
94769
94776
94787
94788
94797
94812
94816
94819
94820
94866
94879
94884
94893
94901
94902
94905
94909
94917
94926
94938
94961
94962
94968
94972
94978
94978
94983
94988
94998
94999
95023
95028
95030
95030
95038
95042
95044
95062
95076
95105
95107
95111
95127
95134
95139
95148
95153
95154
95156
95172
95174
95189
95199
95202
95209
95253
95255
95260
95260
95269
95310
95310
95318
95323
95350
95355
95367
95369
95372
95372
95377
95380
95392
95417
95426
95429
95432
95436
95438
95440
95447
95453
95453
95471
95476
95496
95535
95563
95570
95584
95587
95588
95606
95606
95610
95616
95633
95643
95643
95646
95655
95660
95681
95698
95711
95730
95730
95731
95738
95778
95788
95805
95809
95819
95822
95822
95823
95826
95828
95835
95837
95864
95873
95905
95916
95945
95946
95967
95983
95989
95992
96011
96012
96040
96046
96063
96072
96073
96082
96087
96088
96090
96098
96103
96126
96132
96137
96144
96151
96158
96169
96173
96176
96176
96183
96198
96200
96216
96238
96241
96254
96267
96277
96279
96282
96292
96300
96327
96341
96351
96361
96363
96406
96414
96415
96421
96427
96428
96433
96445
96447
96488
96500
96508
96513
96515
96516
96520
96526
96527
96554
96560
96560
96570
96597
96603
96619
96640
96674
96679
96694
96714
96732
96742
96769
96787
96789
96804
96819
96823
96825
96835
96848
96854
96864
96874
96882
96890
96912
96927
96942
96945
96948
96980
96987
97003
97006
97010
97018
97030
97030
97031
97048
97048
97059
97061
97063
97072
97078
97086
97096
97098
97101
97132
97140
97143
97146
97149
97160
97165
97166
97187
97218
97221
97235
97240
97260
97278
97290
97298
97320
97335
97338
97341
97345
97348
97356
97378
97381
97381
97394
97398
97402
97408
97413
97417
97427
97452
97454
97485
97510
97533
97536
97538
97547
97561
97567
97584
97590
97607
97608
97621
97639
97648
97656
97658
97671
97676
97684
97689
97690
97702
97703
97708
97714
97728
97732
97759
97776
97804
97813
97817
97825
97841
97849
97868
97872
97903
97905
97913
97919
97920
97924
97956
97958
97961
97965
97972
97976
97982
97982
97989
97998
98018
98053
98057
98066
98066
98168
98169
98199
98209
98225
98230
98238
98244
98262
98269
98269
98272
98322
98360
98364
98369
98371
98373
98377
98399
98405
98415
98449
98477
98487
98529
98530
98539
98544
98545
98546
98547
98575
98589
98591
98609
98633
98638
98648
98649
98669
98670
98671
98682
98696
98703
98705
98709
98719
98723
98735
98737
98741
98747
98761
98782
98783
98787
98792
98814
98833
98835
98846
98850
98853
98895
98909
98941
98943
98947
98950
98951
98951
98955
98969
98975
98990
98992
99008
99014
99021
99031
99047
99048
99049
99054
99062
99063
99067
99070
99074
99075
99084
99107
99116
99126
99140
99151
99156
99168
99171
99172
99174
99187
99190
99193
99201
99243
99247
99253
99275
99277
99322
99322
99335
99358
99365
99381
99408
99430
99431
99459
99481
99489
99490
99546
99553
99554
99557
99565
99573
99579
99580
99582
99586
99593
99625
99629
99642
99651
99654
99663
99685
99695
99715
99718
99730
99733
99739
99751
99754
99759
99768
99794
99799
99815
99820
99822
99825
99829
99829
99832
99836
99844
99847
99877
99881
99882
99906
99915
99916
99930
99940
99957
99957
99967
99980
99993
99996
