10
18
25
32
39
49
57
73
74
81
106
111
118
119
125
130
135
137
158
164
173
174
174
182
184
205
229
235
235
236
246
251
267
298
316
321
342
347
359
372
376
385
388
391
401
411
411
413
437
445
448
450
469
489
511
517
531
536
562
573
582
582
590
592
610
617
621
628
630
635
679
693
701
709
709
723
729
735
739
741
751
758
771
771
798
805
808
819
821
840
845
849
870
877
881
888
897
897
907
915
919
929
958
969
978
982
985
987
995
998
1048
1051
1059
1064
1074
1077
1080
1107
1110
1118
1137
1148
1152
1154
1164
1170
1197
1232
1236
1239
1244
1248
1248
1255
1260
1264
1272
1277
1279
1292
1316
1332
1340
1351
1351
1356
1362
1365
1378
1389
1393
1400
1402
1404
1409
1412
1422
1441
1458
1472
1474
1476
1501
1522
1528
1548
1556
1567
1581
1583
1592
1597
1603
1611
1612
1618
1628
1629
1639
1646
1669
1695
1696
1705
1721
1726
1741
1754
1757
1791
1796
1802
1817
1824
1826
1826
1830
1831
1833
1852
1911
1937
1941
1955
1960
1961
1969
1970
1984
1989
1994
2002
2005
2016
2022
2027
2048
2077
2082
2084
2097
2101
2119
2126
2132
2134
2136
2143
2144
2146
2181
2192
2218
2220
2221
2228
2240
2255
2257
2274
2285
2313
2320
2341
2348
2349
2352
2355
2408
2418
2427
2436
2443
2475
2519
2523
2525
2529
2557
2576
2586
2595
2595
2608
2620
2623
2623
2657
2660
2678
2688
2696
2697
2697
2702
2712
2713
2716
2727
2728
2750
2752
2753
2773
2778
2786
2791
2809
2814
2861
2864
2867
2869
2897
2903
2914
2922
2924
2940
2945
2955
2963
2966
2970
2970
2973
2988
3008
3022
3041
3062
3064
3069
3075
3081
3085
3088
3094
3121
3129
3154
3157
3164
3165
3181
3196
3201
3205
3207
3216
3225
3238
3247
3267
3282
3284
3301
3321
3325
3328
3336
3343
3349
3381
3391
3394
3410
3417
3428
3432
3435
3462
3465
3485
3498
3504
3514
3524
3555
3558
3558
3574
3574
3581
3600
3609
3616
3616
3619
3621
3628
3648
3652
3674
3686
3687
3690
3693
3696
3700
3706
3731
3733
3741
3748
3757
3758
3766
3777
3789
3806
3807
3807
3815
3821
3821
3832
3864
3866
3876
3883
3893
3899
3910
3952
3969
3987
4006
4007
4016
4021
4034
4038
4050
4050
4051
4087
4094
4109
4119
4119
4129
4136
4142
4150
4162
4165
4173
4181
4192
4193
4204
4229
4235
4245
4291
4299
4317
4329
4333
4341
4349
4350
4354
4358
4360
4370
4376
4385
4391
4429
4445
4446
4449
4458
4465
4467
4472
4480
4482
4489
4497
4507
4508
4509
4515
4523
4526
4545
4546
4551
4562
4564
4596
4609
4614
4622
4638
4647
4656
4675
4689
4696
4701
4708
4725
4735
4756
4760
4760
4765
4783
4787
4832
4833
4834
4838
4841
4844
4859
4871
4877
4902
4915
4916
4918
4920
4922
4932
4934
4947
4957
4958
4959
4983
4988
4990
5023
5029
5050
5053
5056
5059
5075
5084
5093
5096
5098
5104
5122
5123
5148
5156
5159
5163
5189
5195
5206
5226
5228
5245
5262
5267
5274
5291
5301
5305
5328
5329
5332
5339
5341
5352
5362
5362
5371
5398
5406
5412
5420
5424
5435
5462
5471
5547
5573
5579
5581
5597
5604
5608
5609
5620
5620
5629
5665
5679
5679
5692
5701
5701
5701
5712
5720
5723
5747
5755
5756
5775
5783
5786
5796
5800
5802
5808
5808
5815
5817
5821
5822
5825
5826
5826
5846
5846
5847
5866
5891
5892
5892
5916
5920
5944
5960
5963
5964
5967
5986
5990
5998
5999
6003
6004
6023
6033
6042
6052
6063
6071
6076
6084
6113
6123
6144
6144
6151
6151
6153
6166
6171
6173
6173
6197
6208
6213
6245
6245
6246
6267
6283
6291
6292
6295
6298
6306
6320
6333
6342
6357
6363
6373
6406
6417
6430
6438
6440
6449
6480
6484
6493
6505
6509
6510
6524
6525
6526
6530
6543
6545
6552
6562
6566
6570
6574
6574
6582
6583
6597
6597
6601
6604
6625
6645
6651
6652
6653
6654
6659
6672
6676
6679
6693
6699
6707
6714
6732
6743
6751
6756
6764
6771
6788
6792
6795
6795
6822
6840
6842
6843
6861
6862
6871
6873
6879
6897
6904
6912
6952
6987
6991
6996
7010
7024
7061
7062
7063
7063
7073
7080
7087
7090
7129
7130
7140
7148
7151
7158
7177
7185
7209
7220
7232
7237
7242
7243
7257
7266
7268
7273
7276
7279
7282
7286
7289
7298
7299
7307
7317
7323
7340
7355
7362
7368
7378
7385
7387
7399
7412
7415
7430
7436
7438
7465
7469
7477
7562
7565
7570
7580
7594
7609
7617
7624
7627
7649
7658
7663
7668
7673
7676
7690
7698
7705
7712
7718
7722
7733
7760
7764
7769
7770
7790
7796
7800
7805
7806
7812
7825
7837
7838
7852
7854
7856
7870
7871
7884
7890
7900
7924
7928
7946
7956
7965
7980
7980
7982
7983
7987
8014
8022
8052
8067
8085
8087
8090
8100
8113
8147
8151
8161
8187
8188
8191
8197
8200
8209
8209
8215
8220
8224
8242
8248
8253
8270
8282
8313
8329
8332
8347
8355
8365
8378
8411
8419
8449
8452
8477
8481
8497
8501
8501
8513
8520
8523
8524
8527
8527
8537
8555
8561
8566
8568
8579
8583
8590
8593
8594
8609
8619
8627
8648
8658
8675
8675
8677
8695
8701
8701
8738
8742
8767
8804
8810
8824
8855
8857
8872
8879
8881
8910
8914
8922
8938
8947
8963
8978
8999
9010
9026
9034
9053
9057
9059
9067
9070
9085
9101
9109
9116
9118
9133
9147
9151
9152
9155
9156
9159
9164
9179
9222
9230
9271
9275
9287
9311
9349
9350
9350
9351
9354
9355
9358
9364
9368
9404
9423
9427
9431
9435
9439
9443
9461
9472
9495
9496
9525
9545
9558
9563
9574
9583
9600
9600
9617
9618
9657
9665
9684
9692
9707
9709
9710
9718
9720
9728
9736
9739
9740
9745
9752
9755
9769
9772
9773
9776
9782
9832
9836
9836
9839
9840
9842
9842
9855
9871
9873
9879
9882
9895
9901
9908
9910
9911
9926
9928
9931
9951
9965
9970
10000
10000
10007
10011
10020
10035
10043
10049
10051
10075
10078
10093
10094
10094
10106
10107
10123
10130
10134
10155
10178
10182
10199
10203
10234
10249
10263
10265
10266
10282
10283
10283
10293
10328
10329
10352
10360
10362
10363
10367
10370
10390
10392
10393
10397
10398
10407
10503
10512
10518
10533
10539
10547
10573
10576
10583
10600
10647
10657
10673
10675
10698
10713
10714
10721
10737
10739
10764
10775
10777
10790
10798
10799
10807
10808
10816
10821
10831
10837
10843
10852
10889
10897
10898
10901
10913
10916
10931
10932
10949
10951
10959
10960
10969
10970
10971
10999
11005
11008
11031
11039
11053
11071
11075
11078
11084
11101
11114
11117
11146
11155
11157
11159
11166
11174
11186
11194
11199
11204
11214
11216
11217
11234
11239
11241
11243
11248
11249
11281
11289
11295
11306
11310
11310
11321
11330
11332
11360
11367
11368
11375
11379
11405
11407
11424
11428
11452
11452
11459
11467
11474
11503
11530
11534
11560
11569
11569
11578
11591
11607
11615
11624
11637
11644
11644
11646
11676
11717
11720
11747
11759
11767
11777
11781
11785
11787
11811
11820
11835
11836
11845
11851
11854
11859
11861
11871
11875
11880
11882
11884
11886
11890
11892
11897
11900
11906
11908
11909
11914
11921
11934
11936
11955
11969
11969
11970
11977
11978
11978
11984
11997
12000
12004
12016
12037
12038
12041
12058
12060
12104
12105
12116
12124
12139
12141
12154
12162
12174
12175
12180
12194
12201
12234
12234
12248
12250
12251
12260
12282
12301
12317
12323
12329
12332
12336
12350
12389
12405
12406
12420
12420
12425
12430
12431
12458
12459
12473
12473
12473
12480
12498
12503
12516
12525
12537
12553
12553
12554
12556
12562
12567
12574
12586
12605
12606
12642
12642
12687
12698
12700
12708
12710
12738
12760
12774
12778
12820
12823
12847
12855
12858
12862
12866
12880
12884
12897
12917
12919
12928
12928
12934
12944
12946
12949
12957
12962
12969
12973
12974
13006
13009
13014
13021
13025
13045
13052
13062
13065
13085
13085
13092
13095
13120
13145
13153
13160
13166
13177
13179
13181
13197
13200
13221
13226
13254
13265
13287
13287
13338
13340
13340
13356
13361
13371
13376
13420
13441
13455
13456
13476
13476
13478
13492
13493
13503
13512
13522
13531
13534
13549
13558
13581
13601
13610
13634
13637
13645
13670
13688
13699
13705
13707
13709
13714
13722
13746
13748
13761
13765
13771
13780
13799
13802
13802
13813
13815
13821
13823
13853
13864
13864
13879
13879
13890
13895
13905
13911
13919
13934
13947
13955
13957
13973
13978
13979
13989
14023
14027
14034
14035
14050
14058
14062
14066
14070
14083
14097
14107
14123
14137
14141
14146
14153
14163
14176
14182
14184
14221
14221
14237
14268
14270
14278
14285
14297
14300
14301
14309
14312
14315
14317
14320
14326
14326
14352
14358
14368
14378
14403
14406
14411
14421
14431
14431
14438
14439
14443
14457
14468
14482
14536
14539
14566
14569
14570
14575
14580
14586
14613
14614
14624
14626
14656
14662
14670
14686
14691
14692
14734
14735
14736
14750
14752
14760
14762
14774
14780
14781
14788
14804
14832
14836
14855
14871
14872
14878
14890
14917
14928
14939
14944
14948
14958
14962
14969
14976
14977
14982
14987
15006
15012
15022
15035
15096
15098
15100
15104
15114
15122
15126
15148
15159
15192
15195
15218
15221
15228
15235
15252
15259
15275
15278
15282
15291
15294
15309
15312
15315
15317
15349
15359
15360
15362
15368
15369
15373
15378
15399
15399
15401
15410
15413
15413
15437
15447
15448
15454
15461
15461
15465
15478
15483
15527
15537
15538
15549
15595
15600
15600
15613
15615
15628
15641
15650
15658
15670
15671
15673
15694
15739
15753
15762
15775
15797
15802
15815
15821
15846
15860
15868
15873
15879
15885
15885
15887
15892
15893
15908
15909
15922
15928
15929
15942
15954
15969
15970
15971
15980
15981
15988
16003
16017
16041
16044
16055
16066
16080
16088
16088
16092
16098
16102
16123
16161
16175
16177
16178
16201
16208
16213
16234
16251
16252
16256
16273
16280
16282
16291
16295
16299
16318
16325
16355
16359
16371
16399
16408
16417
16424
16429
16440
16441
16446
16448
16463
16465
16475
16510
16523
16528
16546
16551
16551
16553
16560
16570
16571
16580
16581
16592
16596
16599
16602
16639
16641
16652
16661
16670
16684
16697
16727
16731
16745
16768
16781
16786
16789
16791
16796
16797
16800
16803
16810
16815
16823
16823
16830
16831
16838
16852
16854
16859
16874
16891
16893
16898
16916
16942
16946
16951
16964
17006
17009
17023
17024
17048
17050
17063
17075
17103
17106
17108
17116
17120
17122
17123
17131
17135
17143
17149
17153
17161
17167
17172
17179
17202
17213
17219
17228
17279
17306
17306
17310
17330
17333
17335
17340
17342
17344
17354
17366
17372
17391
17406
17436
17452
17454
17458
17461
17491
17498
17505
17511
17517
17534
17536
17539
17552
17559
17560
17579
17584
17595
17600
17610
17616
17623
17659
17665
17670
17686
17696
17708
17732
17735
17743
17775
17780
17809
17810
17819
17822
17825
17831
17836
17844
17844
17854
17864
17866
17867
17868
17868
17872
17872
17881
17893
17900
17924
17926
17932
17982
18003
18010
18012
18012
18054
18059
18062
18065
18085
18116
18120
18124
18168
18195
18214
18221
18226
18238
18241
18241
18244
18245
18251
18251
18254
18265
18274
18279
18308
18328
18339
18346
18360
18370
18383
18388
18421
18431
18431
18436
18437
18445
18458
18459
18465
18474
18475
18485
18490
18508
18523
18523
18523
18528
18539
18548
18559
18585
18585
18588
18599
18632
18645
18647
18650
18670
18677
18682
18696
18704
18715
18730
18731
18741
18741
18753
18757
18760
18786
18787
18800
18813
18819
18820
18824
18842
18856
18875
18881
18887
18916
18924
18946
18948
18949
18979
18987
18998
19000
19008
19034
19058
19066
19067
19087
19096
19146
19147
19159
19164
19165
19166
19168
19169
19171
19188
19188
19197
19206
19217
19223
19227
19231
19232
19234
19241
19248
19254
19265
19270
19298
19311
19315
19317
19350
19350
19355
19369
19370
19376
19382
19390
19404
19423
19430
19438
19439
19472
19477
19481
19482
19495
19510
19534
19537
19539
19561
19561
19565
19566
19568
19569
19575
19630
19641
19657
19678
19689
19690
19699
19703
19732
19733
19743
19750
19753
19763
19769
19771
19782
19784
19808
19813
19836
19842
19860
19862
19868
19873
19895
19909
19919
19944
19953
19971
19975
19979
19994
20001
20005
20007
20009
20067
20100
20111
20162
20162
20178
20186
20187
20190
20192
20195
20200
20255
20270
20280
20290
20290
20291
20292
20302
20305
20307
20307
20315
20332
20335
20336
20343
20357
20363
20384
20387
20395
20408
20414
20431
20442
20447
20453
20456
20464
20471
20503
20524
20529
20556
20565
20586
20594
20595
20595
20605
20609
20647
20667
20674
20699
20708
20718
20728
20739
20743
20755
20768
20804
20819
20820
20836
20846
20856
20865
20866
20885
20898
20901
20908
20913
20915
20916
20930
20937
20946
20959
20959
20961
20965
20995
21007
21018
21043
21058
21089
21093
21117
21128
21132
21133
21155
21158
21167
21167
21191
21195
21221
21230
21236
21237
21243
21246
21257
21268
21274
21282
21282
21294
21310
21337
21338
21340
21378
21379
21379
21381
21382
21395
21406
21409
21410
21416
21428
21461
21466
21468
21480
21482
21499
21507
21510
21511
21511
21511
21532
21533
21539
21540
21542
21582
21591
21598
21658
21661
21663
21668
21677
21700
21746
21756
21807
21808
21819
21829
21840
21877
21878
21887
21916
21919
21922
21937
21942
21985
21997
22003
22004
22021
22027
22034
22035
22064
22082
22105
22113
22172
22187
22189
22194
22197
22219
22227
22243
22244
22252
22266
22274
22275
22280
22286
22300
22308
22311
22320
22338
22341
22345
22351
22356
22369
22373
22399
22409
22410
22431
22433
22441
22447
22453
22456
22467
22468
22490
22506
22508
22526
22605
22609
22628
22632
22636
22651
22660
22661
22665
22665
22668
22673
22683
22684
22700
22723
22752
22757
22768
22769
22770
22775
22777
22811
22813
22831
22851
22851
22851
22852
22879
22893
22906
22912
22913
22917
22923
22926
22928
22928
22933
22939
22950
22964
22972
22979
22992
22994
23009
23029
23039
23044
23062
23075
23075
23083
23089
23113
23136
23147
23147
23153
23185
23194
23211
23232
23232
23233
23253
23260
23263
23263
23272
23283
23283
23289
23293
23300
23301
23305
23313
23338
23340
23351
23359
23368
23396
23407
23427
23442
23444
23465
23478
23488
23492
23512
23547
23594
23608
23612
23612
23621
23624
23625
23626
23641
23646
23662
23668
23672
23711
23718
23730
23733
23748
23752
23754
23763
23763
23784
23799
23800
23802
23816
23827
23840
23848
23850
23851
23857
23872
23873
23876
23889
23932
23943
23947
23957
23959
23974
23986
24014
24015
24019
24034
24048
24065
24067
24070
24078
24100
24100
24105
24105
24120
24127
24150
24171
24180
24184
24205
24221
24223
24226
24231
24263
24265
24269
24271
24272
24279
24288
24302
24306
24313
24316
24327
24335
24348
24353
24385
24386
24406
24414
24422
24433
24446
24447
24455
24463
24471
24486
24487
24495
24498
24523
24530
24537
24567
24578
24599
24608
24609
24614
24619
24646
24658
24665
24744
24749
24790
24810
24843
24845
24849
24857
24869
24893
24897
24899
24899
24904
24906
24912
24912
24917
24921
24929
24942
24982
24993
25001
25009
25015
25016
25020
25034
25062
25087
25098
25104
25112
25113
25120
25131
25159
25181
25183
25196
25220
25227
25228
25249
25261
25266
25270
25277
25282
25289
25301
25307
25312
25328
25335
25346
25358
25360
25381
25384
25422
25439
25453
25456
25458
25471
25474
25508
25508
25510
25512
25513
25516
25529
25544
25549
25561
25567
25592
25595
25613
25618
25628
25634
25636
25655
25659
25673
25676
25692
25698
25701
25714
25727
25728
25738
25740
25763
25765
25765
25783
25786
25789
25794
25802
25809
25832
25845
25854
25858
25871
25881
25885
25885
25893
25893
25896
25898
25901
25905
25920
25958
25960
25961
25970
25970
25979
25983
25984
25996
25999
26014
26018
26019
26033
26048
26056
26069
26072
26080
26083
26084
26084
26102
26104
26125
26125
26134
26139
26140
26162
26175
26184
26193
26202
26214
26233
26242
26276
26292
26297
26297
26308
26311
26315
26315
26319
26324
26337
26344
26348
26349
26353
26362
26370
26375
26381
26393
26421
26432
26436
26437
26443
26449
26478
26488
26499
26500
26532
26547
26554
26600
26601
26613
26617
26624
26633
26640
26671
26688
26701
26712
26715
26732
26741
26741
26743
26773
26783
26789
26790
26797
26804
26806
26818
26819
26819
26826
26831
26837
26847
26855
26857
26858
26871
26884
26889
26911
26912
26933
26937
26954
26961
27004
27006
27008
27016
27016
27023
27024
27025
27069
27075
27079
27088
27090
27109
27111
27146
27147
27154
27163
27163
27166
27201
27227
27230
27230
27235
27239
27268
27270
27278
27293
27302
27340
27347
27351
27356
27375
27376
27379
27385
27395
27401
27404
27405
27408
27410
27415
27415
27419
27427
27437
27437
27439
27454
27456
27457
27463
27496
27501
27504
27515
27549
27552
27559
27565
27576
27587
27588
27600
27611
27611
27626
27626
27628
27641
27641
27642
27654
27671
27676
27692
27706
27711
27720
27722
27725
27728
27746
27764
27775
27787
27795
27801
27801
27801
27816
27835
27836
27841
27842
27856
27857
27869
27873
27875
27888
27890
27901
27902
27902
27902
27906
27916
27930
27933
27938
27948
27951
27959
27984
27990
28046
28048
28049
28050
28050
28065
28066
28072
28073
28092
28099
28107
28115
28116
28136
28138
28148
28149
28150
28154
28168
28176
28197
28198
28218
28225
28234
28240
28242
28252
28261
28267
28291
28319
28334
28338
28338
28353
28353
28362
28363
28367
28369
28377
28384
28390
28392
28396
28406
28410
28420
28426
28427
28439
28444
28447
28451
28453
28463
28479
28482
28488
28500
28545
28564
28564
28567
28579
28590
28593
28603
28607
28619
28626
28640
28642
28646
28662
28674
28690
28713
28714
28716
28739
28767
28772
28775
28793
28801
28812
28817
28823
28824
28838
28842
28842
28851
28868
28879
28889
28897
28905
28906
28913
28922
28927
28927
28938
28946
28953
28957
28958
28959
28960
28984
28987
28989
28996
29010
29014
29016
29032
29038
29043
29051
29075
29082
29113
29115
29138
29150
29164
29168
29179
29188
29190
29200
29202
29211
29211
29216
29232
29241
29250
29250
29252
29262
29270
29274
29281
29281
29282
29290
29294
29294
29309
29312
29333
29336
29349
29357
29363
29365
29387
29392
29395
29407
29418
29446
29456
29460
29488
29502
29505
29535
29540
29562
29568
29616
29620
29627
29628
29634
29635
29660
29675
29696
29704
29718
29724
29737
29762
29779
29786
29794
29800
29808
29812
29826
29839
29842
29856
29858
29868
29870
29879
29891
29894
29894
29898
29901
29906
29928
29962
30024
30038
30046
30051
30078
30091
30098
30110
30115
30152
30155
30156
30169
30171
30175
30176
30187
30188
30189
30192
30216
30224
30240
30247
30257
30262
30281
30290
30301
30336
30345
30353
30356
30362
30368
30394
30407
30409
30410
30414
30422
30431
30450
30470
30487
30495
30502
30504
30511
30516
30524
30531
30534
30539
30545
30559
30560
30585
30585
30587
30587
30604
30630
30633
30639
30663
30674
30692
30697
30704
30729
30730
30736
30740
30750
30755
30778
30782
30788
30790
30793
30809
30825
30827
30839
30844
30862
30869
30872
30875
30878
30883
30894
30903
30905
30924
30946
30947
30948
30954
30966
30970
30971
30978
30985
30989
30992
30995
31001
31008
31011
31019
31030
31048
31054
31074
31085
31085
31085
31092
31096
31098
31102
31103
31128
31130
31136
31140
31144
31145
31151
31184
31185
31187
31191
31212
31219
31224
31225
31235
31260
31263
31269
31272
31282
31287
31298
31304
31310
31328
31333
31340
31340
31375
31393
31394
31397
31404
31404
31416
31420
31425
31440
31454
31466
31477
31486
31497
31497
31509
31520
31521
31528
31543
31578
31608
31617
31625
31629
31634
31682
31724
31732
31763
31767
31776
31777
31785
31786
31787
31814
31828
31836
31853
31860
31860
31873
31877
31881
31885
31888
31898
31906
31913
31940
31949
31959
31975
31988
31994
31997
32041
32050
32063
32067
32071
32082
32100
32100
32121
32139
32143
32152
32159
32165
32169
32173
32197
32204
32208
32208
32213
32261
32261
32270
32282
32286
32291
32298
32302
32306
32312
32314
32317
32332
32343
32363
32369
32375
32382
32406
32407
32448
32462
32476
32480
32483
32505
32514
32518
32526
32546
32547
32560
32571
32578
32581
32607
32608
32614
32616
32634
32654
32664
32674
32676
32688
32692
32719
32731
32741
32752
32782
32785
32787
32810
32839
32855
32860
32865
32867
32875
32875
32903
32903
32904
32922
32952
32965
32966
32986
32998
33001
33002
33009
33015
33040
33048
33058
33065
33073
33074
33075
33111
33158
33167
33170
33176
33198
33207
33211
33217
33236
33260
33261
33268
33271
33277
33283
33286
33300
33320
33350
33359
33362
33408
33412
33414
33427
33431
33448
33456
33456
33461
33463
33463
33465
33484
33495
33500
33504
33518
33548
33551
33564
33579
33610
33629
33639
33655
33663
33690
33693
33696
33732
33739
33744
33758
33760
33762
33780
33796
33799
33804
33806
33807
33813
33814
33819
33823
33846
33849
33861
33866
33873
33887
33899
33912
33919
33919
33955
33976
33977
33978
33979
33994
34008
34013
34014
34014
34024
34035
34072
34076
34081
34085
34096
34100
34104
34108
34125
34126
34126
34131
34133
34133
34133
34157
34164
34176
34180
34180
34191
34198
34207
34223
34237
34262
34286
34287
34306
34307
34307
34317
34330
34345
34346
34351
34359
34363
34391
34423
34432
34435
34450
34464
34471
34474
34477
34494
34522
34538
34544
34549
34589
34597
34638
34657
34666
34685
34703
34710
34711
34732
34735
34781
34787
34802
34842
34844
34862
34878
34888
34909
34913
34916
34925
34948
34950
34959
34969
34970
34971
34978
34980
34982
34990
34993
34994
34997
35001
35026
35030
35056
35061
35067
35116
35130
35140
35141
35143
35164
35171
35174
35184
35188
35193
35207
35214
35221
35230
35247
35258
35258
35274
35278
35280
35307
35308
35310
35330
35333
35341
35341
35342
35343
35358
35361
35363
35368
35369
35374
35381
35381
35385
35417
35422
35424
35429
35438
35441
35445
35447
35461
35462
35471
35480
35481
35487
35496
35496
35502
35503
35514
35514
35526
35533
35537
35548
35548
35579
35600
35618
35627
35630
35642
35647
35659
35660
35672
35673
35713
35726
35748
35764
35769
35776
35783
35793
35798
35802
35805
35810
35817
35826
35834
35844
35847
35865
35877
35884
35896
35899
35899
35916
35924
35952
35955
35969
35981
35982
35983
35983
35993
36005
36016
36039
36043
36043
36057
36057
36066
36083
36085
36096
36096
36097
36098
36111
36114
36125
36136
36148
36153
36158
36164
36165
36175
36177
36188
36198
36214
36240
36252
36262
36264
36266
36300
36308
36326
36330
36342
36347
36353
36353
36375
36376
36381
36383
36398
36406
36416
36458
36473
36480
36493
36498
36502
36504
36507
36518
36528
36529
36535
36538
36542
36548
36555
36557
36561
36562
36568
36618
36624
36637
36641
36645
36661
36665
36675
36678
36690
36708
36709
36752
36781
36783
36796
36803
36811
36819
36830
36830
36864
36872
36875
36878
36891
36933
36939
36947
36951
36978
36979
36993
36994
36997
37000
37003
37038
37039
37041
37042
37054
37057
37065
37076
37109
37119
37123
37133
37133
37136
37143
37143
37174
37183
37201
37215
37219
37222
37230
37232
37235
37256
37275
37300
37304
37316
37327
37328
37331
37340
37346
37378
37384
37385
37389
37429
37437
37437
37453
37455
37461
37471
37489
37498
37542
37564
37572
37592
37597
37598
37617
37672
37687
37694
37699
37705
37713
37721
37723
37733
37741
37750
37758
37760
37760
37773
37779
37804
37813
37832
37847
37859
37862
37862
37869
37871
37877
37879
37911
37927
37928
37943
37949
37949
37956
37959
37966
37969
37980
37983
37991
37995
38000
38001
38007
38014
38060
38078
38079
38081
38091
38105
38106
38110
38124
38125
38128
38185
38187
38201
38221
38222
38224
38243
38249
38259
38269
38276
38277
38278
38282
38296
38311
38319
38321
38325
38331
38334
38340
38348
38365
38375
38380
38380
38382
38413
38418
38424
38440
38444
38465
38476
38513
38525
38529
38531
38540
38549
38589
38616
38626
38644
38649
38657
38675
38675
38683
38683
38701
38707
38708
38711
38714
38715
38715
38721
38721
38734
38734
38754
38793
38804
38835
38869
38882
38888
38889
38890
38891
38904
38932
38940
38954
38988
38988
39031
39036
39085
39090
39099
39105
39118
39120
39133
39151
39157
39160
39211
39220
39221
39251
39257
39258
39270
39284
39285
39286
39320
39329
39334
39360
39363
39373
39382
39400
39408
39413
39434
39437
39443
39444
39445
39463
39525
39532
39550
39563
39564
39580
39580
39594
39609
39609
39610
39613
39646
39678
39683
39686
39694
39698
39701
39703
39711
39770
39772
39783
39786
39793
39802
39810
39815
39835
39863
39871
39877
39890
39902
39906
39927
39942
39948
39967
39981
40002
40035
40043
40045
40047
40098
40105
40105
40111
40113
40119
40121
40124
40135
40149
40159
40161
40167
40181
40190
40230
40231
40238
40241
40252
40252
40254
40269
40281
40284
40318
40335
40355
40366
40370
40374
40395
40440
40445
40448
40457
40460
40466
40475
40476
40494
40522
40574
40578
40591
40597
40614
40621
40635
40636
40640
40641
40660
40663
40664
40685
40685
40705
40706
40715
40719
40736
40748
40759
40767
40780
40786
40794
40798
40799
40803
40809
40816
40825
40841
40844
40851
40863
40868
40872
40897
40923
40924
40927
40934
40937
40949
40970
40980
41005
41027
41027
41029
41057
41064
41096
41099
41112
41135
41161
41186
41192
41210
41212
41218
41222
41235
41251
41258
41260
41274
41277
41285
41286
41288
41322
41343
41343
41345
41347
41348
41361
41374
41382
41400
41405
41409
41438
41449
41449
41453
41455
41464
41476
41479
41480
41481
41481
41483
41488
41493
41502
41502
41503
41506
41506
41513
41515
41520
41524
41528
41528
41552
41568
41572
41585
41600
41605
41615
41616
41619
41635
41635
41662
41683
41695
41743
41743
41745
41745
41759
41762
41773
41789
41789
41800
41803
41820
41833
41841
41847
41848
41849
41867
41887
41889
41890
41894
41898
41898
41900
41903
41905
41916
41925
41925
41937
41946
41953
41960
41975
41979
41982
41986
41992
41995
41999
42020
42060
42072
42072
42099
42119
42136
42179
42195
42217
42223
42267
42271
42288
42290
42299
42325
42340
42394
42402
42403
42407
42414
42423
42425
42427
42429
42463
42490
42493
42506
42514
42515
42516
42527
42531
42545
42576
42576
42577
42579
42588
42589
42594
42604
42618
42624
42626
42628
42641
42645
42652
42653
42667
42667
42684
42686
42710
42712
42719
42719
42740
42747
42749
42758
42788
42796
42812
42821
42829
42839
42852
42858
42874
42886
42893
42896
42906
42909
42920
42939
42944
42949
42958
42963
42966
42969
42973
42973
42976
42980
42982
42988
42995
43000
43012
43014
43025
43045
43094
43101
43103
43107
43113
43134
43137
43144
43146
43165
43207
43210
43212
43215
43232
43257
43265
43277
43297
43297
43307
43338
43349
43370
43372
43374
43388
43392
43395
43403
43406
43414
43427
43433
43435
43453
43456
43462
43463
43466
43514
43530
43543
43550
43552
43562
43597
43613
43625
43648
43650
43668
43673
43673
43677
43681
43684
43692
43694
43716
43725
43742
43762
43771
43783
43818
43832
43856
43858
43861
43875
43888
43931
43959
43970
43975
43977
43980
43989
43992
43999
44001
44014
44018
44035
44038
44038
44051
44069
44078
44082
44089
44091
44092
44107
44115
44116
44118
44131
44154
44174
44177
44192
44227
44251
44253
44264
44270
44274
44274
44292
44293
44309
44321
44329
44333
44357
44358
44362
44372
44374
44380
44395
44399
44413
44429
44430
44438
44456
44465
44474
44488
44489
44493
44518
44543
44544
44557
44559
44562
44568
44578
44583
44584
44598
44603
44613
44622
44624
44644
44648
44658
44661
44662
44678
44694
44697
44697
44718
44730
44756
44761
44762
44770
44775
44776
44780
44789
44796
44805
44816
44821
44832
44842
44846
44851
44869
44873
44881
44890
44906
44914
44918
44919
44920
44935
44935
44946
44956
44960
44960
44960
44971
44973
44993
45003
45006
45024
45041
45052
45054
45066
45073
45099
45108
45112
45114
45117
45138
45155
45180
45180
45190
45207
45219
45225
45232
45238
45254
45270
45273
45285
45302
45303
45314
45318
45323
45336
45340
45352
45362
45382
45401
45404
45407
45412
45419
45425
45426
45429
45439
45441
45452
45470
45494
45511
45514
45525
45533
45542
45548
45557
45584
45589
45593
45597
45598
45609
45615
45627
45632
45652
45653
45669
45700
45702
45707
45715
45717
45736
45751
45769
45832
45846
45898
45917
45926
45932
45946
45951
45961
45964
45989
45990
46012
46015
46024
46033
46043
46047
46049
46056
46095
46106
46111
46139
46185
46203
46210
46213
46222
46233
46234
46235
46244
46274
46295
46312
46316
46318
46323
46329
46333
46334
46336
46358
46358
46371
46385
46392
46394
46434
46441
46442
46451
46455
46463
46472
46494
46509
46515
46525
46526
46543
46561
46564
46578
46578
46589
46592
46601
46610
46644
46644
46649
46713
46715
46717
46720
46732
46753
46768
46783
46785
46824
46827
46829
46829
46837
46859
46862
46863
46874
46885
46896
46909
46918
46930
46937
46939
46941
46950
46964
46965
46991
47005
47030
47032
47034
47051
47054
47074
47080
47080
47098
47099
47112
47117
47122
47126
47133
47138
47153
47154
47158
47184
47198
47198
47201
47203
47204
47223
47226
47236
47285
47303
47308
47314
47320
47327
47337
47341
47345
47352
47355
47360
47377
47377
47383
47387
47424
47441
47442
47449
47459
47471
47504
47515
47517
47538
47543
47548
47561
47562
47571
47574
47579
47585
47605
47615
47620
47622
47626
47636
47648
47653
47655
47657
47659
47672
47681
47697
47697
47699
47703
47728
47729
47729
47747
47748
47756
47756
47773
47780
47840
47853
47854
47881
47893
47905
47910
47913
47922
47939
47941
47960
47961
47986
47986
48008
48014
48015
48020
48030
48045
48066
48077
48127
48143
48146
48150
48157
48169
48184
48206
48207
48207
48217
48218
48218
48232
48251
48253
48264
48264
48273
48291
48295
48301
48304
48304
48331
48332
48333
48342
48352
48353
48362
48370
48371
48372
48381
48386
48392
48408
48419
48422
48439
48453
48459
48472
48472
48484
48488
48494
48522
48529
48536
48543
48550
48555
48569
48586
48587
48588
48617
48622
48650
48687
48694
48695
48732
48737
48738
48744
48747
48754
48755
48764
48766
48775
48806
48813
48817
48838
48851
48872
48882
48882
48884
48906
48909
48911
48921
48934
48944
48952
48959
48961
48981
48989
48992
48994
48994
48999
49000
49003
49003
49005
49012
49019
49028
49051
49072
49076
49076
49090
49091
49106
49123
49129
49149
49154
49166
49173
49175
49175
49189
49194
49214
49216
49249
49266
49315
49320
49320
49322
49337
49352
49357
49359
49381
49406
49417
49421
49427
49432
49436
49438
49446
49462
49472
49478
49505
49511
49512
49523
49534
49552
49565
49570
49572
49577
49581
49599
49609
49654
49668
49676
49677
49682
49686
49735
49743
49755
49755
49758
49767
49772
49784
49788
49810
49836
49841
49850
49851
49852
49860
49861
49876
49886
49891
49894
49906
49914
49916
49919
49922
49927
49930
49939
49942
49953
49957
49959
49960
49963
49969
49981
50007
50016
50020
50025
50039
50084
50084
50087
50093
50099
50101
50104
50105
50140
50142
50158
50159
50166
50172
50177
50195
50198
50212
50224
50266
50269
50281
50285
50334
50355
50372
50386
50386
50390
50404
50405
50407
50408
50428
50443
50483
50484
50496
50497
50502
50516
50521
50522
50525
50537
50538
50540
50543
50561
50562
50567
50570
50584
50588
50619
50630
50640
50657
50673
50679
50693
50695
50701
50703
50715
50723
50743
50756
50758
50761
50793
50811
50831
50835
50837
50840
50841
50845
50857
50862
50872
50877
50883
50884
50887
50892
50893
50907
50923
50942
50950
50963
50963
50967
51018
51019
51057
51071
51072
51100
51120
51156
51160
51161
51192
51211
51222
51237
51242
51244
51250
51295
51301
51343
51347
51350
51362
51374
51379
51390
51393
51397
51401
51411
51413
51420
51424
51427
51447
51452
51479
51515
51520
51541
51563
51604
51607
51608
51616
51617
51618
51620
51635
51659
51669
51671
51675
51675
51676
51689
51694
51696
51702
51704
51705
51740
51766
51790
51818
51825
51828
51843
51854
51863
51863
51872
51880
51892
51892
51893
51916
51918
51923
51929
51929
51942
51947
51947
51947
51952
51957
51969
51973
51983
51986
52015
52016
52029
52029
52037
52039
52043
52049
52052
52059
52066
52073
52078
52081
52086
52090
52096
52100
52103
52113
52130
52136
52143
52151
52155
52176
52176
52180
52188
52188
52190
52214
52229
52236
52237
52237
52245
52249
52269
52292
52303
52304
52311
52320
52334
52335
52342
52352
52362
52369
52390
52398
52417
52452
52455
52465
52471
52475
52475
52480
52489
52492
52508
52514
52517
52517
52520
52528
52529
52534
52558
52577
52587
52596
52597
52606
52608
52615
52615
52617
52625
52628
52629
52629
52633
52647
52665
52666
52674
52694
52707
52714
52714
52725
52726
52728
52736
52737
52740
52740
52751
52752
52756
52757
52788
52795
52796
52810
52810
52812
52816
52848
52889
52895
52899
52900
52903
52907
52910
52912
52913
52934
52945
52959
52980
52982
52990
52996
52997
52998
53022
53036
53050
53060
53079
53095
53114
53117
53160
53166
53168
53168
53184
53196
53204
53210
53223
53226
53263
53285
53298
53321
53321
53329
53342
53350
53359
53363
53369
53372
53374
53399
53399
53413
53415
53425
53425
53427
53436
53445
53449
53465
53467
53479
53485
53490
53512
53518
53543
53549
53552
53572
53580
53593
53595
53600
53641
53653
53661
53663
53715
53715
53729
53730
53742
53749
53761
53765
53767
53783
53793
53797
53804
53823
53836
53850
53853
53874
53885
53902
53903
53910
53928
53937
53952
53953
53966
53971
53975
53981
53983
53983
54021
54025
54029
54035
54045
54060
54068
54082
54083
54102
54117
54124
54130
54133
54142
54151
54153
54161
54161
54166
54175
54181
54203
54211
54215
54244
54260
54279
54293
54305
54321
54327
54331
54341
54345
54367
54367
54388
54399
54405
54411
54424
54429
54439
54446
54459
54462
54464
54466
54474
54483
54487
54493
54499
54501
54507
54526
54549
54576
54585
54614
54616
54625
54627
54637
54643
54652
54681
54688
54694
54696
54699
54712
54737
54754
54778
54780
54788
54799
54801
54813
54814
54826
54828
54847
54856
54856
54864
54871
54872
54888
54889
54920
54933
54943
54959
54959
54971
55006
55058
55067
55079
55103
55105
55122
55123
55139
55143
55155
55176
55189
55198
55234
55234
55241
55248
55259
55267
55270
55282
55291
55295
55307
55313
55317
55345
55356
55362
55364
55413
55429
55433
55459
55463
55463
55479
55480
55491
55497
55509
55516
55521
55524
55530
55535
55537
55555
55574
55574
55585
55593
55604
55615
55637
55657
55667
55675
55706
55712
55729
55741
55756
55765
55768
55769
55822
55824
55827
55837
55867
55869
55903
55908
55917
55922
55922
55926
55936
55939
55945
55956
55986
55987
55994
55995
55995
55997
55998
55998
56008
56009
56010
56016
56021
56027
56037
56049
56058
56074
56087
56089
56089
56111
56121
56123
56127
56144
56154
56189
56208
56219
56236
56252
56264
56277
56291
56313
56315
56317
56322
56326
56345
56346
56409
56424
56431
56446
56451
56454
56466
56466
56467
56481
56497
56531
56533
56542
56543
56565
56571
56575
56575
56626
56637
56640
56640
56649
56662
56665
56680
56692
56697
56704
56707
56715
56718
56718
56736
56737
56738
56739
56739
56740
56743
56756
56762
56762
56765
56777
56778
56785
56799
56801
56831
56834
56852
56861
56875
56879
56885
56900
56905
56910
56930
56930
56932
56954
56957
56966
56969
56983
56985
56989
56999
57028
57030
57040
57044
57045
57069
57078
57083
57084
57110
57124
57139
57154
57157
57181
57183
57187
57189
57205
57208
57226
57232
57243
57246
57255
57272
57279
57294
57311
57316
57322
57344
57345
57346
57348
57349
57353
57371
57404
57415
57415
57418
57422
57443
57445
57450
57460
57461
57480
57490
57532
57541
57550
57556
57556
57567
57568
57574
57577
57578
57596
57602
57607
57612
57626
57631
57664
57694
57697
57739
57758
57764
57774
57783
57796
57802
57816
57824
57829
57838
57852
57854
57867
57874
57877
57878
57879
57884
57885
57892
57893
57900
57912
57931
57982
57985
57988
58004
58012
58022
58041
58080
58080
58095
58099
58117
58129
58143
58146
58150
58180
58182
58221
58231
58232
58235
58245
58255
58269
58277
58280
58286
58304
58305
58317
58398
58401
58409
58420
58449
58451
58456
58461
58470
58483
58490
58499
58518
58539
58551
58559
58571
58577
58612
58612
58621
58637
58638
58643
58686
58695
58708
58711
58713
58717
58772
58781
58783
58784
58791
58807
58816
58817
58828
58831
58834
58849
58850
58862
58862
58871
58876
58877
58896
58905
58921
58953
58958
58960
58980
58981
58987
58989
59004
59007
59015
59026
59027
59034
59034
59071
59076
59078
59081
59081
59087
59098
59101
59137
59199
59203
59219
59223
59225
59231
59260
59263
59263
59274
59274
59282
59289
59291
59329
59332
59336
59343
59360
59369
59370
59377
59379
59382
59387
59390
59395
59398
59415
59432
59435
59452
59453
59457
59464
59469
59470
59470
59471
59489
59495
59515
59537
59538
59545
59550
59560
59583
59587
59595
59601
59612
59632
59651
59657
59663
59683
59715
59717
59733
59734
59757
59763
59766
59778
59797
59805
59805
59806
59810
59850
59852
59873
59874
59880
59898
59899
59904
59905
59909
59914
59916
59925
59936
59945
59961
59969
59982
59995
60002
60009
60027
60029
60036
60044
60045
60048
60049
60049
60070
60075
60077
60080
60091
60095
60096
60103
60104
60111
60123
60124
60153
60177
60186
60193
60203
60222
60224
60227
60246
60275
60290
60292
60294
60307
60314
60315
60315
60340
60345
60349
60355
60369
60374
60376
60395
60396
60402
60413
60417
60419
60434
60441
60442
60489
60492
60503
60520
60532
60535
60535
60563
60569
60573
60583
60587
60604
60607
60612
60622
60622
60625
60651
60657
60664
60692
60695
60698
60713
60717
60726
60735
60735
60757
60773
60786
60795
60826
60835
60838
60854
60893
60922
60933
60936
60965
60974
60991
61002
61010
61016
61020
61083
61089
61090
61096
61135
61159
61174
61182
61185
61197
61206
61218
61231
61254
61266
61277
61297
61307
61307
61318
61331
61331
61333
61333
61342
61346
61366
61370
61379
61387
61395
61411
61412
61418
61435
61440
61448
61467
61494
61516
61530
61534
61540
61543
61548
61568
61581
61594
61597
61598
61610
61612
61619
61641
61665
61671
61685
61696
61700
61704
61711
61712
61712
61716
61718
61731
61756
61760
61763
61785
61796
61805
61810
61831
61833
61838
61841
61845
61860
61876
61886
61889
61906
61907
61917
61918
61919
61929
61929
61932
61942
61943
61945
61948
61951
61952
61956
61963
61967
61970
61974
61976
61997
62034
62071
62082
62084
62093
62097
62101
62138
62153
62155
62164
62176
62187
62188
62218
62219
62219
62271
62276
62309
62329
62333
62343
62351
62357
62359
62362
62378
62381
62387
62402
62406
62434
62436
62460
62462
62462
62491
62494
62495
62511
62518
62523
62525
62531
62532
62543
62548
62551
62551
62553
62555
62561
62564
62572
62576
62578
62598
62616
62642
62670
62676
62680
62688
62688
62692
62702
62703
62710
62751
62776
62784
62790
62794
62833
62843
62849
62853
62854
62857
62885
62889
62897
62910
62926
62932
62933
62935
62943
62947
62947
62972
62972
62983
62984
62990
62991
63004
63005
63030
63034
63038
63039
63041
63044
63045
63048
63066
63069
63072
63078
63096
63110
63116
63118
63123
63126
63149
63150
63163
63167
63174
63178
63180
63190
63211
63222
63226
63236
63240
63252
63267
63268
63294
63308
63310
63315
63318
63323
63346
63350
63361
63363
63370
63398
63403
63414
63417
63424
63436
63463
63470
63473
63480
63505
63510
63518
63548
63556
63579
63581
63615
63624
63625
63628
63633
63636
63640
63660
63660
63660
63663
63664
63670
63673
63687
63729
63742
63760
63773
63773
63778
63822
63825
63843
63845
63846
63859
63865
63872
63875
63900
63906
63925
63936
63988
63998
64002
64011
64031
64054
64059
64106
64117
64120
64131
64137
64144
64150
64154
64173
64190
64191
64192
64195
64207
64215
64224
64227
64229
64232
64232
64274
64277
64282
64302
64303
64306
64311
64320
64323
64327
64344
64347
64373
64385
64389
64406
64413
64415
64416
64433
64455
64474
64474
64478
64492
64493
64521
64530
64533
64535
64547
64548
64558
64559
64561
64568
64593
64593
64607
64621
64628
64653
64656
64662
64678
64681
64686
64687
64693
64702
64707
64709
64752
64765
64769
64771
64788
64792
64825
64827
64836
64849
64866
64868
64872
64913
64920
64939
64957
64964
64972
65004
65023
65033
65041
65053
65060
65061
65067
65068
65082
65098
65098
65105
65132
65150
65163
65169
65196
65206
65206
65211
65222
65227
65230
65243
65251
65256
65262
65266
65275
65278
65282
65322
65329
65347
65354
65375
65392
65400
65431
65443
65445
65452
65467
65470
65485
65488
65546
65547
65561
65577
65589
65590
65598
65615
65661
65662
65665
65675
65680
65719
65722
65722
65726
65733
65763
65784
65809
65815
65819
65832
65846
65849
65858
65890
65897
65907
65942
65950
65960
65961
65982
65983
66004
66022
66042
66055
66066
66066
66070
66077
66085
66087
66091
66102
66107
66114
66120
66123
66135
66136
66146
66182
66188
66192
66215
66219
66221
66230
66243
66293
66317
66353
66388
66414
66486
66487
66492
66494
66497
66498
66513
66514
66531
66581
66591
66591
66592
66625
66644
66659
66666
66676
66683
66701
66707
66733
66735
66744
66753
66760
66779
66796
66801
66803
66846
66850
66852
66855
66862
66865
66865
66865
66890
66895
66896
66907
66909
66924
66927
66932
66940
66950
66961
66961
66965
66977
66980
66982
66983
66997
67005
67007
67008
67022
67025
67031
67042
67064
67065
67073
67109
67109
67114
67127
67151
67154
67174
67180
67187
67189
67201
67205
67220
67226
67231
67236
67242
67254
67281
67307
67315
67341
67342
67350
67355
67358
67360
67389
67408
67421
67464
67466
67475
67486
67487
67489
67499
67499
67499
67502
67507
67516
67525
67532
67545
67557
67562
67566
67572
67589
67597
67630
67632
67655
67689
67704
67708
67732
67733
67750
67759
67767
67769
67797
67805
67814
67827
67827
67834
67851
67854
67858
67870
67871
67872
67886
67887
67925
67926
67927
67929
67935
67946
67949
67953
67960
67990
67996
67998
67998
68001
68026
68031
68036
68039
68053
68054
68055
68094
68094
68124
68156
68156
68174
68175
68184
68206
68210
68211
68224
68229
68230
68234
68241
68242
68255
68267
68271
68311
68314
68333
68341
68342
68346
68350
68374
68382
68400
68402
68411
68418
68470
68475
68475
68481
68482
68494
68516
68521
68526
68530
68536
68543
68547
68552
68554
68559
68568
68568
68594
68596
68607
68614
68621
68632
68637
68649
68650
68650
68654
68672
68690
68700
68706
68712
68716
68718
68747
68756
68757
68767
68771
68781
68783
68785
68789
68794
68800
68804
68808
68822
68824
68830
68845
68852
68864
68883
68889
68892
68896
68913
68919
68926
68937
68951
68952
68959
68959
68961
69068
69070
69091
69100
69112
69123
69130
69193
69194
69197
69205
69218
69222
69227
69230
69236
69245
69252
69253
69255
69258
69260
69266
69267
69270
69271
69276
69286
69330
69339
69340
69375
69391
69391
69422
69448
69449
69454
69460
69461
69463
69480
69483
69484
69484
69491
69498
69500
69500
69505
69507
69515
69576
69577
69579
69580
69583
69610
69615
69626
69627
69646
69656
69666
69670
69677
69678
69681
69686
69686
69696
69697
69713
69746
69748
69755
69756
69758
69769
69782
69806
69807
69822
69850
69855
69868
69882
69901
69914
69926
69930
69946
69950
69950
69966
69981
69995
70003
70007
70008
70016
70020
70035
70037
70041
70056
70082
70083
70090
70105
70123
70131
70136
70136
70147
70158
70162
70172
70210
70227
70250
70263
70269
70289
70290
70298
70311
70327
70337
70338
70342
70354
70369
70382
70399
70405
70405
70416
70429
70435
70435
70448
70453
70462
70463
70468
70492
70502
70538
70540
70547
70554
70593
70593
70599
70605
70610
70617
70619
70637
70646
70661
70673
70706
70709
70710
70727
70742
70746
70755
70768
70783
70796
70813
70816
70822
70825
70825
70853
70860
70860
70869
70881
70888
70888
70902
70915
70940
70963
70971
70975
70978
71005
71011
71022
71024
71049
71116
71116
71121
71132
71133
71154
71189
71200
71202
71208
71211
71264
71266
71272
71300
71314
71316
71338
71353
71371
71380
71381
71388
71395
71397
71408
71413
71434
71441
71442
71446
71449
71466
71491
71499
71513
71523
71528
71533
71539
71540
71543
71561
71573
71591
71601
71601
71604
71624
71634
71637
71637
71638
71664
71666
71678
71680
71681
71694
71699
71717
71729
71730
71735
71735
71744
71752
71753
71756
71758
71761
71765
71766
71769
71799
71832
71838
71843
71847
71851
71863
71877
71884
71893
71926
71940
71974
71979
71990
71995
72022
72042
72060
72066
72100
72103
72127
72140
72146
72147
72155
72168
72169
72172
72179
72194
72205
72246
72248
72263
72264
72280
72293
72293
72294
72300
72302
72305
72320
72321
72322
72325
72337
72342
72356
72359
72375
72380
72390
72397
72399
72411
72425
72430
72435
72441
72444
72459
72464
72483
72518
72528
72530
72540
72541
72553
72559
72569
72569
72575
72596
72599
72601
72601
72605
72636
72641
72644
72645
72676
72683
72690
72703
72708
72720
72728
72738
72744
72769
72773
72775
72794
72800
72802
72803
72814
72817
72847
72848
72885
72897
72900
72903
72914
72927
72938
72941
72949
72954
72962
72966
72999
73016
73022
73038
73074
73096
73112
73121
73126
73146
73149
73149
73160
73166
73170
73175
73175
73177
73197
73248
73250
73256
73268
73270
73270
73277
73310
73313
73316
73317
73329
73335
73336
73339
73340
73345
73346
73350
73353
73358
73362
73377
73397
73398
73399
73403
73459
73479
73490
73490
73492
73492
73507
73520
73524
73528
73531
73534
73543
73547
73556
73564
73567
73594
73599
73605
73618
73622
73647
73656
73674
73680
73681
73687
73689
73720
73720
73727
73751
73756
73780
73792
73804
73806
73829
73839
73848
73856
73874
73874
73877
73888
73889
73892
73893
73896
73936
73939
73942
73977
73986
73986
73994
73997
74008
74015
74021
74033
74036
74043
74048
74055
74063
74074
74074
74075
74086
74114
74124
74128
74133
74137
74138
74153
74160
74170
74178
74200
74243
74244
74247
74250
74277
74294
74296
74322
74322
74337
74363
74366
74377
74398
74402
74416
74418
74418
74429
74432
74447
74447
74451
74462
74465
74466
74497
74510
74511
74513
74518
74521
74521
74540
74552
74553
74553
74561
74563
74565
74566
74572
74574
74576
74582
74583
74592
74606
74617
74641
74642
74648
74652
74665
74665
74666
74666
74671
74679
74699
74702
74702
74705
74719
74735
74737
74749
74750
74754
74757
74783
74784
74807
74810
74824
74837
74855
74883
74888
74899
74907
74910
74926
74926
74928
74954
74975
74978
74980
74999
75001
75014
75015
75031
75031
75104
75129
75154
75156
75160
75167
75171
75238
75252
75253
75258
75260
75273
75289
75292
75310
75328
75334
75341
75347
75362
75378
75387
75400
75405
75414
75439
75440
75463
75464
75467
75482
75487
75487
75517
75530
75535
75556
75559
75571
75578
75604
75609
75613
75618
75621
75630
75635
75660
75677
75692
75732
75733
75754
75758
75758
75759
75763
75765
75772
75789
75798
75799
75801
75810
75817
75848
75851
75856
75883
75888
75914
75916
75919
75939
75959
75967
75970
75975
75976
75977
75978
75980
76005
76016
76020
76023
76028
76038
76039
76084
76087
76130
76131
76137
76138
76144
76166
76185
76197
76219
76233
76254
76258
76258
76268
76268
76301
76306
76315
76319
76325
76330
76333
76334
76338
76352
76357
76363
76368
76410
76416
76427
76428
76428
76438
76443
76473
76476
76483
76507
76523
76524
76537
76539
76553
76556
76564
76566
76587
76590
76618
76620
76627
76632
76633
76636
76653
76655
76665
76676
76678
76708
76721
76726
76739
76741
76744
76748
76764
76791
76793
76800
76831
76858
76861
76862
76867
76869
76871
76874
76890
76890
76901
76907
76908
76915
76921
76923
76942
76971
76983
76990
76994
77015
77018
77020
77022
77026
77032
77050
77081
77086
77113
77126
77126
77144
77160
77161
77178
77188
77214
77217
77220
77223
77256
77256
77258
77266
77268
77273
77275
77277
77297
77319
77324
77341
77365
77366
77370
77372
77377
77383
77390
77402
77403
77443
77446
77485
77494
77498
77498
77513
77520
77529
77576
77592
77599
77610
77610
77628
77629
77639
77649
77655
77661
77674
77680
77686
77696
77704
77719
77721
77724
77737
77747
77749
77760
77769
77796
77797
77802
77808
77810
77817
77818
77831
77875
77882
77888
77913
77919
77925
77930
77937
77954
77964
77976
77985
78000
78005
78008
78024
78038
78047
78049
78060
78062
78070
78082
78096
78113
78123
78124
78133
78134
78135
78137
78145
78169
78196
78242
78264
78274
78279
78281
78285
78315
78329
78350
78356
78360
78380
78382
78383
78384
78413
78415
78432
78479
78484
78490
78491
78509
78512
78515
78520
78534
78551
78575
78581
78586
78609
78609
78632
78635
78673
78681
78681
78682
78732
78741
78750
78759
78767
78774
78775
78783
78786
78793
78797
78809
78810
78833
78835
78846
78849
78877
78900
78905
78908
78914
78916
78924
78925
78951
78954
78959
78963
78972
78972
78973
78976
78978
78987
79001
79008
79011
79015
79025
79035
79047
79066
79080
79084
79098
79104
79113
79123
79153
79159
79180
79183
79197
79211
79214
79251
79259
79273
79285
79286
79291
79295
79296
79304
79306
79312
79321
79327
79347
79361
79380
79384
79387
79387
79388
79395
79416
79429
79452
79453
79458
79460
79463
79471
79477
79479
79514
79519
79527
79528
79531
79548
79552
79558
79560
79591
79609
79615
79619
79639
79640
79646
79650
79672
79675
79682
79689
79698
79704
79725
79728
79728
79753
79759
79760
79762
79768
79776
79785
79787
79787
79797
79808
79820
79836
79843
79863
79875
79877
79889
79906
79907
79909
79921
79946
79960
79970
79972
79974
80003
80027
80042
80055
80065
80067
80069
80107
80114
80114
80120
80127
80182
80184
80188
80197
80201
80223
80232
80235
80260
80261
80263
80264
80266
80280
80315
80325
80326
80333
80335
80338
80340
80342
80347
80348
80350
80354
80366
80371
80414
80421
80423
80431
80434
80436
80440
80453
80470
80472
80478
80491
80502
80527
80535
80544
80558
80563
80570
80581
80593
80602
80604
80608
80611
80636
80646
80651
80654
80665
80669
80671
80674
80689
80690
80697
80709
80713
80747
80780
80780
80782
80788
80797
80802
80811
80830
80842
80849
80854
80870
80875
80883
80887
80897
80906
80910
80920
80948
80957
80973
80977
81000
81008
81019
81051
81064
81064
81072
81081
81088
81113
81136
81145
81170
81172
81185
81191
81201
81207
81213
81230
81246
81260
81270
81273
81305
81307
81309
81316
81357
81364
81376
81384
81396
81405
81415
81437
81452
81457
81458
81459
81459
81466
81471
81476
81490
81502
81533
81577
81583
81586
81591
81616
81624
81633
81639
81649
81654
81657
81695
81702
81702
81709
81730
81742
81744
81762
81770
81775
81780
81785
81801
81802
81804
81808
81827
81843
81845
81872
81879
81900
81900
81902
81909
81916
81929
81972
81985
81996
82001
82014
82021
82023
82027
82055
82066
82084
82101
82107
82128
82132
82134
82150
82163
82165
82195
82230
82250
82251
82252
82255
82259
82269
82276
82292
82299
82299
82325
82344
82348
82376
82384
82389
82400
82411
82412
82413
82414
82418
82421
82432
82437
82446
82448
82458
82459
82505
82506
82544
82546
82555
82574
82593
82596
82608
82608
82612
82615
82641
82657
82657
82659
82682
82692
82695
82698
82710
82711
82712
82723
82725
82725
82742
82760
82764
82766
82769
82804
82810
82810
82826
82830
82832
82837
82838
82840
82867
82899
82912
82951
82951
82963
82970
82973
82978
82980
82987
82987
82996
83003
83021
83029
83039
83056
83062
83074
83080
83100
83102
83104
83117
83119
83124
83126
83126
83128
83130
83162
83162
83167
83188
83189
83199
83201
83221
83231
83232
83245
83256
83276
83279
83287
83305
83308
83325
83327
83343
83352
83359
83361
83370
83375
83379
83386
83391
83393
83397
83399
83409
83420
83423
83439
83444
83452
83466
83474
83494
83507
83509
83510
83512
83517
83552
83560
83571
83581
83584
83588
83589
83602
83605
83606
83607
83610
83615
83647
83661
83673
83681
83727
83734
83736
83778
83786
83792
83806
83806
83826
83832
83833
83850
83860
83860
83901
83905
83915
83925
83933
83937
83937
83941
83948
83953
83960
83965
83965
83973
83975
83988
83996
84001
84010
84011
84016
84021
84054
84055
84056
84069
84072
84083
84092
84098
84100
84129
84131
84131
84135
84146
84158
84161
84190
84214
84218
84223
84232
84239
84244
84251
84256
84258
84266
84275
84280
84288
84302
84303
84305
84306
84316
84317
84322
84334
84342
84343
84346
84349
84390
84401
84404
84408
84412
84416
84421
84423
84440
84449
84457
84472
84485
84497
84508
84510
84518
84522
84530
84534
84534
84539
84541
84546
84550
84552
84560
84560
84568
84594
84605
84607
84611
84645
84655
84706
84726
84731
84732
84742
84743
84747
84768
84770
84787
84809
84812
84832
84835
84839
84844
84846
84849
84861
84861
84869
84883
84909
84913
84915
84939
84939
84943
84957
84960
84963
84990
84997
85040
85041
85045
85045
85072
85073
85077
85083
85100
85114
85140
85154
85158
85176
85188
85201
85207
85225
85254
85271
85287
85295
85319
85330
85344
85353
85358
85362
85362
85374
85380
85381
85383
85390
85395
85396
85398
85421
85427
85435
85441
85464
85488
85490
85505
85513
85535
85539
85545
85553
85560
85561
85574
85577
85595
85601
85611
85621
85622
85630
85645
85658
85662
85684
85692
85705
85736
85753
85779
85803
85845
85864
85864
85882
85886
85900
85919
85930
85934
85938
85954
85956
85963
85972
85975
85981
85986
86015
86031
86042
86052
86058
86063
86069
86084
86098
86124
86137
86139
86151
86202
86204
86208
86213
86214
86218
86242
86259
86271
86276
86287
86309
86321
86325
86337
86345
86354
86373
86374
86398
86403
86405
86408
86410
86415
86419
86424
86425
86435
86450
86454
86462
86468
86474
86478
86486
86486
86486
86536
86538
86539
86548
86550
86556
86563
86563
86569
86571
86593
86602
86608
86612
86618
86631
86633
86644
86647
86657
86666
86667
86668
86669
86669
86673
86678
86681
86691
86700
86717
86746
86749
86766
86780
86791
86797
86818
86838
86848
86855
86858
86886
86910
86915
86916
86929
86938
86949
86952
86953
86963
86965
86966
86979
86989
87003
87010
87014
87015
87034
87037
87078
87082
87094
87098
87101
87106
87108
87119
87121
87149
87156
87157
87163
87167
87168
87191
87194
87200
87213
87215
87224
87231
87238
87250
87276
87289
87296
87298
87299
87305
87308
87311
87322
87337
87341
87359
87363
87368
87377
87404
87412
87431
87463
87480
87505
87506
87507
87515
87516
87545
87555
87555
87557
87564
87577
87586
87595
87635
87635
87637
87669
87687
87691
87714
87714
87719
87741
87741
87779
87802
87808
87815
87849
87865
87875
87878
87892
87893
87905
87911
87915
87920
87924
87936
87938
87952
87952
87964
87987
87988
88007
88016
88025
88042
88055
88067
88084
88092
88110
88131
88138
88140
88146
88150
88166
88176
88177
88196
88197
88210
88212
88216
88223
88226
88242
88258
88310
88322
88335
88337
88338
88350
88351
88375
88378
88384
88418
88420
88420
88429
88446
88447
88456
88461
88470
88478
88488
88495
88546
88556
88557
88569
88611
88618
88626
88630
88633
88675
88683
88684
88701
88708
88719
88724
88749
88759
88803
88822
88834
88834
88834
88845
88853
88854
88864
88865
88865
88867
88881
88887
88892
88894
88901
88902
88905
88909
88914
88937
88967
88988
88991
88994
89006
89025
89030
89034
89038
89042
89047
89056
89060
89065
89071
89101
89107
89107
89118
89121
89123
89124
89128
89150
89158
89159
89162
89171
89173
89179
89185
89191
89197
89199
89210
89228
89245
89261
89292
89295
89300
89318
89330
89330
89357
89361
89385
89388
89400
89410
89412
89423
89423
89445
89498
89506
89515
89520
89526
89536
89543
89547
89567
89571
89589
89592
89610
89611
89618
89621
89627
89633
89658
89659
89673
89689
89694
89708
89726
89746
89748
89748
89778
89795
89799
89802
89808
89809
89826
89844
89847
89852
89860
89884
89895
89903
89904
89910
89922
89927
89934
89981
89986
89987
89988
90001
90002
90012
90013
90014
90023
90023
90031
90044
90101
90104
90108
90113
90117
90124
90179
90184
90204
90215
90217
90224
90224
90226
90238
90254
90261
90265
90273
90277
90294
90296
90297
90297
90308
90323
90328
90335
90337
90355
90363
90366
90373
90377
90379
90385
90396
90404
90405
90406
90420
90422
90430
90435
90440
90449
90449
90450
90456
90460
90465
90491
90523
90544
90547
90548
90550
90557
90563
90575
90575
90580
90583
90589
90616
90620
90626
90628
90632
90633
90642
90642
90645
90657
90658
90664
90665
90666
90675
90676
90686
90690
90693
90695
90699
90707
90710
90742
90746
90775
90776
90778
90786
90792
90793
90812
90814
90814
90815
90819
90820
90829
90850
90862
90876
90902
90903
90939
90966
90978
90987
91022
91023
91023
91025
91028
91031
91041
91063
91066
91091
91097
91104
91110
91110
91131
91142
91150
91168
91171
91178
91180
91187
91193
91204
91214
91226
91228
91241
91241
91250
91263
91285
91296
91329
91333
91343
91345
91362
91363
91364
91367
91368
91391
91393
91404
91427
91449
91458
91469
91494
91494
91514
91515
91525
91534
91553
91561
91566
91571
91585
91587
91600
91606
91610
91611
91633
91645
91651
91664
91678
91681
91688
91690
91692
91695
91696
91697
91704
91732
91751
91753
91754
91763
91793
91796
91811
91838
91876
91879
91891
91891
91895
91901
91909
91921
91922
91922
91937
91939
91968
91970
91978
91990
91999
92004
92043
92046
92061
92064
92070
92084
92085
92088
92092
92123
92146
92148
92182
92191
92197
92200
92206
92244
92247
92250
92261
92274
92295
92306
92352
92372
92376
92379
92390
92391
92393
92404
92404
92411
92428
92500
92510
92518
92533
92536
92538
92551
92557
92562
92566
92573
92581
92590
92599
92613
92615
92623
92633
92646
92653
92661
92681
92686
92702
92708
92708
92722
92723
92727
92741
92753
92753
92754
92755
92759
92766
92768
92774
92778
92787
92789
92794
92796
92797
92801
92809
92812
92824
92832
92846
92853
92862
92871
92885
92889
92906
92922
92928
92940
92944
92947
92951
92954
92955
92964
92968
92969
92971
92971
92983
92987
92999
93000
93006
93014
93015
93070
93078
93079
93085
93095
93106
93123
93139
93143
93145
93147
93157
93162
93169
93187
93196
93197
93204
93205
93221
93236
93241
93250
93263
93276
93278
93279
93293
93295
93302
93329
93342
93355
93362
93364
93364
93365
93369
93390
93393
93398
93401
93402
93411
93413
93415
93428
93430
93441
93447
93447
93454
93465
93479
93488
93492
93499
93509
93519
93535
93538
93572
93607
93612
93622
93673
93683
93685
93686
93693
93699
93748
93773
93815
93816
93834
93835
93856
93858
93858
93865
93871
93879
93881
93908
93914
93914
93928
93930
93945
93945
93968
94004
94013
94019
94025
94045
94048
94055
94055
94062
94071
94074
94092
94101
94101
94106
94112
94115
94138
94192
94194
94205
94207
94213
94221
94233
94235
94235
94254
94259
94260
94262
94265
94276
94282
94294
94321
94324
94332
94345
94368
94391
94399
94411
94411
94422
94430
94457
94466
94467
94468
94476
94480
94482
94484
94487
94489
94491
94493
94506
94511
94515
94525
94529
94534
94544
94551
94554
94572
94575
94592
94602
94626
94634
94637
94638
94659
94661
94681
94682
94694
94701
94709
94736
94750
94764
94774
94792
94805
94821
94824
94871
94879
94879
94881
94882
94884
94887
94890
94894
94895
94896
94900
94930
94935
94938
94954
94977
94985
94997
95007
95029
95065
95103
95124
95127
95127
95134
95148
95149
95184
95192
95200
95204
95210
95230
95245
95263
95280
95306
95309
95317
95369
95388
95389
95392
95418
95428
95446
95451
95453
95457
95467
95474
95475
95480
95490
95506
95515
95519
95532
95544
95549
95557
95562
95572
95582
95597
95601
95607
95627
95631
95655
95666
95669
95673
95693
95695
95710
95712
95716
95717
95722
95726
95746
95753
95761
95767
95776
95788
95800
95805
95827
95851
95862
95868
95870
95879
95881
95888
95891
95895
95901
95920
95923
95923
95925
95929
95935
95948
95956
95981
95984
95997
96002
96024
96041
96044
96049
96061
96070
96095
96100
96108
96120
96132
96139
96147
96175
96181
96197
96200
96202
96202
96210
96221
96223
96234
96237
96247
96256
96260
96260
96280
96281
96288
96294
96309
96311
96320
96322
96326
96331
96355
96358
96359
96362
96365
96367
96392
96406
96425
96426
96454
96475
96491
96507
96514
96516
96516
96561
96569
96581
96584
96625
96658
96662
96664
96670
96681
96685
96690
96724
96732
96740
96743
96752
96753
96765
96785
96795
96804
96847
96856
96860
96864
96865
96867
96876
96879
96883
96892
96896
96929
96932
96937
96976
96996
97000
97017
97021
97053
97061
97063
97070
97086
97103
97108
97135
97137
97150
97151
97180
97181
97197
97220
97227
97231
97233
97237
97258
97261
97262
97264
97287
97311
97324
97326
97339
97348
97362
97370
97386
97397
97400
97424
97439
97443
97449
97458
97463
97487
97494
97510
97526
97546
97546
97576
97588
97598
97606
97705
97707
97736
97750
97767
97768
97770
97774
97785
97788
97800
97801
97804
97807
97808
97809
97814
97824
97828
97834
97864
97873
97884
97892
97895
97907
97948
97960
97986
97991
97998
98012
98032
98034
98057
98077
98090
98096
98102
98108
98134
98145
98145
98154
98169
98171
98175
98184
98187
98198
98218
98221
98224
98225
98227
98229
98231
98235
98238
98241
98244
98247
98248
98256
98256
98259
98260
98285
98297
98337
98346
98353
98366
98387
98396
98417
98418
98425
98431
98433
98435
98450
98457
98465
98472
98492
98533
98553
98557
98568
98591
98599
98608
98608
98609
98620
98630
98655
98662
98662
98673
98682
98694
98702
98714
98734
98756
98759
98767
98785
98791
98825
98834
98846
98847
98852
98853
98861
98862
98871
98881
98893
98896
98902
98915
98922
98959
98961
98975
98985
98992
99014
99015
99016
99018
99031
99036
99037
99044
99055
99055
99070
99077
99101
99106
99108
99118
99148
99157
99164
99185
99196
99197
99220
99230
99241
99261
99271
99288
99295
99296
99301
99306
99317
99327
99365
99370
99389
99395
99396
99400
99406
99407
99419
99423
99426
99430
99432
99442
99471
99482
99489
99493
99500
99510
99521
99526
99526
99532
99539
99542
99550
99556
99558
99571
99581
99589
99602
99605
99627
99644
99644
99645
99659
99667
99671
99674
99676
99698
99719
99728
99734
99740
99771
99780
99789
99797
99800
99805
99814
99841
99846
99846
99870
99870
99892
99910
99910
99926
99932
99933
99937
99939
99944
99963
99964
99971
99977
99988
