20
26
27
40
47
49
65
71
125
128
137
146
170
182
185
187
231
242
244
252
273
280
284
295
296
320
322
331
332
337
352
357
359
367
371
382
384
402
404
428
436
444
450
453
456
461
462
472
479
490
493
499
504
507
518
547
558
579
582
589
607
621
625
626
642
644
654
662
668
686
701
704
704
707
714
719
724
740
758
761
781
803
804
805
805
812
813
827
839
840
849
860
887
889
894
905
919
927
933
936
953
958
989
990
992
995
1012
1013
1040
1053
1066
1067
1081
1084
1085
1093
1098
1108
1115
1163
1173
1190
1196
1196
1201
1219
1227
1229
1234
1239
1267
1269
1270
1271
1275
1288
1290
1294
1305
1305
1308
1314
1332
1335
1341
1346
1349
1356
1359
1370
1381
1424
1444
1448
1451
1495
1496
1500
1505
1505
1519
1520
1521
1524
1526
1530
1532
1547
1548
1563
1569
1589
1593
1600
1621
1632
1646
1662
1673
1673
1687
1688
1691
1706
1707
1730
1740
1742
1750
1768
1775
1788
1804
1816
1842
1846
1860
1861
1863
1880
1913
1928
1935
1936
1952
1955
1962
1976
1995
1999
2005
2018
2020
2029
2030
2033
2048
2065
2068
2078
2092
2108
2114
2121
2132
2148
2172
2181
2210
2258
2259
2260
2263
2284
2288
2292
2297
2302
2309
2344
2377
2380
2389
2404
2411
2413
2418
2419
2440
2441
2443
2448
2479
2481
2482
2490
2500
2513
2533
2540
2546
2552
2556
2558
2572
2580
2582
2585
2591
2599
2609
2616
2617
2624
2628
2644
2646
2647
2652
2654
2656
2682
2687
2690
2708
2717
2722
2725
2732
2736
2739
2740
2754
2758
2771
2778
2780
2807
2810
2816
2822
2823
2838
2844
2851
2858
2873
2877
2887
2905
2915
2922
2934
2947
2951
2961
2980
2985
3005
3018
3019
3034
3034
3041
3072
3092
3104
3105
3114
3114
3149
3162
3171
3177
3212
3218
3227
3230
3270
3271
3271
3292
3305
3310
3348
3365
3367
3401
3409
3414
3418
3426
3441
3443
3450
3459
3470
3475
3478
3480
3485
3503
3508
3514
3515
3522
3526
3528
3544
3550
3553
3585
3586
3589
3594
3632
3644
3645
3670
3692
3708
3735
3737
3738
3742
3746
3771
3776
3778
3797
3799
3801
3812
3818
3819
3820
3821
3824
3843
3848
3850
3860
3883
3883
3893
3900
3907
3907
3917
3925
3930
3941
3957
3958
3963
3980
3986
3999
4000
4013
4014
4038
4044
4048
4074
4085
4086
4102
4104
4111
4119
4143
4159
4160
4167
4185
4186
4196
4201
4210
4213
4216
4220
4221
4225
4231
4234
4247
4249
4263
4263
4266
4272
4285
4288
4293
4317
4337
4337
4364
4364
4373
4384
4388
4390
4410
4423
4425
4426
4445
4473
4485
4497
4504
4505
4505
4515
4524
4533
4541
4570
4572
4582
4586
4592
4595
4596
4600
4603
4605
4616
4616
4617
4637
4643
4654
4663
4680
4682
4704
4708
4710
4710
4716
4719
4725
4730
4736
4745
4761
4768
4778
4780
4789
4790
4808
4819
4820
4830
4831
4836
4837
4856
4860
4881
4897
4910
4916
4926
4935
4950
4971
4984
5017
5023
5037
5055
5056
5071
5074
5097
5098
5099
5105
5115
5126
5139
5151
5157
5183
5185
5195
5196
5226
5234
5234
5240
5273
5274
5278
5295
5303
5308
5309
5309
5321
5333
5333
5347
5372
5375
5390
5412
5415
5432
5434
5436
5440
5443
5444
5454
5470
5475
5477
5477
5488
5491
5495
5501
5547
5560
5570
5577
5578
5602
5611
5612
5625
5630
5632
5632
5633
5637
5643
5646
5649
5659
5664
5675
5680
5752
5762
5766
5768
5777
5778
5788
5814
5816
5819
5823
5827
5828
5843
5859
5861
5862
5867
5874
5880
5892
5900
5906
5914
5917
5932
5933
5936
5941
5945
5948
5964
5973
5985
6008
6024
6027
6033
6035
6044
6047
6047
6057
6058
6109
6115
6119
6133
6136
6141
6143
6144
6147
6167
6173
6178
6179
6182
6186
6201
6218
6226
6227
6236
6239
6251
6265
6274
6275
6277
6279
6282
6303
6309
6314
6315
6324
6329
6331
6332
6374
6381
6391
6396
6414
6420
6421
6426
6427
6449
6465
6466
6479
6486
6492
6496
6500
6508
6510
6530
6532
6538
6544
6550
6554
6560
6573
6575
6590
6606
6606
6625
6639
6646
6655
6675
6682
6694
6696
6715
6719
6719
6727
6728
6729
6730
6734
6753
6788
6810
6814
6827
6831
6834
6834
6834
6843
6845
6859
6862
6867
6873
6889
6890
6899
6904
6906
6924
6928
6944
6968
6984
6988
6997
7019
7021
7045
7047
7070
7072
7075
7086
7089
7092
7099
7102
7106
7127
7135
7143
7145
7153
7189
7200
7201
7206
7219
7241
7252
7264
7274
7277
7286
7312
7322
7325
7327
7338
7345
7348
7367
7385
7392
7404
7413
7422
7425
7437
7446
7446
7447
7453
7462
7473
7492
7493
7495
7502
7506
7524
7527
7571
7575
7577
7583
7588
7589
7594
7612
7616
7632
7663
7683
7684
7690
7691
7695
7712
7727
7737
7749
7768
7785
7794
7796
7799
7805
7809
7816
7837
7858
7869
7892
7910
7916
7919
7945
7945
7961
7972
7984
7985
7991
7994
7995
8008
8031
8039
8107
8115
8120
8124
8152
8154
8164
8168
8184
8201
8210
8224
8231
8237
8244
8249
8256
8260
8266
8274
8280
8281
8295
8302
8309
8318
8318
8325
8367
8379
8385
8395
8395
8421
8438
8456
8483
8489
8494
8521
8545
8556
8565
8566
8576
8578
8594
8596
8628
8643
8648
8657
8658
8667
8703
8710
8710
8723
8742
8759
8772
8777
8779
8801
8803
8827
8832
8859
8864
8875
8884
8891
8900
8907
8911
8920
8922
8936
8942
8957
8958
8978
8995
8995
8996
9019
9028
9030
9045
9061
9066
9125
9141
9158
9173
9182
9183
9199
9213
9215
9231
9231
9235
9251
9254
9273
9274
9284
9288
9293
9294
9294
9317
9324
9343
9343
9346
9368
9372
9380
9381
9381
9395
9414
9428
9438
9449
9463
9466
9491
9495
9503
9522
9537
9549
9552
9557
9560
9583
9585
9589
9591
9593
9600
9605
9617
9632
9640
9643
9647
9651
9674
9680
9685
9701
9710
9737
9761
9763
9787
9798
9806
9823
9839
9851
9906
9915
9924
9925
9950
9951
9957
9970
9980
9988
9989
10006
10008
10011
10017
10043
10045
10064
10093
10094
10101
10104
10105
10120
10123
10126
10127
10135
10136
10158
10161
10165
10182
10185
10190
10196
10205
10216
10220
10234
10236
10240
10266
10275
10275
10289
10292
10323
10337
10343
10345
10362
10368
10377
10388
10418
10428
10438
10445
10456
10464
10470
10472
10495
10495
10512
10519
10531
10539
10544
10557
10579
10582
10590
10592
10594
10607
10609
10624
10630
10632
10637
10644
10649
10683
10692
10697
10715
10718
10734
10766
10769
10783
10785
10787
10789
10804
10815
10861
10870
10872
10883
10889
10910
10912
10915
10929
10932
10936
10946
10951
10952
10983
10991
10991
11001
11030
11049
11049
11050
11059
11059
11074
11088
11093
11098
11107
11110
11114
11142
11155
11158
11161
11162
11163
11178
11182
11191
11200
11201
11204
11205
11226
11249
11249
11254
11268
11282
11306
11314
11316
11364
11369
11370
11377
11380
11393
11395
11431
11441
11452
11454
11468
11475
11496
11505
11508
11513
11529
11536
11545
11552
11553
11564
11571
11573
11581
11600
11600
11615
11615
11616
11616
11621
11629
11633
11642
11655
11673
11679
11699
11701
11718
11721
11730
11740
11754
11773
11802
11824
11825
11827
11840
11847
11850
11851
11870
11874
11885
11887
11890
11899
11905
11907
11921
11922
11959
11986
11993
12000
12006
12027
12052
12058
12058
12063
12071
12073
12087
12108
12120
12131
12132
12139
12170
12170
12173
12177
12196
12201
12206
12210
12218
12230
12240
12263
12278
12285
12291
12319
12325
12344
12352
12353
12354
12385
12393
12398
12415
12441
12446
12465
12466
12471
12475
12475
12479
12480
12489
12493
12495
12497
12500
12508
12525
12529
12533
12537
12537
12549
12550
12582
12591
12599
12610
12613
12614
12617
12620
12624
12626
12630
12639
12640
12642
12649
12655
12657
12670
12679
12727
12736
12741
12747
12751
12752
12757
12779
12797
12812
12833
12834
12835
12846
12849
12850
12857
12857
12861
12868
12905
12941
12956
12960
12978
12981
12982
12986
13006
13014
13014
13031
13035
13038
13039
13039
13049
13049
13055
13057
13078
13106
13125
13134
13159
13160
13165
13171
13180
13188
13191
13198
13200
13208
13224
13236
13244
13260
13260
13268
13288
13289
13290
13294
13304
13320
13328
13330
13330
13337
13339
13352
13357
13368
13389
13394
13398
13401
13401
13414
13415
13439
13441
13467
13475
13484
13488
13488
13494
13496
13496
13497
13507
13508
13512
13535
13538
13541
13564
13580
13584
13586
13587
13588
13596
13621
13622
13638
13640
13648
13661
13666
13680
13683
13711
13720
13722
13731
13741
13752
13777
13800
13802
13818
13823
13825
13832
13836
13873
13875
13877
13894
13902
13915
13916
13933
13938
13948
13951
13956
13962
13973
13978
13982
13985
13989
14033
14037
14046
14061
14074
14120
14128
14170
14178
14187
14202
14206
14209
14234
14257
14259
14310
14324
14327
14332
14339
14342
14345
14347
14350
14360
14377
14382
14389
14397
14405
14407
14426
14429
14432
14440
14445
14456
14471
14474
14491
14509
14529
14545
14561
14563
14568
14574
14591
14596
14599
14605
14613
14621
14654
14662
14670
14686
14695
14720
14726
14739
14747
14753
14758
14794
14801
14805
14812
14828
14850
14850
14853
14863
14873
14873
14884
14896
14921
14988
14992
15023
15035
15048
15068
15069
15073
15073
15084
15085
15086
15095
15100
15123
15148
15151
15178
15182
15185
15187
15195
15197
15202
15223
15230
15242
15245
15246
15260
15281
15316
15331
15341
15341
15370
15389
15427
15431
15431
15449
15455
15462
15465
15471
15475
15479
15507
15513
15525
15532
15532
15536
15560
15575
15595
15601
15611
15613
15619
15621
15642
15647
15658
15680
15693
15718
15731
15735
15748
15767
15774
15774
15784
15805
15818
15822
15843
15844
15862
15878
15878
15899
15900
15906
15912
15917
15920
15923
15929
15931
15932
15933
15938
15946
15961
15961
15962
15965
15970
15984
15986
15990
16010
16013
16025
16027
16081
16093
16096
16111
16112
16126
16138
16143
16197
16217
16222
16223
16225
16226
16228
16236
16254
16268
16274
16283
16284
16291
16291
16293
16293
16310
16320
16323
16326
16333
16335
16355
16369
16376
16386
16422
16434
16435
16436
16454
16455
16458
16458
16465
16469
16474
16478
16481
16485
16486
16511
16515
16524
16526
16533
16533
16546
16565
16566
16583
16589
16593
16607
16625
16628
16649
16653
16659
16671
16681
16693
16723
16728
16730
16744
16747
16774
16796
16812
16830
16867
16869
16870
16876
16877
16889
16891
16894
16896
16909
16917
16937
16954
16962
16992
16992
17005
17031
17035
17051
17078
17096
17108
17117
17120
17121
17131
17143
17153
17154
17171
17179
17200
17200
17202
17206
17217
17219
17235
17257
17259
17267
17287
17290
17298
17300
17308
17309
17309
17312
17320
17323
17342
17347
17367
17382
17390
17417
17429
17443
17444
17462
17474
17481
17483
17485
17497
17521
17527
17532
17537
17595
17614
17620
17621
17640
17664
17676
17680
17681
17695
17695
17696
17706
17709
17713
17727
17728
17737
17743
17746
17752
17754
17756
17766
17783
17786
17804
17809
17809
17821
17832
17833
17845
17858
17873
17890
17893
17906
17911
17946
17949
17956
17958
17965
17978
17981
18002
18007
18019
18039
18054
18059
18064
18064
18080
18087
18089
18091
18097
18104
18107
18113
18122
18128
18157
18176
18190
18225
18225
18233
18234
18236
18239
18256
18272
18284
18292
18293
18302
18303
18312
18316
18321
18332
18364
18378
18383
18446
18449
18453
18456
18465
18472
18485
18499
18503
18505
18529
18530
18543
18545
18554
18561
18563
18580
18593
18614
18617
18633
18636
18661
18670
18680
18683
18693
18704
18723
18731
18732
18732
18762
18786
18795
18813
18815
18816
18821
18837
18839
18847
18886
18889
18908
18914
18922
18932
18952
18960
18963
18977
18979
18980
18998
19013
19019
19030
19031
19037
19045
19048
19053
19057
19061
19071
19072
19094
19104
19112
19116
19120
19134
19136
19136
19158
19166
19168
19183
19185
19192
19194
19210
19225
19239
19242
19247
19268
19275
19277
19286
19291
19292
19306
19310
19311
19316
19332
19340
19364
19366
19384
19395
19402
19417
19420
19426
19433
19442
19445
19474
19485
19491
19502
19518
19519
19543
19563
19568
19569
19569
19571
19576
19579
19583
19599
19616
19623
19627
19641
19669
19670
19682
19701
19715
19728
19728
19752
19754
19784
19792
19804
19805
19810
19813
19840
19841
19842
19844
19852
19857
19858
19862
19863
19892
19899
19920
19921
19922
19924
19946
19968
19986
19990
20008
20019
20028
20043
20046
20049
20071
20091
20101
20146
20167
20195
20208
20221
20227
20231
20242
20293
20306
20324
20330
20337
20338
20346
20356
20376
20384
20392
20458
20501
20502
20504
20513
20515
20521
20546
20553
20560
20567
20618
20622
20641
20645
20646
20648
20658
20667
20682
20688
20700
20701
20705
20727
20735
20735
20745
20756
20761
20772
20784
20790
20792
20797
20801
20805
20854
20855
20930
20936
20936
20937
20939
20941
20954
20985
20999
21004
21008
21008
21009
21018
21026
21034
21037
21075
21076
21080
21085
21089
21098
21100
21102
21107
21161
21162
21176
21185
21211
21221
21223
21226
21246
21246
21256
21260
21262
21270
21280
21287
21303
21357
21358
21385
21452
21452
21455
21455
21463
21474
21488
21495
21502
21527
21532
21537
21561
21561
21563
21586
21594
21597
21613
21623
21627
21629
21640
21643
21650
21671
21680
21686
21707
21710
21724
21724
21733
21745
21748
21776
21778
21781
21796
21798
21802
21808
21810
21841
21852
21852
21859
21865
21884
21893
21897
21899
21904
21921
21940
21952
21954
21994
22008
22009
22041
22067
22072
22076
22085
22088
22092
22092
22107
22117
22120
22127
22136
22139
22159
22190
22213
22215
22221
22225
22226
22227
22239
22249
22278
22287
22297
22300
22301
22310
22312
22315
22321
22329
22341
22351
22356
22363
22375
22380
22386
22392
22400
22408
22419
22423
22431
22470
22485
22501
22503
22511
22516
22534
22549
22572
22585
22599
22614
22641
22645
22650
22675
22678
22733
22735
22748
22757
22760
22765
22775
22851
22880
22890
22917
22917
22929
22931
22933
22948
22964
22964
22971
22977
22977
22990
22992
22992
22995
23009
23047
23047
23054
23054
23055
23067
23072
23074
23074
23106
23110
23176
23188
23196
23200
23201
23202
23203
23213
23251
23252
23254
23255
23279
23283
23289
23291
23295
23308
23309
23310
23317
23319
23338
23376
23378
23379
23399
23405
23413
23425
23493
23503
23528
23529
23535
23535
23540
23542
23547
23548
23549
23552
23556
23585
23585
23593
23595
23600
23613
23636
23643
23657
23694
23711
23713
23717
23718
23726
23749
23756
23770
23783
23801
23823
23829
23829
23830
23840
23841
23848
23850
23853
23864
23878
23894
23905
23907
23926
23935
23943
23948
23952
23958
23986
23990
23994
23996
24001
24021
24027
24046
24080
24086
24089
24102
24108
24113
24124
24127
24140
24153
24178
24199
24204
24226
24240
24257
24264
24284
24289
24293
24298
24302
24308
24313
24316
24319
24333
24336
24345
24348
24353
24356
24362
24385
24409
24415
24415
24434
24452
24465
24466
24482
24486
24488
24513
24524
24525
24541
24546
24559
24582
24584
24599
24609
24632
24640
24667
24685
24687
24710
24716
24742
24748
24748
24750
24750
24780
24785
24814
24818
24819
24839
24849
24857
24881
24896
24900
24934
24939
24955
24960
24966
24968
24977
24985
25001
25001
25002
25019
25025
25026
25036
25038
25042
25043
25048
25048
25053
25056
25058
25060
25069
25084
25086
25088
25124
25126
25131
25131
25134
25140
25141
25148
25159
25168
25184
25207
25217
25233
25239
25254
25256
25263
25272
25286
25290
25309
25325
25329
25343
25372
25382
25385
25396
25396
25408
25412
25417
25423
25437
25446
25446
25448
25459
25479
25484
25489
25489
25500
25503
25505
25522
25528
25540
25542
25547
25563
25564
25581
25583
25596
25606
25622
25656
25666
25675
25680
25699
25709
25709
25717
25739
25746
25775
25782
25782
25787
25790
25829
25843
25856
25864
25874
25923
25943
25951
25955
25959
25979
26008
26020
26023
26032
26033
26042
26053
26062
26067
26083
26094
26095
26107
26109
26112
26128
26146
26150
26155
26161
26185
26192
26201
26212
26241
26241
26243
26253
26258
26309
26338
26341
26351
26354
26383
26384
26393
26395
26404
26414
26424
26458
26461
26465
26468
26471
26478
26478
26486
26515
26518
26520
26542
26546
26547
26554
26578
26593
26609
26611
26613
26616
26632
26672
26683
26691
26695
26696
26702
26703
26725
26737
26750
26756
26759
26780
26812
26845
26847
26851
26882
26883
26896
26901
26917
26920
26925
26938
26943
26960
26961
26971
26990
27002
27007
27009
27040
27061
27068
27069
27083
27093
27094
27107
27111
27112
27113
27114
27118
27123
27123
27128
27135
27161
27169
27195
27203
27217
27225
27228
27245
27259
27270
27301
27334
27337
27365
27385
27421
27428
27431
27456
27468
27478
27481
27508
27509
27512
27518
27532
27541
27555
27562
27571
27572
27579
27591
27603
27615
27635
27644
27654
27667
27702
27708
27713
27721
27731
27737
27768
27777
27777
27783
27784
27786
27790
27795
27805
27823
27837
27852
27853
27867
27876
27877
27884
27890
27901
27904
27912
27953
27973
27992
27993
27994
28000
28001
28010
28011
28019
28033
28046
28048
28065
28076
28081
28098
28102
28116
28120
28120
28135
28140
28156
28161
28164
28165
28170
28178
28183
28184
28185
28188
28195
28200
28201
28217
28222
28230
28235
28240
28261
28265
28267
28282
28282
28284
28294
28319
28323
28363
28383
28395
28397
28401
28407
28418
28467
28468
28472
28503
28510
28541
28548
28550
28571
28572
28603
28606
28632
28635
28646
28669
28679
28689
28706
28716
28730
28736
28761
28769
28774
28790
28791
28794
28794
28801
28806
28811
28814
28822
28852
28866
28876
28879
28902
28910
28923
28955
28960
28967
28973
28979
28994
29002
29003
29007
29014
29024
29039
29040
29052
29053
29060
29067
29069
29075
29076
29084
29090
29098
29105
29110
29123
29124
29136
29146
29146
29152
29153
29178
29191
29201
29207
29207
29213
29215
29217
29232
29244
29304
29309
29317
29327
29344
29349
29350
29361
29367
29392
29405
29410
29448
29480
29485
29498
29499
29499
29499
29527
29534
29536
29555
29587
29623
29628
29629
29631
29643
29662
29668
29672
29679
29685
29703
29718
29721
29727
29741
29748
29759
29766
29797
29799
29806
29808
29824
29848
29863
29880
29894
29908
29922
29923
29935
29967
29974
29995
29998
30004
30007
30017
30022
30026
30029
30048
30050
30068
30074
30077
30106
30118
30120
30124
30128
30131
30142
30143
30148
30177
30191
30196
30197
30206
30209
30222
30263
30264
30276
30277
30299
30313
30330
30336
30338
30339
30351
30362
30394
30428
30447
30453
30481
30497
30544
30547
30553
30561
30561
30572
30573
30577
30582
30589
30591
30598
30614
30630
30636
30660
30671
30680
30682
30698
30702
30746
30750
30752
30755
30758
30760
30764
30764
30777
30792
30795
30808
30808
30820
30822
30828
30833
30844
30851
30853
30856
30857
30867
30872
30925
30934
30951
30953
30954
30960
30965
30968
30983
30984
31049
31078
31079
31085
31085
31098
31138
31154
31157
31169
31178
31184
31185
31192
31207
31219
31223
31223
31232
31234
31246
31259
31284
31298
31305
31309
31333
31334
31344
31368
31369
31382
31402
31415
31417
31419
31427
31437
31453
31464
31472
31478
31491
31502
31510
31526
31576
31580
31591
31592
31603
31614
31619
31620
31636
31642
31643
31646
31652
31661
31665
31680
31684
31692
31692
31699
31723
31728
31742
31757
31762
31772
31774
31776
31781
31783
31788
31790
31791
31799
31799
31812
31831
31835
31843
31844
31848
31860
31873
31886
31893
31930
31977
32001
32015
32024
32026
32029
32034
32044
32048
32051
32063
32066
32088
32091
32093
32101
32108
32118
32128
32139
32152
32159
32169
32211
32233
32250
32255
32262
32262
32265
32281
32296
32297
32306
32309
32321
32325
32330
32332
32343
32356
32417
32436
32446
32453
32454
32476
32490
32534
32588
32594
32610
32625
32634
32638
32643
32669
32677
32694
32697
32714
32729
32779
32780
32791
32797
32799
32803
32806
32822
32823
32825
32855
32868
32886
32894
32900
32910
32911
32936
32943
32944
32945
32957
32957
32978
32984
32986
33004
33013
33021
33023
33023
33025
33032
33035
33045
33046
33050
33051
33055
33070
33073
33080
33101
33102
33120
33126
33147
33150
33159
33183
33192
33194
33207
33212
33213
33220
33253
33259
33263
33287
33299
33306
33330
33330
33335
33352
33358
33359
33361
33381
33381
33400
33402
33406
33409
33415
33435
33437
33458
33471
33491
33495
33515
33519
33525
33538
33553
33554
33564
33579
33615
33621
33651
33651
33674
33678
33680
33681
33684
33700
33707
33717
33733
33738
33744
33759
33764
33777
33794
33809
33810
33832
33855
33857
33868
33869
33875
33875
33883
33885
33893
33907
33934
33945
33949
33959
33960
33962
33989
33997
34004
34005
34009
34013
34013
34013
34014
34017
34020
34023
34035
34035
34058
34083
34084
34086
34093
34094
34104
34124
34158
34173
34201
34217
34253
34262
34296
34298
34301
34301
34314
34316
34327
34338
34345
34347
34354
34376
34390
34418
34447
34459
34464
34489
34497
34509
34515
34538
34540
34542
34547
34563
34565
34573
34584
34599
34609
34640
34645
34666
34668
34672
34677
34680
34685
34702
34704
34707
34712
34722
34722
34724
34726
34728
34736
34754
34757
34758
34791
34796
34810
34840
34841
34847
34858
34864
34870
34890
34891
34891
34911
34941
34942
34970
34982
34983
34993
34996
35001
35001
35013
35028
35037
35040
35045
35054
35055
35063
35068
35070
35071
35094
35099
35109
35109
35114
35114
35116
35120
35122
35153
35156
35165
35167
35171
35172
35194
35224
35236
35254
35258
35263
35270
35289
35293
35305
35313
35317
35324
35327
35328
35366
35372
35384
35400
35410
35411
35413
35422
35487
35515
35522
35526
35532
35558
35558
35565
35570
35584
35596
35596
35600
35607
35628
35630
35633
35633
35635
35637
35652
35663
35676
35677
35680
35681
35686
35688
35707
35720
35734
35748
35752
35762
35764
35774
35780
35786
35790
35791
35813
35832
35832
35836
35850
35852
35862
35862
35865
35877
35890
35905
35912
35914
35950
35951
35954
35964
35966
35968
35968
35986
36007
36009
36011
36025
36026
36030
36038
36059
36067
36067
36069
36071
36076
36080
36082
36093
36097
36108
36120
36128
36134
36135
36143
36156
36158
36169
36182
36189
36219
36233
36249
36249
36255
36264
36270
36274
36280
36302
36325
36328
36328
36340
36350
36359
36361
36375
36380
36432
36456
36464
36474
36477
36484
36503
36512
36513
36516
36516
36531
36535
36540
36541
36545
36546
36546
36560
36579
36583
36583
36596
36604
36614
36628
36629
36631
36632
36644
36649
36651
36662
36667
36679
36684
36694
36708
36717
36729
36736
36737
36751
36751
36767
36776
36777
36791
36802
36805
36827
36827
36830
36830
36833
36843
36845
36845
36849
36863
36870
36911
36913
36920
36949
36950
36951
36969
36974
36980
36993
36994
37004
37010
37018
37020
37033
37046
37055
37055
37060
37061
37062
37063
37064
37074
37080
37083
37094
37118
37128
37133
37142
37157
37164
37178
37186
37196
37202
37213
37219
37257
37285
37288
37320
37324
37336
37340
37346
37349
37351
37364
37371
37390
37403
37412
37417
37427
37434
37438
37456
37462
37490
37490
37497
37509
37509
37510
37514
37524
37529
37550
37554
37575
37576
37588
37598
37629
37636
37639
37677
37686
37695
37704
37717
37722
37742
37744
37758
37770
37780
37781
37790
37795
37803
37807
37808
37815
37826
37829
37831
37849
37854
37879
37880
37901
37916
37921
37930
37951
37959
37964
37966
37970
37970
37973
37979
37985
37994
38037
38039
38040
38048
38055
38057
38061
38090
38091
38101
38152
38156
38160
38176
38199
38204
38209
38220
38233
38233
38237
38250
38250
38254
38258
38272
38278
38291
38308
38324
38340
38342
38342
38352
38360
38381
38385
38399
38431
38473
38480
38481
38490
38503
38512
38520
38526
38530
38553
38558
38572
38572
38615
38616
38637
38641
38650
38671
38688
38689
38704
38718
38719
38719
38755
38760
38766
38770
38778
38802
38842
38865
38875
38876
38883
38902
38926
38939
38950
38962
38962
38963
38975
38980
38981
39009
39011
39013
39025
39054
39058
39058
39069
39075
39079
39098
39124
39134
39141
39162
39165
39176
39189
39191
39202
39213
39230
39234
39253
39262
39276
39283
39302
39321
39327
39367
39401
39418
39424
39448
39454
39475
39495
39505
39514
39517
39526
39529
39531
39538
39558
39560
39569
39587
39604
39604
39630
39639
39642
39653
39662
39670
39678
39684
39685
39686
39743
39760
39767
39770
39776
39789
39805
39840
39859
39885
39887
39887
39912
39941
39942
39957
39961
39962
39966
39970
39981
39988
39993
40007
40015
40018
40031
40036
40036
40040
40040
40048
40060
40063
40083
40091
40095
40122
40127
40132
40133
40137
40143
40149
40179
40179
40179
40181
40182
40184
40186
40188
40198
40201
40226
40226
40238
40242
40243
40258
40261
40270
40280
40298
40310
40322
40340
40352
40367
40397
40400
40430
40431
40433
40443
40467
40478
40487
40495
40504
40519
40523
40525
40529
40529
40536
40540
40541
40541
40559
40566
40577
40579
40582
40590
40594
40602
40621
40648
40656
40674
40687
40688
40713
40714
40729
40734
40735
40739
40755
40765
40774
40778
40808
40808
40814
40819
40823
40853
40924
40925
40934
40976
41000
41015
41016
41021
41046
41063
41074
41099
41100
41104
41109
41116
41117
41144
41154
41177
41181
41214
41217
41238
41242
41253
41267
41272
41281
41284
41287
41306
41309
41310
41342
41367
41373
41396
41407
41409
41419
41429
41437
41439
41445
41446
41478
41492
41500
41507
41511
41514
41551
41565
41578
41594
41604
41671
41675
41714
41729
41738
41743
41754
41766
41769
41808
41810
41837
41838
41852
41853
41854
41859
41861
41881
41902
41904
41915
41923
41932
41944
41952
41966
41972
41974
41995
41997
42002
42009
42017
42024
42028
42031
42040
42065
42071
42077
42084
42084
42091
42096
42099
42102
42102
42105
42107
42123
42124
42129
42152
42162
42182
42190
42191
42195
42209
42210
42216
42220
42231
42242
42245
42250
42262
42278
42283
42313
42321
42330
42386
42391
42410
42421
42431
42432
42454
42458
42459
42460
42475
42485
42489
42492
42492
42494
42506
42515
42517
42523
42537
42538
42564
42568
42573
42573
42577
42586
42593
42599
42618
42623
42649
42651
42656
42662
42673
42683
42712
42717
42738
42747
42748
42752
42756
42756
42763
42768
42772
42799
42801
42807
42818
42832
42852
42855
42875
42884
42895
42903
42908
42913
42941
42950
42951
42957
42969
42973
42973
42974
42998
43016
43020
43032
43068
43070
43073
43077
43097
43109
43113
43116
43116
43125
43141
43154
43162
43174
43181
43189
43192
43193
43198
43202
43202
43220
43227
43231
43239
43245
43250
43259
43266
43270
43338
43362
43365
43379
43391
43404
43420
43432
43433
43437
43437
43457
43474
43477
43486
43493
43493
43495
43501
43508
43516
43522
43530
43538
43549
43550
43552
43584
43612
43620
43628
43647
43657
43664
43665
43667
43668
43672
43677
43690
43693
43705
43712
43717
43725
43746
43766
43770
43773
43774
43776
43798
43806
43812
43825
43835
43852
43866
43869
43876
43891
43897
43897
43904
43924
43947
43953
43983
43992
44008
44013
44054
44065
44074
44077
44079
44090
44090
44096
44099
44125
44151
44160
44164
44169
44178
44190
44210
44230
44231
44238
44273
44288
44303
44309
44324
44332
44332
44337
44339
44341
44341
44344
44352
44382
44391
44398
44399
44405
44407
44419
44442
44450
44467
44475
44484
44485
44501
44504
44504
44506
44525
44544
44553
44563
44570
44571
44604
44623
44624
44631
44640
44640
44673
44680
44692
44694
44699
44708
44716
44721
44760
44762
44766
44766
44767
44779
44795
44849
44850
44851
44862
44866
44871
44873
44874
44875
44879
44885
44889
44903
44905
44906
44908
44979
44983
45000
45022
45023
45032
45037
45073
45081
45084
45092
45095
45133
45147
45159
45167
45168
45169
45169
45170
45173
45186
45201
45212
45217
45224
45238
45246
45248
45299
45303
45314
45318
45322
45333
45340
45351
45359
45365
45370
45371
45373
45383
45391
45393
45395
45398
45404
45410
45415
45421
45422
45424
45427
45485
45487
45488
45499
45502
45503
45503
45523
45566
45572
45577
45585
45613
45637
45641
45654
45657
45658
45663
45669
45670
45673
45682
45692
45700
45721
45751
45773
45792
45799
45814
45824
45824
45830
45841
45849
45849
45853
45856
45904
45917
45920
45950
45964
45979
45985
45986
45988
46000
46008
46017
46017
46028
46047
46055
46057
46070
46084
46088
46097
46099
46120
46125
46132
46133
46134
46136
46138
46139
46139
46152
46158
46160
46162
46167
46175
46186
46195
46213
46225
46228
46235
46237
46251
46258
46268
46271
46280
46283
46288
46304
46307
46321
46347
46356
46359
46371
46388
46399
46407
46411
46430
46438
46438
46466
46472
46475
46487
46491
46499
46507
46509
46511
46530
46532
46556
46567
46569
46591
46600
46605
46629
46640
46645
46648
46654
46657
46665
46675
46704
46705
46707
46715
46735
46760
46770
46788
46792
46800
46802
46807
46821
46852
46853
46892
46904
46910
46911
46923
46931
46932
46963
46975
46993
46996
47010
47042
47043
47045
47051
47053
47058
47058
47063
47071
47081
47088
47115
47137
47145
47185
47199
47204
47206
47218
47226
47229
47250
47255
47259
47261
47272
47306
47321
47325
47331
47339
47357
47361
47369
47382
47393
47395
47401
47402
47412
47420
47430
47430
47467
47480
47486
47490
47490
47498
47511
47511
47530
47555
47593
47593
47595
47599
47605
47621
47637
47638
47651
47669
47675
47699
47704
47705
47713
47758
47759
47770
47788
47788
47797
47804
47806
47827
47836
47842
47845
47856
47861
47885
47890
47896
47902
47905
47911
47913
47918
47919
47925
47967
47972
47976
47983
48021
48035
48037
48050
48052
48072
48076
48077
48081
48083
48104
48121
48136
48147
48155
48156
48181
48182
48203
48221
48246
48257
48262
48269
48275
48277
48298
48309
48311
48314
48316
48331
48334
48346
48350
48351
48362
48371
48373
48375
48406
48407
48409
48411
48426
48437
48439
48463
48473
48478
48483
48496
48500
48503
48528
48530
48532
48536
48557
48562
48573
48586
48618
48632
48682
48683
48689
48690
48690
48691
48710
48715
48717
48721
48731
48731
48735
48738
48762
48766
48783
48789
48797
48810
48811
48815
48824
48853
48857
48861
48896
48902
48902
48931
48937
48939
48941
48976
48984
48985
49030
49051
49067
49078
49139
49142
49148
49165
49165
49168
49189
49190
49194
49200
49200
49204
49207
49216
49219
49228
49238
49240
49250
49254
49255
49262
49282
49283
49287
49296
49303
49324
49337
49337
49344
49370
49371
49379
49380
49387
49390
49406
49408
49417
49420
49427
49437
49447
49447
49448
49455
49460
49462
49465
49467
49473
49483
49498
49503
49535
49553
49560
49589
49595
49596
49607
49609
49618
49619
49621
49642
49644
49678
49683
49703
49705
49708
49709
49709
49715
49729
49730
49735
49736
49740
49745
49761
49762
49770
49783
49792
49793
49827
49835
49846
49855
49863
49882
49926
49932
49932
49935
49941
49948
49951
49958
49984
50007
50028
50030
50032
50035
50050
50073
50073
50079
50089
50096
50102
50107
50111
50124
50137
50142
50146
50147
50150
50152
50154
50170
50185
50193
50219
50247
50270
50276
50278
50306
50321
50342
50355
50359
50362
50364
50366
50373
50385
50400
50402
50402
50402
50411
50418
50435
50440
50462
50465
50465
50484
50488
50490
50506
50518
50522
50524
50524
50549
50562
50590
50610
50613
50622
50638
50658
50669
50679
50680
50681
50684
50695
50723
50732
50741
50752
50761
50761
50762
50786
50795
50815
50818
50826
50855
50855
50862
50862
50871
50878
50878
50895
50910
50911
50911
50926
50934
50942
50951
50970
50982
50983
50986
51004
51028
51037
51050
51061
51071
51095
51107
51128
51131
51133
51142
51146
51156
51160
51180
51204
51215
51249
51250
51261
51261
51262
51268
51271
51284
51285
51291
51296
51303
51311
51349
51367
51384
51392
51394
51395
51399
51403
51403
51405
51412
51415
51415
51420
51431
51435
51439
51465
51467
51470
51470
51474
51480
51489
51521
51522
51537
51542
51547
51553
51556
51588
51591
51592
51599
51604
51609
51620
51624
51626
51629
51637
51639
51644
51653
51668
51689
51706
51725
51733
51739
51756
51786
51790
51801
51803
51814
51825
51836
51844
51845
51846
51867
51884
51890
51897
51901
51903
51906
51922
51924
51943
51966
51979
52016
52019
52022
52024
52026
52036
52058
52068
52072
52084
52101
52121
52127
52142
52147
52152
52161
52166
52172
52180
52205
52207
52212
52213
52229
52231
52238
52293
52304
52307
52321
52322
52326
52351
52367
52371
52371
52383
52397
52400
52404
52406
52436
52448
52456
52468
52524
52541
52552
52563
52565
52565
52582
52586
52633
52635
52636
52649
52654
52660
52682
52701
52721
52735
52756
52760
52766
52768
52769
52791
52798
52810
52829
52853
52861
52877
52890
52894
52895
52896
52898
52910
52913
52932
52937
52951
52956
52974
52993
53001
53003
53023
53029
53035
53043
53055
53103
53111
53120
53145
53147
53149
53161
53179
53189
53189
53204
53219
53224
53228
53257
53262
53268
53275
53282
53294
53301
53305
53308
53338
53346
53351
53425
53432
53490
53502
53515
53520
53578
53582
53593
53610
53624
53630
53647
53675
53681
53687
53715
53723
53780
53780
53786
53787
53792
53793
53800
53806
53811
53813
53816
53818
53819
53845
53862
53872
53898
53916
53929
53930
53933
53974
53982
53999
54014
54020
54032
54042
54045
54052
54054
54073
54079
54133
54166
54193
54212
54219
54243
54248
54273
54288
54309
54313
54336
54340
54355
54371
54383
54387
54388
54399
54405
54409
54420
54429
54439
54445
54451
54472
54477
54497
54506
54529
54537
54546
54551
54592
54605
54612
54614
54619
54622
54625
54634
54650
54657
54666
54686
54701
54703
54705
54705
54722
54735
54763
54766
54767
54772
54797
54808
54813
54816
54841
54848
54863
54866
54871
54872
54888
54889
54898
54899
54900
54904
54935
54942
54943
54944
54946
54952
54956
54983
54990
54998
55003
55004
55009
55015
55022
55038
55048
55053
55063
55074
55084
55086
55095
55101
55114
55119
55120
55125
55125
55131
55149
55162
55174
55182
55185
55212
55231
55231
55248
55266
55278
55290
55290
55293
55318
55321
55322
55344
55350
55359
55361
55391
55401
55414
55436
55451
55461
55463
55469
55475
55491
55492
55493
55505
55523
55527
55529
55550
55600
55624
55633
55640
55645
55656
55668
55678
55682
55684
55697
55700
55710
55710
55715
55721
55725
55727
55727
55757
55761
55764
55768
55780
55796
55800
55809
55814
55817
55818
55822
55834
55839
55850
55884
55888
55899
55935
55936
55954
55989
55994
55999
56006
56024
56026
56027
56045
56064
56068
56073
56077
56080
56100
56107
56136
56152
56152
56162
56164
56166
56166
56182
56187
56212
56214
56218
56221
56232
56238
56241
56261
56266
56275
56289
56291
56301
56307
56321
56343
56361
56364
56399
56420
56422
56425
56434
56469
56475
56476
56482
56486
56494
56515
56526
56529
56556
56565
56566
56582
56597
56604
56606
56608
56613
56629
56634
56637
56645
56663
56665
56687
56696
56700
56716
56730
56732
56747
56747
56763
56792
56792
56804
56843
56846
56851
56854
56865
56875
56875
56876
56908
56914
56917
56919
56922
56927
56929
56939
56953
56960
56990
57017
57017
57025
57025
57050
57067
57073
57074
57079
57085
57119
57129
57150
57152
57154
57166
57201
57201
57211
57217
57223
57234
57247
57248
57255
57261
57263
57265
57272
57279
57289
57307
57316
57325
57334
57344
57349
57372
57377
57404
57406
57416
57425
57434
57463
57465
57465
57467
57479
57484
57494
57501
57530
57532
57536
57540
57540
57543
57565
57578
57583
57618
57627
57640
57654
57658
57668
57673
57694
57723
57735
57739
57752
57762
57763
57780
57780
57786
57790
57835
57852
57853
57853
57857
57858
57858
57858
57869
57877
57889
57942
57950
57977
57983
57991
58003
58008
58020
58021
58027
58036
58043
58044
58067
58072
58083
58090
58103
58111
58114
58120
58125
58126
58129
58157
58161
58171
58171
58174
58194
58196
58206
58209
58212
58223
58238
58250
58256
58263
58274
58278
58285
58299
58301
58319
58349
58360
58376
58380
58381
58390
58392
58414
58426
58443
58444
58455
58462
58513
58514
58516
58516
58524
58538
58576
58591
58597
58600
58615
58623
58645
58650
58666
58667
58700
58709
58714
58736
58738
58738
58749
58752
58755
58760
58788
58788
58796
58798
58808
58812
58842
58850
58851
58861
58865
58874
58890
58921
58934
58936
58938
58956
58961
58962
58969
58982
59007
59017
59027
59043
59063
59078
59109
59113
59115
59120
59158
59191
59213
59225
59256
59270
59277
59282
59295
59297
59311
59317
59326
59335
59336
59355
59429
59437
59439
59443
59450
59458
59460
59462
59469
59478
59485
59495
59510
59510
59516
59528
59528
59532
59560
59567
59574
59577
59586
59594
59596
59606
59632
59638
59651
59672
59673
59680
59685
59688
59714
59734
59737
59760
59765
59767
59775
59776
59779
59799
59809
59816
59817
59820
59820
59834
59842
59844
59857
59861
59861
59898
59920
59969
59973
59979
59980
59983
60021
60031
60052
60062
60062
60096
60096
60116
60120
60135
60141
60146
60147
60148
60159
60163
60163
60165
60170
60177
60179
60185
60188
60192
60197
60197
60199
60200
60221
60225
60226
60231
60235
60241
60249
60250
60251
60260
60262
60267
60270
60285
60305
60308
60308
60316
60322
60326
60326
60333
60335
60338
60341
60345
60351
60358
60393
60405
60416
60418
60422
60431
60441
60450
60455
60460
60476
60487
60490
60493
60494
60494
60519
60527
60544
60567
60578
60579
60586
60596
60601
60617
60630
60630
60630
60637
60638
60642
60643
60645
60673
60675
60677
60688
60693
60706
60712
60717
60719
60719
60721
60724
60730
60757
60762
60792
60803
60806
60813
60827
60828
60829
60850
60856
60860
60862
60866
60870
60873
60881
60885
60910
60920
60925
60933
60945
60957
60964
60966
60983
60999
61008
61010
61010
61010
61011
61011
61033
61036
61036
61061
61110
61113
61118
61145
61174
61180
61180
61184
61190
61194
61203
61203
61221
61226
61227
61245
61259
61268
61275
61290
61294
61294
61299
61303
61308
61310
61313
61319
61330
61357
61362
61370
61375
61375
61377
61398
61418
61460
61481
61484
61492
61507
61523
61527
61535
61542
61548
61550
61551
61580
61617
61638
61660
61664
61667
61667
61676
61684
61687
61689
61690
61700
61710
61716
61718
61720
61721
61730
61743
61757
61757
61762
61766
61766
61768
61769
61780
61782
61796
61800
61806
61824
61838
61844
61847
61860
61864
61917
61936
61937
61951
61954
61955
61958
61960
61966
61982
61982
61985
61985
62002
62008
62009
62010
62026
62029
62054
62092
62104
62106
62115
62118
62133
62170
62179
62183
62187
62196
62196
62208
62220
62225
62228
62230
62240
62275
62280
62296
62323
62335
62342
62342
62349
62352
62353
62357
62362
62380
62402
62413
62423
62433
62439
62448
62462
62476
62476
62481
62493
62498
62499
62505
62509
62512
62515
62533
62539
62552
62556
62561
62568
62576
62586
62588
62595
62614
62614
62617
62626
62627
62633
62633
62655
62655
62659
62660
62668
62669
62673
62682
62685
62703
62708
62743
62754
62770
62782
62814
62817
62822
62851
62855
62866
62872
62873
62894
62910
62936
62943
62966
62967
62967
62970
62997
62999
63001
63006
63008
63009
63012
63020
63026
63031
63047
63051
63056
63058
63070
63087
63096
63109
63112
63127
63144
63145
63152
63158
63176
63216
63224
63229
63231
63256
63275
63280
63287
63291
63307
63310
63332
63345
63366
63366
63383
63389
63408
63411
63412
63413
63415
63422
63426
63442
63452
63470
63481
63516
63525
63546
63571
63572
63582
63582
63587
63593
63595
63606
63626
63627
63631
63644
63664
63665
63683
63703
63705
63739
63752
63756
63767
63785
63801
63803
63807
63827
63828
63830
63869
63876
63879
63891
63910
63913
63925
63929
63931
63935
63944
63948
63948
63953
63964
63970
63981
63988
63994
63995
64024
64028
64040
64043
64050
64060
64063
64076
64092
64095
64095
64105
64106
64114
64125
64162
64178
64199
64216
64216
64220
64223
64226
64234
64240
64261
64284
64293
64311
64313
64337
64357
64371
64452
64465
64472
64476
64479
64517
64519
64521
64545
64551
64567
64577
64588
64602
64611
64617
64619
64632
64639
64670
64698
64700
64702
64705
64707
64713
64760
64769
64781
64789
64792
64794
64797
64808
64817
64821
64830
64836
64839
64844
64875
64884
64897
64900
64904
64906
64917
64917
64918
64920
64922
64924
64924
64929
64939
64939
64963
64970
64974
64994
65001
65004
65006
65008
65029
65033
65054
65072
65073
65076
65077
65081
65083
65096
65103
65107
65108
65117
65121
65137
65139
65152
65159
65168
65184
65185
65195
65197
65208
65224
65243
65246
65247
65279
65285
65288
65299
65302
65315
65346
65347
65360
65379
65398
65408
65409
65411
65411
65430
65433
65437
65437
65447
65460
65461
65473
65479
65514
65523
65533
65536
65543
65555
65587
65597
65603
65612
65618
65618
65621
65627
65650
65657
65689
65693
65714
65737
65752
65769
65792
65843
65852
65877
65891
65891
65910
65921
65933
65949
65952
65955
65956
65960
65980
65986
65990
65996
66004
66013
66022
66025
66031
66034
66035
66042
66046
66052
66069
66099
66114
66114
66155
66175
66182
66187
66189
66210
66212
66229
66245
66245
66248
66251
66254
66277
66282
66295
66309
66314
66317
66321
66328
66350
66357
66366
66387
66395
66404
66446
66453
66492
66494
66505
66516
66535
66544
66555
66569
66577
66579
66580
66587
66594
66618
66626
66639
66639
66643
66656
66675
66683
66688
66701
66710
66764
66765
66783
66791
66793
66818
66830
66836
66867
66877
66892
66897
66899
66899
66917
66920
66938
66959
66959
66963
66991
67006
67008
67025
67053
67073
67075
67078
67079
67086
67111
67117
67120
67150
67151
67159
67160
67201
67206
67207
67212
67217
67223
67224
67231
67238
67255
67271
67271
67282
67313
67313
67331
67348
67353
67357
67373
67376
67377
67383
67385
67390
67399
67405
67408
67415
67425
67453
67453
67456
67473
67488
67506
67506
67514
67515
67552
67563
67567
67598
67600
67623
67633
67648
67661
67662
67677
67688
67709
67729
67752
67780
67783
67788
67790
67795
67800
67809
67816
67816
67829
67851
67853
67854
67859
67896
67912
67916
67921
67930
67952
67956
67971
67976
67996
68008
68010
68015
68016
68047
68090
68092
68093
68098
68110
68114
68119
68120
68146
68147
68150
68150
68160
68206
68208
68229
68243
68248
68270
68308
68329
68336
68362
68363
68365
68372
68374
68382
68385
68393
68417
68422
68438
68441
68452
68456
68471
68479
68482
68496
68497
68515
68551
68560
68568
68576
68584
68584
68594
68624
68625
68630
68631
68632
68635
68642
68645
68650
68652
68658
68673
68692
68700
68708
68710
68715
68716
68729
68758
68763
68777
68781
68816
68854
68858
68870
68871
68886
68888
68893
68895
68903
68907
68923
68924
68970
68979
68993
68993
69020
69021
69035
69044
69048
69054
69057
69063
69071
69129
69130
69154
69156
69158
69160
69165
69182
69227
69228
69236
69250
69271
69274
69279
69283
69289
69298
69306
69309
69314
69315
69330
69343
69351
69359
69371
69372
69389
69391
69393
69398
69407
69409
69424
69437
69441
69451
69451
69455
69461
69467
69504
69510
69512
69516
69528
69533
69544
69555
69571
69574
69575
69576
69579
69584
69594
69605
69605
69615
69623
69630
69631
69656
69658
69727
69729
69758
69760
69773
69775
69796
69808
69834
69845
69876
69876
69880
69883
69883
69894
69910
69912
69934
69934
69953
69957
69972
69979
69984
69986
69992
70009
70022
70023
70065
70068
70088
70111
70111
70113
70116
70123
70138
70154
70161
70162
70169
70183
70216
70217
70245
70251
70257
70267
70274
70278
70285
70292
70315
70321
70329
70333
70365
70365
70366
70386
70391
70396
70399
70409
70409
70419
70439
70442
70449
70460
70465
70469
70476
70487
70488
70497
70501
70502
70506
70531
70534
70558
70560
70587
70588
70589
70590
70594
70625
70627
70627
70645
70651
70655
70662
70671
70688
70712
70737
70744
70750
70755
70762
70796
70803
70806
70810
70825
70826
70829
70833
70841
70846
70847
70854
70862
70869
70876
70877
70879
70881
70895
70901
70903
70908
70909
70931
70949
70964
70964
70971
70981
70987
71016
71051
71064
71078
71103
71108
71116
71117
71119
71122
71144
71154
71158
71162
71164
71167
71175
71178
71180
71181
71231
71237
71237
71237
71240
71251
71320
71320
71333
71346
71347
71369
71373
71388
71396
71416
71421
71427
71428
71432
71444
71470
71498
71499
71513
71548
71549
71569
71572
71598
71602
71606
71616
71631
71634
71634
71637
71643
71643
71645
71649
71683
71685
71695
71696
71708
71710
71715
71721
71721
71727
71733
71744
71750
71779
71784
71805
71814
71838
71853
71854
71863
71866
71871
71878
71878
71887
71890
71894
71896
71922
71925
71943
71949
71978
71984
72006
72015
72019
72024
72025
72026
72052
72093
72093
72102
72108
72132
72135
72142
72142
72148
72148
72148
72149
72165
72189
72200
72222
72224
72246
72273
72290
72318
72329
72338
72358
72374
72418
72422
72422
72428
72467
72474
72481
72488
72496
72504
72506
72507
72510
72511
72512
72517
72520
72521
72525
72527
72541
72564
72584
72588
72594
72598
72614
72619
72622
72639
72649
72658
72661
72664
72679
72681
72683
72691
72701
72706
72720
72733
72735
72746
72746
72764
72772
72774
72780
72782
72785
72789
72810
72824
72844
72848
72859
72860
72868
72873
72875
72887
72906
72914
72914
72916
72930
72964
72972
72976
72983
73008
73012
73021
73030
73031
73049
73097
73108
73140
73162
73181
73185
73196
73198
73201
73210
73232
73236
73246
73255
73261
73273
73282
73283
73295
73296
73297
73317
73325
73328
73336
73347
73385
73394
73423
73437
73438
73440
73452
73465
73485
73505
73509
73516
73525
73529
73530
73531
73534
73537
73548
73551
73554
73565
73585
73607
73613
73625
73633
73634
73639
73653
73665
73669
73700
73727
73730
73735
73748
73751
73754
73769
73770
73783
73811
73826
73826
73830
73838
73859
73873
73882
73884
73884
73889
73909
73915
73919
73974
73982
73986
73994
73995
74006
74012
74027
74031
74035
74048
74055
74073
74082
74087
74099
74101
74102
74119
74124
74125
74135
74140
74179
74180
74239
74266
74277
74280
74281
74282
74284
74284
74324
74325
74328
74348
74364
74372
74377
74402
74403
74416
74416
74417
74421
74423
74427
74428
74434
74437
74457
74458
74467
74468
74495
74499
74501
74505
74511
74520
74534
74535
74543
74580
74590
74605
74611
74615
74617
74624
74636
74637
74639
74665
74675
74675
74696
74710
74714
74720
74722
74726
74732
74749
74755
74775
74786
74800
74805
74806
74812
74815
74819
74862
74874
74916
74926
74932
74936
74937
74942
74953
74962
74980
74985
74995
74998
74999
75020
75035
75035
75035
75076
75080
75081
75081
75084
75087
75089
75096
75112
75126
75126
75139
75147
75150
75158
75170
75176
75182
75204
75204
75209
75213
75220
75222
75231
75284
75294
75297
75321
75325
75332
75333
75336
75342
75348
75370
75393
75395
75405
75409
75409
75449
75462
75466
75473
75482
75493
75501
75501
75504
75506
75527
75528
75548
75555
75569
75576
75612
75634
75636
75643
75650
75650
75659
75660
75702
75717
75724
75744
75748
75753
75763
75775
75782
75808
75809
75827
75828
75832
75833
75837
75837
75839
75845
75851
75872
75874
75887
75889
75890
75892
75905
75933
75933
75935
75948
75963
75964
75974
75977
75980
75985
75991
75999
76014
76019
76024
76060
76063
76066
76069
76109
76120
76146
76147
76170
76187
76192
76202
76205
76206
76218
76224
76225
76232
76238
76271
76273
76305
76325
76336
76338
76379
76387
76407
76424
76426
76436
76437
76439
76440
76443
76460
76507
76508
76522
76538
76551
76563
76566
76568
76588
76616
76621
76653
76664
76670
76680
76693
76696
76722
76725
76727
76738
76752
76765
76779
76787
76793
76796
76802
76833
76838
76859
76863
76875
76878
76880
76900
76900
76901
76906
76915
76953
76968
76971
76972
76974
76977
76987
76994
77000
77014
77020
77025
77034
77050
77058
77061
77068
77070
77079
77097
77140
77148
77152
77162
77165
77170
77194
77213
77216
77220
77253
77257
77292
77292
77293
77313
77318
77334
77343
77347
77347
77349
77372
77386
77399
77399
77400
77401
77413
77415
77426
77497
77498
77501
77513
77540
77558
77570
77570
77582
77587
77590
77593
77594
77605
77613
77615
77628
77639
77640
77652
77679
77683
77688
77692
77719
77725
77730
77742
77752
77764
77774
77788
77789
77798
77804
77817
77845
77847
77882
77887
77900
77907
77933
77961
77999
78000
78004
78012
78014
78021
78031
78040
78044
78052
78059
78098
78103
78104
78116
78138
78145
78148
78159
78161
78161
78180
78189
78193
78202
78204
78205
78205
78206
78208
78223
78224
78234
78248
78261
78261
78265
78268
78323
78328
78329
78337
78385
78386
78411
78414
78435
78487
78494
78513
78521
78531
78540
78541
78541
78543
78565
78577
78583
78594
78624
78624
78672
78687
78694
78694
78696
78703
78728
78744
78766
78776
78780
78788
78799
78823
78858
78863
78868
78883
78888
78889
78893
78908
78914
78921
78923
78934
78939
78941
78943
78955
78956
78964
78982
78983
79010
79020
79023
79024
79034
79035
79047
79049
79055
79078
79087
79089
79104
79111
79114
79114
79143
79148
79162
79176
79177
79201
79201
79204
79213
79226
79285
79288
79290
79297
79297
79304
79314
79325
79326
79328
79351
79351
79356
79361
79405
79408
79433
79441
79477
79485
79489
79494
79505
79511
79517
79534
79544
79556
79561
79590
79595
79618
79627
79628
79638
79646
79655
79659
79668
79670
79677
79679
79697
79714
79715
79747
79760
79761
79772
79824
79831
79840
79869
79870
79874
79876
79885
79886
79888
79908
79910
79924
79944
79946
79953
79964
79990
80002
80014
80018
80022
80023
80030
80034
80040
80043
80072
80076
80077
80086
80096
80105
80114
80158
80175
80198
80199
80207
80231
80264
80265
80268
80279
80284
80288
80302
80304
80307
80312
80328
80329
80332
80335
80336
80367
80387
80404
80424
80437
80441
80443
80454
80472
80484
80493
80519
80556
80557
80565
80565
80565
80577
80589
80590
80594
80596
80598
80616
80622
80627
80627
80638
80640
80648
80656
80657
80657
80675
80688
80693
80694
80711
80724
80760
80760
80762
80778
80783
80795
80805
80806
80814
80823
80837
80844
80850
80864
80901
80909
80916
80917
80918
80940
80943
80946
80963
80964
80975
80988
81008
81027
81040
81058
81062
81063
81074
81093
81102
81107
81115
81115
81126
81137
81165
81170
81181
81212
81213
81252
81298
81300
81306
81315
81319
81322
81324
81335
81339
81341
81351
81358
81363
81380
81381
81381
81386
81399
81414
81418
81423
81440
81451
81455
81456
81469
81492
81501
81507
81508
81520
81521
81522
81526
81533
81535
81545
81553
81562
81571
81581
81616
81628
81628
81642
81652
81657
81674
81693
81725
81731
81762
81767
81776
81786
81789
81801
81801
81807
81816
81833
81852
81873
81893
81897
81903
81923
81938
81946
81955
81986
82007
82016
82031
82037
82037
82038
82041
82042
82056
82080
82085
82088
82090
82096
82105
82105
82109
82147
82157
82176
82201
82222
82223
82227
82234
82252
82256
82263
82271
82271
82285
82285
82290
82297
82301
82324
82325
82340
82369
82371
82371
82376
82380
82381
82384
82388
82392
82398
82436
82457
82465
82475
82475
82486
82489
82499
82534
82541
82549
82550
82551
82553
82555
82567
82571
82586
82591
82593
82599
82613
82627
82629
82644
82683
82697
82705
82724
82728
82729
82742
82781
82783
82794
82798
82815
82822
82828
82839
82847
82868
82873
82890
82912
82921
82927
82936
82939
82942
82955
82972
82979
82980
82983
83022
83023
83024
83038
83050
83051
83059
83075
83077
83088
83091
83096
83099
83114
83137
83144
83154
83163
83165
83166
83176
83185
83192
83194
83206
83209
83231
83249
83280
83298
83307
83310
83335
83343
83347
83350
83354
83355
83380
83387
83395
83407
83429
83431
83433
83442
83446
83455
83458
83458
83475
83501
83502
83503
83507
83523
83540
83555
83555
83559
83570
83577
83583
83587
83594
83596
83606
83630
83649
83651
83654
83661
83663
83705
83721
83729
83755
83759
83782
83794
83795
83800
83804
83811
83817
83825
83829
83829
83838
83849
83850
83853
83866
83886
83894
83907
83912
83958
83979
83981
83985
83994
83997
84012
84016
84024
84030
84037
84070
84074
84086
84121
84127
84130
84134
84138
84144
84145
84221
84235
84244
84247
84265
84277
84340
84341
84347
84350
84402
84412
84423
84438
84452
84454
84468
84472
84496
84499
84503
84504
84514
84520
84522
84531
84542
84546
84553
84560
84563
84574
84581
84584
84586
84586
84587
84597
84598
84604
84606
84613
84617
84647
84661
84673
84686
84701
84720
84725
84732
84735
84774
84796
84797
84806
84813
84818
84821
84826
84827
84836
84841
84851
84859
84877
84892
84896
84915
84916
84930
84949
84956
84961
84969
84985
84989
85000
85001
85007
85011
85031
85039
85042
85069
85080
85081
85085
85089
85092
85100
85127
85129
85140
85161
85164
85174
85176
85195
85198
85226
85241
85248
85253
85285
85298
85302
85302
85306
85312
85315
85364
85368
85403
85414
85421
85446
85451
85453
85463
85471
85485
85486
85519
85533
85557
85565
85567
85595
85612
85614
85620
85630
85652
85660
85670
85697
85708
85730
85740
85751
85754
85759
85766
85767
85771
85776
85776
85777
85789
85797
85799
85806
85819
85826
85835
85835
85839
85842
85856
85871
85872
85880
85882
85903
85909
85909
85910
85931
85938
85951
85958
85965
85971
85972
85986
86002
86003
86007
86007
86011
86012
86016
86020
86031
86032
86032
86035
86039
86042
86109
86149
86178
86180
86189
86201
86203
86206
86213
86232
86245
86248
86259
86279
86285
86290
86300
86310
86319
86327
86328
86335
86341
86343
86349
86352
86357
86358
86362
86372
86381
86408
86418
86439
86449
86500
86502
86519
86527
86547
86558
86586
86588
86588
86601
86608
86668
86668
86679
86682
86683
86684
86715
86736
86742
86745
86756
86765
86791
86795
86798
86799
86809
86822
86827
86836
86838
86841
86885
86889
86891
86899
86919
86925
86929
86943
86953
86953
86965
86974
87008
87055
87060
87068
87074
87099
87111
87114
87117
87121
87123
87125
87143
87176
87177
87182
87185
87187
87210
87213
87215
87223
87223
87228
87228
87234
87246
87265
87287
87293
87295
87295
87301
87312
87315
87323
87347
87347
87358
87371
87371
87371
87382
87386
87388
87390
87391
87397
87402
87402
87418
87423
87435
87438
87447
87466
87473
87475
87492
87494
87515
87532
87533
87536
87559
87568
87570
87571
87593
87593
87599
87600
87614
87644
87649
87653
87653
87669
87691
87696
87714
87714
87715
87719
87723
87731
87738
87745
87751
87773
87792
87805
87813
87815
87825
87834
87846
87846
87854
87869
87884
87901
87921
87922
87929
87934
87942
87947
87963
87964
87968
87970
87970
87975
87975
87988
88010
88015
88029
88039
88040
88041
88042
88064
88065
88070
88070
88100
88106
88112
88139
88162
88165
88170
88215
88229
88232
88245
88253
88253
88256
88256
88262
88274
88292
88329
88336
88389
88390
88392
88392
88399
88407
88407
88413
88414
88465
88474
88482
88492
88493
88496
88502
88539
88551
88551
88552
88558
88562
88564
88570
88572
88575
88575
88589
88610
88614
88633
88634
88644
88644
88652
88656
88660
88671
88675
88685
88690
88693
88719
88723
88739
88745
88748
88753
88759
88770
88773
88778
88793
88814
88824
88853
88857
88858
88871
88879
88900
88903
88904
88905
88912
88917
88923
88940
88946
88967
88971
88976
88991
88992
88995
88995
89001
89001
89013
89021
89047
89081
89084
89102
89106
89112
89114
89132
89133
89147
89170
89199
89228
89233
89271
89278
89278
89284
89299
89302
89304
89308
89310
89312
89326
89335
89340
89344
89345
89346
89348
89349
89358
89372
89378
89383
89386
89395
89421
89423
89431
89456
89462
89496
89501
89517
89550
89561
89588
89604
89634
89636
89646
89647
89675
89683
89684
89696
89697
89705
89711
89716
89717
89741
89742
89749
89758
89765
89772
89784
89784
89798
89803
89804
89804
89804
89814
89820
89823
89835
89845
89847
89852
89863
89879
89890
89896
89904
89916
89919
89921
89934
89942
89955
89959
89967
89983
89985
90018
90028
90048
90056
90058
90065
90068
90077
90085
90086
90104
90104
90129
90141
90143
90153
90155
90163
90172
90176
90203
90240
90246
90260
90260
90266
90273
90294
90300
90320
90329
90330
90340
90345
90346
90350
90365
90367
90368
90371
90378
90379
90389
90389
90392
90394
90395
90397
90400
90419
90425
90427
90428
90431
90434
90436
90437
90438
90463
90484
90492
90507
90513
90516
90519
90534
90551
90556
90578
90580
90613
90633
90655
90657
90670
90683
90694
90700
90706
90726
90727
90728
90737
90750
90758
90760
90763
90808
90832
90835
90839
90857
90865
90866
90867
90871
90877
90882
90884
90892
90893
90919
90943
90968
90971
90973
90974
90982
90983
90990
91001
91010
91013
91023
91027
91030
91056
91059
91065
91066
91071
91094
91099
91103
91107
91133
91162
91179
91188
91191
91194
91196
91197
91207
91219
91242
91242
91244
91250
91272
91299
91301
91303
91320
91326
91337
91352
91365
91370
91376
91392
91397
91398
91399
91411
91449
91452
91456
91497
91505
91511
91535
91551
91579
91599
91639
91652
91672
91679
91681
91685
91691
91703
91713
91721
91737
91745
91755
91763
91765
91772
91782
91784
91800
91801
91802
91808
91822
91849
91867
91870
91874
91889
91901
91931
91939
91946
91949
91950
91996
92007
92010
92020
92037
92037
92071
92073
92079
92080
92100
92100
92122
92136
92146
92150
92150
92188
92191
92199
92200
92213
92224
92232
92242
92248
92266
92273
92278
92306
92316
92351
92356
92384
92399
92405
92411
92413
92414
92434
92440
92448
92449
92451
92462
92477
92482
92526
92549
92571
92589
92594
92601
92611
92612
92613
92615
92626
92630
92652
92658
92667
92674
92675
92676
92686
92699
92700
92705
92718
92727
92727
92740
92754
92769
92771
92771
92778
92779
92781
92784
92789
92796
92801
92807
92823
92860
92861
92867
92868
92870
92873
92877
92889
92894
92898
92901
92926
92938
92963
92987
93003
93012
93056
93062
93073
93081
93106
93107
93110
93125
93132
93149
93153
93159
93160
93161
93172
93189
93200
93212
93219
93227
93234
93236
93254
93266
93275
93277
93281
93289
93293
93295
93331
93336
93337
93346
93350
93358
93365
93366
93390
93397
93398
93410
93418
93428
93445
93447
93451
93452
93462
93474
93476
93477
93477
93478
93490
93505
93512
93514
93514
93520
93521
93537
93551
93562
93570
93577
93584
93591
93601
93602
93607
93642
93658
93667
93668
93674
93677
93683
93686
93706
93726
93726
93746
93752
93761
93768
93771
93780
93781
93781
93802
93830
93832
93833
93882
93894
93897
93915
93943
93957
93968
93976
94004
94008
94025
94037
94043
94046
94053
94056
94060
94062
94069
94070
94075
94088
94095
94096
94096
94099
94115
94116
94119
94147
94172
94193
94193
94200
94230
94234
94234
94235
94258
94274
94275
94278
94306
94315
94320
94330
94361
94382
94393
94394
94399
94409
94418
94432
94437
94461
94489
94510
94534
94553
94557
94583
94586
94598
94598
94599
94628
94635
94643
94687
94694
94703
94720
94734
94737
94744
94754
94764
94776
94783
94822
94826
94831
94832
94835
94844
94849
94856
94875
94892
94899
94903
94904
94936
94960
94963
94978
94980
94984
94985
94988
94999
94999
95000
95011
95021
95023
95028
95029
95031
95052
95060
95068
95069
95085
95087
95097
95098
95106
95106
95123
95127
95138
95157
95158
95161
95164
95176
95183
95192
95222
95225
95226
95253
95260
95273
95278
95295
95298
95317
95320
95327
95330
95338
95339
95343
95348
95355
95359
95367
95378
95378
95393
95436
95455
95459
95468
95473
95488
95490
95498
95510
95512
95515
95523
95535
95546
95548
95564
95582
95583
95589
95593
95595
95596
95604
95610
95614
95623
95626
95645
95649
95657
95659
95659
95662
95674
95684
95691
95695
95704
95706
95726
95728
95736
95764
95771
95812
95858
95865
95883
95889
95903
95905
95905
95908
95910
95919
95929
95930
95935
95939
95944
95949
95970
95971
95978
96001
96001
96010
96011
96016
96036
96038
96088
96090
96092
96093
96094
96099
96101
96104
96147
96158
96164
96178
96183
96184
96212
96217
96221
96234
96247
96255
96262
96280
96280
96282
96313
96327
96335
96339
96340
96346
96350
96350
96363
96367
96370
96375
96392
96394
96395
96399
96411
96438
96461
96463
96478
96485
96511
96514
96522
96523
96524
96525
96530
96537
96546
96556
96564
96571
96571
96575
96580
96596
96602
96608
96625
96633
96637
96641
96648
96651
96654
96675
96681
96682
96684
96697
96698
96707
96712
96715
96725
96734
96741
96743
96744
96758
96758
96768
96776
96788
96796
96797
96809
96821
96828
96856
96874
96875
96878
96884
96895
96910
96910
96917
96921
96922
96932
96949
96958
96982
96985
96987
96991
96994
96997
97012
97016
97026
97027
97041
97048
97050
97052
97052
97053
97077
97119
97128
97132
97144
97167
97171
97176
97194
97202
97212
97218
97234
97235
97258
97273
97273
97285
97307
97315
97319
97320
97325
97334
97335
97340
97347
97348
97361
97367
97376
97380
97395
97402
97403
97408
97411
97426
97432
97446
97451
97458
97501
97506
97511
97535
97539
97546
97553
97557
97569
97571
97594
97603
97622
97629
97682
97682
97714
97721
97732
97733
97735
97739
97748
97751
97751
97754
97760
97767
97771
97779
97781
97806
97813
97823
97844
97850
97853
97856
97860
97886
97888
97900
97921
97924
97929
97935
97936
97944
97958
97967
97971
98010
98015
98022
98023
98070
98080
98089
98101
98102
98104
98106
98108
98119
98120
98133
98136
98138
98140
98156
98169
98175
98183
98185
98186
98192
98200
98206
98219
98222
98223
98224
98229
98239
98254
98255
98292
98296
98302
98306
98309
98311
98311
98314
98316
98352
98359
98367
98370
98371
98372
98377
98383
98386
98409
98418
98431
98444
98452
98455
98467
98486
98490
98515
98519
98523
98537
98558
98570
98578
98583
98596
98610
98613
98615
98616
98618
98619
98632
98636
98647
98651
98657
98667
98689
98707
98729
98756
98769
98780
98781
98782
98789
98806
98823
98829
98832
98835
98841
98843
98854
98864
98866
98877
98883
98888
98909
98929
98930
98930
98931
98937
98951
98968
98974
98978
98985
98988
98990
98995
99024
99025
99026
99026
99028
99038
99051
99070
99081
99082
99088
99111
99112
99120
99123
99123
99124
99124
99128
99128
99133
99134
99147
99150
99158
99165
99194
99225
99229
99231
99238
99254
99256
99256
99259
99262
99278
99302
99303
99319
99325
99332
99338
99363
99367
99368
99373
99394
99402
99408
99432
99446
99458
99466
99466
99482
99485
99488
99488
99491
99521
99525
99545
99557
99574
99590
99593
99611
99625
99638
99642
99670
99678
99701
99710
99710
99714
99735
99741
99751
99754
99785
99809
99814
99830
99842
99861
99901
99904
99907
99911
99926
99928
99944
99980
99981
99984
99997
