2
5
15
20
22
53
59
64
70
75
78
79
92
107
114
140
150
156
158
163
170
177
189
192
202
248
253
258
264
268
310
329
339
345
345
345
351
360
364
378
396
400
435
452
455
471
482
491
497
501
514
534
577
584
601
607
633
660
684
684
685
685
691
692
695
698
708
712
719
724
726
726
726
727
732
751
757
769
770
774
789
792
808
810
824
844
857
858
864
883
909
935
936
939
949
973
992
993
1019
1019
1028
1049
1064
1119
1119
1124
1133
1144
1144
1148
1164
1182
1217
1217
1229
1242
1247
1248
1258
1259
1263
1264
1281
1282
1287
1288
1293
1294
1314
1323
1323
1344
1355
1362
1415
1450
1480
1496
1501
1504
1507
1511
1528
1532
1536
1538
1568
1572
1624
1642
1652
1654
1657
1672
1678
1700
1701
1706
1749
1751
1753
1767
1769
1778
1788
1793
1833
1835
1841
1856
1858
1859
1872
1885
1903
1909
1913
1931
1932
1936
1939
1948
1956
1957
1967
1986
1993
1995
1998
2000
2002
2010
2016
2020
2028
2029
2043
2048
2074
2105
2111
2114
2127
2132
2138
2144
2157
2167
2180
2185
2185
2186
2192
2208
2211
2212
2218
2228
2230
2231
2239
2261
2275
2289
2290
2293
2293
2297
2306
2328
2336
2348
2353
2356
2363
2364
2371
2379
2380
2398
2404
2407
2418
2427
2429
2450
2467
2470
2491
2501
2514
2536
2546
2585
2597
2621
2624
2630
2635
2657
2675
2683
2690
2709
2712
2712
2720
2724
2742
2762
2765
2768
2802
2826
2827
2852
2868
2875
2880
2887
2909
2951
2958
2961
2976
2991
3005
3036
3042
3054
3076
3079
3126
3129
3131
3165
3167
3167
3169
3176
3210
3227
3232
3238
3258
3265
3270
3273
3279
3284
3286
3287
3294
3299
3329
3330
3334
3337
3339
3360
3373
3387
3396
3403
3404
3420
3428
3461
3465
3472
3476
3478
3497
3502
3504
3524
3547
3552
3557
3562
3571
3577
3577
3578
3599
3608
3615
3619
3620
3621
3629
3630
3633
3637
3651
3673
3677
3690
3703
3703
3714
3718
3718
3719
3722
3730
3732
3733
3733
3734
3761
3777
3782
3790
3818
3825
3840
3850
3853
3862
3883
3900
3915
3922
3931
3944
3947
3951
3957
3968
3975
3979
3985
3994
3998
4007
4022
4028
4035
4044
4055
4056
4084
4094
4109
4117
4118
4127
4153
4168
4176
4199
4217
4219
4235
4238
4248
4248
4256
4272
4276
4280
4334
4337
4346
4350
4354
4382
4382
4389
4390
4427
4437
4449
4459
4464
4470
4473
4474
4492
4505
4511
4536
4540
4545
4551
4553
4563
4579
4582
4606
4606
4626
4630
4646
4652
4654
4661
4663
4672
4679
4707
4711
4713
4720
4721
4743
4764
4770
4783
4786
4788
4800
4801
4814
4821
4832
4833
4834
4835
4840
4844
4846
4848
4874
4883
4902
4902
4910
4927
4953
4958
4973
4981
4985
5008
5011
5048
5061
5076
5078
5094
5097
5145
5156
5167
5172
5175
5185
5190
5239
5254
5254
5271
5281
5288
5295
5317
5325
5337
5338
5346
5357
5363
5364
5371
5377
5388
5404
5404
5405
5421
5422
5423
5431
5455
5461
5469
5469
5471
5477
5480
5498
5507
5514
5546
5550
5560
5592
5594
5601
5609
5615
5618
5619
5624
5660
5675
5678
5678
5691
5696
5699
5707
5724
5731
5736
5741
5742
5744
5746
5746
5751
5756
5759
5781
5817
5818
5839
5847
5870
5882
5897
5899
5917
5923
5926
5927
5936
5936
5938
5950
5970
5977
5980
5991
6004
6004
6025
6033
6039
6045
6056
6057
6065
6066
6090
6100
6119
6140
6143
6170
6175
6180
6193
6195
6195
6197
6206
6207
6207
6213
6221
6223
6253
6264
6268
6270
6278
6281
6281
6283
6289
6289
6296
6303
6334
6339
6345
6352
6373
6384
6388
6393
6394
6413
6418
6436
6438
6439
6449
6488
6502
6562
6587
6592
6597
6613
6618
6637
6638
6641
6641
6653
6654
6658
6667
6669
6674
6683
6702
6741
6746
6747
6779
6780
6782
6838
6839
6885
6907
6907
6920
6929
6929
6935
6939
6951
6953
6956
6956
6970
7003
7029
7029
7034
7037
7049
7069
7097
7102
7119
7156
7158
7166
7179
7216
7226
7235
7243
7257
7272
7277
7280
7310
7311
7322
7350
7351
7361
7397
7399
7402
7406
7408
7447
7459
7468
7475
7480
7520
7541
7542
7549
7578
7585
7648
7658
7682
7697
7708
7728
7779
7783
7790
7815
7823
7824
7871
7884
7909
7918
7942
7947
7963
7974
7983
7989
7997
7999
8032
8045
8067
8073
8077
8134
8136
8136
8138
8165
8169
8175
8190
8193
8195
8202
8203
8212
8222
8228
8241
8251
8256
8262
8275
8282
8299
8302
8309
8314
8316
8318
8322
8352
8364
8373
8382
8388
8388
8423
8429
8431
8433
8436
8445
8447
8455
8461
8462
8468
8482
8483
8500
8535
8541
8560
8572
8582
8584
8587
8593
8604
8616
8626
8642
8653
8654
8657
8669
8676
8688
8696
8704
8706
8719
8729
8749
8771
8774
8790
8822
8825
8825
8827
8832
8855
8880
8890
8894
8938
8948
8987
8991
8997
9029
9034
9034
9043
9043
9073
9078
9120
9121
9128
9159
9161
9164
9168
9174
9220
9220
9252
9257
9259
9280
9284
9301
9301
9318
9320
9351
9360
9362
9363
9369
9373
9377
9385
9397
9400
9401
9418
9419
9435
9453
9455
9457
9457
9465
9469
9479
9485
9498
9503
9505
9508
9521
9522
9533
9545
9553
9568
9572
9580
9580
9602
9617
9632
9636
9640
9648
9659
9660
9673
9678
9685
9700
9708
9722
9730
9731
9736
9749
9756
9767
9769
9781
9793
9814
9828
9832
9834
9846
9905
9906
9907
9909
9914
9937
9945
9948
9950
9976
9980
9988
10004
10008
10027
10029
10042
10056
10067
10089
10120
10149
10167
10176
10183
10190
10192
10193
10196
10204
10206
10213
10213
10225
10225
10232
10256
10258
10268
10271
10281
10284
10292
10293
10296
10297
10312
10317
10324
10329
10347
10380
10383
10393
10401
10426
10437
10444
10444
10455
10455
10458
10468
10471
10471
10476
10510
10511
10516
10527
10540
10542
10543
10555
10559
10590
10604
10622
10624
10626
10642
10644
10650
10674
10679
10684
10695
10706
10708
10712
10718
10719
10726
10735
10739
10745
10760
10780
10786
10790
10797
10813
10841
10859
10894
10932
10958
10977
10979
10984
10986
10996
11005
11015
11025
11026
11044
11057
11060
11061
11066
11070
11073
11090
11095
11109
11120
11131
11134
11151
11160
11163
11166
11170
11177
11217
11222
11223
11261
11276
11287
11288
11301
11313
11332
11335
11354
11357
11358
11361
11365
11382
11388
11399
11401
11405
11407
11414
11423
11423
11434
11442
11460
11465
11470
11471
11471
11474
11475
11485
11504
11526
11550
11560
11562
11563
11565
11580
11602
11617
11622
11640
11646
11649
11656
11656
11671
11681
11682
11687
11697
11702
11709
11711
11745
11754
11768
11770
11780
11783
11784
11784
11785
11788
11812
11825
11838
11841
11853
11864
11908
11916
11929
11935
11939
11943
11958
11965
11965
11969
11976
11990
11995
12013
12023
12023
12046
12049
12064
12064
12085
12087
12088
12128
12132
12136
12144
12152
12175
12179
12180
12191
12197
12228
12239
12255
12261
12261
12272
12285
12288
12331
12369
12381
12390
12393
12399
12410
12422
12449
12469
12478
12486
12489
12489
12495
12510
12514
12518
12522
12541
12543
12573
12576
12585
12593
12595
12595
12596
12602
12602
12627
12637
12664
12667
12667
12670
12686
12690
12691
12692
12694
12719
12732
12738
12750
12753
12755
12766
12766
12770
12793
12803
12812
12827
12841
12849
12886
12904
12921
12927
12936
12951
12953
12954
12967
12970
12972
12995
13005
13021
13023
13032
13053
13059
13097
13103
13123
13130
13155
13156
13167
13177
13181
13181
13184
13186
13188
13192
13192
13223
13253
13268
13269
13282
13307
13321
13324
13335
13341
13350
13355
13356
13401
13404
13419
13429
13433
13438
13440
13458
13465
13478
13478
13494
13502
13540
13542
13549
13555
13566
13578
13586
13587
13605
13606
13619
13628
13631
13647
13655
13662
13688
13692
13697
13712
13714
13736
13739
13750
13772
13775
13804
13805
13820
13827
13832
13845
13854
13860
13865
13873
13874
13882
13885
13895
13900
13908
13915
13921
13937
13947
13954
13954
13971
13973
13976
13976
13992
14025
14038
14061
14074
14077
14097
14103
14114
14118
14119
14147
14148
14167
14168
14191
14192
14201
14203
14219
14221
14223
14228
14233
14251
14251
14276
14296
14299
14303
14308
14335
14351
14356
14363
14394
14411
14424
14435
14452
14453
14453
14478
14502
14505
14518
14527
14536
14536
14541
14548
14559
14571
14578
14586
14587
14602
14617
14617
14626
14638
14641
14650
14655
14657
14678
14686
14687
14690
14690
14701
14710
14721
14723
14731
14735
14742
14743
14758
14777
14781
14805
14825
14828
14831
14841
14843
14860
14865
14890
14893
14894
14903
14913
14928
14932
14938
14971
14985
14991
15003
15016
15043
15044
15071
15086
15087
15110
15114
15131
15140
15150
15162
15184
15192
15201
15205
15213
15216
15222
15242
15254
15256
15272
15278
15278
15284
15298
15305
15305
15313
15317
15325
15335
15337
15345
15349
15352
15354
15362
15379
15389
15392
15393
15403
15413
15416
15417
15427
15427
15448
15465
15466
15487
15491
15494
15511
15519
15528
15564
15577
15584
15594
15616
15632
15644
15644
15650
15652
15657
15671
15687
15691
15704
15707
15708
15715
15715
15719
15724
15725
15726
15730
15753
15756
15767
15778
15807
15826
15830
15839
15865
15874
15878
15881
15881
15882
15882
15882
15894
15902
15912
15943
15944
15945
15947
15949
15958
15959
15962
15968
15972
15979
15980
15995
16009
16028
16032
16044
16051
16065
16068
16077
16084
16090
16095
16104
16105
16109
16111
16119
16130
16131
16144
16148
16151
16161
16175
16186
16192
16201
16202
16222
16239
16261
16261
16264
16273
16274
16277
16288
16304
16311
16312
16329
16331
16359
16363
16377
16382
16384
16387
16392
16405
16406
16430
16436
16443
16453
16468
16472
16481
16484
16504
16506
16507
16508
16518
16521
16526
16546
16548
16551
16577
16579
16582
16598
16611
16620
16659
16671
16677
16695
16698
16699
16703
16721
16723
16735
16749
16750
16750
16767
16774
16778
16787
16793
16801
16810
16810
16818
16821
16822
16836
16842
16846
16863
16863
16876
16877
16881
16899
16905
16907
16908
16925
16925
16944
16959
16965
16972
16980
16984
16986
17007
17017
17020
17041
17060
17061
17070
17077
17103
17112
17124
17128
17131
17149
17156
17159
17167
17168
17171
17173
17173
17181
17198
17207
17210
17217
17229
17233
17246
17249
17252
17261
17274
17279
17285
17293
17326
17340
17343
17356
17363
17370
17375
17381
17388
17404
17427
17478
17486
17488
17494
17500
17516
17520
17532
17560
17566
17582
17585
17589
17601
17603
17606
17609
17615
17616
17616
17631
17634
17634
17661
17684
17693
17696
17703
17707
17708
17731
17734
17751
17768
17774
17778
17778
17784
17795
17832
17843
17849
17857
17857
17862
17871
17872
17875
17882
17885
17921
17957
17965
17972
17982
17993
18040
18045
18054
18059
18061
18108
18120
18123
18139
18141
18170
18172
18189
18190
18197
18211
18215
18253
18260
18280
18288
18293
18306
18323
18324
18333
18360
18370
18388
18397
18415
18427
18434
18441
18443
18452
18460
18468
18469
18480
18483
18502
18510
18514
18514
18544
18559
18563
18564
18579
18581
18583
18635
18636
18656
18663
18668
18672
18688
18716
18739
18749
18757
18757
18769
18772
18773
18804
18806
18821
18823
18834
18838
18839
18870
18873
18880
18881
18919
18929
18941
18947
18958
18967
18980
18985
18987
18993
18999
19010
19017
19021
19023
19038
19045
19046
19052
19053
19068
19081
19081
19090
19153
19174
19176
19186
19205
19209
19218
19226
19236
19241
19243
19260
19275
19281
19289
19291
19298
19307
19319
19323
19326
19341
19377
19386
19398
19405
19407
19408
19420
19431
19433
19433
19458
19462
19466
19490
19515
19566
19567
19567
19571
19583
19600
19605
19615
19626
19627
19637
19648
19651
19663
19675
19682
19688
19696
19699
19701
19705
19707
19725
19741
19745
19749
19752
19755
19757
19768
19772
19783
19785
19792
19792
19795
19797
19804
19809
19810
19811
19823
19835
19846
19855
19866
19869
19892
19892
19897
19912
19913
19913
19929
19939
19946
19948
19971
19981
19990
20007
20009
20015
20018
20026
20030
20039
20049
20064
20071
20083
20093
20094
20097
20105
20119
20119
20126
20127
20145
20174
20177
20179
20187
20188
20203
20207
20208
20210
20210
20211
20213
20217
20260
20261
20262
20268
20283
20308
20311
20315
20316
20318
20326
20332
20347
20348
20355
20367
20376
20391
20392
20407
20408
20410
20427
20440
20445
20461
20479
20490
20491
20491
20502
20514
20515
20530
20537
20543
20551
20564
20565
20573
20576
20617
20620
20626
20631
20660
20671
20676
20679
20691
20740
20764
20768
20771
20780
20786
20800
20809
20822
20837
20843
20862
20867
20880
20890
20891
20891
20896
20907
20912
20938
20951
20954
20957
20959
20994
21013
21014
21015
21019
21019
21025
21030
21042
21053
21055
21061
21065
21068
21070
21072
21078
21080
21102
21103
21141
21151
21170
21188
21229
21248
21251
21276
21307
21316
21329
21339
21383
21403
21406
21409
21419
21426
21428
21429
21432
21439
21441
21448
21456
21464
21472
21479
21480
21483
21495
21518
21524
21533
21546
21550
21565
21565
21578
21585
21593
21624
21626
21633
21640
21651
21673
21693
21740
21745
21747
21754
21758
21763
21765
21778
21779
21785
21790
21790
21791
21794
21796
21799
21802
21818
21827
21828
21847
21857
21875
21888
21899
21916
21933
21947
21982
21985
21997
22008
22040
22043
22046
22049
22051
22052
22063
22066
22070
22092
22108
22114
22119
22143
22156
22161
22165
22174
22175
22175
22176
22179
22202
22225
22236
22272
22274
22280
22298
22304
22323
22331
22342
22356
22360
22369
22382
22383
22419
22433
22447
22450
22461
22475
22520
22534
22565
22572
22574
22575
22583
22591
22607
22609
22633
22635
22638
22639
22640
22641
22644
22655
22665
22670
22677
22710
22710
22729
22743
22743
22770
22832
22869
22872
22873
22879
22898
22899
22905
22906
22917
22923
22952
22968
22975
22975
22989
22995
23022
23030
23044
23044
23063
23071
23075
23076
23079
23080
23098
23105
23122
23143
23143
23149
23153
23204
23205
23207
23227
23248
23260
23265
23266
23278
23278
23280
23281
23286
23294
23303
23306
23309
23318
23320
23339
23349
23355
23355
23360
23372
23380
23382
23386
23387
23399
23406
23409
23412
23413
23427
23428
23442
23456
23477
23549
23567
23573
23582
23583
23583
23608
23609
23611
23618
23632
23654
23656
23668
23675
23676
23678
23696
23725
23729
23736
23809
23810
23812
23823
23838
23846
23877
23895
23906
23907
23913
23923
23935
23950
23956
23964
23966
23974
23976
23977
23979
23986
23997
24004
24024
24049
24081
24083
24086
24094
24096
24096
24098
24127
24150
24153
24170
24193
24196
24211
24214
24226
24234
24242
24245
24245
24265
24281
24300
24306
24318
24348
24348
24357
24363
24391
24414
24422
24435
24438
24439
24444
24450
24458
24464
24465
24467
24478
24480
24484
24530
24556
24558
24569
24596
24598
24611
24623
24647
24667
24671
24672
24676
24681
24686
24691
24696
24696
24703
24709
24711
24711
24712
24717
24718
24722
24728
24733
24775
24776
24791
24797
24803
24815
24817
24833
24834
24844
24845
24850
24856
24884
24893
24898
24898
24901
24902
24908
24926
24931
24945
24976
24986
24990
25006
25008
25019
25049
25057
25097
25097
25099
25109
25132
25136
25152
25154
25159
25164
25171
25173
25195
25196
25198
25203
25207
25215
25221
25235
25239
25243
25248
25261
25267
25268
25277
25291
25307
25312
25315
25316
25322
25359
25370
25375
25387
25389
25395
25395
25404
25416
25435
25470
25470
25484
25493
25499
25504
25506
25525
25539
25571
25576
25583
25588
25591
25601
25615
25617
25621
25622
25632
25639
25644
25644
25645
25662
25667
25675
25688
25693
25698
25719
25730
25737
25738
25751
25760
25776
25785
25790
25798
25815
25826
25843
25844
25851
25851
25856
25861
25864
25867
25888
25892
25900
25902
25903
25903
25917
25950
25966
25971
25973
25976
25988
26005
26006
26021
26028
26028
26032
26044
26045
26049
26050
26052
26069
26071
26092
26120
26123
26127
26130
26139
26144
26150
26181
26217
26230
26242
26260
26276
26281
26282
26282
26286
26296
26311
26324
26332
26341
26346
26360
26379
26381
26384
26386
26400
26404
26413
26424
26426
26434
26448
26489
26528
26530
26533
26541
26543
26547
26568
26570
26599
26606
26628
26641
26642
26648
26651
26694
26694
26695
26707
26721
26730
26746
26780
26785
26796
26815
26819
26823
26845
26846
26857
26869
26871
26874
26888
26898
26902
26906
26937
26939
26972
26992
26996
27015
27031
27032
27042
27043
27064
27071
27076
27084
27090
27103
27104
27117
27135
27147
27166
27174
27177
27185
27188
27212
27219
27221
27232
27255
27264
27267
27268
27270
27283
27284
27289
27291
27293
27296
27297
27300
27304
27317
27326
27374
27378
27383
27395
27396
27398
27406
27413
27427
27434
27435
27465
27469
27490
27490
27499
27502
27510
27527
27529
27534
27540
27542
27544
27553
27553
27565
27572
27573
27581
27584
27596
27615
27617
27633
27647
27686
27693
27704
27705
27707
27713
27714
27714
27720
27721
27723
27735
27735
27747
27752
27768
27811
27812
27814
27828
27828
27829
27855
27858
27871
27885
27889
27908
27909
27923
27923
27937
27939
27940
27951
27956
27959
27960
27971
27981
27983
28036
28044
28050
28059
28081
28082
28082
28120
28134
28149
28166
28168
28171
28171
28172
28177
28194
28207
28212
28214
28217
28229
28229
28230
28236
28236
28239
28242
28248
28250
28271
28277
28277
28292
28306
28306
28313
28326
28330
28344
28357
28361
28367
28376
28381
28422
28439
28449
28471
28510
28514
28525
28529
28532
28551
28557
28571
28571
28573
28575
28576
28586
28589
28590
28600
28600
28607
28613
28626
28634
28653
28655
28656
28661
28662
28701
28703
28720
28751
28765
28771
28771
28778
28779
28803
28816
28817
28842
28845
28846
28881
28886
28888
28891
28892
28919
28926
28936
28945
28954
28972
28972
28992
28997
29006
29022
29027
29042
29049
29063
29063
29070
29102
29105
29154
29157
29182
29185
29195
29203
29205
29206
29216
29220
29228
29245
29259
29280
29303
29342
29342
29343
29344
29354
29385
29413
29432
29441
29467
29473
29479
29493
29504
29517
29536
29547
29553
29579
29592
29597
29600
29604
29615
29620
29639
29664
29674
29676
29679
29691
29705
29719
29726
29753
29762
29780
29785
29792
29826
29833
29841
29844
29844
29846
29853
29873
29892
29903
29915
29916
29923
29925
29941
29942
29963
29973
29974
29988
29995
30016
30026
30027
30060
30065
30071
30071
30082
30126
30126
30133
30142
30150
30152
30170
30191
30199
30202
30212
30251
30259
30262
30273
30299
30311
30322
30334
30335
30349
30355
30356
30362
30367
30371
30376
30384
30393
30394
30395
30412
30416
30416
30420
30430
30439
30446
30493
30501
30508
30512
30515
30524
30528
30567
30584
30597
30610
30621
30631
30635
30640
30654
30659
30672
30675
30679
30692
30713
30760
30763
30767
30772
30783
30797
30802
30827
30828
30835
30855
30856
30859
30862
30870
30879
30882
30889
30891
30912
30932
30956
30960
30964
30970
30979
30985
31002
31014
31018
31033
31036
31050
31059
31065
31074
31078
31084
31085
31092
31093
31095
31096
31110
31116
31157
31158
31184
31185
31191
31228
31241
31265
31272
31282
31319
31330
31339
31351
31353
31364
31374
31379
31384
31395
31398
31400
31400
31416
31418
31423
31430
31439
31444
31445
31470
31470
31471
31478
31492
31501
31531
31539
31548
31553
31565
31584
31643
31649
31664
31676
31704
31714
31729
31731
31731
31741
31750
31765
31782
31792
31794
31797
31805
31808
31812
31836
31850
31885
31895
31902
31926
31934
31936
31945
31957
31961
31966
31972
31974
31977
31983
32005
32008
32029
32041
32061
32078
32086
32087
32099
32103
32115
32123
32124
32135
32179
32179
32182
32186
32205
32208
32216
32218
32222
32261
32262
32275
32295
32305
32308
32312
32317
32322
32335
32341
32360
32376
32436
32449
32480
32490
32500
32507
32515
32530
32543
32552
32561
32570
32587
32591
32616
32618
32622
32623
32628
32646
32647
32649
32650
32655
32678
32690
32710
32712
32721
32737
32741
32748
32762
32768
32769
32782
32782
32783
32800
32802
32805
32813
32834
32836
32844
32885
32886
32887
32890
32895
32940
32943
32950
32966
32967
32973
32987
32991
33000
33010
33029
33039
33048
33050
33067
33081
33086
33097
33102
33102
33107
33114
33116
33133
33147
33154
33160
33161
33162
33166
33169
33189
33189
33221
33224
33225
33244
33248
33263
33267
33279
33286
33301
33305
33322
33327
33330
33337
33344
33357
33371
33381
33384
33386
33393
33491
33494
33502
33510
33515
33573
33586
33593
33595
33595
33606
33618
33624
33629
33648
33659
33660
33665
33671
33677
33679
33687
33699
33704
33734
33740
33751
33757
33793
33804
33819
33827
33829
33852
33854
33881
33905
33912
33918
33936
33942
33953
33953
33962
33999
34024
34040
34047
34051
34063
34065
34065
34085
34087
34089
34100
34101
34112
34116
34116
34118
34118
34130
34135
34143
34146
34158
34162
34168
34182
34215
34220
34223
34223
34228
34242
34270
34280
34283
34290
34306
34306
34309
34350
34380
34416
34425
34433
34443
34462
34476
34477
34493
34510
34531
34545
34550
34557
34567
34636
34637
34646
34671
34675
34685
34688
34693
34699
34744
34755
34758
34766
34772
34780
34796
34797
34818
34835
34853
34884
34893
34906
34925
34936
34937
34942
34962
34977
35005
35040
35055
35056
35072
35072
35075
35079
35085
35097
35103
35108
35119
35125
35143
35186
35195
35200
35211
35227
35231
35258
35261
35292
35295
35318
35328
35354
35358
35359
35362
35371
35389
35420
35422
35427
35476
35496
35512
35523
35524
35535
35545
35566
35577
35631
35654
35656
35667
35676
35687
35693
35708
35713
35714
35722
35723
35731
35739
35743
35754
35756
35807
35822
35831
35838
35844
35845
35846
35855
35858
35858
35868
35887
35892
35895
35901
35903
35904
35908
35911
35925
35927
35939
35950
35952
35963
35998
36005
36010
36012
36020
36021
36033
36036
36043
36045
36059
36064
36067
36076
36084
36099
36107
36111
36113
36141
36147
36153
36175
36176
36183
36185
36198
36201
36218
36225
36229
36233
36239
36251
36261
36271
36274
36292
36295
36320
36321
36322
36328
36384
36387
36397
36409
36425
36431
36441
36459
36459
36477
36489
36522
36533
36537
36557
36565
36608
36615
36621
36623
36652
36653
36665
36675
36678
36679
36683
36684
36686
36686
36694
36730
36734
36744
36747
36763
36766
36794
36810
36820
36826
36829
36835
36857
36869
36875
36899
36901
36904
36922
36924
36933
36950
36969
36971
36977
36979
36983
37002
37005
37010
37019
37022
37028
37030
37035
37046
37060
37074
37090
37107
37112
37139
37145
37155
37170
37187
37196
37202
37207
37217
37229
37241
37254
37254
37273
37274
37300
37318
37348
37352
37358
37360
37379
37393
37404
37404
37413
37415
37416
37429
37435
37439
37450
37465
37476
37483
37492
37516
37519
37524
37529
37530
37538
37538
37547
37560
37561
37566
37571
37591
37596
37596
37602
37605
37607
37608
37611
37678
37681
37696
37708
37710
37717
37726
37736
37743
37753
37760
37773
37778
37778
37784
37837
37856
37883
37891
37902
37917
37921
37929
37939
37953
37966
37976
37983
37988
37997
38003
38010
38015
38016
38020
38026
38030
38043
38072
38073
38101
38131
38131
38152
38154
38156
38157
38168
38170
38178
38204
38211
38226
38240
38272
38274
38282
38284
38290
38333
38341
38343
38350
38359
38389
38389
38409
38417
38422
38427
38436
38437
38464
38464
38467
38469
38470
38517
38524
38531
38538
38543
38559
38561
38586
38593
38594
38596
38597
38600
38606
38620
38648
38669
38670
38675
38701
38708
38725
38738
38749
38770
38772
38773
38783
38786
38791
38801
38804
38805
38838
38860
38861
38863
38875
38878
38895
38896
38910
38923
38924
38924
38940
38943
38945
38949
38950
38951
38970
38980
38992
38998
39006
39016
39018
39035
39050
39075
39096
39103
39103
39127
39133
39141
39149
39153
39157
39158
39173
39196
39199
39213
39226
39263
39266
39275
39275
39276
39276
39307
39311
39315
39331
39341
39345
39346
39357
39360
39364
39371
39376
39382
39384
39386
39392
39410
39412
39415
39418
39429
39437
39439
39448
39453
39460
39476
39512
39518
39521
39522
39539
39555
39566
39581
39598
39601
39611
39635
39643
39659
39667
39689
39694
39694
39697
39711
39711
39714
39719
39722
39729
39742
39756
39764
39765
39772
39778
39780
39784
39800
39810
39816
39819
39826
39846
39854
39877
39889
39893
39900
39930
39963
39965
40012
40020
40022
40027
40029
40045
40048
40068
40087
40088
40099
40106
40110
40118
40133
40136
40142
40153
40153
40175
40182
40194
40194
40195
40202
40205
40218
40230
40235
40240
40258
40259
40267
40298
40322
40353
40360
40383
40392
40393
40399
40404
40411
40418
40432
40432
40439
40458
40486
40489
40491
40514
40522
40526
40546
40548
40560
40561
40562
40576
40582
40586
40608
40610
40620
40624
40631
40635
40635
40640
40656
40657
40659
40666
40696
40699
40703
40707
40737
40738
40743
40743
40750
40759
40771
40797
40808
40829
40849
40857
40865
40885
40889
40890
40947
40958
40963
40975
40993
41024
41033
41035
41046
41050
41077
41079
41081
41085
41086
41096
41096
41100
41101
41113
41130
41133
41135
41167
41175
41175
41179
41192
41207
41229
41257
41272
41287
41291
41292
41312
41321
41338
41352
41360
41391
41393
41394
41404
41420
41420
41421
41421
41427
41441
41504
41537
41541
41541
41545
41546
41556
41557
41568
41573
41586
41591
41618
41639
41652
41694
41698
41702
41705
41706
41712
41738
41744
41746
41755
41757
41757
41774
41793
41803
41806
41818
41837
41841
41851
41851
41870
41895
41898
41899
41905
41910
41915
41922
41958
41972
41980
41982
42022
42024
42026
42029
42049
42053
42066
42067
42069
42083
42085
42089
42095
42097
42109
42115
42125
42138
42146
42174
42176
42208
42222
42232
42250
42266
42267
42284
42299
42299
42312
42314
42318
42346
42360
42363
42369
42386
42389
42398
42404
42404
42408
42412
42417
42430
42436
42457
42458
42459
42460
42477
42494
42542
42551
42558
42567
42575
42592
42597
42601
42616
42616
42628
42635
42652
42653
42658
42659
42668
42692
42701
42719
42722
42723
42726
42730
42750
42755
42778
42781
42789
42791
42792
42797
42808
42812
42853
42855
42888
42902
42905
42912
42921
42927
42955
42956
42964
42971
42972
42982
43008
43027
43031
43041
43063
43066
43085
43100
43104
43111
43112
43112
43130
43138
43159
43161
43181
43215
43217
43221
43231
43244
43246
43253
43258
43267
43269
43279
43285
43286
43308
43309
43309
43336
43347
43353
43390
43416
43425
43444
43450
43459
43462
43476
43480
43493
43497
43510
43525
43531
43572
43573
43576
43599
43620
43623
43630
43641
43644
43645
43648
43652
43655
43660
43668
43673
43692
43697
43708
43721
43724
43747
43748
43754
43778
43794
43799
43802
43808
43817
43818
43826
43834
43836
43844
43852
43857
43882
43886
43906
43929
43947
43953
43964
43965
43972
43982
43985
43992
44011
44017
44024
44035
44044
44075
44077
44097
44122
44144
44145
44145
44158
44167
44171
44200
44201
44204
44236
44244
44245
44246
44258
44261
44267
44270
44279
44296
44297
44314
44330
44331
44334
44351
44355
44363
44365
44366
44369
44374
44378
44387
44394
44424
44428
44437
44447
44454
44461
44470
44474
44477
44481
44482
44506
44519
44536
44543
44557
44562
44565
44567
44572
44580
44584
44597
44623
44627
44634
44635
44648
44654
44657
44666
44691
44698
44699
44702
44720
44726
44729
44736
44739
44740
44747
44749
44765
44765
44775
44789
44794
44842
44855
44872
44879
44883
44889
44907
44908
44910
44913
44914
44915
44923
44926
44939
44948
44949
44960
44961
44963
44967
44976
44977
44980
44987
44989
45001
45024
45027
45030
45030
45045
45047
45057
45062
45084
45088
45100
45106
45115
45117
45121
45129
45131
45132
45133
45166
45171
45175
45177
45182
45191
45217
45225
45231
45240
45249
45261
45261
45271
45274
45280
45283
45284
45306
45329
45330
45355
45356
45370
45371
45377
45418
45420
45423
45425
45432
45446
45448
45460
45465
45472
45479
45481
45492
45494
45494
45502
45504
45509
45512
45522
45525
45561
45561
45576
45613
45613
45636
45637
45650
45665
45666
45673
45699
45701
45727
45734
45735
45743
45767
45784
45784
45795
45807
45825
45834
45841
45849
45878
45889
45895
45934
45936
45944
45961
45990
46003
46033
46035
46049
46065
46067
46099
46101
46104
46120
46121
46135
46138
46148
46158
46168
46213
46222
46237
46248
46253
46265
46272
46272
46287
46307
46313
46316
46321
46324
46325
46330
46336
46345
46347
46349
46355
46356
46359
46364
46382
46403
46424
46445
46446
46459
46461
46479
46489
46504
46508
46516
46526
46531
46536
46540
46542
46544
46548
46556
46563
46574
46575
46575
46580
46583
46596
46599
46605
46635
46651
46652
46654
46654
46655
46658
46670
46685
46701
46703
46704
46719
46733
46743
46746
46753
46766
46770
46782
46787
46788
46789
46805
46809
46815
46839
46856
46861
46864
46885
46894
46900
46926
46929
46945
46959
46961
46965
46972
46980
46995
47015
47017
47040
47047
47064
47064
47087
47111
47122
47128
47143
47165
47188
47213
47223
47224
47237
47248
47250
47255
47260
47267
47276
47297
47299
47300
47309
47313
47317
47335
47353
47363
47397
47418
47444
47447
47468
47469
47471
47478
47481
47498
47501
47504
47518
47523
47535
47541
47541
47543
47552
47567
47568
47579
47587
47587
47596
47602
47604
47604
47605
47612
47613
47617
47622
47625
47633
47652
47670
47672
47677
47690
47693
47695
47716
47722
47726
47734
47736
47764
47767
47798
47805
47819
47827
47834
47860
47873
47882
47888
47896
47902
47908
47917
47923
47929
47931
47943
47951
47960
47968
47968
47989
48000
48001
48012
48020
48020
48021
48031
48032
48037
48042
48043
48049
48058
48074
48074
48078
48079
48089
48099
48106
48113
48121
48134
48139
48174
48175
48176
48184
48196
48209
48212
48243
48256
48257
48258
48278
48290
48301
48314
48318
48349
48358
48370
48370
48376
48378
48383
48400
48408
48412
48416
48430
48431
48432
48435
48452
48471
48473
48477
48482
48487
48489
48489
48524
48530
48531
48535
48536
48541
48558
48562
48566
48571
48582
48610
48614
48617
48619
48621
48649
48657
48677
48678
48683
48690
48698
48703
48707
48713
48727
48750
48751
48754
48758
48760
48769
48786
48803
48805
48808
48842
48843
48854
48860
48869
48888
48903
48916
48936
48943
48943
48971
48983
49006
49011
49013
49024
49039
49049
49069
49069
49114
49117
49119
49123
49131
49139
49147
49182
49185
49192
49195
49202
49211
49214
49217
49221
49239
49241
49241
49259
49260
49262
49264
49265
49310
49320
49356
49368
49369
49377
49390
49409
49433
49444
49444
49459
49466
49467
49476
49491
49495
49499
49501
49503
49504
49508
49511
49511
49513
49514
49540
49573
49581
49582
49586
49588
49594
49598
49617
49617
49623
49624
49631
49636
49641
49644
49645
49655
49660
49667
49669
49676
49677
49694
49695
49698
49706
49708
49708
49709
49717
49722
49757
49773
49795
49823
49834
49839
49839
49872
49876
49877
49878
49889
49908
49916
49921
49928
49930
49937
49945
49958
49986
49990
49993
50005
50027
50032
50033
50034
50040
50043
50049
50060
50067
50084
50091
50095
50105
50108
50110
50116
50117
50135
50138
50139
50151
50151
50159
50161
50199
50201
50204
50214
50216
50219
50231
50233
50244
50244
50247
50251
50256
50263
50271
50277
50294
50306
50306
50314
50321
50328
50331
50350
50350
50357
50385
50393
50404
50404
50407
50408
50412
50415
50422
50424
50427
50430
50433
50447
50448
50456
50457
50465
50478
50488
50512
50520
50524
50531
50537
50540
50541
50547
50556
50558
50559
50566
50584
50585
50593
50600
50614
50615
50625
50626
50636
50637
50645
50655
50663
50665
50669
50670
50714
50716
50729
50752
50758
50794
50799
50799
50801
50803
50806
50814
50817
50830
50841
50844
50855
50889
50909
50921
50937
50975
50977
50977
50980
50992
51008
51047
51055
51064
51090
51102
51113
51122
51142
51145
51177
51201
51205
51212
51227
51230
51244
51265
51276
51290
51316
51316
51318
51326
51330
51338
51368
51374
51381
51403
51404
51411
51437
51446
51447
51464
51500
51527
51535
51538
51539
51548
51549
51571
51574
51579
51605
51608
51609
51613
51624
51629
51647
51648
51653
51709
51720
51730
51743
51777
51790
51793
51806
51822
51852
51856
51872
51881
51889
51890
51906
51909
51939
51948
51949
51954
51963
51974
51976
52000
52002
52038
52041
52048
52049
52050
52055
52058
52082
52107
52113
52117
52122
52126
52130
52131
52151
52151
52160
52160
52190
52215
52231
52232
52263
52286
52297
52301
52303
52311
52317
52326
52330
52347
52356
52357
52366
52378
52380
52388
52402
52410
52419
52427
52430
52436
52439
52442
52484
52490
52501
52502
52504
52514
52521
52541
52550
52553
52558
52558
52559
52562
52573
52582
52586
52608
52616
52617
52622
52630
52642
52657
52661
52661
52671
52688
52692
52721
52722
52749
52754
52758
52777
52790
52798
52806
52822
52834
52841
52853
52866
52878
52891
52892
52909
52937
52945
52985
53007
53012
53022
53055
53069
53086
53090
53098
53114
53124
53133
53176
53203
53253
53254
53256
53257
53283
53291
53299
53305
53307
53308
53311
53316
53342
53357
53378
53385
53390
53392
53396
53403
53412
53416
53424
53440
53454
53461
53464
53474
53491
53496
53504
53506
53519
53520
53528
53528
53541
53548
53549
53555
53559
53562
53572
53582
53585
53591
53596
53602
53628
53629
53629
53631
53631
53633
53642
53656
53663
53663
53664
53669
53673
53699
53702
53705
53708
53718
53728
53747
53757
53762
53763
53772
53787
53801
53802
53817
53819
53858
53887
53888
53889
53891
53900
53903
53917
53924
53941
53941
53943
53949
53950
53956
53963
53986
54001
54003
54009
54021
54035
54040
54043
54055
54076
54093
54096
54130
54138
54139
54152
54158
54181
54188
54194
54202
54222
54234
54235
54248
54250
54277
54291
54293
54303
54330
54345
54347
54350
54352
54363
54380
54385
54388
54395
54400
54405
54410
54416
54419
54427
54428
54428
54439
54477
54494
54498
54519
54528
54533
54538
54542
54548
54560
54567
54574
54580
54592
54596
54599
54601
54602
54619
54627
54637
54642
54652
54658
54661
54679
54706
54722
54729
54762
54763
54764
54765
54765
54767
54769
54773
54774
54799
54802
54811
54812
54812
54813
54822
54822
54828
54830
54833
54834
54865
54882
54883
54894
54895
54912
54918
54925
54925
54931
54938
54975
55002
55008
55010
55012
55024
55035
55040
55043
55048
55050
55052
55073
55079
55081
55087
55088
55092
55102
55103
55112
55142
55146
55152
55164
55178
55203
55219
55225
55235
55243
55243
55247
55252
55253
55254
55257
55270
55298
55339
55340
55355
55386
55388
55399
55429
55443
55450
55450
55476
55488
55496
55496
55503
55506
55511
55529
55538
55562
55575
55596
55598
55600
55602
55622
55641
55649
55649
55651
55654
55663
55672
55697
55719
55746
55757
55769
55771
55780
55807
55821
55825
55845
55846
55872
55876
55892
55902
55908
55921
55924
55937
55950
55954
55955
55957
55962
55978
55984
55987
55990
55997
56018
56025
56041
56045
56049
56053
56054
56086
56090
56095
56108
56112
56116
56116
56135
56145
56146
56151
56152
56153
56163
56167
56193
56196
56197
56205
56211
56225
56232
56238
56244
56245
56247
56247
56253
56254
56262
56279
56287
56298
56325
56348
56360
56374
56385
56386
56406
56425
56426
56434
56475
56480
56525
56528
56540
56543
56554
56556
56561
56589
56609
56611
56620
56645
56654
56665
56667
56697
56699
56702
56712
56725
56729
56730
56748
56750
56766
56787
56795
56802
56807
56812
56825
56827
56833
56840
56842
56849
56850
56852
56854
56875
56879
56888
56892
56900
56900
56915
56919
56926
56939
56950
56960
56974
56985
56989
57003
57016
57023
57053
57054
57059
57073
57077
57083
57091
57105
57134
57149
57167
57179
57192
57202
57205
57220
57235
57261
57266
57267
57269
57274
57300
57308
57322
57328
57330
57332
57353
57372
57378
57387
57389
57398
57400
57406
57415
57418
57419
57426
57429
57438
57449
57487
57493
57501
57544
57547
57568
57608
57619
57626
57628
57650
57661
57665
57670
57672
57675
57679
57684
57695
57698
57702
57718
57728
57739
57764
57772
57787
57792
57796
57822
57822
57834
57837
57862
57867
57872
57873
57874
57881
57884
57890
57893
57896
57917
57923
57927
57947
57947
57950
57962
57973
57975
57987
57991
57997
57999
58005
58016
58020
58022
58031
58054
58074
58081
58123
58150
58152
58247
58252
58259
58267
58268
58273
58275
58293
58329
58359
58362
58366
58367
58378
58380
58397
58403
58408
58410
58431
58452
58457
58461
58516
58527
58527
58533
58554
58565
58566
58578
58580
58590
58591
58593
58601
58602
58613
58631
58644
58644
58660
58676
58676
58699
58704
58709
58717
58731
58759
58770
58775
58777
58777
58788
58788
58831
58839
58844
58845
58858
58866
58881
58885
58888
58909
58932
58942
58955
58976
58977
58983
58997
59025
59031
59034
59042
59046
59049
59065
59069
59070
59071
59076
59082
59090
59117
59141
59142
59143
59147
59152
59159
59163
59166
59171
59190
59190
59199
59206
59229
59236
59238
59239
59251
59256
59269
59273
59273
59276
59308
59329
59348
59357
59366
59371
59374
59375
59389
59389
59403
59427
59468
59469
59480
59492
59498
59513
59534
59541
59548
59550
59558
59566
59572
59584
59592
59602
59608
59609
59611
59628
59628
59638
59644
59651
59698
59709
59735
59745
59760
59765
59788
59805
59808
59809
59810
59813
59840
59849
59853
59865
59867
59872
59874
59916
59924
59928
59930
59938
59955
59984
60002
60010
60012
60048
60054
60054
60067
60070
60073
60074
60081
60081
60101
60105
60110
60119
60123
60133
60158
60159
60162
60167
60176
60191
60204
60217
60232
60237
60261
60265
60276
60281
60288
60312
60321
60323
60334
60339
60361
60366
60369
60377
60383
60385
60385
60389
60400
60400
60411
60417
60443
60472
60480
60480
60486
60497
60541
60550
60559
60560
60579
60582
60601
60604
60620
60622
60631
60644
60661
60668
60668
60671
60671
60678
60678
60681
60687
60688
60696
60706
60716
60724
60734
60735
60747
60767
60772
60797
60803
60807
60819
60821
60822
60827
60837
60856
60868
60885
60901
60907
60908
60922
60957
60980
60991
60992
60995
61003
61006
61012
61015
61023
61043
61053
61070
61083
61101
61110
61130
61134
61139
61151
61157
61172
61190
61201
61222
61225
61225
61237
61258
61262
61278
61288
61289
61292
61294
61316
61329
61334
61338
61349
61379
61402
61405
61407
61428
61432
61439
61444
61446
61455
61461
61473
61477
61481
61502
61511
61518
61528
61540
61555
61563
61565
61577
61584
61587
61602
61617
61622
61624
61642
61660
61689
61697
61702
61717
61736
61746
61750
61762
61770
61771
61783
61793
61795
61796
61814
61814
61887
61916
61916
61933
61953
61956
61961
61975
61980
61982
61983
61992
62012
62015
62081
62086
62093
62102
62116
62128
62157
62160
62161
62162
62182
62209
62258
62263
62265
62284
62288
62289
62299
62307
62315
62320
62321
62327
62330
62339
62344
62372
62376
62378
62394
62410
62421
62446
62452
62468
62474
62485
62500
62503
62514
62518
62533
62534
62539
62542
62546
62549
62550
62551
62575
62594
62599
62647
62659
62670
62684
62706
62724
62724
62745
62747
62750
62750
62755
62794
62795
62798
62800
62829
62861
62873
62878
62888
62894
62901
62913
62916
62938
62947
62959
62984
62990
62999
63008
63011
63013
63028
63048
63059
63063
63081
63082
63082
63090
63113
63131
63136
63139
63151
63160
63178
63180
63188
63205
63225
63247
63249
63250
63258
63271
63278
63294
63295
63295
63297
63301
63335
63340
63349
63349
63351
63354
63366
63372
63374
63393
63395
63402
63419
63431
63437
63440
63444
63445
63467
63474
63495
63507
63514
63515
63530
63550
63557
63558
63563
63607
63616
63617
63621
63642
63646
63657
63695
63703
63706
63725
63781
63793
63798
63810
63816
63817
63837
63845
63875
63900
63905
63921
63922
63923
63924
63930
63931
63937
63962
63971
63978
64001
64005
64005
64029
64035
64044
64044
64054
64057
64070
64071
64078
64082
64094
64112
64116
64123
64134
64143
64182
64185
64200
64221
64232
64235
64260
64286
64295
64296
64309
64314
64325
64333
64333
64347
64347
64358
64360
64361
64368
64370
64378
64386
64395
64400
64404
64443
64447
64456
64463
64468
64470
64473
64474
64479
64485
64498
64513
64521
64533
64538
64547
64571
64579
64594
64637
64654
64661
64665
64677
64679
64681
64682
64703
64724
64743
64757
64803
64815
64817
64818
64839
64852
64855
64866
64869
64870
64873
64886
64914
64923
64926
64928
64937
64947
64951
64988
65006
65018
65029
65042
65052
65074
65085
65098
65098
65127
65129
65130
65131
65153
65157
65162
65173
65182
65197
65218
65247
65259
65266
65278
65291
65301
65306
65312
65321
65323
65325
65330
65331
65342
65349
65364
65380
65393
65398
65420
65428
65429
65448
65448
65450
65455
65490
65498
65501
65526
65540
65546
65548
65564
65613
65629
65632
65637
65642
65653
65663
65667
65680
65681
65685
65696
65696
65713
65725
65739
65740
65760
65785
65824
65826
65828
65831
65836
65858
65858
65866
65879
65880
65885
65923
65926
65936
65952
65982
65982
65988
65992
66004
66010
66039
66075
66129
66135
66138
66141
66142
66148
66151
66202
66226
66244
66255
66258
66285
66314
66323
66330
66331
66333
66346
66350
66356
66357
66362
66363
66380
66381
66383
66384
66387
66388
66413
66415
66417
66420
66426
66438
66449
66461
66480
66482
66491
66501
66502
66505
66526
66538
66547
66549
66574
66597
66599
66599
66601
66604
66606
66607
66608
66609
66624
66632
66644
66648
66662
66663
66686
66697
66698
66713
66729
66734
66738
66753
66772
66774
66806
66814
66832
66834
66844
66882
66901
66918
66928
66937
66941
66957
66972
66977
66980
66987
66993
66995
66995
66996
66999
67011
67022
67038
67048
67062
67064
67068
67116
67122
67134
67135
67146
67171
67172
67179
67183
67184
67184
67184
67191
67201
67203
67203
67206
67221
67224
67228
67236
67263
67282
67287
67289
67291
67292
67303
67306
67308
67315
67324
67341
67341
67341
67357
67398
67399
67407
67410
67411
67417
67447
67447
67452
67461
67472
67494
67514
67524
67530
67552
67566
67574
67574
67578
67585
67590
67598
67647
67652
67655
67667
67672
67692
67704
67731
67737
67739
67740
67752
67786
67792
67805
67817
67826
67833
67859
67863
67865
67871
67883
67885
67896
67902
67909
67921
67927
67928
67937
67940
67946
67946
67992
67995
67996
68012
68015
68017
68036
68039
68056
68061
68069
68086
68086
68087
68106
68108
68114
68131
68134
68137
68139
68144
68163
68172
68173
68190
68199
68211
68213
68233
68243
68247
68251
68254
68260
68311
68316
68396
68418
68430
68439
68441
68449
68464
68465
68466
68467
68482
68482
68497
68505
68519
68521
68531
68544
68544
68561
68565
68570
68576
68585
68586
68605
68613
68624
68647
68673
68687
68703
68728
68732
68735
68741
68741
68743
68746
68749
68750
68757
68761
68776
68777
68803
68806
68811
68821
68825
68838
68839
68842
68864
68889
68894
68916
68921
68939
68952
68969
68971
68974
68977
68991
69001
69005
69022
69043
69063
69084
69089
69094
69098
69101
69104
69104
69109
69132
69138
69143
69160
69169
69169
69178
69181
69184
69215
69269
69312
69318
69330
69346
69358
69364
69397
69402
69420
69422
69436
69439
69443
69457
69469
69474
69487
69496
69529
69529
69534
69553
69567
69568
69573
69577
69579
69585
69589
69602
69619
69624
69631
69636
69641
69648
69649
69675
69681
69682
69687
69691
69692
69701
69706
69748
69754
69781
69791
69798
69802
69816
69817
69819
69832
69839
69843
69862
69864
69872
69876
69896
69903
69913
69920
69943
69958
69966
69966
69968
69983
69989
69992
69994
69996
70026
70029
70037
70044
70068
70086
70088
70092
70093
70104
70105
70114
70124
70125
70128
70128
70129
70131
70133
70137
70139
70152
70172
70201
70204
70207
70217
70221
70227
70238
70267
70271
70275
70282
70286
70291
70297
70329
70339
70345
70369
70376
70388
70394
70416
70448
70450
70453
70458
70469
70475
70480
70482
70485
70496
70505
70507
70507
70514
70528
70535
70547
70560
70561
70577
70594
70621
70627
70638
70649
70653
70656
70661
70663
70667
70675
70707
70719
70745
70761
70761
70789
70790
70791
70796
70797
70799
70805
70808
70833
70834
70838
70846
70876
70878
70889
70928
70929
70944
70947
70962
70968
70972
70976
70981
70983
70989
70993
71004
71009
71016
71020
71031
71032
71034
71046
71049
71057
71068
71074
71075
71080
71084
71085
71089
71109
71113
71129
71155
71166
71180
71188
71189
71189
71194
71202
71206
71210
71273
71280
71303
71307
71312
71332
71341
71355
71369
71391
71394
71394
71417
71421
71433
71433
71435
71440
71442
71455
71478
71485
71486
71494
71495
71504
71520
71524
71533
71553
71554
71575
71590
71606
71611
71619
71627
71642
71653
71677
71686
71693
71712
71732
71738
71759
71759
71762
71770
71782
71785
71800
71817
71817
71821
71837
71848
71861
71869
71890
71891
71896
71901
71902
71908
71916
71934
71937
71938
71944
71949
71957
71976
71978
72001
72002
72011
72012
72013
72064
72089
72092
72093
72098
72101
72108
72114
72118
72119
72120
72124
72128
72137
72186
72192
72204
72211
72217
72239
72253
72257
72284
72331
72335
72341
72369
72373
72388
72398
72403
72412
72454
72492
72546
72551
72555
72582
72599
72605
72623
72623
72626
72629
72631
72637
72643
72656
72662
72664
72707
72751
72772
72786
72787
72794
72796
72801
72812
72814
72815
72819
72830
72833
72843
72843
72845
72846
72854
72855
72857
72860
72860
72870
72877
72880
72893
72898
72904
72906
72915
72918
72930
72938
72939
72940
72957
72985
72996
73004
73023
73034
73041
73056
73059
73064
73064
73066
73066
73071
73095
73097
73104
73107
73135
73149
73156
73163
73166
73167
73172
73174
73175
73189
73195
73195
73215
73217
73221
73240
73246
73255
73259
73268
73275
73285
73310
73312
73312
73316
73322
73339
73347
73355
73380
73381
73383
73394
73404
73416
73438
73455
73462
73472
73476
73480
73507
73515
73517
73525
73535
73548
73549
73557
73572
73575
73577
73583
73588
73594
73600
73606
73609
73651
73652
73658
73675
73676
73698
73707
73713
73714
73747
73748
73768
73798
73799
73804
73807
73816
73821
73825
73839
73843
73847
73856
73883
73884
73887
73907
73909
73918
73921
73953
74003
74040
74049
74077
74078
74080
74084
74097
74101
74101
74122
74123
74134
74134
74160
74168
74173
74186
74189
74225
74233
74237
74249
74249
74250
74264
74266
74269
74272
74285
74287
74294
74337
74349
74395
74402
74403
74406
74423
74435
74435
74436
74450
74454
74456
74495
74497
74500
74501
74514
74514
74516
74521
74522
74524
74530
74533
74533
74537
74540
74546
74572
74572
74575
74577
74602
74606
74611
74613
74616
74647
74648
74653
74656
74657
74658
74664
74665
74775
74790
74793
74820
74823
74827
74831
74835
74836
74840
74845
74850
74857
74866
74905
74907
74920
74933
74946
74955
74959
74963
74964
74966
74969
74986
74989
75002
75006
75008
75011
75020
75022
75028
75043
75053
75053
75066
75079
75105
75114
75120
75130
75139
75145
75170
75182
75191
75192
75208
75209
75214
75232
75234
75236
75255
75255
75269
75274
75284
75327
75332
75337
75339
75345
75351
75352
75358
75361
75381
75405
75414
75416
75422
75429
75441
75442
75468
75471
75473
75481
75485
75488
75495
75495
75498
75499
75508
75524
75537
75544
75554
75555
75558
75560
75570
75573
75578
75583
75597
75617
75627
75664
75671
75694
75709
75711
75721
75725
75726
75735
75754
75761
75766
75788
75792
75797
75799
75801
75801
75847
75850
75876
75881
75902
75906
75909
75909
75912
75946
75980
75988
76006
76007
76013
76018
76020
76030
76035
76035
76041
76057
76067
76067
76068
76108
76119
76128
76148
76157
76158
76248
76263
76272
76294
76297
76309
76317
76317
76332
76341
76344
76367
76368
76371
76382
76386
76392
76401
76408
76429
76432
76464
76464
76465
76468
76468
76475
76477
76482
76498
76501
76505
76507
76538
76540
76553
76571
76581
76590
76595
76604
76607
76608
76609
76613
76614
76624
76625
76653
76657
76668
76672
76680
76699
76705
76713
76716
76736
76742
76758
76761
76762
76763
76796
76799
76804
76811
76812
76831
76836
76850
76877
76879
76885
76885
76885
76908
76931
76953
76988
76995
76998
77011
77014
77016
77021
77025
77028
77042
77053
77059
77066
77079
77080
77093
77095
77098
77108
77114
77133
77138
77144
77147
77148
77154
77169
77197
77208
77211
77211
77211
77229
77241
77246
77256
77266
77288
77306
77309
77313
77328
77333
77344
77348
77351
77355
77372
77379
77382
77402
77449
77466
77493
77521
77525
77529
77554
77568
77586
77593
77603
77610
77611
77616
77628
77629
77632
77646
77667
77667
77684
77710
77711
77722
77738
77745
77752
77756
77766
77783
77806
77807
77807
77809
77812
77825
77832
77853
77897
77900
77901
77902
77908
77910
77916
77920
77925
77939
77948
77949
77954
77962
77969
77979
77995
78005
78014
78030
78033
78036
78046
78059
78062
78069
78084
78096
78120
78129
78132
78154
78159
78164
78167
78199
78202
78203
78223
78252
78273
78288
78295
78301
78307
78313
78314
78319
78320
78324
78326
78358
78370
78378
78378
78383
78388
78389
78393
78394
78399
78406
78408
78409
78410
78411
78419
78424
78426
78427
78430
78441
78442
78444
78455
78455
78463
78467
78468
78472
78474
78483
78490
78495
78524
78534
78546
78571
78577
78582
78588
78589
78612
78619
78621
78638
78646
78652
78661
78676
78678
78686
78687
78706
78708
78717
78721
78728
78748
78752
78768
78768
78789
78807
78853
78855
78867
78889
78891
78902
78909
78913
78923
78932
78934
78944
78948
78969
78978
78980
79011
79015
79023
79033
79043
79048
79052
79069
79082
79092
79093
79117
79136
79138
79147
79150
79153
79176
79201
79202
79216
79222
79231
79237
79252
79253
79253
79255
79260
79270
79274
79298
79313
79322
79322
79323
79327
79336
79337
79343
79344
79351
79374
79380
79385
79399
79412
79436
79436
79445
79450
79479
79487
79490
79494
79494
79514
79518
79522
79523
79524
79541
79546
79568
79584
79589
79590
79625
79626
79641
79646
79648
79661
79674
79681
79698
79709
79725
79735
79744
79751
79775
79778
79778
79781
79786
79803
79803
79816
79823
79860
79861
79879
79901
79905
79912
79944
79945
79963
79980
79988
79992
80041
80065
80104
80129
80133
80133
80135
80146
80163
80173
80177
80179
80225
80248
80269
80272
80278
80292
80311
80340
80365
80386
80408
80409
80430
80435
80444
80447
80448
80454
80457
80459
80465
80466
80476
80477
80495
80509
80523
80532
80542
80568
80582
80591
80593
80611
80625
80638
80697
80697
80704
80725
80728
80729
80736
80747
80759
80768
80778
80782
80783
80786
80796
80824
80828
80837
80839
80840
80859
80860
80907
80916
80934
80936
80972
80975
80987
81007
81011
81012
81021
81043
81050
81063
81064
81085
81097
81099
81117
81124
81125
81129
81136
81141
81144
81156
81157
81223
81251
81254
81265
81268
81290
81296
81298
81300
81320
81322
81327
81328
81329
81334
81345
81347
81353
81359
81361
81362
81365
81370
81385
81418
81419
81422
81442
81454
81455
81463
81463
81464
81475
81479
81494
81506
81508
81516
81517
81520
81521
81527
81548
81553
81555
81573
81579
81583
81587
81616
81619
81626
81631
81635
81669
81670
81674
81676
81688
81693
81694
81705
81711
81713
81714
81720
81752
81769
81812
81812
81827
81850
81853
81856
81867
81879
81888
81897
81901
81908
81910
81930
81941
81942
81949
81950
81955
81957
81962
81983
81988
81994
82000
82004
82021
82053
82061
82063
82065
82088
82093
82103
82119
82155
82171
82182
82197
82218
82220
82250
82263
82267
82273
82280
82295
82319
82349
82359
82365
82367
82368
82380
82380
82381
82419
82426
82437
82440
82448
82453
82456
82458
82460
82475
82476
82478
82480
82508
82509
82509
82513
82517
82538
82538
82554
82556
82565
82584
82599
82635
82641
82642
82678
82679
82686
82687
82698
82728
82731
82736
82743
82747
82748
82750
82752
82761
82772
82785
82785
82804
82806
82811
82818
82844
82853
82853
82857
82865
82868
82872
82883
82890
82892
82894
82906
82916
82930
82933
82937
82959
82959
82969
82972
82973
83001
83026
83027
83042
83044
83050
83078
83082
83087
83092
83106
83123
83136
83152
83182
83186
83187
83191
83210
83214
83215
83218
83245
83248
83262
83266
83271
83272
83286
83296
83298
83304
83334
83339
83354
83356
83377
83389
83412
83414
83431
83441
83443
83468
83477
83478
83504
83505
83527
83528
83534
83547
83550
83555
83578
83613
83619
83632
83647
83648
83648
83658
83660
83666
83675
83706
83724
83724
83725
83726
83727
83741
83752
83761
83776
83779
83793
83793
83823
83848
83851
83875
83878
83882
83899
83922
83922
83927
83948
83974
83995
84008
84016
84034
84038
84042
84052
84070
84078
84090
84093
84113
84117
84118
84125
84129
84156
84163
84163
84187
84201
84207
84216
84237
84248
84254
84255
84289
84296
84305
84316
84319
84335
84345
84352
84360
84390
84395
84398
84398
84413
84416
84417
84417
84422
84428
84430
84433
84463
84475
84513
84520
84532
84562
84593
84605
84637
84648
84653
84661
84664
84667
84670
84671
84674
84676
84680
84683
84685
84691
84695
84705
84726
84753
84757
84763
84769
84776
84797
84808
84809
84829
84833
84854
84867
84867
84868
84874
84890
84895
84945
84950
84955
84960
84972
84989
85008
85028
85030
85032
85110
85119
85127
85129
85136
85139
85144
85144
85149
85152
85182
85189
85202
85203
85234
85241
85254
85257
85262
85267
85298
85302
85323
85332
85356
85357
85411
85419
85424
85450
85453
85471
85473
85490
85493
85497
85509
85541
85549
85553
85563
85571
85576
85592
85616
85641
85661
85667
85669
85671
85676
85680
85688
85690
85693
85701
85743
85758
85772
85782
85782
85803
85825
85831
85839
85853
85864
85868
85885
85889
85894
85898
85918
85924
85925
85929
85931
85936
85961
85970
85971
85983
85986
85995
85999
86025
86028
86029
86036
86042
86053
86056
86061
86070
86072
86074
86078
86080
86086
86118
86123
86125
86144
86152
86165
86177
86183
86183
86196
86201
86206
86214
86230
86237
86237
86238
86239
86255
86278
86295
86317
86321
86343
86401
86410
86412
86417
86454
86456
86466
86490
86503
86507
86521
86523
86526
86526
86543
86545
86546
86548
86558
86582
86601
86630
86639
86649
86653
86659
86663
86672
86682
86690
86696
86697
86727
86736
86740
86741
86747
86752
86761
86796
86810
86817
86826
86837
86838
86839
86840
86875
86881
86906
86915
86934
86944
86947
86976
86978
86989
87007
87008
87013
87027
87029
87034
87061
87062
87072
87072
87083
87098
87100
87105
87159
87173
87178
87216
87259
87260
87279
87295
87296
87302
87305
87318
87341
87345
87350
87363
87372
87372
87391
87405
87408
87411
87438
87444
87467
87490
87491
87492
87519
87524
87559
87563
87570
87574
87578
87586
87646
87648
87650
87651
87653
87664
87666
87672
87673
87676
87691
87692
87713
87743
87745
87749
87751
87773
87774
87776
87781
87789
87794
87814
87840
87847
87848
87856
87864
87876
87878
87888
87891
87894
87901
87945
87957
87960
87976
87978
87981
87991
88001
88003
88019
88035
88036
88056
88063
88088
88094
88107
88124
88142
88147
88173
88181
88184
88233
88242
88250
88252
88256
88277
88283
88284
88286
88291
88294
88334
88344
88356
88372
88374
88390
88390
88420
88421
88429
88433
88445
88453
88460
88466
88488
88491
88509
88515
88520
88521
88531
88535
88537
88540
88551
88551
88581
88590
88599
88600
88608
88615
88620
88631
88632
88640
88657
88672
88673
88692
88710
88718
88726
88726
88742
88746
88761
88775
88780
88782
88825
88837
88842
88844
88894
88925
88928
88936
88964
88977
88980
88983
88990
89001
89018
89021
89028
89042
89043
89050
89061
89064
89081
89116
89124
89127
89128
89136
89136
89148
89155
89181
89194
89215
89222
89223
89231
89232
89245
89256
89260
89261
89272
89274
89274
89281
89306
89308
89320
89339
89344
89351
89356
89368
89376
89377
89397
89415
89422
89430
89456
89457
89460
89477
89508
89508
89519
89527
89532
89546
89555
89558
89577
89579
89582
89586
89608
89609
89615
89616
89628
89662
89664
89679
89683
89690
89699
89700
89709
89733
89740
89749
89774
89778
89791
89814
89824
89840
89867
89869
89890
89905
89929
89936
89949
89952
89953
89966
89976
89979
89986
89993
89999
89999
90038
90039
90040
90041
90063
90066
90079
90080
90083
90084
90095
90107
90115
90136
90142
90152
90163
90174
90176
90182
90191
90198
90199
90215
90246
90246
90268
90275
90276
90284
90285
90287
90291
90296
90300
90304
90312
90317
90332
90352
90360
90372
90375
90383
90411
90429
90431
90450
90454
90471
90473
90480
90490
90496
90509
90513
90518
90529
90530
90536
90542
90551
90561
90586
90609
90611
90612
90623
90639
90655
90662
90666
90671
90680
90688
90697
90698
90713
90719
90721
90721
90730
90743
90771
90771
90772
90778
90783
90790
90817
90818
90823
90833
90840
90841
90844
90846
90859
90862
90873
90874
90893
90894
90900
90927
90930
90966
90970
90984
90995
91003
91012
91016
91017
91020
91053
91060
91062
91064
91070
91074
91078
91082
91087
91095
91108
91112
91136
91144
91152
91154
91171
91175
91176
91184
91185
91190
91192
91209
91210
91212
91229
91244
91260
91261
91272
91276
91284
91291
91304
91319
91328
91346
91347
91360
91360
91371
91383
91389
91402
91405
91414
91418
91426
91434
91444
91447
91450
91469
91472
91475
91485
91485
91488
91492
91507
91508
91512
91515
91515
91522
91527
91543
91555
91559
91567
91571
91574
91581
91605
91620
91621
91626
91632
91675
91680
91686
91691
91698
91705
91711
91712
91726
91753
91770
91782
91782
91783
91788
91793
91793
91793
91799
91800
91827
91829
91847
91855
91861
91866
91868
91873
91885
91886
91887
91894
91908
91909
91928
91936
91939
91949
91952
91964
91968
91987
92006
92016
92028
92031
92043
92075
92082
92089
92093
92099
92116
92119
92120
92127
92129
92136
92137
92157
92158
92160
92163
92166
92193
92198
92199
92205
92205
92208
92221
92224
92228
92230
92236
92239
92244
92269
92278
92283
92294
92301
92317
92330
92349
92355
92395
92397
92402
92408
92410
92415
92430
92434
92442
92443
92452
92455
92484
92497
92507
92510
92518
92538
92540
92541
92543
92543
92555
92557
92574
92585
92588
92611
92613
92618
92622
92629
92631
92636
92649
92651
92666
92688
92693
92697
92705
92714
92722
92736
92743
92746
92748
92748
92756
92759
92767
92768
92778
92784
92792
92805
92808
92822
92828
92829
92837
92857
92879
92879
92882
92898
92902
92913
92914
92936
92939
92961
92989
92997
93003
93013
93021
93025
93030
93033
93041
93043
93047
93054
93057
93059
93064
93075
93082
93088
93092
93096
93101
93103
93126
93133
93141
93160
93174
93189
93189
93190
93199
93212
93215
93225
93235
93243
93249
93268
93303
93304
93331
93335
93344
93363
93372
93386
93394
93405
93418
93428
93441
93442
93464
93487
93492
93496
93498
93520
93528
93530
93548
93556
93570
93570
93590
93600
93604
93635
93641
93647
93671
93699
93699
93702
93716
93733
93747
93777
93789
93789
93803
93804
93806
93813
93820
93824
93857
93867
93880
93903
93910
93920
93920
93934
93939
93952
93959
93964
93984
93988
93992
93994
94001
94007
94017
94045
94057
94083
94088
94097
94114
94118
94136
94184
94186
94198
94200
94215
94215
94247
94257
94267
94293
94296
94306
94306
94309
94317
94322
94326
94328
94331
94335
94345
94360
94364
94373
94386
94389
94394
94410
94412
94416
94416
94428
94439
94490
94491
94494
94499
94514
94514
94515
94526
94540
94551
94560
94580
94585
94625
94626
94632
94642
94657
94668
94673
94674
94681
94693
94698
94703
94706
94723
94733
94759
94760
94764
94780
94780
94794
94802
94811
94824
94826
94828
94835
94836
94839
94844
94846
94868
94875
94894
94900
94902
94904
94914
94927
94929
94933
94951
94958
94972
94998
95001
95012
95025
95028
95040
95047
95083
95090
95108
95131
95132
95132
95185
95220
95223
95228
95229
95255
95265
95280
95281
95307
95313
95318
95360
95391
95409
95416
95420
95427
95431
95431
95482
95503
95506
95508
95515
95521
95521
95530
95542
95549
95589
95592
95595
95599
95602
95611
95616
95622
95629
95632
95636
95644
95655
95655
95656
95679
95696
95705
95706
95732
95733
95748
95762
95789
95789
95807
95809
95813
95845
95887
95891
95892
95901
95906
95936
95960
95963
95975
95981
95983
95994
95995
96003
96014
96066
96073
96084
96084
96087
96087
96112
96129
96132
96133
96133
96141
96155
96172
96174
96178
96187
96189
96193
96197
96197
96200
96204
96211
96213
96215
96226
96241
96283
96291
96295
96301
96313
96335
96350
96357
96369
96376
96386
96394
96404
96405
96410
96411
96423
96439
96450
96452
96483
96496
96507
96519
96524
96525
96543
96552
96588
96604
96606
96617
96622
96633
96642
96652
96681
96700
96715
96736
96759
96772
96773
96787
96789
96793
96798
96811
96811
96815
96824
96824
96842
96844
96865
96870
96871
96876
96891
96895
96896
96900
96924
96930
96937
96938
96948
96954
96977
96984
97000
97008
97011
97016
97026
97037
97051
97052
97092
97112
97117
97124
97130
97137
97142
97150
97152
97153
97162
97167
97169
97221
97221
97224
97227
97231
97236
97241
97263
97286
97288
97297
97306
97326
97337
97345
97367
97372
97389
97401
97402
97414
97417
97420
97421
97437
97447
97453
97472
97495
97505
97508
97519
97522
97533
97542
97547
97552
97554
97558
97567
97570
97571
97574
97576
97578
97588
97590
97591
97591
97592
97604
97640
97656
97656
97663
97668
97682
97688
97704
97708
97727
97737
97756
97763
97776
97800
97804
97832
97840
97862
97863
97881
97887
97903
97913
97924
97942
97953
97959
97962
97964
97971
97974
98000
98026
98031
98037
98041
98053
98054
98055
98062
98066
98068
98089
98092
98106
98117
98125
98149
98160
98180
98185
98200
98203
98223
98224
98228
98233
98240
98244
98286
98293
98318
98322
98328
98331
98342
98350
98358
98362
98362
98406
98422
98423
98433
98439
98450
98453
98461
98470
98490
98521
98521
98527
98530
98550
98560
98560
98585
98618
98619
98628
98696
98703
98727
98744
98753
98753
98759
98763
98766
98774
98788
98793
98794
98798
98800
98801
98841
98860
98876
98884
98891
98899
98903
98928
98929
98930
98952
98976
98985
98994
99000
99014
99019
99029
99036
99043
99045
99066
99066
99069
99085
99086
99097
99111
99130
99134
99147
99169
99177
99186
99195
99196
99200
99200
99209
99227
99231
99232
99237
99260
99265
99278
99291
99304
99304
99306
99315
99318
99324
99326
99339
99340
99341
99342
99359
99366
99367
99381
99406
99425
99459
99466
99480
99480
99484
99492
99512
99530
99533
99554
99580
99586
99626
99651
99652
99659
99667
99683
99697
99720
99721
99732
99750
99756
99762
99803
99807
99818
99821
99825
99837
99869
99917
99940
99941
99942
99942
99953
99956
99966
99985
99985
99989
99993
