26
34
48
55
56
69
71
87
96
99
104
109
109
115
116
117
138
138
144
158
165
176
181
203
208
220
220
238
245
263
272
275
298
304
309
324
327
348
353
360
361
373
375
419
436
443
446
462
485
487
514
541
548
559
562
582
587
595
597
623
628
629
637
639
643
657
667
668
685
687
699
705
708
712
718
718
724
732
736
749
752
783
806
816
823
830
834
845
862
869
885
892
893
893
894
894
895
904
919
922
949
962
963
971
972
977
979
996
1000
1013
1020
1029
1040
1061
1062
1068
1068
1069
1070
1073
1084
1091
1091
1104
1118
1125
1162
1167
1172
1186
1209
1210
1246
1252
1291
1294
1294
1295
1307
1344
1345
1366
1374
1401
1404
1405
1410
1410
1424
1427
1450
1472
1474
1504
1527
1527
1539
1564
1568
1571
1586
1589
1593
1615
1618
1625
1627
1633
1634
1662
1680
1686
1688
1694
1696
1702
1705
1712
1738
1760
1772
1783
1783
1787
1808
1819
1836
1841
1843
1855
1857
1917
1921
1929
1934
1964
1968
1968
1983
2001
2009
2017
2025
2026
2028
2029
2040
2051
2057
2058
2058
2067
2072
2073
2082
2095
2097
2098
2110
2113
2119
2122
2130
2133
2136
2146
2157
2163
2185
2196
2199
2201
2220
2222
2226
2229
2233
2246
2246
2247
2259
2262
2263
2266
2295
2297
2300
2308
2315
2328
2331
2331
2359
2373
2405
2408
2408
2419
2433
2436
2445
2447
2452
2467
2470
2474
2498
2508
2527
2556
2560
2562
2586
2597
2603
2622
2630
2641
2643
2644
2676
2676
2697
2724
2730
2731
2744
2745
2747
2762
2762
2781
2811
2812
2835
2852
2855
2870
2873
2887
2916
2918
2922
2928
2930
2945
2947
2956
2966
2974
2975
2995
2997
3002
3005
3010
3022
3030
3085
3094
3097
3101
3108
3120
3146
3151
3161
3166
3173
3175
3175
3184
3195
3196
3211
3218
3248
3252
3255
3264
3286
3287
3288
3296
3308
3328
3343
3350
3403
3403
3407
3440
3448
3449
3456
3469
3475
3483
3492
3494
3557
3560
3582
3585
3604
3615
3618
3642
3643
3645
3652
3665
3670
3674
3679
3695
3729
3738
3739
3753
3758
3778
3786
3787
3796
3803
3816
3829
3844
3851
3865
3866
3881
3889
3892
3904
3920
3952
3954
3972
3981
3989
3991
4000
4005
4006
4039
4048
4055
4056
4061
4063
4065
4072
4090
4100
4106
4117
4120
4141
4147
4165
4188
4198
4210
4214
4217
4222
4234
4252
4255
4267
4273
4292
4299
4301
4303
4328
4340
4376
4380
4405
4412
4421
4422
4428
4444
4445
4449
4458
4471
4482
4496
4504
4517
4525
4531
4544
4564
4568
4606
4611
4650
4661
4701
4712
4735
4736
4746
4749
4749
4765
4771
4774
4779
4837
4848
4855
4866
4869
4877
4882
4888
4901
4912
4917
4918
4920
4939
4942
4954
4961
4962
4980
4983
4984
5011
5021
5022
5026
5030
5030
5036
5041
5043
5056
5062
5064
5105
5107
5114
5115
5116
5143
5146
5168
5189
5191
5203
5218
5233
5249
5273
5276
5288
5319
5323
5341
5346
5362
5374
5375
5379
5398
5414
5442
5445
5453
5454
5459
5477
5480
5485
5490
5493
5494
5503
5516
5523
5532
5534
5546
5553
5557
5558
5568
5574
5576
5583
5589
5603
5612
5612
5621
5631
5632
5665
5676
5688
5692
5706
5714
5719
5731
5733
5746
5747
5766
5766
5796
5799
5816
5826
5846
5846
5870
5883
5886
5887
5893
5895
5903
5908
5928
5933
5934
5949
5963
5979
5984
5985
5994
5996
6004
6014
6020
6033
6050
6050
6060
6089
6090
6111
6117
6119
6128
6128
6130
6149
6188
6194
6194
6195
6197
6199
6211
6215
6217
6236
6248
6255
6261
6276
6286
6287
6301
6316
6319
6322
6324
6330
6357
6367
6382
6385
6403
6406
6409
6421
6430
6433
6437
6441
6448
6449
6454
6471
6472
6484
6500
6514
6533
6539
6549
6561
6576
6600
6600
6608
6644
6701
6708
6708
6715
6735
6764
6772
6782
6792
6818
6828
6838
6864
6879
6906
6906
6925
6925
6925
6928
6930
6935
6950
6960
6967
6968
6971
6993
7001
7020
7078
7098
7098
7100
7132
7157
7168
7168
7172
7178
7192
7193
7205
7208
7226
7244
7248
7257
7259
7270
7274
7284
7285
7287
7289
7294
7296
7307
7314
7324
7329
7330
7331
7331
7332
7346
7346
7352
7352
7360
7362
7365
7368
7376
7411
7417
7418
7421
7422
7429
7437
7442
7453
7470
7473
7483
7488
7490
7524
7528
7534
7554
7558
7571
7574
7591
7597
7608
7631
7645
7667
7683
7685
7688
7688
7701
7721
7729
7738
7744
7747
7749
7755
7779
7789
7795
7799
7816
7824
7834
7851
7859
7869
7884
7893
7895
7904
7913
7914
7930
7932
7933
7937
7941
7951
7956
7969
7995
8015
8025
8031
8073
8083
8102
8105
8126
8146
8163
8184
8185
8188
8214
8214
8217
8233
8238
8244
8247
8269
8288
8304
8312
8319
8331
8337
8349
8354
8358
8400
8418
8428
8431
8437
8452
8454
8478
8489
8496
8498
8511
8513
8524
8528
8529
8577
8578
8602
8641
8646
8656
8665
8671
8687
8688
8690
8691
8692
8771
8772
8792
8794
8811
8820
8829
8840
8841
8850
8863
8872
8874
8897
8918
8921
8932
8938
8940
8941
8946
8955
8966
8987
8992
8997
8998
9000
9000
9025
9029
9034
9045
9055
9069
9074
9088
9089
9102
9106
9128
9129
9154
9192
9196
9208
9213
9236
9251
9259
9269
9271
9283
9297
9320
9335
9336
9338
9339
9346
9348
9362
9397
9407
9409
9413
9453
9456
9473
9479
9487
9501
9508
9513
9526
9537
9577
9578
9585
9606
9623
9623
9631
9638
9639
9644
9645
9645
9667
9696
9708
9727
9740
9754
9755
9760
9780
9781
9793
9802
9816
9824
9840
9858
9871
9900
9917
9923
9930
9934
9939
9952
9972
9973
9980
9988
9989
10006
10014
10015
10015
10036
10047
10058
10060
10067
10072
10092
10103
10107
10112
10121
10136
10142
10148
10154
10169
10193
10204
10205
10226
10231
10241
10273
10281
10289
10290
10296
10297
10308
10320
10337
10338
10364
10368
10369
10379
10417
10422
10425
10433
10437
10449
10463
10479
10482
10486
10503
10513
10518
10523
10531
10532
10553
10562
10578
10581
10584
10600
10602
10609
10610
10614
10639
10663
10665
10685
10686
10689
10704
10726
10746
10746
10755
10761
10763
10767
10779
10782
10784
10811
10813
10822
10825
10835
10856
10857
10860
10861
10863
10885
10886
10889
10905
10918
10928
10946
10951
10952
10956
10976
11000
11008
11010
11013
11034
11073
11080
11101
11118
11120
11124
11144
11164
11170
11190
11203
11205
11221
11239
11257
11277
11279
11292
11294
11298
11311
11329
11332
11337
11354
11365
11378
11388
11420
11421
11446
11455
11471
11489
11496
11504
11510
11510
11542
11550
11569
11586
11592
11645
11645
11653
11660
11682
11688
11691
11701
11722
11736
11738
11760
11769
11773
11793
11829
11835
11839
11844
11852
11864
11874
11889
11891
11903
11904
11909
11919
11922
11930
11930
11945
11955
11962
11970
11974
12006
12022
12024
12025
12029
12037
12043
12055
12076
12078
12083
12087
12089
12101
12117
12124
12133
12142
12148
12149
12163
12168
12198
12206
12240
12285
12286
12291
12297
12322
12330
12336
12341
12342
12357
12365
12376
12379
12380
12415
12427
12428
12435
12436
12440
12455
12463
12470
12474
12497
12497
12499
12501
12510
12512
12520
12525
12535
12538
12545
12576
12582
12598
12599
12622
12627
12647
12647
12667
12675
12678
12690
12699
12702
12702
12726
12734
12738
12745
12746
12748
12768
12772
12797
12808
12813
12817
12818
12838
12859
12860
12903
12909
12912
12915
12916
12919
12925
12925
12926
12929
12930
12930
12939
12941
12953
12956
12992
13016
13026
13050
13054
13057
13061
13073
13088
13114
13149
13149
13170
13203
13208
13234
13251
13254
13271
13284
13288
13295
13295
13301
13342
13343
13344
13360
13360
13390
13411
13414
13416
13425
13455
13465
13487
13493
13542
13543
13543
13559
13562
13565
13571
13593
13596
13611
13636
13649
13658
13660
13663
13667
13667
13668
13687
13690
13693
13713
13725
13725
13731
13735
13751
13771
13788
13803
13812
13827
13827
13834
13841
13854
13883
13906
13947
13951
13954
13961
13973
13989
14004
14006
14010
14013
14052
14061
14084
14089
14103
14104
14131
14134
14146
14153
14165
14174
14178
14194
14223
14233
14236
14247
14258
14258
14260
14262
14272
14275
14287
14301
14311
14316
14322
14323
14327
14343
14345
14348
14357
14369
14383
14388
14405
14408
14410
14426
14441
14454
14496
14503
14523
14525
14533
14538
14546
14550
14573
14594
14598
14601
14617
14626
14631
14643
14645
14651
14665
14668
14680
14693
14709
14736
14758
14789
14794
14804
14812
14819
14824
14825
14840
14849
14854
14858
14861
14876
14894
14902
14907
14908
14911
14914
14916
14934
14946
14967
14974
14989
15006
15028
15072
15089
15092
15095
15110
15160
15161
15165
15169
15189
15213
15214
15219
15219
15231
15233
15248
15252
15255
15263
15305
15312
15327
15333
15336
15343
15344
15350
15363
15374
15378
15397
15405
15419
15422
15430
15476
15485
15525
15527
15591
15627
15639
15661
15664
15665
15691
15697
15713
15725
15729
15739
15776
15782
15787
15787
15790
15795
15798
15801
15805
15815
15831
15845
15847
15851
15875
15910
15918
15919
15933
15934
15940
15955
15960
15981
15994
15998
15999
16003
16017
16019
16048
16057
16057
16058
16064
16109
16125
16132
16139
16144
16147
16156
16157
16167
16173
16193
16195
16211
16215
16217
16230
16250
16272
16275
16287
16297
16302
16317
16339
16366
16380
16382
16387
16401
16407
16410
16414
16422
16456
16480
16480
16502
16523
16523
16529
16532
16534
16544
16549
16566
16584
16595
16600
16606
16631
16633
16645
16649
16653
16654
16655
16660
16662
16664
16671
16678
16688
16691
16697
16698
16711
16720
16727
16743
16744
16746
16748
16753
16755
16757
16758
16764
16788
16805
16807
16815
16827
16829
16835
16847
16849
16875
16881
16885
16917
16924
16925
16928
16938
16950
16976
16988
16993
17001
17004
17018
17018
17026
17034
17041
17075
17085
17087
17087
17088
17106
17118
17136
17144
17158
17176
17182
17211
17224
17237
17247
17278
17306
17323
17324
17342
17345
17349
17353
17367
17374
17388
17392
17398
17403
17408
17419
17430
17451
17453
17489
17505
17506
17506
17528
17532
17543
17544
17546
17548
17553
17562
17565
17569
17573
17593
17602
17606
17607
17612
17613
17632
17639
17645
17653
17665
17665
17666
17683
17695
17705
17705
17719
17722
17725
17740
17744
17748
17750
17751
17765
17775
17784
17804
17824
17850
17855
17865
17874
17875
17879
17886
17889
17911
17929
17932
17936
17938
17991
17992
17999
18039
18048
18049
18049
18051
18059
18059
18063
18065
18076
18087
18098
18100
18114
18118
18138
18162
18164
18175
18177
18190
18191
18192
18212
18228
18250
18302
18310
18323
18370
18372
18380
18392
18394
18396
18399
18400
18403
18405
18410
18419
18428
18428
18458
18483
18516
18524
18534
18542
18545
18550
18568
18572
18585
18588
18594
18595
18613
18616
18621
18624
18657
18659
18684
18685
18686
18692
18692
18696
18705
18715
18729
18758
18767
18778
18785
18789
18794
18800
18800
18802
18817
18822
18836
18841
18851
18856
18857
18869
18870
18880
18883
18933
18937
18965
18989
19028
19049
19052
19069
19071
19102
19103
19128
19138
19138
19149
19152
19153
19163
19163
19169
19191
19197
19202
19237
19246
19255
19264
19270
19271
19286
19288
19320
19322
19327
19328
19336
19346
19350
19359
19371
19373
19390
19393
19393
19402
19417
19428
19429
19441
19445
19447
19447
19461
19496
19509
19511
19517
19519
19520
19531
19551
19553
19557
19557
19560
19572
19578
19621
19637
19645
19651
19659
19671
19683
19685
19685
19686
19686
19692
19694
19705
19713
19721
19724
19744
19746
19795
19798
19799
19802
19803
19803
19828
19829
19879
19903
19905
19910
19918
19931
19970
19983
19986
19995
19997
20021
20032
20035
20037
20060
20065
20069
20074
20079
20102
20102
20114
20126
20127
20148
20165
20165
20183
20188
20200
20204
20237
20252
20257
20258
20272
20307
20308
20320
20333
20357
20386
20431
20436
20444
20454
20468
20470
20479
20482
20490
20500
20505
20526
20533
20545
20548
20555
20573
20581
20588
20589
20601
20627
20628
20652
20655
20660
20663
20681
20698
20709
20717
20724
20730
20731
20741
20790
20795
20798
20804
20831
20849
20869
20874
20875
20879
20883
20894
20903
20904
20905
20918
20931
20941
20951
20953
20958
21004
21011
21013
21030
21046
21054
21056
21061
21065
21071
21077
21084
21114
21114
21117
21121
21130
21131
21136
21136
21141
21152
21154
21161
21162
21180
21183
21191
21205
21261
21264
21268
21295
21299
21305
21317
21322
21338
21344
21345
21348
21360
21364
21365
21372
21373
21379
21389
21402
21424
21428
21452
21453
21458
21484
21494
21504
21522
21542
21560
21569
21571
21573
21581
21589
21593
21633
21642
21651
21677
21678
21697
21724
21728
21740
21740
21745
21749
21755
21782
21807
21811
21815
21819
21827
21834
21840
21844
21877
21884
21902
21907
21907
21921
21922
21928
21928
21950
21959
21969
21972
21978
21981
21992
22001
22007
22033
22045
22052
22056
22057
22092
22094
22107
22129
22130
22132
22137
22156
22157
22162
22165
22171
22192
22193
22202
22206
22214
22224
22236
22239
22245
22247
22263
22287
22304
22308
22309
22314
22319
22322
22323
22326
22336
22358
22359
22366
22384
22393
22393
22397
22400
22402
22402
22432
22444
22451
22477
22487
22501
22502
22508
22517
22518
22520
22546
22589
22613
22615
22620
22630
22661
22667
22682
22685
22694
22703
22707
22711
22713
22718
22719
22734
22745
22745
22768
22796
22796
22804
22816
22820
22850
22856
22867
22895
22901
22912
22915
22915
22935
22943
22950
22974
22976
22978
22979
22985
23000
23006
23008
23010
23025
23026
23031
23036
23049
23050
23063
23064
23065
23089
23095
23104
23106
23114
23127
23130
23132
23133
23164
23165
23166
23176
23192
23200
23200
23205
23244
23251
23256
23280
23282
23291
23311
23314
23325
23339
23344
23367
23369
23406
23409
23411
23412
23449
23455
23474
23475
23478
23501
23513
23533
23539
23543
23544
23545
23555
23557
23561
23568
23578
23589
23589
23607
23620
23644
23660
23670
23681
23705
23705
23705
23708
23709
23721
23721
23724
23744
23764
23769
23790
23800
23821
23826
23827
23882
23897
23898
23899
23909
23924
23929
23935
23960
23970
23985
23989
23995
24007
24062
24066
24107
24117
24125
24126
24131
24134
24137
24139
24145
24185
24195
24207
24207
24221
24221
24223
24228
24244
24249
24258
24276
24278
24311
24312
24312
24320
24336
24339
24342
24350
24352
24359
24362
24376
24379
24382
24388
24392
24402
24404
24405
24410
24421
24422
24423
24431
24446
24458
24463
24464
24496
24511
24515
24521
24521
24521
24526
24538
24542
24548
24571
24574
24603
24606
24616
24624
24634
24644
24648
24656
24659
24660
24671
24679
24680
24681
24685
24704
24709
24728
24749
24756
24764
24765
24767
24770
24771
24792
24796
24796
24827
24829
24867
24869
24873
24877
24877
24878
24896
24903
24910
24916
24930
24949
24962
24993
24993
25001
25005
25026
25035
25050
25060
25063
25079
25080
25081
25099
25100
25101
25129
25142
25147
25151
25158
25167
25190
25203
25211
25218
25225
25255
25263
25294
25295
25298
25302
25304
25305
25325
25328
25329
25343
25359
25359
25378
25411
25416
25425
25434
25440
25473
25486
25492
25503
25504
25512
25516
25533
25545
25562
25563
25567
25569
25584
25616
25628
25640
25640
25646
25653
25659
25673
25714
25724
25727
25728
25763
25776
25798
25801
25802
25814
25815
25825
25826
25852
25857
25867
25873
25889
25897
25908
25910
25910
25914
25918
25964
26015
26019
26021
26027
26034
26039
26043
26045
26046
26050
26057
26062
26067
26082
26091
26094
26124
26132
26135
26141
26165
26167
26179
26185
26187
26208
26219
26221
26232
26233
26268
26275
26289
26310
26318
26323
26336
26338
26359
26366
26367
26372
26374
26376
26377
26377
26384
26391
26400
26419
26420
26425
26429
26431
26461
26481
26482
26489
26491
26493
26508
26518
26519
26532
26541
26564
26587
26598
26622
26624
26633
26636
26639
26643
26672
26676
26681
26683
26688
26700
26738
26738
26742
26750
26753
26770
26772
26782
26791
26792
26793
26801
26807
26817
26818
26821
26829
26847
26848
26870
26872
26879
26883
26929
26941
26951
26952
26956
26964
26981
26983
26996
27025
27061
27065
27074
27075
27100
27131
27132
27145
27169
27171
27183
27189
27195
27207
27228
27233
27262
27277
27279
27282
27291
27303
27308
27319
27324
27338
27342
27346
27348
27364
27392
27399
27412
27420
27450
27454
27458
27470
27470
27484
27485
27512
27518
27524
27524
27536
27562
27572
27574
27584
27590
27595
27607
27633
27638
27648
27650
27658
27660
27666
27685
27690
27728
27732
27743
27754
27758
27816
27823
27825
27834
27853
27868
27899
27900
27900
27905
27911
27930
27936
27936
27939
27950
27962
27966
27970
27972
27985
27997
27998
28025
28034
28039
28040
28069
28073
28076
28080
28083
28095
28106
28143
28155
28163
28179
28194
28200
28205
28216
28260
28265
28267
28267
28267
28283
28291
28299
28321
28331
28333
28343
28383
28386
28398
28404
28405
28407
28409
28411
28412
28430
28440
28448
28453
28454
28457
28476
28478
28499
28502
28510
28512
28516
28536
28545
28575
28583
28586
28599
28605
28623
28628
28640
28664
28671
28677
28678
28710
28713
28717
28717
28724
28731
28732
28760
28767
28768
28774
28775
28802
28811
28832
28869
28869
28873
28881
28891
28895
28899
28913
28942
28967
28968
28973
28977
28981
28986
28994
29006
29019
29050
29064
29071
29075
29097
29097
29099
29102
29128
29152
29156
29193
29197
29198
29198
29211
29219
29225
29236
29237
29253
29262
29276
29293
29299
29308
29324
29332
29341
29352
29360
29362
29386
29391
29396
29420
29450
29475
29482
29488
29494
29499
29511
29518
29524
29531
29538
29551
29562
29567
29595
29601
29602
29616
29624
29635
29637
29649
29667
29683
29689
29692
29703
29708
29708
29710
29741
29770
29781
29788
29789
29794
29801
29805
29815
29826
29842
29843
29862
29873
29880
29883
29884
29893
29918
29925
29928
29952
29966
30001
30009
30014
30021
30028
30033
30036
30037
30043
30054
30076
30092
30095
30096
30099
30102
30118
30129
30133
30136
30148
30149
30152
30160
30161
30166
30173
30175
30192
30193
30195
30201
30213
30220
30228
30231
30238
30247
30249
30254
30259
30268
30271
30281
30291
30294
30317
30327
30333
30340
30348
30352
30357
30368
30369
30394
30395
30418
30444
30464
30476
30477
30479
30508
30515
30527
30545
30562
30577
30594
30599
30604
30612
30614
30619
30620
30621
30625
30632
30633
30634
30636
30636
30639
30640
30647
30655
30660
30669
30674
30677
30680
30682
30687
30688
30723
30735
30743
30744
30772
30791
30804
30813
30821
30825
30825
30836
30836
30837
30859
30883
30888
30905
30910
30911
30924
30929
30936
30937
30949
30950
30950
30951
30954
30968
30970
30970
30986
31003
31013
31024
31039
31039
31039
31042
31054
31064
31066
31067
31070
31074
31092
31098
31138
31140
31141
31157
31164
31189
31207
31222
31228
31230
31268
31279
31286
31286
31289
31293
31320
31336
31336
31341
31354
31379
31392
31397
31402
31402
31404
31411
31413
31456
31460
31461
31475
31497
31519
31524
31539
31566
31611
31635
31644
31670
31682
31685
31687
31703
31704
31716
31718
31719
31720
31722
31726
31727
31730
31733
31733
31740
31744
31768
31768
31777
31786
31811
31814
31825
31835
31837
31838
31839
31846
31852
31858
31865
31877
31880
31883
31890
31906
31911
31920
31946
31950
31951
31952
31997
32013
32022
32025
32062
32081
32087
32093
32094
32099
32107
32108
32117
32118
32119
32139
32142
32146
32151
32156
32177
32195
32197
32228
32230
32252
32264
32273
32273
32300
32316
32322
32336
32342
32342
32344
32355
32374
32376
32391
32391
32397
32409
32423
32439
32442
32443
32462
32466
32483
32484
32506
32509
32512
32515
32545
32554
32568
32589
32593
32628
32691
32709
32715
32717
32722
32733
32737
32757
32765
32768
32775
32788
32795
32820
32827
32830
32834
32861
32865
32905
32911
32916
32926
32968
32971
32988
32992
32999
33007
33021
33025
33048
33048
33050
33056
33058
33064
33083
33087
33113
33118
33120
33132
33138
33151
33180
33189
33192
33195
33213
33223
33226
33240
33242
33243
33249
33250
33250
33258
33270
33271
33279
33280
33282
33295
33315
33332
33336
33342
33350
33357
33358
33383
33389
33392
33408
33408
33409
33442
33455
33459
33463
33465
33484
33485
33494
33500
33500
33510
33514
33545
33551
33557
33573
33577
33585
33586
33594
33595
33630
33637
33643
33646
33664
33666
33687
33694
33699
33701
33707
33719
33739
33757
33773
33784
33790
33790
33816
33866
33870
33877
33880
33905
33921
33942
33949
33949
33982
33990
33991
33995
34006
34017
34022
34030
34034
34041
34043
34057
34059
34060
34067
34067
34086
34106
34108
34124
34128
34138
34139
34142
34147
34151
34159
34163
34165
34172
34185
34191
34205
34210
34225
34227
34229
34237
34247
34256
34281
34282
34283
34283
34287
34297
34304
34308
34356
34369
34371
34378
34401
34432
34469
34476
34481
34499
34515
34516
34523
34529
34548
34567
34573
34582
34589
34594
34604
34607
34608
34609
34620
34639
34654
34661
34668
34682
34691
34701
34703
34707
34729
34731
34736
34741
34760
34763
34768
34795
34798
34803
34803
34803
34806
34821
34853
34853
34858
34864
34865
34876
34927
34932
34933
34937
34937
34942
34948
34961
34963
34984
34988
34990
35003
35007
35012
35019
35024
35040
35072
35074
35081
35085
35101
35103
35103
35105
35115
35118
35130
35141
35142
35152
35156
35166
35176
35178
35182
35183
35184
35187
35189
35194
35210
35214
35215
35216
35223
35226
35226
35227
35228
35229
35234
35240
35244
35250
35254
35263
35269
35271
35278
35313
35331
35331
35331
35352
35378
35401
35404
35421
35428
35430
35440
35448
35465
35476
35482
35483
35507
35522
35525
35528
35547
35565
35568
35588
35596
35612
35626
35641
35653
35680
35682
35682
35710
35725
35729
35741
35760
35776
35784
35788
35794
35794
35810
35813
35826
35837
35863
35867
35872
35874
35875
35903
35907
35927
35933
35952
35965
35971
35984
35998
36019
36039
36058
36064
36070
36077
36093
36097
36115
36117
36118
36123
36130
36155
36182
36196
36198
36205
36208
36210
36216
36242
36264
36264
36271
36275
36285
36303
36309
36310
36327
36332
36356
36368
36368
36370
36376
36383
36393
36421
36450
36488
36492
36493
36545
36551
36568
36584
36590
36597
36602
36621
36632
36640
36643
36655
36672
36680
36688
36689
36711
36712
36716
36719
36720
36723
36740
36757
36775
36775
36779
36781
36793
36799
36803
36819
36819
36821
36839
36839
36856
36864
36865
36868
36874
36901
36902
36904
36912
36913
36931
36943
36946
36954
36960
36977
36998
37004
37013
37014
37024
37040
37055
37056
37067
37072
37078
37084
37086
37094
37103
37110
37114
37115
37134
37137
37140
37142
37151
37160
37160
37173
37179
37197
37211
37216
37243
37274
37282
37293
37300
37319
37321
37324
37333
37360
37376
37390
37400
37420
37423
37425
37454
37469
37479
37487
37503
37508
37514
37519
37530
37536
37554
37560
37592
37599
37626
37628
37630
37636
37654
37684
37699
37709
37717
37726
37734
37743
37748
37754
37755
37764
37766
37781
37785
37796
37804
37812
37859
37870
37880
37891
37893
37896
37896
37908
37921
37932
37949
37954
37978
38040
38056
38059
38065
38066
38079
38104
38107
38112
38132
38141
38144
38147
38159
38166
38171
38182
38198
38198
38205
38205
38225
38232
38250
38265
38269
38269
38305
38330
38342
38366
38369
38370
38425
38447
38472
38484
38492
38492
38492
38507
38527
38527
38534
38561
38576
38577
38578
38585
38592
38628
38636
38649
38650
38651
38656
38659
38664
38688
38708
38711
38716
38761
38772
38806
38832
38833
38837
38840
38844
38845
38866
38876
38879
38881
38883
38887
38901
38905
38914
38917
38930
38934
38939
38940
38945
38954
38960
38965
38979
38982
38982
38997
39018
39023
39029
39062
39094
39094
39094
39101
39106
39115
39123
39127
39159
39212
39226
39230
39250
39265
39267
39281
39297
39308
39308
39313
39317
39327
39337
39354
39360
39368
39372
39374
39380
39381
39394
39409
39410
39421
39430
39436
39474
39497
39520
39526
39548
39551
39552
39556
39574
39583
39592
39597
39601
39601
39601
39605
39632
39645
39648
39668
39670
39692
39702
39705
39705
39707
39710
39723
39734
39747
39762
39774
39788
39797
39815
39836
39852
39866
39875
39967
39976
39988
39991
40004
40029
40049
40052
40077
40094
40097
40103
40112
40115
40119
40139
40141
40176
40183
40189
40209
40219
40221
40227
40252
40275
40281
40282
40289
40297
40308
40308
40319
40321
40326
40328
40368
40385
40391
40402
40404
40407
40408
40409
40423
40434
40453
40472
40481
40500
40504
40511
40512
40526
40546
40556
40561
40570
40581
40584
40585
40600
40601
40603
40613
40616
40638
40640
40643
40675
40688
40701
40702
40734
40734
40764
40778
40778
40793
40794
40805
40810
40816
40829
40835
40839
40842
40849
40854
40857
40857
40864
40878
40880
40888
40908
40909
40919
40922
40932
40941
40941
40942
40953
40967
40969
40995
40996
41008
41033
41052
41059
41073
41079
41082
41092
41117
41137
41140
41147
41150
41159
41166
41167
41199
41213
41218
41234
41279
41300
41313
41315
41316
41328
41332
41341
41342
41346
41372
41374
41403
41406
41408
41409
41412
41414
41429
41431
41439
41443
41449
41457
41466
41469
41489
41492
41497
41510
41510
41514
41525
41557
41559
41567
41594
41609
41615
41619
41620
41630
41635
41654
41654
41657
41658
41659
41660
41663
41695
41699
41705
41716
41720
41731
41735
41739
41742
41747
41749
41752
41756
41762
41794
41806
41807
41812
41822
41830
41850
41852
41857
41858
41862
41872
41879
41886
41887
41903
41910
41911
41919
41919
41940
41943
41962
41977
41982
41982
41984
41986
41994
42007
42009
42016
42023
42027
42029
42045
42071
42073
42074
42093
42113
42114
42139
42139
42144
42152
42159
42165
42174
42177
42184
42187
42210
42215
42215
42221
42247
42252
42253
42265
42267
42274
42281
42295
42302
42313
42316
42329
42344
42345
42371
42372
42382
42386
42395
42398
42401
42411
42413
42427
42439
42446
42452
42454
42474
42475
42487
42518
42552
42558
42565
42566
42596
42599
42606
42614
42636
42643
42655
42684
42691
42699
42715
42734
42740
42746
42763
42766
42774
42781
42788
42806
42821
42827
42831
42838
42839
42870
42872
42900
42915
42936
42950
42958
42965
42973
42978
42980
42982
42998
43030
43032
43036
43038
43045
43047
43054
43054
43071
43093
43114
43119
43131
43137
43138
43153
43181
43186
43189
43192
43195
43208
43212
43214
43217
43217
43242
43263
43264
43275
43280
43297
43297
43300
43306
43306
43345
43345
43377
43382
43391
43398
43411
43420
43455
43461
43468
43476
43488
43505
43516
43518
43524
43528
43533
43543
43544
43573
43580
43594
43600
43603
43614
43631
43635
43651
43665
43675
43680
43699
43715
43721
43723
43738
43759
43769
43794
43802
43878
43906
43915
43929
43969
43974
43978
43979
43987
43998
43999
44008
44012
44019
44023
44034
44059
44068
44080
44082
44106
44107
44110
44113
44121
44127
44133
44136
44193
44213
44218
44229
44234
44253
44254
44259
44261
44266
44269
44271
44307
44325
44327
44333
44338
44371
44387
44389
44401
44413
44429
44436
44446
44469
44473
44474
44475
44476
44478
44497
44525
44565
44571
44576
44587
44590
44602
44634
44660
44661
44665
44669
44707
44709
44756
44765
44768
44770
44795
44802
44804
44819
44825
44830
44859
44862
44883
44891
44897
44913
44923
44938
44942
44952
44955
44974
45005
45010
45011
45015
45020
45020
45050
45078
45099
45100
45100
45125
45160
45189
45198
45198
45198
45228
45234
45252
45263
45276
45289
45304
45305
45321
45334
45342
45370
45411
45415
45416
45417
45425
45436
45465
45487
45500
45512
45513
45515
45522
45523
45533
45551
45553
45559
45559
45580
45581
45583
45605
45608
45613
45618
45625
45660
45673
45687
45695
45706
45713
45719
45721
45725
45734
45747
45748
45748
45784
45803
45815
45827
45850
45868
45869
45884
45886
45906
45909
45913
45913
45918
45932
45938
45941
45946
45948
45976
45979
46011
46018
46030
46036
46044
46050
46057
46060
46072
46093
46095
46109
46128
46169
46176
46180
46183
46204
46209
46213
46233
46234
46250
46253
46253
46269
46270
46277
46286
46307
46311
46312
46317
46320
46368
46392
46416
46419
46422
46424
46432
46460
46485
46495
46503
46507
46508
46513
46517
46517
46522
46542
46543
46545
46546
46555
46568
46568
46571
46580
46583
46585
46603
46615
46624
46650
46653
46663
46682
46698
46704
46727
46752
46753
46802
46837
46845
46858
46864
46867
46871
46874
46875
46915
46923
46926
46941
46967
46987
47011
47014
47024
47035
47043
47044
47061
47063
47086
47088
47092
47105
47119
47136
47147
47156
47158
47169
47186
47189
47210
47214
47227
47235
47236
47239
47243
47245
47249
47279
47288
47312
47318
47328
47335
47342
47352
47362
47378
47397
47417
47430
47434
47455
47458
47463
47479
47488
47492
47496
47498
47513
47522
47523
47526
47536
47543
47557
47573
47573
47577
47581
47595
47598
47644
47645
47648
47659
47668
47681
47704
47705
47708
47722
47728
47731
47743
47754
47761
47792
47807
47811
47816
47816
47833
47834
47848
47897
47897
47911
47922
47929
47942
47947
47947
47948
47955
47991
48012
48021
48021
48022
48043
48057
48071
48079
48080
48085
48099
48100
48107
48116
48139
48151
48163
48163
48166
48167
48179
48200
48215
48218
48231
48240
48252
48271
48277
48278
48293
48309
48309
48314
48317
48320
48320
48340
48341
48350
48352
48368
48369
48374
48380
48385
48385
48394
48397
48407
48423
48431
48455
48459
48461
48461
48473
48477
48478
48478
48488
48491
48492
48495
48495
48505
48509
48521
48526
48535
48536
48543
48544
48556
48570
48575
48616
48620
48629
48635
48636
48637
48638
48649
48656
48671
48671
48685
48710
48726
48727
48738
48740
48744
48750
48771
48784
48784
48814
48826
48834
48839
48846
48851
48854
48859
48882
48887
48903
48912
48930
48930
48952
48958
48962
48963
48963
48970
48975
48977
49006
49014
49019
49038
49038
49048
49050
49050
49051
49051
49064
49083
49088
49093
49106
49139
49144
49148
49150
49169
49191
49200
49206
49211
49211
49217
49221
49232
49242
49252
49267
49277
49292
49294
49301
49306
49326
49334
49341
49356
49360
49378
49385
49398
49407
49413
49415
49428
49442
49450
49481
49484
49500
49524
49550
49555
49560
49568
49577
49592
49603
49609
49625
49625
49626
49644
49650
49652
49668
49669
49676
49681
49687
49688
49691
49701
49721
49722
49729
49737
49747
49747
49755
49767
49770
49779
49814
49819
49820
49831
49834
49873
49875
49877
49888
49910
49912
49918
49934
49939
49955
49963
49968
49970
49990
49996
49998
50029
50036
50054
50056
50064
50069
50069
50083
50099
50102
50114
50118
50142
50146
50149
50152
50159
50163
50164
50183
50206
50207
50220
50235
50239
50243
50247
50254
50263
50268
50272
50276
50293
50297
50327
50339
50356
50373
50376
50413
50420
50446
50460
50487
50494
50494
50500
50505
50512
50514
50517
50528
50536
50536
50552
50569
50600
50609
50614
50618
50635
50648
50673
50696
50715
50729
50751
50753
50771
50785
50787
50789
50790
50797
50803
50811
50812
50814
50821
50826
50846
50868
50875
50880
50891
50908
50931
50935
50946
50947
50958
51001
51021
51025
51027
51036
51052
51053
51061
51079
51083
51112
51115
51132
51136
51144
51153
51153
51166
51185
51197
51202
51204
51208
51209
51214
51220
51223
51223
51238
51253
51266
51269
51270
51273
51275
51282
51285
51292
51293
51302
51338
51338
51340
51341
51346
51346
51353
51355
51372
51373
51386
51388
51411
51425
51442
51460
51472
51485
51490
51500
51503
51507
51530
51538
51543
51562
51565
51566
51580
51586
51597
51598
51618
51619
51621
51638
51639
51649
51662
51674
51680
51690
51690
51701
51701
51712
51731
51775
51778
51784
51784
51800
51854
51870
51880
51881
51885
51906
51907
51912
51944
51966
51974
51978
51985
51996
52000
52032
52035
52047
52048
52053
52062
52067
52077
52080
52086
52091
52105
52117
52118
52119
52136
52150
52151
52202
52207
52250
52255
52276
52276
52281
52281
52300
52307
52308
52310
52322
52328
52348
52361
52365
52394
52399
52404
52425
52439
52452
52474
52477
52500
52535
52540
52555
52570
52585
52630
52643
52650
52657
52663
52667
52673
52676
52695
52710
52722
52722
52724
52746
52753
52758
52780
52781
52790
52792
52807
52851
52855
52870
52886
52887
52893
52901
52950
52951
52962
52970
52975
52990
53012
53036
53063
53071
53078
53083
53085
53085
53092
53100
53102
53106
53108
53124
53137
53137
53159
53165
53167
53180
53192
53226
53227
53228
53258
53259
53276
53282
53287
53300
53302
53313
53334
53370
53373
53385
53394
53398
53401
53422
53431
53442
53468
53480
53499
53514
53520
53520
53522
53523
53537
53546
53557
53563
53569
53588
53590
53631
53663
53669
53670
53689
53699
53701
53709
53723
53733
53741
53743
53754
53756
53756
53757
53789
53804
53831
53841
53852
53853
53869
53871
53874
53897
53911
53918
53921
53932
53936
53939
53943
53946
53948
53957
53962
53975
53980
53987
54003
54029
54039
54071
54072
54076
54076
54078
54082
54114
54121
54123
54137
54156
54167
54169
54171
54171
54190
54195
54207
54208
54211
54264
54266
54267
54274
54301
54313
54318
54334
54346
54379
54382
54401
54415
54423
54430
54446
54448
54452
54464
54471
54494
54520
54525
54531
54534
54562
54568
54589
54590
54605
54618
54628
54631
54649
54651
54653
54656
54658
54660
54661
54662
54673
54686
54686
54692
54707
54707
54712
54719
54724
54726
54743
54755
54761
54761
54767
54770
54772
54773
54780
54808
54813
54815
54820
54820
54825
54840
54852
54856
54863
54864
54891
54903
54909
54918
54920
54923
54925
54935
54935
54941
54959
54964
54965
54970
54977
54984
55000
55017
55021
55024
55036
55077
55082
55084
55086
55087
55100
55101
55103
55128
55134
55151
55155
55158
55160
55172
55174
55179
55221
55232
55262
55279
55285
55298
55302
55307
55309
55314
55318
55318
55337
55339
55367
55369
55376
55380
55393
55400
55404
55409
55413
55421
55424
55433
55452
55482
55502
55521
55532
55532
55536
55547
55558
55564
55575
55589
55602
55610
55617
55626
55646
55658
55674
55691
55694
55697
55704
55707
55719
55724
55733
55734
55735
55741
55752
55755
55760
55769
55775
55786
55806
55819
55821
55826
55861
55878
55880
55881
55914
55925
55927
55934
55936
55938
55939
55957
55966
55973
55975
55989
55993
56004
56024
56028
56031
56043
56048
56050
56061
56068
56086
56088
56090
56096
56115
56124
56146
56162
56170
56175
56177
56187
56203
56217
56225
56226
56243
56260
56267
56270
56272
56274
56291
56307
56319
56321
56330
56332
56335
56341
56359
56362
56363
56364
56384
56393
56431
56433
56438
56447
56448
56452
56460
56465
56496
56520
56525
56532
56545
56554
56559
56569
56583
56583
56591
56605
56622
56646
56653
56659
56660
56672
56679
56685
56687
56710
56728
56729
56738
56738
56750
56752
56763
56768
56779
56780
56784
56784
56805
56810
56821
56826
56826
56839
56841
56864
56901
56910
56911
56923
56940
56948
56949
56954
56960
56964
56969
56969
56979
56999
57005
57006
57013
57033
57039
57060
57071
57075
57128
57135
57136
57136
57138
57140
57152
57162
57185
57190
57191
57208
57214
57236
57241
57246
57254
57269
57269
57298
57309
57320
57320
57323
57329
57331
57348
57351
57359
57384
57388
57399
57438
57450
57460
57483
57493
57508
57546
57552
57563
57569
57572
57574
57576
57590
57595
57595
57611
57617
57619
57626
57636
57655
57657
57664
57670
57682
57686
57695
57726
57726
57727
57743
57753
57775
57782
57794
57800
57822
57832
57834
57834
57855
57856
57876
57878
57922
57928
57946
57977
57985
57993
58004
58012
58017
58048
58069
58069
58075
58093
58097
58099
58137
58152
58189
58190
58194
58211
58216
58231
58234
58237
58238
58245
58246
58259
58263
58267
58278
58279
58280
58297
58303
58310
58330
58334
58340
58345
58346
58350
58363
58367
58372
58393
58404
58409
58445
58451
58455
58455
58469
58476
58481
58506
58516
58558
58562
58578
58585
58594
58601
58613
58628
58662
58687
58689
58699
58704
58723
58723
58725
58731
58742
58761
58769
58777
58779
58781
58789
58793
58796
58797
58840
58870
58873
58885
58898
58901
58913
58928
58930
58932
58948
58968
58972
58972
58976
58979
58984
58987
59020
59027
59038
59039
59041
59055
59068
59083
59114
59121
59121
59122
59131
59144
59144
59149
59153
59157
59160
59165
59173
59187
59190
59203
59208
59224
59227
59240
59241
59269
59288
59307
59329
59341
59345
59356
59357
59379
59389
59390
59405
59417
59432
59434
59445
59481
59489
59495
59510
59522
59526
59549
59560
59566
59617
59624
59647
59662
59666
59669
59674
59679
59699
59711
59737
59746
59763
59764
59784
59795
59825
59830
59836
59848
59848
59855
59859
59859
59869
59872
59885
59892
59894
59913
59917
59925
59934
59939
59949
59958
59964
59967
59967
59971
59982
59997
60000
60008
60015
60032
60033
60037
60040
60049
60055
60065
60087
60089
60111
60116
60118
60135
60174
60188
60194
60203
60205
60224
60249
60250
60257
60265
60292
60294
60304
60315
60329
60338
60339
60359
60411
60426
60473
60479
60489
60491
60508
60509
60522
60532
60538
60540
60545
60550
60559
60574
60579
60603
60624
60633
60639
60652
60666
60666
60677
60694
60723
60724
60748
60754
60755
60770
60803
60821
60843
60843
60845
60854
60857
60917
60922
60923
60932
60932
60935
60936
60938
60942
60954
60961
60977
60980
60981
60987
61015
61015
61018
61031
61034
61037
61044
61049
61058
61069
61077
61082
61109
61127
61130
61139
61152
61154
61159
61174
61175
61181
61199
61201
61231
61241
61243
61251
61256
61279
61284
61289
61305
61306
61321
61328
61330
61363
61402
61412
61424
61432
61432
61432
61451
61453
61454
61463
61467
61477
61484
61499
61519
61528
61532
61537
61552
61570
61582
61601
61609
61629
61651
61671
61674
61694
61703
61711
61716
61721
61726
61738
61803
61825
61844
61849
61851
61873
61873
61880
61881
61883
61897
61904
61924
61925
61952
61956
61976
61984
61993
61996
62017
62026
62049
62101
62111
62158
62184
62186
62186
62197
62210
62215
62223
62223
62227
62230
62237
62248
62257
62266
62270
62277
62282
62285
62311
62328
62348
62360
62363
62401
62406
62445
62451
62457
62465
62481
62499
62538
62570
62598
62607
62617
62656
62676
62698
62699
62702
62704
62705
62723
62724
62754
62755
62770
62781
62783
62803
62816
62820
62823
62823
62832
62839
62855
62879
62892
62895
62912
62924
62935
62937
62947
62985
62987
62989
62990
63014
63019
63020
63026
63026
63065
63082
63085
63092
63093
63094
63103
63107
63122
63122
63123
63129
63142
63170
63189
63201
63205
63226
63230
63232
63233
63242
63244
63244
63261
63262
63270
63273
63284
63287
63305
63309
63311
63318
63321
63329
63332
63372
63396
63403
63413
63416
63429
63444
63461
63475
63481
63481
63483
63493
63493
63505
63514
63516
63534
63553
63565
63566
63570
63574
63596
63599
63626
63627
63628
63630
63635
63639
63657
63664
63665
63681
63685
63695
63696
63699
63708
63733
63755
63769
63769
63778
63785
63821
63835
63839
63847
63851
63867
63872
63874
63888
63899
63900
63919
63921
63925
63942
63976
63988
63991
64002
64008
64019
64031
64073
64081
64088
64101
64103
64105
64116
64130
64132
64134
64152
64153
64155
64159
64160
64166
64173
64176
64195
64211
64213
64218
64219
64227
64231
64233
64240
64242
64243
64244
64249
64273
64284
64288
64298
64312
64323
64332
64341
64352
64353
64359
64359
64363
64368
64380
64386
64387
64401
64403
64421
64423
64433
64435
64465
64466
64477
64487
64503
64515
64516
64521
64526
64543
64549
64550
64558
64568
64569
64577
64580
64582
64622
64626
64647
64659
64672
64680
64690
64693
64699
64718
64724
64736
64739
64745
64746
64756
64760
64771
64775
64777
64797
64803
64819
64845
64850
64853
64864
64876
64888
64905
64919
64927
64952
64961
64966
64969
64974
64986
65021
65026
65027
65035
65037
65045
65046
65067
65068
65102
65109
65118
65124
65125
65138
65154
65154
65155
65158
65169
65189
65192
65209
65211
65221
65224
65225
65231
65232
65245
65246
65253
65268
65275
65275
65306
65318
65329
65332
65332
65334
65334
65345
65361
65365
65375
65393
65396
65414
65421
65429
65442
65457
65489
65496
65508
65526
65538
65541
65550
65590
65613
65635
65645
65653
65653
65661
65662
65680
65682
65690
65692
65695
65705
65706
65713
65724
65727
65755
65761
65788
65792
65797
65825
65832
65839
65840
65844
65853
65853
65864
65868
65908
65914
65937
65938
65952
65952
65959
65972
65998
66015
66039
66041
66067
66074
66107
66118
66126
66129
66136
66136
66147
66167
66174
66201
66231
66241
66256
66263
66283
66303
66329
66355
66378
66409
66411
66416
66433
66461
66487
66497
66498
66499
66506
66537
66540
66544
66562
66564
66566
66574
66610
66611
66612
66621
66625
66642
66645
66646
66652
66655
66659
66694
66711
66722
66726
66730
66734
66748
66762
66768
66782
66783
66813
66833
66844
66854
66860
66865
66870
66872
66883
66892
66914
66917
66942
66965
66978
66984
66992
67020
67024
67034
67036
67040
67059
67074
67077
67080
67081
67087
67092
67096
67097
67117
67129
67136
67172
67176
67183
67183
67188
67189
67199
67200
67230
67234
67246
67248
67258
67268
67273
67279
67284
67284
67303
67312
67323
67331
67337
67371
67391
67398
67414
67427
67428
67441
67441
67448
67465
67492
67496
67499
67501
67502
67508
67513
67525
67542
67560
67566
67583
67589
67591
67594
67623
67628
67633
67643
67652
67654
67670
67678
67685
67697
67697
67722
67725
67729
67781
67786
67789
67791
67796
67832
67836
67857
67862
67866
67867
67883
67912
67914
67935
67944
67951
67974
67977
68008
68016
68032
68033
68036
68037
68054
68054
68067
68105
68110
68110
68115
68125
68126
68129
68137
68137
68142
68164
68184
68185
68186
68197
68256
68259
68284
68287
68297
68302
68306
68309
68310
68313
68319
68322
68323
68324
68330
68334
68338
68342
68406
68408
68417
68421
68428
68431
68447
68450
68452
68459
68470
68474
68476
68478
68483
68495
68501
68506
68511
68513
68516
68527
68528
68541
68543
68547
68595
68610
68619
68628
68637
68653
68660
68666
68685
68693
68695
68696
68719
68725
68726
68731
68737
68752
68772
68785
68813
68816
68819
68836
68872
68891
68896
68899
68920
68920
68922
68954
68971
68976
68983
68996
69002
69009
69010
69013
69017
69024
69031
69031
69033
69052
69054
69073
69076
69078
69081
69088
69099
69105
69120
69135
69151
69153
69168
69171
69178
69180
69222
69225
69248
69254
69268
69289
69290
69292
69310
69351
69351
69378
69380
69389
69398
69411
69425
69449
69464
69502
69502
69525
69535
69539
69544
69548
69548
69555
69563
69580
69592
69611
69617
69623
69630
69634
69637
69648
69656
69657
69657
69669
69671
69692
69706
69711
69713
69720
69728
69731
69740
69748
69752
69759
69761
69767
69789
69791
69796
69800
69810
69812
69852
69873
69880
69909
69915
69916
69916
69918
69920
69944
69956
69962
69963
69967
69997
70008
70008
70025
70041
70087
70092
70118
70124
70128
70131
70156
70158
70161
70176
70184
70201
70206
70216
70219
70224
70236
70237
70241
70262
70264
70267
70286
70287
70323
70327
70331
70334
70356
70362
70370
70387
70387
70393
70394
70413
70436
70439
70443
70443
70454
70455
70461
70465
70470
70476
70482
70493
70512
70513
70524
70527
70529
70537
70541
70541
70542
70548
70549
70569
70570
70573
70575
70576
70591
70600
70617
70617
70619
70621
70637
70637
70644
70653
70665
70672
70677
70680
70690
70691
70693
70711
70714
70721
70735
70742
70745
70751
70751
70761
70780
70824
70833
70838
70840
70844
70846
70853
70876
70882
70882
70891
70912
70916
70930
70930
70946
70947
70952
70957
70960
70965
70970
70975
71004
71011
71029
71031
71035
71045
71060
71074
71076
71088
71115
71117
71158
71205
71217
71227
71251
71256
71260
71290
71298
71314
71330
71341
71342
71357
71375
71382
71387
71404
71410
71412
71433
71443
71454
71465
71466
71509
71514
71531
71535
71541
71551
71576
71578
71593
71604
71604
71631
71634
71636
71647
71670
71671
71689
71724
71740
71779
71787
71800
71819
71820
71828
71831
71839
71855
71864
71878
71884
71896
71914
71918
71928
71938
71942
71943
71943
71959
71967
71969
71972
71983
71996
72023
72046
72067
72070
72080
72100
72120
72125
72131
72131
72141
72145
72147
72158
72163
72179
72197
72223
72236
72254
72282
72285
72314
72322
72327
72329
72351
72358
72363
72366
72384
72406
72416
72423
72430
72432
72435
72449
72449
72455
72494
72500
72501
72509
72512
72526
72528
72531
72531
72535
72535
72570
72570
72583
72596
72603
72617
72619
72632
72643
72658
72670
72685
72691
72693
72706
72723
72729
72739
72763
72773
72777
72778
72791
72801
72801
72810
72811
72813
72824
72828
72829
72839
72840
72845
72849
72867
72891
72899
72912
72919
72924
72925
72958
72994
72999
73021
73029
73032
73035
73046
73052
73061
73070
73073
73077
73078
73084
73088
73102
73122
73131
73138
73162
73169
73190
73191
73195
73241
73242
73261
73273
73289
73295
73306
73312
73313
73334
73355
73377
73382
73385
73391
73415
73421
73443
73444
73456
73458
73478
73484
73484
73499
73503
73537
73541
73553
73572
73606
73620
73625
73629
73630
73646
73648
73656
73656
73660
73688
73688
73697
73699
73710
73725
73765
73768
73774
73821
73826
73830
73860
73866
73894
73911
73913
73951
73956
74005
74008
74037
74055
74068
74076
74097
74098
74112
74126
74128
74129
74131
74140
74164
74164
74171
74180
74184
74191
74204
74206
74206
74208
74217
74230
74252
74259
74267
74269
74279
74280
74281
74297
74298
74310
74325
74330
74333
74348
74361
74363
74395
74397
74418
74423
74426
74427
74433
74470
74489
74505
74513
74513
74518
74521
74524
74566
74566
74573
74574
74611
74637
74657
74658
74668
74679
74686
74687
74699
74702
74710
74714
74717
74720
74766
74790
74793
74795
74813
74818
74831
74837
74841
74862
74862
74871
74888
74889
74890
74894
74924
74932
74933
74942
74945
74951
74967
75002
75020
75034
75052
75053
75124
75125
75126
75162
75172
75175
75202
75203
75208
75221
75224
75235
75246
75253
75253
75259
75260
75260
75265
75287
75303
75325
75329
75330
75349
75349
75380
75390
75394
75419
75442
75453
75454
75458
75461
75466
75470
75482
75492
75512
75521
75530
75555
75566
75587
75588
75596
75603
75610
75612
75626
75632
75637
75667
75687
75688
75708
75709
75730
75747
75772
75772
75786
75804
75813
75819
75819
75830
75830
75836
75852
75865
75867
75878
75923
75927
75942
75946
75946
75959
75960
75966
75979
75984
75988
76016
76032
76032
76042
76043
76052
76074
76080
76081
76125
76134
76136
76145
76156
76172
76176
76183
76201
76208
76208
76228
76249
76255
76261
76261
76276
76297
76297
76298
76303
76315
76337
76344
76350
76366
76366
76388
76406
76407
76429
76434
76435
76436
76440
76451
76459
76472
76478
76479
76484
76506
76512
76513
76514
76523
76528
76531
76535
76537
76569
76572
76587
76622
76623
76630
76645
76646
76663
76681
76709
76715
76716
76717
76717
76727
76734
76753
76755
76764
76767
76773
76787
76847
76851
76860
76891
76906
76910
76927
76957
76973
76975
76983
76985
76993
77002
77002
77003
77003
77005
77008
77018
77030
77032
77035
77038
77038
77049
77057
77066
77075
77081
77084
77084
77100
77113
77116
77123
77135
77136
77163
77181
77195
77203
77203
77207
77221
77232
77263
77284
77286
77286
77292
77298
77299
77312
77324
77361
77399
77400
77416
77417
77441
77443
77444
77451
77454
77455
77460
77464
77465
77495
77498
77510
77511
77516
77519
77543
77545
77546
77561
77575
77588
77604
77606
77607
77632
77641
77645
77662
77683
77694
77709
77715
77717
77719
77729
77730
77770
77775
77780
77787
77789
77793
77798
77835
77846
77848
77849
77850
77851
77896
77907
77921
77922
77935
77940
77950
77964
77968
78000
78001
78004
78018
78032
78035
78066
78094
78103
78103
78108
78110
78129
78133
78160
78165
78167
78181
78200
78211
78215
78224
78227
78231
78232
78246
78255
78264
78268
78275
78294
78317
78320
78335
78345
78353
78361
78368
78377
78380
78384
78385
78411
78416
78417
78418
78423
78446
78449
78459
78475
78483
78488
78496
78509
78511
78516
78538
78554
78576
78604
78604
78616
78622
78649
78654
78670
78675
78693
78714
78718
78719
78719
78725
78734
78741
78754
78763
78763
78774
78779
78787
78796
78802
78805
78807
78814
78842
78848
78861
78871
78883
78892
78892
78896
78906
78920
78935
78935
78936
78941
78945
78946
78947
78970
78972
78975
78983
78998
79002
79004
79005
79023
79060
79065
79070
79071
79093
79097
79099
79103
79119
79122
79127
79139
79139
79145
79170
79177
79188
79189
79192
79196
79204
79205
79217
79232
79234
79236
79241
79246
79253
79257
79261
79271
79271
79272
79292
79293
79293
79298
79301
79309
79330
79332
79334
79336
79341
79352
79355
79356
79360
79371
79373
79377
79381
79407
79410
79434
79461
79464
79466
79470
79470
79470
79487
79493
79494
79496
79514
79517
79522
79523
79529
79541
79555
79569
79576
79588
79595
79604
79611
79620
79629
79644
79647
79654
79654
79675
79683
79692
79709
79730
79733
79742
79748
79749
79752
79756
79764
79764
79764
79776
79783
79812
79822
79823
79832
79863
79865
79868
79885
79888
79889
79918
79921
79923
79934
79943
79949
79954
79965
79971
79972
79987
79992
80009
80018
80030
80032
80042
80049
80080
80088
80091
80105
80108
80133
80150
80151
80169
80172
80172
80182
80188
80189
80198
80199
80204
80208
80209
80211
80213
80226
80253
80256
80268
80276
80283
80284
80295
80313
80317
80325
80327
80329
80336
80341
80360
80375
80418
80426
80436
80439
80442
80446
80471
80503
80513
80513
80516
80545
80557
80584
80585
80602
80603
80605
80632
80641
80643
80659
80664
80673
80674
80702
80718
80740
80773
80774
80782
80794
80794
80807
80829
80845
80854
80857
80865
80881
80883
80891
80894
80898
80905
80906
80908
80911
80919
80920
80924
80959
80962
80975
80987
80988
80989
81019
81030
81031
81036
81044
81057
81068
81070
81076
81082
81089
81099
81108
81125
81140
81156
81177
81180
81186
81198
81214
81226
81258
81259
81271
81291
81308
81325
81367
81369
81372
81374
81382
81387
81392
81398
81415
81419
81420
81434
81441
81442
81445
81446
81465
81466
81473
81481
81483
81490
81493
81494
81496
81510
81556
81568
81570
81602
81610
81613
81617
81620
81642
81646
81652
81654
81658
81659
81664
81674
81689
81728
81729
81730
81739
81777
81796
81806
81820
81823
81845
81848
81851
81857
81862
81868
81872
81882
81884
81889
81892
81953
81967
81973
81975
81985
81987
81990
81994
81996
82016
82017
82020
82021
82056
82057
82062
82063
82087
82099
82104
82105
82109
82117
82121
82141
82147
82156
82183
82191
82201
82201
82212
82215
82216
82230
82231
82234
82234
82237
82252
82274
82278
82283
82293
82300
82319
82322
82333
82340
82351
82359
82370
82380
82395
82397
82400
82407
82412
82431
82434
82436
82460
82467
82468
82469
82482
82488
82515
82534
82535
82538
82555
82575
82576
82597
82600
82606
82624
82625
82627
82633
82640
82663
82666
82667
82680
82693
82698
82729
82754
82756
82771
82787
82801
82839
82862
82866
82877
82881
82887
82888
82890
82892
82896
82911
82928
82935
82937
82978
83000
83013
83019
83024
83032
83032
83036
83048
83055
83057
83058
83063
83068
83074
83074
83078
83078
83094
83104
83114
83121
83122
83135
83146
83152
83168
83176
83206
83206
83207
83210
83215
83238
83249
83258
83274
83287
83292
83304
83309
83320
83321
83323
83331
83351
83369
83381
83388
83390
83400
83438
83441
83448
83470
83489
83492
83494
83501
83502
83522
83537
83541
83547
83549
83552
83574
83616
83619
83623
83635
83639
83653
83653
83665
83677
83692
83695
83700
83709
83715
83725
83730
83731
83736
83737
83740
83742
83755
83762
83789
83794
83809
83853
83858
83861
83861
83874
83913
83918
83919
83921
83922
83934
83939
83946
83968
83974
83979
83981
83985
83991
83992
84024
84032
84052
84059
84077
84086
84094
84101
84104
84107
84107
84111
84121
84130
84161
84164
84183
84194
84202
84217
84230
84243
84245
84261
84286
84289
84294
84294
84294
84299
84305
84310
84312
84317
84341
84347
84349
84355
84376
84381
84383
84396
84402
84413
84435
84450
84457
84472
84481
84484
84488
84491
84526
84529
84529
84547
84550
84558
84569
84574
84575
84575
84577
84584
84590
84600
84634
84643
84654
84654
84671
84674
84683
84690
84700
84705
84710
84711
84712
84717
84722
84730
84746
84758
84759
84760
84767
84783
84783
84794
84794
84800
84800
84814
84822
84832
84833
84841
84850
84887
84890
84918
84949
84951
84965
84976
84988
84997
84998
85006
85018
85022
85022
85026
85031
85042
85044
85052
85064
85065
85068
85072
85093
85095
85105
85112
85119
85132
85144
85148
85156
85164
85168
85169
85180
85180
85190
85229
85236
85237
85247
85248
85265
85267
85287
85294
85305
85307
85325
85364
85417
85420
85427
85428
85437
85446
85447
85452
85458
85462
85467
85477
85537
85559
85559
85562
85567
85571
85574
85583
85590
85591
85592
85649
85652
85653
85657
85677
85679
85690
85720
85722
85751
85769
85769
85775
85807
85815
85823
85828
85839
85843
85857
85859
85864
85873
85875
85877
85897
85898
85905
85914
85916
85926
85936
85967
85972
85979
85984
85994
86009
86013
86022
86041
86054
86069
86076
86077
86078
86080
86093
86122
86136
86178
86182
86191
86192
86194
86205
86213
86221
86246
86271
86278
86284
86297
86299
86301
86302
86317
86338
86342
86364
86368
86368
86375
86376
86397
86402
86403
86416
86420
86423
86423
86425
86444
86449
86451
86460
86460
86461
86467
86470
86483
86489
86489
86494
86495
86497
86499
86500
86504
86508
86527
86531
86538
86549
86553
86555
86557
86571
86592
86594
86602
86610
86634
86640
86641
86642
86659
86664
86702
86714
86735
86741
86744
86744
86763
86765
86774
86779
86797
86799
86801
86804
86809
86811
86811
86829
86835
86852
86854
86870
86872
86903
86906
86909
86917
86924
86960
86991
86992
86994
86995
86997
87006
87008
87009
87016
87025
87063
87075
87077
87081
87103
87111
87122
87141
87161
87176
87178
87242
87249
87250
87270
87292
87301
87303
87303
87315
87317
87322
87338
87343
87349
87353
87356
87369
87370
87387
87392
87400
87435
87439
87470
87517
87518
87525
87545
87545
87546
87549
87550
87561
87564
87566
87569
87572
87583
87602
87604
87618
87635
87636
87665
87665
87676
87687
87708
87712
87718
87723
87724
87727
87735
87741
87746
87754
87761
87769
87770
87772
87778
87782
87793
87804
87809
87817
87822
87832
87847
87856
87857
87866
87871
87874
87881
87885
87893
87915
87915
87916
87939
87953
87960
87965
87965
87982
87998
88005
88006
88013
88038
88044
88050
88065
88068
88068
88089
88096
88097
88098
88099
88104
88106
88145
88159
88161
88162
88173
88179
88195
88209
88219
88236
88237
88240
88252
88260
88275
88287
88289
88304
88327
88332
88341
88361
88369
88382
88388
88424
88432
88446
88447
88448
88448
88454
88464
88467
88474
88481
88485
88486
88492
88504
88531
88535
88555
88588
88594
88614
88618
88632
88654
88664
88666
88668
88672
88681
88684
88695
88697
88706
88725
88733
88734
88735
88747
88749
88754
88754
88756
88760
88776
88778
88785
88786
88786
88794
88795
88796
88819
88836
88863
88889
88907
88916
88917
88919
88930
88943
88968
88973
88984
89007
89009
89028
89035
89038
89053
89066
89066
89102
89104
89113
89125
89133
89137
89142
89148
89182
89199
89202
89205
89206
89212
89222
89232
89235
89257
89257
89277
89286
89292
89295
89309
89321
89330
89340
89350
89367
89368
89370
89371
89391
89393
89394
89420
89421
89435
89435
89438
89468
89469
89480
89481
89486
89493
89504
89505
89506
89531
89537
89538
89540
89550
89556
89563
89578
89584
89586
89587
89592
89595
89607
89621
89622
89634
89658
89673
89679
89700
89716
89723
89729
89747
89767
89775
89777
89779
89779
89782
89794
89798
89800
89813
89841
89846
89853
89863
89870
89873
89907
89911
89913
89913
89917
89917
89920
89925
89926
89930
89932
89932
89935
89941
89954
89956
89960
89977
89992
90021
90021
90026
90027
90037
90045
90059
90078
90083
90083
90091
90098
90100
90106
90109
90117
90121
90124
90136
90137
90142
90151
90153
90159
90180
90184
90187
90192
90198
90204
90213
90218
90218
90219
90226
90257
90283
90289
90292
90299
90304
90322
90325
90327
90328
90350
90352
90359
90362
90369
90417
90427
90435
90448
90487
90489
90491
90498
90501
90505
90524
90527
90535
90550
90566
90578
90589
90595
90600
90614
90617
90621
90624
90632
90633
90643
90654
90661
90671
90698
90709
90720
90732
90736
90765
90766
90795
90805
90820
90824
90829
90831
90844
90847
90853
90873
90885
90903
90913
90917
90918
90930
90933
90934
90935
90958
90969
90974
90993
90993
90994
90999
91014
91016
91023
91039
91056
91058
91062
91076
91079
91082
91110
91118
91118
91126
91139
91141
91146
91147
91157
91168
91170
91195
91224
91225
91226
91268
91273
91277
91278
91279
91294
91294
91301
91302
91314
91327
91335
91338
91338
91347
91366
91368
91376
91398
91399
91418
91431
91436
91437
91440
91456
91472
91474
91474
91494
91503
91510
91515
91555
91555
91561
91573
91586
91593
91595
91612
91612
91614
91628
91631
91634
91640
91653
91661
91696
91738
91742
91755
91769
91779
91796
91799
91831
91834
91835
91835
91838
91843
91851
91872
91882
91894
91902
91910
91913
91916
91917
91939
91941
91957
91958
91961
91969
91998
92008
92014
92016
92029
92031
92038
92048
92071
92098
92105
92123
92126
92137
92138
92142
92151
92154
92159
92161
92200
92213
92217
92218
92276
92291
92299
92309
92309
92348
92348
92358
92402
92405
92439
92444
92452
92459
92462
92468
92472
92474
92521
92531
92532
92543
92545
92549
92551
92569
92571
92572
92574
92574
92577
92581
92583
92590
92599
92624
92636
92640
92655
92660
92667
92673
92676
92680
92684
92693
92696
92700
92707
92715
92716
92732
92733
92741
92750
92761
92771
92777
92781
92787
92795
92795
92797
92806
92812
92820
92832
92840
92844
92845
92849
92857
92863
92874
92882
92882
92887
92919
92931
92944
92958
92976
92992
93034
93049
93053
93074
93093
93095
93100
93119
93142
93152
93166
93173
93175
93199
93210
93213
93214
93214
93221
93227
93248
93249
93252
93254
93261
93264
93304
93316
93326
93328
93340
93348
93355
93359
93364
93374
93401
93415
93418
93420
93425
93427
93427
93466
93470
93474
93477
93494
93499
93513
93518
93521
93533
93535
93540
93561
93571
93573
93579
93585
93606
93621
93621
93623
93638
93641
93651
93665
93669
93689
93693
93699
93749
93749
93773
93775
93778
93784
93795
93805
93809
93810
93812
93814
93820
93833
93834
93838
93846
93856
93865
93867
93869
93893
93907
93909
93910
93912
93916
93919
93967
93981
93986
93997
94000
94006
94010
94012
94016
94017
94032
94033
94035
94042
94056
94057
94060
94066
94073
94073
94076
94081
94082
94090
94115
94116
94119
94120
94134
94137
94141
94148
94158
94166
94182
94198
94204
94232
94236
94237
94243
94268
94326
94345
94346
94359
94372
94380
94395
94395
94397
94413
94413
94438
94438
94446
94450
94489
94489
94497
94500
94501
94506
94508
94513
94525
94532
94532
94552
94571
94574
94593
94594
94595
94608
94613
94614
94619
94622
94634
94634
94635
94640
94648
94654
94656
94658
94660
94675
94679
94683
94703
94720
94729
94747
94756
94761
94765
94770
94785
94808
94839
94849
94881
94885
94886
94908
94919
94921
94927
94952
94953
94954
94960
94979
94980
94983
94993
95004
95009
95021
95030
95042
95042
95045
95052
95069
95133
95140
95154
95159
95171
95171
95204
95220
95255
95267
95279
95279
95280
95282
95288
95302
95311
95314
95330
95368
95371
95374
95377
95377
95383
95385
95388
95390
95408
95414
95430
95446
95451
95459
95463
95479
95487
95493
95504
95522
95536
95539
95559
95559
95564
95577
95583
95586
95589
95602
95606
95606
95606
95634
95639
95640
95640
95646
95650
95656
95670
95676
95715
95715
95719
95721
95721
95728
95730
95730
95731
95734
95778
95783
95792
95818
95838
95841
95850
95871
95875
95948
95954
95963
95967
95987
96025
96032
96034
96039
96046
96052
96068
96071
96075
96086
96087
96088
96092
96094
96098
96134
96139
96168
96172
96182
96186
96196
96199
96219
96256
96256
96264
96283
96295
96300
96306
96313
96324
96329
96340
96342
96344
96366
96376
96380
96406
96407
96420
96420
96423
96432
96438
96458
96459
96472
96473
96490
96499
96504
96519
96529
96547
96547
96550
96566
96574
96612
96633
96634
96635
96638
96665
96687
96696
96714
96724
96730
96736
96747
96756
96796
96802
96817
96821
96830
96840
96888
96899
96899
96906
96920
96923
96927
96929
96933
96938
96966
96973
96974
96977
96977
97027
97035
97045
97055
97096
97098
97103
97105
97114
97126
97133
97155
97170
97189
97197
97198
97226
97245
97251
97255
97258
97279
97288
97291
97304
97310
97322
97324
97338
97338
97341
97343
97345
97366
97403
97403
97411
97420
97422
97423
97427
97435
97440
97446
97453
97468
97477
97478
97483
97491
97508
97516
97526
97531
97539
97539
97558
97571
97578
97579
97626
97632
97639
97645
97653
97654
97666
97678
97687
97691
97691
97692
97704
97705
97708
97716
97719
97735
97751
97752
97752
97753
97761
97762
97794
97800
97830
97839
97851
97865
97875
97878
97882
97888
97889
97909
97955
97975
97977
97980
97989
97998
98001
98030
98032
98035
98041
98041
98074
98086
98087
98102
98132
98134
98137
98138
98149
98166
98167
98178
98188
98190
98194
98194
98195
98197
98253
98255
98270
98273
98274
98276
98277
98287
98305
98305
98314
98327
98342
98348
98349
98358
98359
98360
98382
98408
98418
98438
98438
98451
98456
98458
98463
98487
98488
98506
98514
98519
98519
98520
98538
98551
98552
98558
98558
98567
98569
98574
98614
98620
98629
98636
98636
98650
98650
98651
98654
98662
98670
98701
98704
98717
98719
98722
98734
98754
98782
98794
98795
98815
98825
98835
98860
98873
98883
98900
98910
98912
98931
98935
98935
98937
98940
98960
98980
98992
98998
98999
99002
99004
99010
99020
99035
99045
99055
99056
99074
99075
99093
99098
99113
99119
99119
99123
99132
99150
99157
99157
99158
99161
99175
99190
99199
99205
99208
99212
99214
99240
99272
99274
99283
99284
99289
99299
99330
99330
99341
99349
99354
99358
99368
99374
99375
99382
99404
99404
99417
99427
99441
99458
99470
99471
99480
99483
99490
99493
99494
99540
99543
99545
99546
99549
99581
99587
99589
99600
99604
99635
99636
99644
99664
99667
99668
99680
99699
99706
99717
99742
99752
99759
99772
99773
99791
99809
99809
99812
99837
99838
99841
99845
99854
99866
99888
99890
99891
99897
99905
99909
99911
99936
99958
99961
99970
99977
99980
99993
