16
33
63
72
75
84
89
103
129
135
141
146
148
150
188
198
215
219
226
245
258
267
286
289
296
296
320
339
341
349
350
353
363
367
384
386
387
392
410
417
430
431
432
436
445
464
468
471
471
473
476
485
491
496
505
522
542
544
544
557
558
562
568
576
603
604
606
606
611
618
627
647
655
683
696
702
702
704
718
722
726
736
741
745
749
772
774
784
790
792
796
842
854
867
870
887
890
892
902
919
929
939
943
947
950
954
956
957
972
983
1001
1014
1021
1025
1028
1045
1052
1073
1103
1110
1117
1137
1159
1182
1184
1184
1192
1193
1194
1198
1212
1215
1221
1229
1241
1252
1271
1277
1288
1291
1292
1307
1314
1319
1320
1340
1341
1347
1367
1369
1372
1383
1384
1406
1409
1414
1421
1436
1445
1464
1465
1474
1495
1501
1512
1517
1535
1536
1545
1546
1548
1561
1572
1576
1593
1594
1613
1613
1636
1637
1653
1653
1657
1668
1669
1698
1703
1721
1722
1723
1741
1750
1758
1761
1765
1822
1866
1872
1872
1884
1892
1922
1929
1931
1939
1943
1963
1970
1970
1977
1982
1983
1984
1990
1992
2004
2012
2018
2021
2056
2059
2060
2061
2089
2090
2093
2102
2102
2116
2117
2118
2134
2139
2143
2149
2165
2171
2180
2181
2204
2224
2225
2232
2239
2240
2255
2301
2305
2308
2316
2321
2330
2331
2334
2359
2360
2382
2389
2390
2411
2420
2425
2426
2430
2435
2474
2481
2496
2543
2562
2567
2569
2584
2587
2589
2624
2634
2642
2644
2663
2672
2713
2731
2757
2770
2771
2798
2800
2806
2808
2833
2867
2869
2874
2896
2901
2910
2911
2911
2917
2918
2920
2922
2922
2923
2928
2943
2954
2991
3010
3015
3016
3022
3035
3045
3046
3048
3058
3060
3061
3063
3071
3084
3096
3096
3109
3123
3126
3127
3161
3161
3164
3165
3165
3174
3183
3195
3204
3218
3221
3235
3242
3243
3248
3249
3270
3275
3278
3287
3288
3288
3311
3320
3326
3332
3341
3348
3353
3363
3378
3409
3413
3450
3451
3483
3492
3494
3496
3531
3535
3539
3543
3547
3559
3559
3561
3563
3585
3598
3621
3654
3662
3670
3729
3734
3737
3740
3753
3766
3774
3792
3796
3817
3825
3866
3873
3907
3909
3936
3937
3949
3949
3973
3983
3997
4003
4025
4031
4044
4054
4054
4063
4071
4095
4103
4115
4155
4161
4163
4169
4206
4221
4223
4250
4256
4264
4266
4269
4270
4284
4289
4294
4300
4322
4335
4346
4349
4353
4354
4390
4393
4410
4429
4438
4441
4448
4455
4461
4478
4509
4512
4530
4540
4559
4561
4584
4593
4595
4628
4636
4638
4644
4654
4656
4658
4660
4684
4688
4702
4715
4724
4741
4743
4749
4757
4770
4771
4780
4790
4809
4811
4819
4831
4850
4868
4874
4875
4883
4885
4887
4912
4923
4933
4936
4938
4950
4966
4967
4968
4989
4995
5000
5022
5025
5040
5058
5068
5089
5092
5096
5112
5139
5147
5163
5180
5198
5198
5207
5207
5236
5237
5258
5260
5284
5297
5318
5338
5363
5366
5386
5389
5394
5395
5398
5403
5413
5420
5420
5436
5447
5472
5475
5475
5495
5519
5524
5536
5542
5543
5549
5576
5577
5602
5610
5612
5628
5663
5668
5675
5682
5688
5699
5712
5733
5751
5766
5781
5784
5787
5814
5815
5819
5821
5827
5828
5829
5838
5849
5866
5871
5878
5908
5910
5918
5927
5931
5933
5949
5990
5994
5997
6005
6005
6029
6052
6073
6073
6077
6082
6096
6139
6159
6165
6190
6196
6197
6212
6214
6241
6245
6249
6254
6258
6260
6261
6279
6298
6303
6314
6316
6322
6324
6326
6328
6329
6334
6337
6342
6347
6407
6412
6416
6425
6446
6456
6458
6513
6515
6533
6539
6541
6572
6575
6613
6637
6644
6646
6661
6663
6680
6696
6708
6719
6720
6720
6722
6752
6756
6772
6811
6836
6844
6861
6868
6875
6876
6882
6890
6896
6909
6920
6921
6923
6942
6960
6972
6979
6991
6993
7008
7016
7032
7036
7049
7055
7056
7066
7081
7118
7120
7132
7134
7141
7141
7142
7165
7197
7199
7199
7205
7207
7209
7212
7226
7228
7229
7234
7238
7244
7256
7256
7279
7284
7297
7299
7329
7332
7333
7344
7366
7375
7375
7380
7380
7387
7401
7408
7413
7419
7428
7431
7442
7447
7459
7465
7479
7505
7522
7538
7539
7547
7560
7564
7570
7578
7590
7599
7604
7607
7612
7614
7665
7672
7684
7684
7699
7708
7726
7732
7804
7812
7815
7847
7849
7884
7925
7938
7943
7950
7958
7965
7975
7979
7997
8012
8023
8054
8058
8066
8076
8082
8091
8093
8113
8114
8114
8115
8126
8141
8143
8152
8158
8159
8180
8181
8184
8187
8189
8196
8197
8208
8231
8241
8251
8251
8272
8297
8299
8301
8305
8308
8316
8326
8348
8356
8361
8362
8362
8377
8398
8408
8419
8419
8453
8456
8459
8460
8473
8483
8488
8498
8500
8515
8563
8564
8605
8616
8616
8621
8623
8625
8627
8635
8638
8646
8650
8680
8705
8712
8727
8746
8756
8764
8765
8770
8776
8778
8788
8823
8834
8858
8864
8865
8873
8887
8892
8893
8901
8917
8934
8944
8953
8953
8963
8967
8987
8990
8993
8993
9002
9004
9009
9018
9024
9029
9042
9046
9049
9049
9053
9063
9074
9076
9079
9082
9095
9100
9118
9126
9137
9158
9161
9172
9181
9191
9193
9203
9204
9205
9207
9216
9239
9245
9253
9284
9307
9311
9311
9325
9330
9335
9336
9341
9368
9377
9408
9413
9419
9423
9431
9436
9438
9440
9445
9461
9466
9471
9479
9492
9492
9499
9512
9526
9527
9545
9558
9574
9582
9590
9611
9629
9655
9697
9712
9714
9726
9738
9746
9748
9753
9762
9793
9805
9811
9811
9852
9865
9878
9882
9916
9921
9961
9973
9974
9991
9996
10006
10006
10008
10026
10030
10037
10055
10055
10063
10072
10075
10079
10100
10101
10102
10102
10105
10109
10129
10153
10157
10186
10188
10192
10192
10193
10201
10208
10213
10252
10269
10301
10313
10321
10383
10390
10397
10398
10400
10407
10409
10419
10420
10429
10456
10456
10464
10467
10472
10475
10489
10521
10564
10573
10580
10583
10589
10599
10600
10617
10622
10639
10642
10653
10663
10681
10684
10750
10756
10757
10806
10812
10835
10840
10871
10888
10896
10918
10936
10939
10958
10967
10979
10983
10991
11013
11016
11018
11020
11034
11036
11061
11072
11088
11098
11098
11112
11126
11140
11144
11149
11155
11157
11158
11160
11166
11167
11177
11200
11205
11218
11233
11240
11246
11254
11263
11266
11301
11309
11314
11331
11342
11352
11357
11363
11363
11363
11366
11366
11384
11409
11410
11420
11427
11434
11460
11466
11467
11475
11495
11502
11505
11538
11538
11549
11562
11567
11568
11580
11592
11598
11601
11605
11608
11626
11626
11631
11635
11640
11641
11643
11651
11663
11665
11670
11680
11697
11723
11730
11743
11746
11749
11751
11752
11766
11777
11789
11869
11888
11890
11896
11902
11913
11927
11942
11971
11986
11999
12000
12000
12013
12026
12031
12033
12037
12046
12074
12086
12087
12100
12104
12109
12111
12113
12121
12126
12143
12145
12147
12157
12180
12197
12205
12211
12221
12230
12245
12248
12249
12266
12269
12271
12288
12294
12300
12301
12306
12308
12316
12325
12330
12368
12379
12393
12401
12444
12445
12451
12455
12467
12479
12486
12488
12492
12494
12495
12496
12498
12505
12507
12508
12513
12518
12520
12524
12534
12537
12571
12573
12592
12600
12623
12670
12688
12694
12697
12698
12703
12715
12715
12716
12717
12724
12739
12746
12751
12758
12767
12776
12810
12811
12813
12823
12864
12890
12896
12897
12935
12938
12941
12953
12954
12961
12969
12978
12979
12980
12992
13003
13017
13018
13019
13037
13038
13043
13046
13090
13091
13091
13095
13105
13111
13116
13121
13142
13177
13194
13195
13203
13215
13216
13218
13228
13232
13251
13252
13254
13261
13268
13283
13289
13292
13311
13316
13320
13335
13351
13356
13387
13399
13411
13422
13441
13441
13445
13450
13456
13467
13469
13470
13470
13472
13497
13498
13501
13529
13541
13542
13543
13547
13548
13560
13564
13567
13586
13601
13615
13621
13640
13645
13672
13680
13714
13733
13734
13758
13773
13789
13794
13795
13804
13810
13810
13810
13813
13835
13876
13889
13904
13914
13919
13927
13946
13954
13957
13959
13960
13961
13971
13986
13987
14014
14024
14027
14029
14062
14080
14095
14105
14107
14143
14143
14147
14171
14173
14204
14210
14223
14230
14233
14253
14262
14276
14302
14303
14305
14324
14327
14330
14352
14370
14371
14378
14379
14395
14416
14423
14426
14429
14435
14446
14450
14476
14490
14493
14516
14522
14522
14523
14524
14525
14526
14533
14575
14581
14591
14654
14658
14691
14705
14717
14719
14720
14723
14728
14764
14769
14774
14789
14792
14800
14835
14835
14845
14869
14884
14889
14896
14898
14931
14944
14955
14957
14966
15010
15015
15025
15053
15075
15097
15100
15111
15112
15113
15114
15133
15133
15168
15174
15180
15191
15201
15210
15214
15230
15240
15274
15287
15288
15298
15298
15303
15315
15317
15324
15332
15338
15343
15355
15363
15366
15368
15380
15389
15398
15418
15420
15440
15446
15452
15454
15461
15473
15476
15491
15491
15498
15526
15537
15565
15572
15577
15592
15632
15647
15650
15682
15683
15711
15713
15718
15719
15724
15727
15741
15747
15750
15761
15765
15807
15810
15820
15824
15836
15842
15850
15856
15857
15907
15918
15918
15920
15925
15937
15968
15972
15977
15980
16014
16030
16037
16049
16062
16079
16081
16092
16108
16110
16123
16155
16161
16169
16184
16185
16187
16198
16225
16237
16255
16261
16274
16278
16292
16297
16305
16308
16309
16315
16319
16333
16337
16342
16361
16365
16382
16386
16392
16402
16406
16419
16432
16438
16446
16453
16468
16487
16502
16517
16521
16525
16527
16529
16555
16560
16566
16572
16579
16581
16581
16584
16588
16613
16643
16644
16645
16648
16651
16657
16661
16673
16699
16705
16709
16720
16721
16764
16772
16775
16794
16823
16838
16840
16853
16871
16880
16889
16890
16927
16942
16947
16952
16956
16961
16961
16984
16988
16995
16999
17032
17056
17059
17063
17073
17077
17082
17097
17103
17131
17132
17153
17166
17166
17166
17203
17252
17254
17260
17263
17268
17278
17280
17286
17316
17329
17334
17346
17369
17374
17379
17414
17437
17439
17455
17459
17465
17465
17467
17500
17517
17523
17523
17524
17542
17549
17551
17552
17568
17571
17577
17581
17586
17611
17623
17626
17639
17641
17653
17659
17668
17672
17690
17693
17723
17725
17742
17742
17744
17750
17759
17773
17776
17781
17801
17802
17806
17808
17818
17822
17829
17834
17840
17843
17866
17895
17901
17918
17936
17936
17936
17948
17953
17960
17965
17969
17979
17985
17995
17999
18000
18010
18013
18032
18035
18045
18066
18076
18077
18146
18147
18149
18156
18160
18178
18184
18192
18193
18197
18201
18204
18205
18214
18214
18215
18218
18220
18245
18249
18276
18285
18294
18297
18317
18317
18330
18341
18346
18346
18348
18350
18351
18352
18352
18357
18376
18382
18383
18404
18419
18428
18443
18463
18474
18495
18501
18513
18516
18518
18520
18540
18550
18552
18557
18569
18582
18591
18592
18614
18626
18632
18636
18640
18644
18646
18651
18665
18691
18691
18693
18699
18703
18713
18733
18738
18757
18775
18785
18791
18797
18811
18849
18852
18860
18866
18886
18889
18889
18912
18920
18920
18922
18929
18937
18971
18986
19004
19011
19020
19035
19049
19087
19092
19107
19115
19115
19136
19141
19142
19144
19155
19176
19183
19190
19197
19209
19211
19214
19216
19222
19224
19232
19241
19246
19253
19274
19276
19278
19281
19284
19292
19310
19310
19324
19328
19361
19365
19368
19374
19380
19397
19403
19432
19439
19439
19464
19467
19471
19475
19512
19524
19552
19553
19580
19581
19595
19608
19616
19663
19667
19668
19691
19712
19718
19721
19765
19766
19774
19793
19804
19815
19822
19823
19826
19831
19833
19836
19850
19850
19857
19863
19882
19882
19888
19892
19894
19908
19909
19910
19915
19921
19942
19947
19957
19967
19972
19986
19990
19996
19997
19999
20008
20009
20027
20031
20048
20051
20061
20067
20087
20088
20096
20096
20105
20135
20139
20140
20140
20142
20151
20156
20163
20172
20176
20179
20185
20205
20211
20227
20248
20255
20262
20266
20272
20279
20282
20294
20295
20312
20317
20340
20341
20364
20396
20409
20415
20415
20427
20471
20481
20483
20487
20520
20564
20616
20623
20637
20658
20662
20663
20667
20677
20698
20705
20714
20719
20731
20740
20753
20759
20768
20769
20770
20777
20778
20785
20795
20798
20800
20809
20811
20830
20835
20842
20850
20869
20874
20892
20908
20923
20942
20954
20958
20977
20992
20997
21013
21023
21026
21043
21059
21069
21075
21087
21091
21099
21101
21138
21148
21171
21175
21190
21216
21224
21281
21286
21291
21309
21316
21319
21322
21330
21331
21340
21348
21361
21377
21383
21387
21388
21409
21410
21412
21425
21427
21430
21451
21480
21481
21487
21491
21492
21504
21505
21511
21548
21567
21578
21606
21618
21624
21624
21641
21647
21648
21650
21661
21662
21674
21709
21722
21723
21725
21727
21752
21760
21776
21777
21788
21804
21805
21805
21817
21830
21837
21851
21868
21881
21940
21948
21958
21961
21961
21968
21973
21974
21977
21987
22007
22027
22039
22049
22057
22079
22085
22087
22095
22104
22107
22113
22127
22129
22138
22153
22170
22178
22246
22261
22264
22285
22294
22306
22309
22309
22320
22320
22323
22325
22334
22337
22365
22365
22369
22380
22385
22387
22390
22395
22399
22412
22414
22446
22462
22466
22470
22503
22506
22518
22526
22528
22530
22532
22540
22553
22562
22566
22569
22572
22583
22604
22606
22608
22619
22625
22627
22647
22656
22662
22664
22667
22673
22677
22684
22686
22686
22688
22696
22700
22700
22705
22733
22739
22741
22768
22780
22791
22810
22830
22836
22839
22850
22854
22867
22869
22871
22880
22885
22888
22893
22925
22940
22946
22946
22957
22962
22966
22967
22976
22990
23009
23009
23022
23028
23032
23036
23048
23062
23067
23075
23082
23088
23091
23096
23108
23108
23111
23113
23124
23129
23134
23135
23142
23154
23171
23175
23183
23186
23214
23214
23221
23225
23226
23236
23242
23243
23244
23255
23256
23275
23279
23291
23311
23316
23318
23349
23362
23375
23379
23387
23395
23398
23403
23404
23426
23430
23433
23445
23468
23499
23501
23505
23506
23512
23517
23518
23528
23552
23576
23579
23582
23593
23596
23597
23599
23613
23616
23625
23627
23629
23630
23638
23658
23663
23667
23694
23707
23708
23730
23740
23751
23764
23766
23776
23785
23804
23810
23813
23819
23827
23831
23838
23849
23862
23865
23866
23871
23883
23914
23919
23919
23941
23952
23960
23969
23973
23975
23984
23986
23987
23988
24004
24014
24027
24038
24055
24073
24076
24079
24104
24117
24134
24149
24222
24225
24237
24237
24259
24297
24304
24315
24319
24319
24334
24354
24359
24363
24379
24425
24443
24444
24454
24458
24460
24461
24464
24469
24484
24487
24494
24508
24521
24536
24536
24539
24548
24555
24564
24569
24578
24579
24582
24583
24586
24592
24593
24596
24630
24634
24660
24660
24664
24668
24675
24698
24718
24724
24731
24731
24734
24760
24773
24776
24777
24781
24782
24801
24818
24855
24863
24873
24901
24909
24909
24914
24938
24958
24964
24966
24969
24976
24982
25023
25043
25047
25050
25063
25082
25094
25109
25131
25136
25151
25153
25167
25168
25169
25169
25172
25174
25186
25188
25198
25199
25210
25211
25231
25232
25234
25246
25248
25260
25280
25284
25291
25292
25303
25304
25311
25331
25338
25339
25363
25378
25385
25448
25449
25455
25466
25467
25474
25502
25503
25506
25513
25517
25524
25525
25533
25545
25554
25561
25567
25579
25597
25604
25604
25607
25638
25644
25658
25658
25665
25675
25686
25691
25692
25701
25709
25726
25747
25750
25782
25798
25809
25812
25819
25821
25825
25830
25863
25864
25864
25878
25892
25902
25907
25912
25924
25929
25946
25958
25961
25985
26000
26020
26032
26036
26045
26055
26058
26059
26061
26063
26077
26135
26145
26147
26159
26169
26173
26179
26180
26198
26201
26204
26217
26231
26283
26288
26306
26311
26313
26323
26323
26332
26338
26338
26340
26348
26351
26369
26383
26423
26425
26427
26432
26445
26477
26486
26487
26488
26500
26527
26552
26569
26591
26603
26609
26612
26619
26626
26638
26640
26641
26649
26651
26674
26702
26723
26725
26727
26732
26750
26756
26756
26757
26778
26781
26792
26818
26857
26858
26861
26893
26894
26911
26924
26929
26933
26935
26947
26948
26968
26971
26972
26982
26988
27015
27016
27034
27047
27049
27058
27067
27068
27083
27089
27090
27104
27112
27125
27126
27138
27155
27159
27166
27171
27177
27181
27186
27192
27209
27210
27216
27236
27264
27290
27303
27320
27324
27326
27333
27346
27352
27354
27361
27383
27402
27412
27429
27432
27439
27455
27463
27465
27478
27486
27497
27498
27538
27538
27544
27555
27556
27586
27594
27632
27653
27656
27663
27669
27670
27687
27696
27712
27717
27718
27742
27747
27758
27772
27798
27822
27826
27834
27842
27851
27860
27865
27866
27884
27888
27893
27904
27906
27926
27935
27962
27963
27974
27989
28001
28005
28007
28022
28023
28029
28032
28043
28058
28075
28075
28081
28081
28105
28114
28119
28131
28145
28151
28170
28171
28171
28181
28187
28189
28195
28216
28217
28230
28231
28236
28246
28251
28253
28254
28257
28258
28269
28286
28294
28298
28307
28310
28320
28321
28332
28341
28341
28344
28348
28358
28360
28368
28369
28380
28383
28388
28405
28406
28417
28436
28448
28449
28470
28478
28479
28485
28505
28506
28515
28517
28541
28546
28556
28574
28576
28590
28593
28595
28602
28656
28657
28660
28680
28689
28700
28721
28722
28749
28752
28758
28765
28768
28775
28776
28781
28795
28802
28821
28838
28846
28887
28897
28899
28903
28912
28919
28925
28927
28933
28933
28934
28935
28939
28939
28979
28991
28994
29036
29078
29101
29110
29112
29114
29114
29139
29145
29155
29161
29163
29169
29173
29176
29180
29194
29198
29229
29235
29237
29245
29248
29261
29278
29299
29336
29337
29343
29364
29374
29418
29420
29423
29430
29440
29443
29463
29477
29504
29533
29534
29557
29575
29589
29599
29601
29604
29613
29644
29660
29668
29696
29733
29740
29744
29754
29760
29764
29786
29815
29846
29857
29879
29880
29888
29905
29909
29912
29924
29938
29947
29964
29973
29977
29980
29997
30000
30008
30012
30012
30024
30049
30051
30056
30069
30070
30071
30071
30076
30079
30115
30123
30126
30151
30185
30193
30199
30219
30220
30228
30230
30233
30238
30243
30244
30251
30258
30308
30311
30311
30314
30317
30323
30333
30340
30343
30347
30356
30359
30380
30410
30411
30419
30443
30482
30483
30519
30520
30522
30526
30527
30528
30551
30562
30570
30582
30594
30612
30612
30650
30652
30652
30654
30658
30666
30677
30680
30690
30696
30699
30707
30723
30734
30735
30739
30765
30768
30789
30803
30805
30814
30822
30835
30866
30873
30883
30893
30897
30910
30920
30930
30936
30945
30959
30962
30977
30984
30988
30988
31013
31019
31026
31038
31045
31046
31065
31070
31071
31097
31104
31124
31126
31134
31144
31147
31166
31168
31170
31180
31204
31205
31220
31224
31232
31232
31233
31243
31247
31253
31269
31271
31277
31281
31289
31299
31308
31315
31330
31336
31346
31353
31397
31407
31421
31426
31459
31471
31475
31480
31497
31500
31510
31536
31547
31553
31557
31558
31561
31583
31598
31607
31614
31633
31634
31641
31662
31674
31681
31683
31698
31720
31764
31770
31775
31777
31780
31794
31816
31824
31854
31859
31871
31887
31897
31899
31923
31929
31950
31960
31960
31989
31991
31996
32007
32012
32017
32033
32040
32048
32051
32059
32093
32105
32109
32122
32128
32133
32134
32146
32165
32171
32178
32185
32203
32208
32221
32231
32231
32245
32249
32260
32260
32266
32271
32298
32300
32302
32310
32318
32327
32335
32351
32370
32378
32388
32405
32407
32412
32428
32440
32453
32473
32473
32474
32508
32545
32550
32553
32566
32567
32575
32618
32619
32622
32630
32630
32640
32640
32652
32673
32684
32693
32729
32735
32743
32746
32753
32765
32792
32795
32798
32805
32816
32822
32824
32845
32847
32872
32875
32881
32892
32895
32901
32913
32923
32944
32946
32977
32989
33016
33022
33039
33055
33072
33081
33098
33111
33123
33133
33148
33159
33164
33171
33178
33182
33196
33212
33219
33225
33230
33244
33265
33288
33296
33299
33301
33307
33313
33313
33314
33329
33341
33349
33366
33376
33379
33386
33387
33389
33404
33409
33414
33426
33428
33430
33435
33447
33475
33484
33492
33515
33518
33525
33527
33527
33538
33540
33541
33591
33598
33606
33613
33617
33624
33630
33637
33661
33677
33677
33693
33713
33716
33719
33749
33755
33770
33783
33801
33809
33817
33820
33855
33868
33873
33875
33886
33887
33889
33899
33903
33904
33937
33960
33962
33978
33991
33993
34003
34016
34029
34034
34039
34045
34052
34091
34101
34127
34139
34143
34143
34166
34172
34185
34188
34191
34197
34198
34199
34203
34203
34207
34211
34235
34244
34260
34264
34265
34267
34270
34286
34286
34300
34304
34315
34325
34325
34337
34338
34348
34352
34364
34376
34376
34403
34404
34425
34426
34426
34443
34456
34458
34466
34473
34501
34504
34522
34525
34539
34543
34555
34561
34575
34579
34590
34615
34619
34626
34626
34669
34674
34686
34697
34706
34742
34749
34778
34788
34793
34802
34808
34811
34836
34849
34853
34871
34897
34898
34899
34905
34909
34917
34920
34922
34923
34934
34936
34939
34956
34982
35001
35022
35022
35029
35030
35034
35035
35043
35047
35063
35067
35098
35107
35109
35156
35170
35175
35202
35208
35230
35250
35272
35274
35279
35289
35300
35303
35308
35351
35352
35357
35357
35361
35362
35371
35376
35385
35386
35390
35391
35402
35405
35447
35459
35479
35479
35493
35505
35516
35519
35522
35531
35541
35547
35550
35550
35553
35562
35568
35570
35578
35582
35620
35624
35644
35647
35671
35675
35675
35678
35682
35687
35705
35717
35722
35758
35765
35769
35769
35803
35811
35819
35820
35829
35835
35840
35852
35874
35876
35889
35899
35901
35905
35916
35920
35920
35946
35947
35951
35967
35980
35988
35997
36004
36004
36008
36010
36024
36046
36065
36083
36135
36145
36149
36152
36160
36163
36197
36206
36210
36245
36259
36261
36270
36273
36277
36281
36290
36295
36297
36301
36320
36326
36337
36348
36350
36359
36368
36369
36384
36390
36392
36396
36397
36415
36445
36458
36460
36462
36469
36473
36475
36478
36481
36484
36489
36497
36501
36524
36528
36530
36534
36539
36540
36541
36551
36568
36570
36598
36601
36614
36640
36645
36663
36668
36685
36686
36687
36687
36690
36705
36714
36717
36732
36754
36759
36775
36778
36785
36793
36795
36817
36817
36820
36836
36840
36846
36861
36861
36874
36879
36881
36887
36892
36895
36899
36922
36932
36935
36940
36944
36948
36957
36962
36970
36977
37001
37005
37018
37021
37035
37048
37048
37057
37058
37072
37085
37090
37093
37093
37098
37102
37106
37165
37178
37188
37198
37208
37228
37237
37240
37242
37246
37276
37302
37306
37310
37320
37321
37327
37343
37373
37375
37444
37452
37459
37486
37507
37535
37550
37560
37582
37582
37593
37610
37623
37632
37633
37640
37657
37667
37675
37677
37682
37686
37695
37699
37711
37713
37723
37738
37768
37793
37795
37804
37807
37820
37823
37864
37875
37875
37877
37878
37884
37897
37909
37920
37928
37935
37940
37963
37972
37990
37997
37998
38009
38014
38035
38038
38045
38058
38068
38068
38072
38072
38095
38095
38095
38148
38148
38154
38155
38162
38182
38201
38204
38256
38266
38269
38283
38289
38290
38303
38310
38329
38345
38346
38347
38371
38375
38396
38412
38431
38453
38468
38474
38483
38489
38498
38513
38516
38523
38523
38547
38550
38564
38574
38580
38581
38581
38595
38626
38633
38644
38652
38653
38654
38665
38679
38681
38682
38691
38702
38702
38703
38709
38720
38725
38731
38744
38757
38761
38765
38768
38793
38809
38834
38840
38841
38841
38846
38851
38862
38868
38868
38868
38869
38892
38900
38902
38908
38929
38945
38998
39011
39044
39045
39062
39089
39117
39119
39123
39130
39151
39161
39174
39180
39181
39183
39190
39191
39196
39197
39223
39225
39227
39234
39254
39262
39262
39271
39274
39294
39299
39323
39327
39331
39358
39359
39362
39381
39412
39414
39418
39420
39433
39443
39506
39510
39527
39534
39538
39558
39569
39644
39664
39667
39668
39691
39692
39696
39735
39742
39748
39760
39782
39787
39789
39791
39802
39803
39803
39810
39838
39840
39843
39854
39872
39877
39880
39881
39883
39897
39910
39910
39915
39929
39934
39938
39939
39949
39962
39979
39982
39984
40001
40005
40008
40014
40016
40055
40069
40074
40085
40094
40096
40100
40103
40106
40111
40112
40128
40132
40149
40189
40191
40192
40192
40192
40194
40205
40239
40243
40246
40247
40249
40254
40255
40257
40259
40270
40282
40284
40300
40323
40326
40346
40352
40361
40368
40369
40389
40401
40412
40415
40445
40449
40449
40462
40462
40500
40500
40502
40513
40517
40525
40536
40565
40570
40588
40595
40603
40612
40614
40620
40621
40622
40636
40638
40645
40652
40660
40677
40678
40680
40691
40691
40692
40714
40775
40779
40791
40793
40816
40851
40859
40868
40877
40877
40878
40882
40896
40900
40909
40927
40932
40962
40965
40970
40986
40996
40998
41045
41055
41073
41081
41090
41091
41092
41094
41097
41099
41117
41131
41133
41135
41170
41170
41180
41184
41201
41222
41224
41226
41235
41235
41237
41258
41267
41273
41282
41285
41292
41299
41299
41306
41313
41334
41342
41346
41377
41399
41410
41411
41438
41452
41456
41475
41480
41481
41489
41491
41496
41508
41516
41521
41525
41533
41541
41545
41559
41565
41579
41594
41597
41605
41608
41646
41664
41682
41683
41685
41687
41702
41703
41706
41739
41740
41756
41780
41783
41785
41791
41793
41810
41821
41840
41872
41910
41912
41915
41915
41916
41972
41975
41976
41977
41979
41983
41996
42001
42003
42006
42016
42017
42020
42040
42053
42057
42062
42066
42070
42075
42086
42090
42108
42108
42123
42126
42138
42140
42151
42170
42185
42219
42226
42237
42244
42260
42288
42297
42300
42332
42351
42356
42358
42359
42370
42372
42380
42385
42389
42412
42412
42426
42449
42450
42456
42470
42527
42533
42545
42548
42549
42561
42563
42564
42580
42583
42603
42617
42644
42647
42653
42655
42658
42668
42695
42696
42698
42699
42710
42710
42712
42734
42737
42738
42745
42747
42755
42756
42778
42780
42784
42790
42794
42799
42804
42806
42826
42833
42845
42846
42867
42908
42915
42935
42963
42973
42981
42994
42996
43011
43016
43023
43024
43029
43029
43034
43036
43037
43040
43040
43049
43050
43059
43072
43099
43108
43124
43133
43137
43146
43152
43170
43177
43178
43178
43181
43185
43200
43268
43284
43285
43289
43293
43298
43298
43307
43315
43321
43327
43330
43345
43359
43360
43393
43410
43424
43426
43426
43434
43434
43439
43440
43465
43467
43469
43476
43478
43478
43481
43486
43491
43497
43500
43513
43521
43535
43538
43552
43567
43568
43591
43613
43618
43619
43630
43635
43644
43645
43657
43664
43664
43674
43677
43713
43721
43731
43742
43744
43748
43759
43765
43767
43771
43775
43776
43783
43787
43823
43828
43833
43856
43863
43876
43886
43906
43922
43923
43924
43928
43930
43930
43937
43941
43954
43958
43962
43964
43973
43978
44002
44011
44012
44013
44028
44037
44051
44067
44075
44103
44103
44114
44137
44152
44155
44159
44163
44165
44166
44176
44180
44209
44217
44233
44234
44236
44236
44252
44261
44262
44262
44264
44273
44275
44289
44295
44295
44309
44313
44316
44330
44347
44363
44389
44399
44407
44413
44415
44418
44423
44434
44434
44441
44445
44455
44472
44498
44498
44499
44502
44503
44504
44517
44518
44520
44522
44529
44531
44541
44562
44564
44565
44567
44569
44584
44590
44601
44604
44604
44615
44620
44629
44632
44639
44651
44665
44684
44699
44705
44730
44750
44754
44762
44763
44772
44775
44779
44789
44790
44797
44808
44811
44841
44843
44887
44894
44908
44913
44928
44935
44945
44951
44952
44959
44965
44981
44994
44997
45013
45017
45019
45021
45021
45026
45029
45047
45090
45103
45141
45158
45161
45173
45183
45185
45201
45205
45206
45219
45221
45231
45231
45237
45244
45253
45263
45279
45285
45292
45294
45297
45301
45307
45317
45319
45323
45328
45340
45342
45346
45364
45376
45377
45383
45397
45403
45420
45425
45438
45439
45441
45448
45456
45465
45481
45489
45495
45508
45514
45523
45528
45529
45538
45552
45572
45592
45652
45656
45679
45683
45696
45717
45738
45749
45753
45768
45777
45783
45802
45803
45805
45808
45871
45900
45910
45936
45951
45952
45961
45982
45984
46030
46037
46043
46058
46064
46068
46092
46111
46112
46113
46115
46119
46144
46152
46173
46184
46209
46211
46227
46230
46232
46235
46238
46242
46265
46265
46303
46308
46311
46346
46351
46353
46368
46389
46391
46392
46401
46415
46416
46432
46437
46438
46449
46463
46463
46465
46482
46483
46485
46489
46497
46498
46502
46506
46530
46541
46558
46560
46566
46574
46579
46607
46614
46616
46624
46633
46636
46637
46657
46661
46677
46691
46710
46731
46739
46739
46763
46776
46816
46819
46821
46832
46838
46840
46847
46852
46857
46862
46886
46887
46889
46892
46894
46897
46911
46933
46941
46942
46948
46956
46963
46999
46999
47000
47002
47009
47009
47090
47095
47095
47096
47114
47133
47162
47165
47170
47211
47215
47232
47235
47239
47241
47248
47255
47287
47291
47309
47332
47342
47349
47349
47378
47389
47390
47390
47391
47396
47406
47408
47420
47422
47425
47436
47448
47485
47523
47525
47527
47541
47549
47555
47558
47570
47576
47576
47586
47587
47593
47594
47594
47602
47603
47618
47639
47688
47691
47708
47725
47726
47731
47745
47762
47762
47771
47772
47775
47784
47789
47804
47824
47826
47829
47846
47848
47855
47859
47889
47897
47910
47940
47997
48010
48013
48024
48049
48056
48061
48070
48087
48094
48097
48108
48123
48128
48128
48145
48148
48159
48162
48164
48194
48215
48226
48233
48244
48245
48249
48293
48299
48312
48331
48341
48371
48372
48374
48386
48387
48396
48397
48406
48423
48428
48440
48448
48451
48452
48467
48468
48479
48483
48502
48526
48534
48543
48543
48551
48564
48577
48580
48589
48599
48650
48653
48654
48655
48662
48688
48689
48705
48709
48715
48719
48721
48727
48732
48737
48739
48743
48751
48772
48776
48781
48791
48808
48828
48832
48837
48854
48863
48869
48876
48908
48912
48912
48914
48917
48938
48976
48977
48987
49041
49048
49060
49072
49079
49091
49109
49109
49114
49139
49140
49154
49163
49168
49175
49178
49195
49198
49199
49204
49213
49219
49263
49287
49288
49293
49312
49315
49317
49320
49321
49322
49331
49335
49336
49352
49358
49390
49431
49435
49441
49442
49445
49448
49458
49459
49470
49490
49493
49531
49541
49546
49550
49554
49580
49582
49586
49587
49589
49596
49602
49613
49623
49638
49643
49649
49653
49658
49675
49689
49692
49695
49702
49708
49710
49714
49725
49727
49731
49732
49734
49759
49766
49785
49799
49800
49801
49818
49837
49868
49872
49874
49874
49876
49883
49889
49890
49904
49920
49922
49934
49946
49949
49965
49980
49983
49996
49997
50076
50083
50085
50094
50105
50123
50124
50130
50135
50165
50180
50181
50238
50238
50256
50265
50273
50275
50281
50289
50305
50311
50339
50359
50366
50399
50399
50400
50402
50417
50431
50458
50469
50472
50472
50477
50482
50491
50499
50505
50508
50513
50524
50547
50554
50597
50598
50618
50632
50636
50658
50661
50668
50672
50672
50681
50683
50689
50700
50725
50733
50741
50743
50758
50769
50790
50793
50802
50808
50824
50825
50832
50853
50862
50876
50879
50897
50901
50903
50916
50919
50937
50954
50956
50971
50974
50985
51002
51016
51017
51019
51031
51036
51041
51076
51083
51103
51131
51139
51143
51156
51160
51180
51191
51212
51221
51222
51226
51232
51238
51244
51244
51250
51286
51296
51312
51313
51316
51321
51342
51347
51351
51360
51383
51386
51422
51431
51446
51451
51455
51455
51456
51458
51488
51508
51516
51525
51532
51535
51540
51562
51566
51569
51577
51593
51614
51620
51632
51651
51653
51653
51655
51658
51661
51675
51700
51721
51725
51727
51739
51742
51753
51754
51757
51758
51762
51781
51812
51814
51826
51834
51840
51864
51875
51889
51896
51900
51928
51929
51934
51937
51940
51941
51949
51956
51956
51966
51969
51991
52027
52028
52030
52077
52081
52086
52091
52106
52122
52142
52165
52176
52201
52205
52206
52214
52226
52228
52241
52245
52257
52258
52264
52274
52280
52283
52286
52289
52305
52317
52322
52332
52362
52366
52371
52372
52406
52410
52414
52425
52462
52476
52478
52520
52545
52545
52550
52564
52569
52570
52574
52581
52582
52587
52591
52599
52632
52666
52668
52672
52688
52700
52709
52726
52730
52758
52789
52798
52801
52826
52830
52832
52833
52839
52839
52894
52905
52911
52915
52921
52925
52929
52942
52949
52949
52955
52961
52976
52980
53000
53003
53005
53020
53021
53024
53025
53043
53066
53088
53101
53156
53172
53190
53192
53197
53200
53206
53216
53219
53227
53240
53241
53246
53258
53273
53273
53290
53310
53327
53335
53344
53353
53370
53373
53393
53403
53412
53428
53452
53452
53455
53466
53470
53472
53479
53501
53506
53528
53537
53554
53568
53590
53616
53619
53627
53632
53637
53657
53661
53663
53673
53677
53680
53695
53705
53705
53719
53725
53750
53765
53774
53775
53788
53789
53812
53812
53821
53841
53844
53844
53862
53873
53886
53888
53894
53898
53899
53905
53911
53929
53936
53946
53953
53959
54007
54020
54036
54041
54050
54058
54064
54107
54114
54124
54131
54136
54149
54152
54178
54185
54216
54225
54249
54251
54282
54302
54312
54312
54348
54358
54361
54378
54393
54401
54404
54417
54441
54452
54458
54460
54466
54485
54497
54514
54516
54539
54541
54541
54572
54572
54585
54598
54599
54643
54645
54652
54653
54665
54694
54695
54704
54704
54708
54722
54725
54727
54727
54737
54738
54744
54751
54761
54762
54770
54780
54782
54785
54788
54808
54809
54814
54818
54823
54833
54861
54862
54863
54867
54870
54871
54874
54879
54880
54888
54898
54919
54941
54961
54961
54964
54975
54984
54998
55005
55046
55058
55082
55089
55095
55105
55113
55121
55123
55128
55133
55134
55135
55143
55151
55167
55179
55180
55185
55199
55200
55220
55228
55228
55255
55258
55267
55305
55312
55316
55362
55371
55374
55374
55387
55389
55402
55402
55406
55445
55450
55453
55453
55471
55478
55480
55493
55496
55535
55542
55546
55548
55555
55557
55558
55560
55575
55589
55593
55594
55598
55608
55611
55620
55627
55630
55640
55645
55651
55655
55656
55664
55670
55682
55694
55694
55698
55699
55718
55732
55736
55739
55747
55761
55769
55793
55803
55804
55812
55818
55825
55845
55848
55851
55855
55881
55883
55885
55901
55906
55934
55936
55940
55955
55965
55992
55994
56000
56001
56018
56028
56031
56037
56039
56041
56062
56062
56065
56067
56067
56090
56107
56112
56113
56117
56122
56136
56141
56141
56148
56149
56152
56153
56173
56174
56188
56190
56190
56193
56203
56205
56208
56218
56223
56228
56234
56251
56266
56267
56278
56297
56302
56302
56307
56313
56330
56331
56331
56348
56362
56370
56376
56383
56404
56432
56436
56443
56447
56461
56482
56494
56511
56518
56531
56536
56546
56549
56558
56560
56584
56588
56589
56593
56617
56617
56621
56630
56643
56666
56669
56676
56678
56681
56682
56693
56711
56716
56726
56727
56757
56773
56774
56789
56810
56824
56824
56827
56829
56875
56881
56888
56898
56904
56933
56942
56943
56948
56955
56960
56962
56977
56980
57004
57004
57005
57017
57017
57024
57064
57067
57072
57086
57102
57102
57106
57122
57142
57143
57164
57166
57177
57182
57198
57204
57210
57230
57240
57241
57250
57255
57286
57291
57293
57315
57346
57357
57380
57398
57403
57413
57414
57415
57425
57434
57435
57446
57452
57457
57460
57464
57480
57480
57485
57511
57526
57540
57545
57558
57559
57561
57581
57590
57596
57600
57601
57631
57633
57636
57638
57649
57658
57660
57669
57674
57683
57686
57708
57710
57711
57719
57740
57763
57776
57795
57804
57813
57824
57830
57837
57852
57857
57862
57864
57874
57889
57891
57901
57923
57929
57938
57944
57961
57993
58004
58008
58014
58030
58032
58048
58053
58059
58063
58065
58086
58090
58091
58096
58157
58158
58160
58186
58188
58191
58232
58232
58234
58260
58277
58291
58298
58299
58301
58313
58314
58344
58346
58364
58384
58389
58416
58419
58426
58438
58451
58464
58482
58495
58522
58540
58540
58542
58567
58571
58578
58579
58582
58602
58613
58615
58616
58646
58646
58653
58655
58658
58663
58670
58674
58675
58675
58679
58697
58701
58744
58754
58758
58774
58780
58792
58796
58797
58799
58802
58811
58828
58830
58884
58886
58902
58906
58910
58910
58911
58914
58918
58922
58926
58930
58945
58987
58998
59001
59002
59003
59019
59026
59028
59034
59047
59062
59088
59097
59098
59103
59103
59106
59124
59134
59188
59192
59253
59255
59263
59271
59284
59297
59311
59312
59332
59336
59337
59355
59368
59368
59378
59381
59383
59384
59389
59393
59399
59428
59466
59489
59499
59520
59534
59537
59538
59543
59568
59575
59577
59602
59631
59635
59637
59639
59650
59653
59680
59681
59688
59689
59714
59714
59746
59762
59769
59783
59784
59812
59845
59846
59873
59901
59908
59919
59938
59941
59951
59956
59967
59977
60016
60018
60032
60040
60043
60075
60085
60091
60095
60096
60102
60111
60115
60141
60142
60144
60145
60163
60184
60189
60194
60195
60196
60197
60205
60216
60233
60243
60246
60251
60256
60263
60263
60276
60291
60313
60316
60319
60324
60324
60356
60356
60356
60401
60402
60407
60413
60421
60449
60450
60461
60480
60495
60506
60523
60540
60543
60564
60564
60566
60569
60575
60587
60589
60602
60607
60610
60614
60623
60637
60645
60647
60672
60691
60698
60711
60717
60727
60728
60749
60774
60782
60787
60789
60812
60824
60827
60839
60843
60853
60870
60881
60928
60932
60941
60943
60954
60963
60970
60985
61002
61015
61036
61037
61039
61057
61072
61077
61082
61102
61107
61110
61111
61113
61124
61133
61164
61169
61177
61185
61193
61219
61225
61229
61230
61236
61257
61276
61303
61337
61342
61361
61366
61372
61384
61412
61427
61438
61449
61450
61462
61466
61470
61477
61488
61530
61531
61536
61550
61551
61561
61562
61578
61579
61586
61595
61624
61634
61635
61642
61645
61653
61686
61693
61704
61714
61716
61728
61747
61761
61767
61786
61787
61788
61793
61815
61818
61820
61823
61848
61869
61888
61896
61908
61910
61917
61929
61936
61950
61958
61995
61996
62015
62017
62029
62033
62041
62061
62064
62067
62089
62094
62104
62125
62126
62128
62139
62140
62147
62157
62159
62165
62168
62178
62182
62182
62186
62198
62200
62223
62225
62237
62254
62257
62259
62261
62289
62291
62295
62309
62315
62333
62339
62342
62343
62351
62362
62363
62370
62375
62380
62388
62405
62412
62414
62415
62422
62443
62446
62475
62481
62484
62498
62513
62516
62538
62548
62558
62560
62569
62569
62573
62579
62583
62593
62595
62608
62619
62631
62646
62657
62666
62704
62719
62722
62725
62726
62730
62737
62738
62742
62746
62749
62763
62764
62765
62771
62777
62779
62780
62783
62786
62802
62813
62815
62825
62839
62840
62842
62845
62845
62864
62870
62882
62884
62885
62885
62886
62895
62898
62906
62914
62921
62925
62932
62943
62952
62954
62971
62972
62974
62984
62992
62998
63004
63013
63017
63025
63027
63049
63058
63061
63069
63079
63083
63091
63093
63103
63119
63123
63141
63167
63174
63179
63215
63238
63238
63242
63242
63261
63268
63280
63288
63292
63302
63303
63305
63305
63312
63316
63316
63345
63350
63356
63370
63372
63383
63385
63391
63405
63430
63453
63488
63496
63525
63526
63558
63560
63586
63595
63608
63614
63632
63638
63652
63665
63677
63680
63694
63704
63722
63731
63764
63766
63768
63775
63776
63787
63804
63813
63822
63826
63828
63840
63859
63869
63876
63876
63894
63895
63901
63909
63935
63943
63957
63962
63973
63976
64000
64018
64040
64045
64049
64072
64073
64079
64087
64087
64113
64118
64124
64128
64139
64142
64143
64158
64164
64165
64166
64170
64196
64209
64228
64237
64248
64249
64249
64262
64265
64267
64267
64273
64305
64307
64316
64325
64327
64331
64337
64351
64362
64368
64380
64382
64392
64396
64398
64405
64409
64414
64414
64436
64444
64481
64498
64499
64500
64503
64505
64506
64516
64517
64522
64524
64526
64535
64535
64536
64549
64551
64555
64557
64576
64578
64588
64616
64617
64624
64628
64628
64644
64661
64672
64684
64687
64694
64704
64715
64733
64738
64749
64751
64766
64784
64784
64784
64785
64788
64795
64797
64804
64825
64827
64839
64852
64859
64862
64873
64876
64884
64890
64902
64933
64933
64933
64937
64946
64949
64957
64986
64986
64988
64999
65010
65016
65047
65049
65056
65067
65067
65074
65076
65080
65096
65113
65119
65122
65132
65132
65135
65138
65151
65159
65175
65210
65212
65218
65232
65237
65237
65242
65266
65269
65314
65343
65347
65356
65369
65383
65394
65410
65413
65445
65450
65456
65458
65474
65494
65501
65512
65522
65545
65552
65565
65566
65570
65582
65584
65585
65591
65594
65605
65619
65622
65642
65642
65660
65664
65665
65695
65702
65720
65725
65745
65754
65765
65779
65780
65781
65823
65836
65846
65847
65870
65894
65908
65912
65921
65927
65934
65961
65964
65976
65988
65993
66003
66035
66050
66054
66059
66061
66075
66084
66122
66125
66126
66144
66178
66183
66192
66200
66207
66210
66238
66246
66249
66253
66253
66268
66269
66272
66273
66274
66286
66294
66297
66311
66315
66320
66324
66324
66342
66348
66351
66364
66399
66406
66420
66421
66422
66423
66439
66445
66450
66461
66463
66473
66481
66481
66521
66524
66528
66530
66559
66563
66572
66593
66596
66599
66599
66624
66625
66637
66638
66639
66655
66662
66704
66719
66719
66726
66732
66756
66762
66762
66764
66774
66798
66803
66807
66808
66841
66870
66882
66887
66894
66906
66920
66930
66931
66937
66952
66955
66960
66962
66966
66989
66997
67034
67044
67063
67073
67091
67092
67107
67131
67144
67160
67180
67188
67214
67256
67285
67292
67309
67314
67327
67333
67343
67361
67379
67394
67398
67398
67415
67416
67423
67425
67428
67429
67432
67452
67458
67469
67482
67486
67486
67490
67490
67498
67508
67516
67520
67522
67523
67523
67541
67550
67553
67566
67598
67601
67606
67618
67640
67642
67655
67665
67671
67672
67681
67683
67700
67704
67706
67737
67743
67745
67759
67760
67762
67763
67787
67787
67808
67817
67828
67857
67875
67878
67881
67883
67892
67908
67933
67938
67975
67975
67976
67992
67995
68000
68010
68025
68027
68038
68059
68064
68081
68086
68094
68101
68114
68122
68125
68138
68165
68187
68203
68204
68206
68242
68270
68280
68282
68314
68318
68379
68402
68414
68439
68443
68470
68479
68484
68501
68527
68561
68571
68574
68577
68577
68580
68627
68631
68637
68640
68653
68657
68663
68676
68677
68684
68689
68691
68692
68698
68704
68725
68725
68734
68734
68752
68754
68760
68764
68765
68771
68775
68807
68836
68841
68846
68849
68853
68863
68890
68942
68946
68958
68965
68984
68988
68991
68992
69005
69038
69047
69050
69050
69080
69092
69102
69105
69105
69105
69110
69131
69132
69151
69161
69166
69176
69182
69188
69189
69195
69228
69246
69249
69260
69263
69266
69278
69285
69301
69304
69305
69310
69338
69349
69367
69369
69373
69373
69375
69383
69386
69392
69408
69411
69420
69422
69453
69455
69456
69461
69468
69473
69488
69491
69539
69541
69553
69555
69571
69587
69605
69609
69613
69620
69640
69682
69686
69698
69711
69715
69724
69727
69732
69758
69782
69785
69790
69812
69821
69827
69831
69838
69857
69865
69874
69882
69890
69893
69897
69902
69904
69931
69957
69959
69960
69982
69992
70010
70030
70039
70047
70061
70068
70090
70104
70106
70112
70112
70123
70127
70129
70134
70143
70143
70144
70155
70157
70171
70172
70175
70176
70178
70180
70181
70191
70196
70199
70204
70212
70220
70252
70255
70286
70294
70303
70318
70319
70321
70335
70342
70364
70365
70378
70392
70417
70420
70422
70428
70454
70464
70473
70476
70489
70496
70521
70533
70558
70559
70559
70561
70579
70596
70599
70613
70632
70647
70660
70672
70673
70680
70720
70726
70734
70741
70747
70747
70752
70753
70756
70783
70787
70790
70805
70823
70843
70882
70892
70908
70927
70951
70959
70962
70971
70976
70977
70987
70989
70992
70994
70996
70997
71006
71014
71030
71036
71045
71046
71048
71055
71067
71067
71084
71098
71100
71112
71127
71150
71156
71160
71170
71190
71195
71221
71227
71232
71259
71268
71270
71277
71292
71300
71309
71318
71329
71339
71349
71351
71364
71374
71390
71394
71397
71400
71403
71416
71420
71428
71432
71432
71484
71484
71487
71514
71524
71524
71550
71559
71567
71588
71598
71613
71619
71626
71627
71634
71648
71689
71696
71709
71725
71728
71736
71756
71779
71786
71811
71821
71823
71834
71840
71841
71848
71849
71855
71860
71863
71867
71872
71888
71892
71903
71904
71912
71914
71918
71918
71919
71939
71953
71964
71969
71972
71975
71986
71995
71995
71997
71999
72001
72031
72036
72043
72057
72065
72067
72078
72082
72084
72106
72124
72144
72149
72160
72164
72172
72174
72174
72184
72207
72215
72222
72224
72225
72227
72227
72240
72253
72253
72255
72260
72261
72261
72266
72299
72299
72315
72315
72343
72344
72364
72370
72371
72378
72413
72418
72436
72444
72448
72450
72451
72465
72489
72503
72516
72518
72524
72532
72548
72549
72564
72566
72591
72592
72593
72593
72619
72623
72623
72630
72634
72637
72640
72652
72695
72705
72722
72745
72760
72768
72801
72815
72833
72838
72857
72862
72871
72873
72875
72876
72931
72933
72960
72964
72968
72983
72984
72984
72991
72994
73026
73028
73030
73052
73056
73064
73067
73090
73095
73117
73118
73149
73149
73153
73178
73195
73223
73224
73233
73263
73289
73302
73338
73343
73365
73372
73375
73389
73391
73397
73398
73427
73431
73433
73486
73487
73496
73500
73508
73516
73521
73537
73538
73539
73557
73592
73597
73607
73614
73644
73647
73650
73653
73654
73665
73671
73686
73691
73705
73711
73720
73736
73747
73768
73774
73786
73818
73829
73840
73852
73854
73868
73895
73903
73922
73924
73927
73935
73952
73956
73963
73995
74000
74000
74012
74018
74023
74037
74037
74040
74040
74053
74060
74068
74074
74093
74106
74109
74122
74124
74133
74136
74183
74212
74217
74225
74232
74238
74245
74271
74277
74279
74290
74311
74317
74318
74342
74348
74350
74355
74360
74364
74373
74375
74376
74377
74393
74395
74399
74402
74412
74415
74443
74463
74469
74485
74490
74492
74504
74526
74530
74543
74569
74572
74576
74584
74596
74618
74619
74621
74628
74630
74632
74632
74658
74663
74687
74707
74727
74737
74747
74747
74749
74758
74779
74798
74798
74817
74842
74853
74859
74863
74896
74917
74918
74932
74943
74972
74989
75003
75013
75030
75055
75057
75061
75078
75089
75104
75104
75104
75114
75122
75132
75144
75185
75191
75195
75195
75212
75222
75234
75246
75271
75281
75292
75294
75299
75314
75322
75347
75357
75363
75387
75392
75393
75393
75403
75404
75405
75426
75464
75490
75500
75502
75507
75513
75531
75532
75561
75570
75586
75589
75590
75628
75644
75648
75655
75667
75668
75693
75731
75738
75739
75751
75755
75763
75764
75765
75767
75777
75794
75796
75798
75820
75826
75835
75877
75886
75897
75900
75904
75942
75951
75953
75988
76015
76030
76032
76033
76047
76054
76056
76056
76057
76061
76061
76078
76088
76103
76108
76116
76122
76123
76137
76147
76164
76166
76171
76172
76181
76192
76206
76262
76265
76266
76274
76275
76306
76306
76315
76321
76336
76343
76352
76356
76366
76370
76399
76403
76406
76408
76427
76438
76454
76458
76462
76489
76498
76507
76507
76515
76522
76543
76548
76556
76565
76571
76580
76595
76597
76606
76620
76630
76639
76641
76650
76652
76656
76666
76684
76686
76690
76732
76739
76746
76770
76772
76818
76818
76822
76836
76838
76842
76847
76857
76858
76860
76861
76887
76889
76916
76944
76954
76956
76963
76988
77035
77044
77047
77059
77062
77070
77072
77076
77090
77093
77093
77099
77117
77117
77165
77180
77190
77195
77215
77234
77245
77283
77292
77294
77327
77337
77361
77371
77375
77399
77407
77411
77441
77462
77473
77473
77484
77497
77515
77518
77525
77526
77529
77541
77551
77557
77558
77562
77564
77566
77579
77579
77585
77600
77600
77602
77607
77611
77613
77615
77619
77622
77623
77626
77643
77644
77646
77656
77680
77699
77704
77728
77764
77766
77767
77767
77772
77773
77777
77781
77782
77793
77799
77808
77809
77814
77819
77830
77838
77843
77844
77845
77862
77867
77890
77900
77921
77927
77933
77934
77935
77943
77944
77946
77957
77959
77981
77987
77988
78010
78026
78035
78039
78041
78044
78048
78050
78057
78082
78089
78093
78094
78097
78098
78103
78104
78116
78118
78123
78129
78130
78136
78145
78170
78175
78178
78187
78207
78248
78256
78273
78293
78304
78305
78311
78326
78349
78361
78369
78378
78385
78391
78412
78416
78418
78421
78431
78448
78465
78470
78485
78491
78494
78499
78514
78519
78527
78528
78528
78533
78560
78564
78572
78578
78588
78606
78611
78620
78635
78646
78648
78653
78660
78661
78683
78699
78707
78707
78721
78748
78758
78760
78762
78765
78779
78782
78787
78792
78800
78827
78853
78856
78860
78864
78868
78887
78893
78896
78899
78915
78919
78929
78931
78953
78958
78975
78976
78989
79000
79002
79005
79013
79014
79014
79033
79050
79061
79066
79070
79073
79098
79120
79126
79128
79130
79138
79158
79162
79163
79165
79166
79167
79180
79184
79196
79226
79232
79237
79242
79243
79244
79254
79256
79273
79283
79290
79291
79306
79309
79313
79315
79331
79339
79342
79347
79349
79378
79414
79417
79427
79431
79432
79444
79452
79455
79455
79465
79472
79483
79504
79522
79538
79547
79555
79560
79562
79584
79592
79605
79632
79645
79655
79672
79686
79686
79692
79704
79712
79735
79740
79753
79775
79794
79818
79823
79832
79847
79851
79877
79879
79883
79887
79898
79906
79928
79929
79929
79934
79935
79947
79962
79996
79996
80014
80014
80016
80024
80030
80057
80063
80071
80081
80088
80088
80109
80109
80110
80116
80134
80157
80165
80173
80178
80192
80212
80215
80219
80227
80230
80238
80249
80250
80250
80259
80274
80275
80277
80282
80287
80302
80305
80335
80341
80342
80350
80354
80363
80373
80380
80383
80398
80402
80405
80413
80422
80429
80430
80432
80432
80450
80459
80468
80491
80493
80495
80502
80504
80509
80525
80525
80539
80548
80563
80580
80584
80606
80618
80618
80631
80633
80637
80640
80641
80644
80663
80666
80673
80674
80683
80684
80686
80701
80705
80715
80721
80727
80748
80762
80769
80784
80794
80827
80829
80835
80840
80843
80856
80859
80866
80884
80897
80900
80911
80921
80934
80946
80964
80966
80984
80990
81004
81005
81020
81033
81042
81060
81081
81094
81098
81136
81156
81157
81162
81177
81181
81190
81195
81217
81219
81220
81230
81238
81240
81246
81249
81255
81256
81259
81285
81292
81294
81297
81298
81311
81325
81327
81332
81356
81362
81376
81395
81402
81409
81409
81411
81448
81452
81461
81484
81502
81502
81517
81522
81526
81541
81546
81546
81548
81551
81557
81566
81572
81573
81575
81576
81589
81591
81602
81602
81611
81616
81629
81637
81640
81682
81727
81730
81735
81746
81748
81749
81756
81756
81764
81774
81787
81810
81825
81825
81846
81854
81881
81894
81896
81934
81937
81952
81960
81974
81981
81983
81983
81992
82006
82017
82017
82040
82041
82046
82049
82053
82056
82064
82080
82093
82097
82100
82120
82145
82149
82166
82167
82174
82175
82176
82192
82210
82234
82237
82238
82254
82258
82286
82296
82326
82336
82361
82368
82370
82373
82379
82391
82405
82410
82429
82433
82438
82445
82468
82468
82478
82479
82491
82492
82494
82503
82503
82506
82527
82530
82534
82536
82544
82551
82559
82571
82573
82576
82582
82585
82594
82602
82616
82631
82647
82655
82658
82667
82672
82673
82685
82693
82696
82697
82713
82725
82734
82735
82736
82746
82753
82757
82761
82765
82820
82840
82846
82861
82876
82882
82895
82895
82908
82923
82924
82937
82944
82962
82962
82963
82964
82982
83011
83012
83016
83019
83019
83021
83029
83046
83047
83074
83077
83084
83110
83133
83135
83147
83154
83157
83159
83159
83162
83168
83185
83187
83193
83208
83209
83214
83226
83240
83244
83254
83255
83258
83284
83285
83293
83296
83297
83304
83309
83309
83311
83326
83338
83339
83345
83353
83374
83381
83381
83385
83403
83417
83431
83432
83450
83462
83476
83485
83540
83560
83569
83573
83574
83626
83634
83649
83654
83654
83655
83663
83663
83669
83692
83696
83698
83710
83713
83739
83789
83792
83794
83797
83814
83814
83821
83830
83833
83841
83844
83859
83875
83879
83889
83910
83911
83913
83933
83955
83984
84012
84020
84037
84053
84057
84091
84093
84106
84110
84121
84132
84136
84152
84165
84176
84176
84178
84245
84257
84258
84274
84282
84294
84301
84301
84306
84314
84325
84325
84325
84350
84355
84355
84357
84363
84368
84369
84379
84394
84395
84398
84404
84421
84436
84444
84470
84487
84492
84500
84507
84513
84516
84522
84523
84526
84545
84554
84564
84565
84603
84605
84607
84612
84637
84646
84659
84674
84681
84681
84681
84691
84700
84702
84707
84712
84712
84723
84763
84768
84772
84780
84783
84804
84809
84811
84823
84851
84860
84873
84876
84882
84887
84894
84922
84923
84934
84940
84952
84963
84971
84984
84990
84996
85022
85026
85030
85036
85037
85043
85044
85061
85063
85080
85110
85138
85141
85149
85159
85162
85163
85167
85168
85177
85199
85201
85206
85218
85222
85235
85244
85249
85256
85268
85307
85311
85317
85320
85325
85332
85351
85373
85382
85386
85419
85420
85427
85450
85461
85468
85473
85484
85485
85511
85512
85535
85549
85562
85576
85577
85605
85616
85626
85629
85639
85651
85662
85669
85685
85685
85689
85693
85723
85729
85736
85739
85749
85765
85768
85796
85802
85803
85806
85822
85862
85864
85874
85879
85880
85881
85883
85886
85890
85902
85910
85911
85913
85927
85935
85941
85943
85948
85949
85957
85961
85962
85974
85984
86006
86016
86016
86017
86018
86023
86038
86040
86041
86048
86048
86055
86062
86069
86084
86097
86098
86105
86123
86126
86129
86155
86158
86162
86187
86195
86196
86206
86235
86246
86265
86274
86283
86289
86297
86301
86310
86316
86325
86343
86350
86358
86365
86369
86389
86390
86391
86400
86404
86408
86418
86419
86444
86445
86488
86491
86497
86508
86510
86518
86524
86531
86554
86588
86588
86615
86647
86658
86662
86664
86665
86686
86692
86711
86711
86712
86715
86718
86747
86757
86770
86776
86781
86782
86805
86809
86856
86859
86876
86882
86890
86925
86926
86929
86930
86944
86960
86972
86976
86981
86987
86990
86994
87001
87008
87015
87016
87017
87027
87045
87066
87069
87078
87129
87139
87144
87167
87169
87175
87195
87203
87211
87221
87223
87229
87253
87258
87263
87269
87269
87283
87288
87295
87331
87337
87347
87353
87372
87373
87381
87388
87408
87409
87409
87412
87433
87437
87446
87452
87459
87465
87470
87473
87474
87480
87502
87512
87518
87524
87529
87532
87541
87547
87554
87557
87565
87568
87602
87613
87622
87637
87655
87664
87665
87670
87683
87706
87711
87723
87728
87740
87746
87766
87769
87778
87782
87782
87784
87811
87824
87829
87832
87845
87850
87863
87870
87872
87875
87880
87882
87882
87892
87896
87902
87905
87908
87935
87938
87942
87943
87951
87965
87968
87969
87977
87984
87989
87994
88013
88016
88029
88043
88073
88074
88081
88090
88119
88121
88122
88124
88128
88158
88164
88168
88190
88216
88229
88263
88272
88276
88304
88306
88310
88310
88324
88344
88353
88360
88367
88379
88389
88389
88390
88404
88404
88426
88440
88441
88452
88458
88469
88470
88471
88474
88485
88488
88492
88495
88518
88529
88539
88569
88578
88591
88610
88618
88639
88645
88647
88657
88732
88747
88751
88758
88777
88780
88781
88790
88791
88793
88798
88798
88800
88806
88814
88823
88823
88824
88825
88829
88834
88837
88842
88846
88849
88888
88890
88893
88897
88926
88931
88932
88934
88949
88970
88980
88985
88997
88999
89021
89034
89069
89070
89078
89095
89134
89143
89151
89175
89199
89218
89237
89248
89273
89281
89312
89315
89320
89337
89353
89359
89360
89384
89416
89416
89419
89435
89442
89447
89455
89469
89470
89503
89510
89515
89535
89540
89541
89548
89557
89603
89608
89609
89637
89664
89670
89671
89689
89699
89699
89704
89723
89746
89764
89765
89770
89773
89777
89787
89792
89816
89888
89892
89945
89945
89987
89988
90003
90005
90011
90017
90022
90049
90061
90065
90072
90096
90096
90097
90140
90144
90172
90172
90175
90178
90217
90229
90230
90235
90247
90262
90330
90352
90384
90402
90415
90432
90441
90449
90456
90468
90469
90472
90476
90482
90501
90503
90513
90513
90517
90524
90527
90532
90540
90541
90545
90580
90589
90590
90596
90603
90644
90646
90670
90691
90693
90725
90738
90739
90743
90752
90755
90755
90762
90778
90781
90783
90788
90810
90823
90834
90839
90847
90871
90873
90884
90891
90896
90934
90935
90949
90955
90959
90962
90986
90995
91007
91009
91013
91013
91014
91025
91030
91052
91054
91084
91098
91139
91139
91141
91144
91147
91160
91163
91170
91209
91214
91214
91216
91231
91234
91236
91247
91267
91279
91284
91290
91302
91317
91354
91363
91365
91369
91390
91404
91405
91410
91415
91416
91416
91474
91482
91482
91483
91497
91499
91508
91508
91510
91527
91548
91562
91569
91572
91578
91582
91606
91611
91618
91621
91622
91634
91636
91643
91652
91661
91680
91684
91692
91706
91706
91718
91721
91724
91737
91746
91759
91762
91763
91765
91773
91797
91805
91810
91813
91821
91822
91845
91859
91865
91865
91914
91920
91946
91952
91962
91965
91966
91979
91996
92005
92010
92016
92042
92044
92058
92064
92066
92069
92080
92083
92094
92102
92118
92120
92151
92151
92153
92160
92171
92174
92182
92186
92215
92222
92224
92237
92242
92242
92246
92248
92250
92257
92264
92272
92296
92305
92305
92334
92342
92344
92347
92354
92372
92373
92386
92395
92405
92411
92412
92416
92417
92421
92431
92432
92442
92447
92451
92459
92468
92497
92500
92501
92507
92507
92509
92509
92515
92515
92523
92526
92535
92540
92541
92597
92602
92606
92623
92627
92646
92651
92658
92682
92702
92705
92713
92716
92721
92723
92726
92756
92758
92787
92812
92822
92836
92840
92879
92882
92885
92886
92888
92889
92911
92912
92939
92943
92954
92956
92974
92981
92989
92991
92996
93034
93041
93043
93053
93056
93057
93062
93080
93101
93132
93140
93158
93181
93199
93210
93212
93232
93240
93246
93255
93257
93262
93262
93276
93298
93308
93313
93329
93330
93332
93356
93368
93381
93382
93382
93385
93400
93407
93415
93421
93431
93433
93443
93461
93467
93476
93478
93483
93488
93493
93510
93514
93522
93536
93556
93558
93570
93583
93591
93598
93617
93629
93672
93677
93687
93694
93702
93704
93705
93717
93736
93766
93768
93797
93804
93812
93837
93839
93861
93861
93863
93888
93889
93894
93894
93896
93910
93944
93958
93962
93968
93969
93997
94008
94010
94025
94025
94026
94063
94071
94080
94093
94100
94102
94103
94103
94119
94126
94128
94128
94129
94135
94148
94160
94165
94182
94185
94185
94189
94195
94213
94245
94270
94274
94308
94317
94343
94407
94409
94419
94429
94465
94467
94499
94499
94518
94524
94560
94569
94571
94577
94588
94597
94617
94626
94644
94657
94673
94680
94682
94686
94689
94693
94701
94701
94714
94727
94729
94745
94746
94763
94776
94789
94800
94816
94837
94849
94868
94876
94878
94880
94881
94915
94923
94945
94947
94948
94955
94957
94973
94980
95003
95011
95018
95036
95039
95050
95052
95066
95074
95076
95083
95102
95125
95130
95151
95155
95159
95161
95209
95213
95214
95219
95220
95225
95234
95242
95246
95250
95251
95258
95267
95275
95277
95296
95309
95316
95326
95332
95362
95375
95388
95398
95419
95420
95435
95490
95495
95495
95500
95503
95506
95518
95550
95553
95554
95559
95569
95569
95570
95571
95591
95609
95619
95644
95666
95670
95697
95701
95711
95720
95725
95728
95729
95733
95753
95758
95759
95783
95801
95843
95846
95852
95855
95864
95874
95903
95903
95916
95928
95929
95952
95952
95955
95974
96000
96001
96021
96037
96045
96077
96080
96089
96093
96094
96098
96098
96107
96127
96133
96135
96140
96149
96154
96160
96165
96168
96215
96218
96224
96228
96252
96266
96288
96293
96299
96304
96337
96355
96360
96361
96363
96372
96379
96380
96382
96388
96393
96400
96402
96403
96408
96417
96417
96420
96421
96462
96466
96474
96492
96497
96504
96509
96518
96518
96519
96548
96568
96606
96612
96612
96615
96622
96623
96630
96663
96686
96689
96694
96714
96715
96715
96730
96741
96742
96747
96759
96761
96763
96764
96774
96790
96798
96809
96818
96819
96830
96831
96836
96840
96851
96852
96869
96895
96899
96899
96910
96912
96916
96933
96934
96937
96938
96948
96948
96951
96964
96967
96972
96976
96982
96985
96986
96996
97006
97011
97015
97024
97042
97049
97063
97069
97070
97074
97086
97105
97116
97120
97158
97173
97181
97191
97219
97224
97229
97241
97246
97248
97252
97260
97269
97272
97306
97307
97308
97312
97323
97328
97351
97353
97374
97375
97376
97398
97410
97419
97419
97424
97432
97437
97440
97453
97455
97462
97480
97482
97486
97502
97511
97514
97516
97524
97524
97547
97549
97549
97554
97555
97571
97588
97595
97607
97608
97620
97643
97646
97647
97650
97661
97668
97676
97686
97690
97694
97695
97701
97702
97716
97721
97743
97745
97748
97755
97757
97769
97781
97793
97795
97796
97814
97819
97836
97853
97858
97883
97899
97906
97914
97916
97934
97934
97947
97953
97957
98019
98029
98041
98044
98047
98048
98051
98059
98064
98068
98081
98088
98088
98145
98150
98168
98170
98181
98186
98196
98203
98211
98216
98222
98226
98237
98245
98264
98273
98280
98281
98310
98319
98340
98348
98350
98354
98375
98396
98398
98413
98441
98448
98449
98465
98491
98496
98501
98504
98508
98520
98542
98545
98551
98558
98588
98619
98623
98629
98639
98640
98644
98657
98667
98679
98683
98704
98708
98710
98735
98743
98748
98762
98763
98766
98774
98822
98832
98853
98863
98868
98878
98890
98893
98899
98903
98905
98912
98934
98948
98950
98978
98981
98991
99014
99014
99020
99034
99050
99054
99081
99081
99083
99096
99100
99117
99131
99132
99135
99175
99176
99182
99183
99199
99228
99235
99245
99255
99256
99266
99266
99280
99290
99294
99294
99301
99302
99302
99305
99307
99328
99341
99353
99376
99382
99397
99409
99410
99417
99426
99430
99437
99439
99444
99446
99448
99453
99459
99462
99463
99469
99498
99509
99532
99538
99544
99573
99581
99597
99605
99618
99626
99635
99647
99664
99672
99678
99681
99723
99732
99756
99757
99759
99763
99763
99811
99813
99818
99837
99846
99853
99858
99874
99875
99918
99948
99963
99970
99984
99989
