4
6
17
59
60
68
87
96
100
100
106
107
112
122
171
175
190
203
214
219
226
242
244
274
277
280
307
314
338
351
357
364
370
378
380
398
399
409
412
418
425
427
464
486
503
506
508
510
510
534
537
549
574
586
601
615
618
620
626
636
674
676
679
688
701
715
717
736
743
743
752
774
785
795
795
803
807
821
829
843
856
863
864
870
892
894
897
905
909
918
942
945
975
982
982
992
997
1014
1014
1030
1041
1048
1055
1064
1069
1075
1076
1079
1079
1079
1090
1096
1102
1131
1132
1134
1140
1145
1147
1154
1158
1160
1204
1205
1205
1224
1228
1230
1235
1235
1253
1259
1269
1283
1286
1291
1303
1308
1314
1317
1322
1326
1329
1339
1342
1393
1393
1416
1418
1434
1448
1453
1454
1486
1498
1500
1507
1524
1525
1528
1534
1542
1544
1553
1554
1559
1568
1570
1572
1582
1609
1613
1617
1622
1635
1651
1667
1671
1684
1685
1685
1708
1709
1719
1722
1723
1726
1727
1736
1781
1789
1800
1811
1825
1825
1841
1843
1867
1869
1880
1883
1903
1908
1915
1942
1947
1949
1952
2002
2016
2048
2057
2058
2060
2063
2073
2083
2090
2100
2102
2103
2114
2123
2142
2160
2162
2165
2184
2184
2188
2193
2204
2208
2224
2228
2232
2246
2264
2266
2267
2276
2279
2286
2311
2313
2314
2315
2316
2321
2333
2333
2335
2343
2344
2352
2355
2363
2384
2386
2388
2404
2407
2421
2421
2428
2453
2463
2472
2475
2486
2511
2523
2524
2526
2552
2563
2573
2577
2586
2592
2597
2598
2599
2608
2615
2622
2628
2637
2647
2649
2659
2669
2670
2684
2686
2705
2715
2718
2734
2751
2777
2780
2785
2794
2799
2801
2811
2826
2831
2831
2838
2843
2849
2851
2857
2862
2866
2871
2881
2886
2892
2903
2922
2928
2934
2969
2984
2985
3025
3035
3035
3051
3061
3061
3084
3085
3087
3116
3133
3142
3152
3162
3165
3172
3176
3187
3200
3201
3203
3206
3216
3248
3251
3261
3286
3291
3303
3315
3316
3324
3331
3337
3343
3346
3356
3388
3403
3404
3406
3416
3418
3421
3422
3424
3439
3440
3440
3446
3459
3462
3464
3481
3494
3500
3503
3526
3533
3541
3550
3553
3559
3565
3567
3567
3580
3587
3589
3594
3594
3600
3624
3659
3679
3702
3705
3707
3709
3727
3729
3730
3766
3769
3774
3778
3814
3820
3833
3836
3842
3848
3856
3874
3880
3882
3889
3897
3929
3938
3938
3939
3944
3946
3959
3962
3993
3998
4014
4014
4052
4054
4104
4128
4137
4168
4171
4198
4207
4209
4226
4238
4265
4284
4285
4287
4293
4307
4312
4325
4329
4335
4341
4360
4366
4374
4401
4422
4430
4461
4481
4482
4482
4484
4488
4492
4500
4513
4513
4514
4523
4530
4532
4537
4543
4551
4567
4570
4618
4619
4624
4644
4648
4653
4686
4710
4711
4734
4746
4763
4773
4776
4802
4807
4814
4818
4826
4841
4845
4860
4861
4863
4864
4865
4867
4870
4877
4884
4900
4919
4923
4925
4927
4937
4949
4986
4989
4993
5006
5016
5018
5028
5040
5078
5080
5087
5087
5101
5112
5120
5121
5124
5125
5127
5134
5139
5142
5168
5170
5171
5174
5191
5196
5197
5198
5202
5207
5214
5256
5276
5292
5301
5333
5341
5360
5361
5373
5373
5400
5405
5408
5413
5421
5421
5427
5433
5435
5438
5445
5446
5450
5451
5456
5462
5469
5483
5485
5490
5491
5506
5510
5518
5527
5537
5561
5570
5572
5596
5600
5626
5631
5638
5646
5648
5664
5687
5692
5692
5702
5702
5724
5730
5745
5770
5797
5802
5821
5821
5821
5822
5838
5851
5859
5860
5865
5881
5909
5919
5921
5923
5929
5959
5961
5963
5967
5992
5993
5997
6004
6004
6010
6011
6012
6030
6034
6040
6044
6051
6053
6073
6090
6094
6094
6116
6128
6136
6139
6140
6158
6166
6166
6167
6169
6183
6184
6188
6202
6206
6230
6233
6252
6254
6260
6264
6274
6297
6334
6348
6357
6362
6363
6372
6377
6385
6386
6392
6392
6393
6397
6400
6423
6427
6428
6430
6441
6444
6454
6475
6491
6501
6509
6513
6528
6536
6542
6553
6575
6584
6589
6602
6635
6639
6661
6665
6665
6690
6714
6715
6717
6744
6759
6773
6774
6780
6782
6790
6793
6819
6823
6830
6831
6831
6832
6837
6846
6850
6857
6864
6868
6870
6879
6892
6934
6946
6956
6981
6988
6991
7002
7012
7016
7017
7023
7041
7051
7058
7071
7076
7086
7101
7110
7120
7133
7136
7146
7150
7175
7178
7186
7198
7200
7211
7215
7229
7229
7237
7258
7266
7291
7295
7311
7317
7319
7320
7349
7354
7382
7383
7410
7411
7442
7449
7450
7465
7485
7489
7505
7547
7551
7554
7588
7593
7596
7606
7608
7646
7659
7680
7687
7690
7696
7734
7740
7743
7763
7765
7767
7771
7774
7776
7777
7779
7784
7788
7805
7811
7828
7834
7842
7848
7854
7866
7872
7900
7903
7910
7913
7916
7923
7932
7942
7957
7971
7982
7996
8009
8010
8023
8030
8050
8059
8071
8097
8099
8103
8103
8104
8112
8118
8119
8132
8136
8138
8139
8139
8140
8156
8200
8245
8254
8268
8272
8275
8276
8276
8347
8355
8360
8363
8383
8416
8419
8423
8437
8438
8456
8461
8473
8508
8522
8537
8537
8538
8542
8544
8545
8545
8556
8558
8564
8571
8576
8578
8594
8641
8645
8645
8654
8660
8661
8680
8685
8691
8691
8692
8697
8700
8709
8714
8717
8718
8728
8745
8747
8749
8758
8770
8800
8803
8809
8812
8812
8820
8833
8835
8837
8837
8854
8908
8936
8946
8948
8949
8960
8961
8961
9013
9018
9030
9041
9042
9050
9054
9056
9061
9069
9070
9073
9076
9079
9118
9143
9159
9186
9195
9202
9207
9215
9231
9234
9252
9253
9256
9269
9271
9272
9282
9311
9328
9331
9339
9346
9350
9366
9396
9405
9419
9441
9458
9466
9472
9475
9477
9486
9487
9499
9499
9508
9517
9525
9537
9546
9559
9559
9559
9569
9574
9588
9589
9594
9600
9608
9613
9614
9620
9651
9657
9659
9665
9673
9716
9720
9739
9739
9744
9760
9778
9781
9783
9808
9832
9835
9837
9842
9846
9851
9861
9880
9893
9893
9903
9910
9915
9920
9924
9928
9940
9941
9958
9963
9974
9977
9977
9994
10002
10008
10013
10019
10028
10034
10043
10063
10070
10080
10080
10086
10104
10106
10118
10127
10129
10135
10135
10141
10147
10151
10151
10158
10162
10163
10168
10169
10170
10188
10208
10221
10241
10247
10270
10282
10299
10308
10321
10327
10331
10336
10338
10341
10344
10355
10358
10359
10360
10364
10372
10404
10417
10424
10427
10435
10455
10456
10473
10476
10484
10496
10500
10519
10523
10541
10549
10557
10562
10583
10586
10586
10591
10593
10593
10627
10641
10646
10673
10674
10694
10697
10698
10700
10704
10707
10708
10721
10721
10738
10742
10748
10752
10768
10774
10781
10783
10785
10809
10826
10826
10833
10844
10862
10873
10874
10910
10920
10920
10924
10966
10976
10997
10998
10998
11008
11018
11033
11037
11042
11046
11063
11078
11101
11104
11118
11160
11173
11188
11197
11205
11215
11215
11220
11222
11235
11248
11259
11260
11262
11264
11284
11298
11318
11332
11333
11342
11365
11366
11390
11399
11411
11421
11460
11461
11466
11467
11491
11494
11497
11512
11515
11519
11551
11613
11619
11619
11633
11641
11642
11650
11653
11662
11666
11667
11687
11699
11702
11707
11710
11727
11727
11729
11746
11747
11765
11790
11802
11808
11816
11823
11827
11833
11836
11840
11846
11849
11853
11853
11861
11862
11899
11901
11912
11916
11938
11958
11959
11985
12000
12010
12012
12017
12032
12043
12045
12047
12063
12064
12068
12071
12073
12082
12084
12086
12098
12098
12098
12101
12105
12119
12122
12125
12128
12155
12189
12226
12249
12255
12259
12260
12271
12274
12275
12283
12291
12300
12307
12308
12314
12317
12336
12355
12373
12380
12390
12417
12422
12427
12438
12442
12444
12453
12460
12462
12478
12490
12499
12506
12522
12525
12529
12561
12576
12600
12607
12625
12627
12636
12645
12649
12656
12668
12675
12684
12688
12691
12698
12701
12701
12726
12732
12742
12743
12757
12765
12767
12776
12789
12791
12795
12817
12819
12820
12823
12828
12840
12876
12884
12889
12906
12907
12921
12927
12937
12938
12943
12950
12957
12965
12967
12977
12979
12990
12997
13002
13003
13027
13043
13077
13090
13091
13091
13091
13109
13109
13111
13129
13153
13157
13161
13161
13171
13179
13188
13196
13198
13209
13214
13225
13231
13232
13240
13255
13262
13265
13270
13271
13291
13300
13302
13321
13340
13346
13363
13369
13386
13398
13425
13453
13455
13457
13469
13479
13488
13544
13547
13551
13571
13572
13579
13583
13590
13595
13617
13641
13651
13667
13679
13703
13717
13726
13764
13784
13795
13804
13816
13839
13872
13874
13915
13926
13934
13946
13950
13962
13972
13989
13995
14004
14011
14030
14037
14049
14050
14092
14094
14100
14112
14114
14122
14129
14144
14152
14157
14162
14183
14187
14189
14193
14199
14207
14209
14218
14218
14236
14239
14240
14242
14243
14247
14252
14254
14283
14283
14296
14300
14309
14316
14318
14338
14349
14364
14433
14447
14460
14465
14488
14496
14510
14512
14526
14530
14536
14544
14552
14552
14561
14564
14566
14577
14608
14614
14625
14632
14638
14663
14690
14692
14694
14718
14736
14741
14747
14749
14757
14763
14766
14769
14770
14774
14795
14799
14806
14809
14812
14849
14857
14896
14897
14903
14904
14978
14997
15007
15017
15022
15029
15032
15032
15033
15055
15069
15077
15087
15093
15102
15111
15135
15136
15141
15143
15146
15176
15193
15204
15216
15228
15238
15242
15255
15271
15286
15296
15305
15313
15366
15368
15399
15401
15410
15411
15417
15451
15453
15464
15468
15468
15476
15488
15532
15565
15583
15613
15624
15631
15636
15637
15644
15662
15664
15684
15696
15699
15707
15718
15726
15737
15759
15763
15770
15771
15776
15786
15800
15808
15813
15816
15828
15863
15868
15895
15898
15919
15921
15923
15935
15938
15942
15974
15980
15992
15995
16004
16043
16051
16058
16058
16058
16064
16066
16066
16072
16081
16086
16086
16089
16094
16137
16149
16150
16154
16158
16162
16165
16169
16178
16188
16248
16267
16273
16283
16292
16302
16308
16309
16318
16318
16336
16351
16356
16360
16374
16390
16400
16404
16434
16442
16444
16452
16492
16513
16515
16519
16527
16531
16532
16532
16537
16567
16568
16574
16586
16615
16622
16622
16633
16657
16662
16664
16665
16670
16684
16691
16694
16695
16706
16731
16747
16747
16787
16794
16796
16799
16800
16814
16832
16839
16850
16861
16872
16905
16929
16959
16970
17007
17011
17041
17043
17045
17055
17058
17066
17066
17068
17073
17093
17095
17099
17099
17111
17124
17133
17137
17139
17143
17145
17163
17172
17214
17226
17228
17236
17239
17246
17257
17277
17290
17299
17300
17325
17326
17337
17353
17381
17388
17394
17409
17411
17435
17436
17436
17448
17455
17472
17478
17489
17493
17509
17539
17542
17573
17574
17576
17592
17607
17611
17632
17649
17664
17669
17680
17685
17696
17709
17710
17729
17737
17741
17743
17781
17788
17791
17797
17809
17840
17845
17845
17852
17856
17859
17864
17882
17908
17916
17919
17930
17942
17988
17990
17994
18007
18033
18043
18068
18080
18090
18094
18099
18106
18116
18134
18147
18149
18151
18184
18187
18190
18202
18220
18227
18234
18250
18257
18271
18272
18292
18299
18302
18305
18307
18316
18320
18336
18337
18339
18340
18348
18356
18361
18361
18370
18370
18374
18378
18378
18391
18395
18395
18410
18410
18423
18425
18439
18444
18445
18447
18480
18483
18487
18494
18495
18499
18512
18516
18517
18534
18574
18576
18602
18602
18613
18615
18632
18639
18642
18644
18645
18657
18660
18675
18676
18677
18686
18693
18696
18702
18718
18725
18729
18755
18773
18785
18786
18790
18801
18801
18802
18807
18848
18854
18859
18862
18869
18871
18888
18901
18908
18916
18918
18922
18923
18924
18943
18946
18954
18959
18960
18966
18982
19007
19008
19019
19019
19072
19076
19085
19091
19097
19102
19103
19103
19134
19135
19149
19163
19167
19186
19186
19191
19210
19242
19242
19262
19267
19281
19286
19366
19375
19375
19375
19386
19391
19394
19404
19413
19418
19420
19422
19427
19428
19432
19432
19433
19436
19446
19452
19456
19481
19481
19483
19486
19495
19498
19522
19526
19531
19546
19562
19572
19574
19593
19596
19609
19614
19617
19617
19619
19620
19626
19639
19650
19671
19672
19688
19697
19698
19707
19716
19719
19733
19735
19748
19750
19757
19767
19774
19790
19798
19825
19839
19841
19844
19847
19858
19883
19883
19901
19917
19928
19929
19931
19935
19942
19952
19977
19983
20000
20002
20007
20023
20045
20050
20054
20079
20097
20098
20109
20119
20121
20128
20130
20141
20142
20143
20149
20166
20166
20170
20172
20206
20235
20243
20325
20340
20342
20346
20349
20352
20355
20385
20390
20390
20400
20430
20430
20434
20471
20474
20478
20489
20491
20502
20505
20531
20551
20553
20554
20558
20570
20573
20575
20587
20597
20603
20610
20612
20612
20637
20643
20657
20667
20689
20693
20695
20698
20704
20715
20721
20721
20732
20748
20771
20790
20790
20814
20838
20856
20868
20878
20881
20886
20886
20887
20891
20894
20929
20934
20958
20972
20979
20985
20992
20995
21006
21011
21026
21059
21069
21070
21076
21077
21083
21089
21107
21108
21110
21121
21138
21141
21161
21162
21165
21172
21175
21180
21187
21189
21201
21208
21209
21226
21239
21244
21268
21276
21277
21278
21290
21290
21358
21370
21373
21401
21402
21420
21420
21423
21426
21433
21442
21443
21465
21481
21484
21494
21503
21507
21507
21508
21523
21530
21554
21573
21574
21612
21616
21622
21632
21634
21640
21643
21650
21674
21677
21679
21680
21683
21685
21686
21702
21706
21710
21718
21721
21742
21753
21754
21766
21811
21829
21832
21841
21844
21856
21861
21875
21893
21910
21911
21921
21931
21942
21953
21957
21995
22008
22017
22026
22032
22056
22058
22069
22076
22078
22086
22089
22092
22101
22128
22143
22158
22170
22199
22214
22221
22228
22231
22233
22251
22254
22263
22265
22287
22289
22294
22318
22348
22372
22383
22394
22399
22406
22415
22433
22437
22445
22461
22474
22497
22498
22500
22504
22505
22510
22513
22514
22521
22531
22540
22558
22593
22596
22604
22609
22619
22629
22663
22688
22736
22739
22745
22756
22771
22779
22779
22782
22812
22825
22826
22838
22843
22844
22867
22870
22872
22880
22894
22902
22903
22906
22913
22914
22947
22964
22966
22981
22990
22994
23005
23015
23017
23032
23035
23048
23049
23051
23059
23065
23075
23090
23096
23097
23101
23104
23106
23107
23114
23122
23133
23144
23157
23161
23173
23175
23175
23175
23175
23183
23190
23199
23213
23217
23241
23243
23251
23258
23262
23272
23277
23319
23319
23323
23331
23337
23339
23344
23353
23359
23370
23377
23380
23381
23382
23383
23405
23417
23420
23421
23430
23433
23462
23462
23479
23489
23504
23504
23505
23512
23522
23537
23571
23573
23584
23590
23597
23609
23612
23615
23618
23627
23644
23654
23655
23676
23679
23685
23686
23686
23724
23735
23737
23742
23762
23774
23775
23788
23789
23795
23796
23799
23806
23816
23820
23822
23823
23827
23836
23845
23854
23856
23867
23870
23877
23892
23896
23897
23897
23909
23917
23924
23930
23939
23941
23946
23951
23963
24012
24015
24042
24049
24064
24074
24097
24134
24141
24165
24168
24169
24178
24179
24205
24207
24207
24207
24211
24228
24254
24261
24272
24274
24282
24287
24291
24305
24308
24331
24365
24391
24393
24395
24396
24399
24419
24427
24444
24474
24476
24479
24517
24533
24538
24564
24590
24600
24635
24636
24636
24637
24640
24642
24653
24669
24676
24688
24690
24694
24721
24726
24729
24730
24733
24735
24756
24772
24779
24786
24800
24812
24817
24832
24840
24852
24874
24892
24893
24898
24899
24917
24935
24947
24951
24967
24981
24993
24995
25015
25036
25045
25047
25063
25063
25092
25115
25142
25143
25144
25160
25165
25184
25201
25212
25226
25243
25249
25253
25269
25291
25346
25348
25355
25363
25363
25384
25391
25407
25409
25410
25415
25416
25421
25428
25432
25435
25438
25450
25464
25467
25469
25493
25505
25514
25522
25538
25558
25569
25570
25576
25589
25592
25596
25614
25624
25634
25639
25640
25645
25651
25655
25656
25658
25659
25667
25684
25713
25727
25744
25750
25804
25807
25812
25822
25823
25836
25837
25881
25883
25883
25885
25905
25905
25910
25913
25920
25947
25976
25986
25988
25996
26007
26019
26030
26035
26045
26046
26061
26096
26106
26131
26135
26136
26146
26156
26174
26177
26178
26179
26190
26194
26203
26222
26226
26227
26228
26246
26249
26251
26263
26275
26287
26296
26307
26324
26351
26364
26365
26397
26397
26406
26413
26416
26417
26438
26439
26441
26511
26514
26516
26527
26527
26534
26539
26540
26543
26560
26561
26575
26581
26592
26609
26619
26626
26632
26634
26649
26673
26687
26691
26692
26695
26703
26711
26722
26726
26758
26773
26776
26783
26791
26793
26795
26796
26801
26802
26830
26861
26881
26883
26886
26908
26917
26953
26953
26971
26976
26977
26990
27007
27039
27055
27069
27085
27096
27105
27106
27115
27119
27136
27145
27163
27168
27181
27192
27202
27204
27207
27212
27213
27216
27231
27240
27245
27254
27272
27291
27312
27324
27329
27332
27338
27353
27364
27375
27391
27404
27423
27427
27430
27433
27444
27454
27456
27458
27468
27474
27476
27501
27517
27526
27543
27569
27584
27587
27596
27610
27612
27643
27652
27656
27661
27676
27700
27716
27732
27735
27764
27771
27771
27793
27809
27819
27870
27872
27873
27890
27902
27923
27925
27929
27938
27940
27948
27967
27978
27989
28034
28037
28040
28046
28055
28067
28068
28083
28102
28105
28108
28118
28120
28126
28127
28148
28150
28151
28152
28160
28189
28192
28194
28199
28225
28230
28249
28252
28260
28281
28283
28286
28288
28293
28295
28304
28331
28333
28335
28337
28351
28353
28355
28356
28373
28380
28382
28384
28395
28423
28444
28444
28458
28459
28471
28485
28487
28494
28508
28521
28534
28543
28562
28569
28577
28577
28606
28607
28609
28612
28637
28645
28656
28657
28659
28659
28663
28669
28682
28701
28705
28711
28717
28722
28727
28728
28729
28731
28740
28752
28762
28764
28768
28774
28777
28794
28805
28806
28821
28830
28848
28853
28863
28894
28897
28899
28907
28911
28919
28928
28931
28939
28979
28983
28986
28990
29003
29011
29011
29019
29022
29035
29038
29071
29091
29101
29107
29134
29141
29187
29199
29208
29211
29214
29214
29225
29227
29237
29242
29250
29283
29287
29288
29295
29318
29323
29324
29326
29326
29338
29357
29357
29366
29391
29393
29428
29441
29453
29456
29468
29483
29484
29484
29507
29512
29525
29535
29545
29551
29552
29555
29576
29585
29609
29610
29619
29641
29644
29649
29653
29668
29669
29679
29681
29691
29692
29696
29697
29700
29703
29717
29719
29742
29743
29762
29764
29776
29780
29788
29817
29823
29825
29831
29834
29844
29846
29849
29862
29880
29890
29894
29902
29907
29920
29923
29938
29947
29980
29987
30012
30045
30050
30056
30056
30072
30073
30101
30104
30109
30117
30127
30131
30131
30132
30132
30169
30174
30179
30183
30198
30204
30229
30233
30235
30236
30245
30251
30256
30259
30261
30276
30280
30289
30301
30307
30312
30331
30347
30360
30379
30396
30396
30408
30411
30431
30431
30434
30444
30446
30455
30460
30462
30477
30480
30494
30495
30499
30499
30500
30525
30535
30547
30561
30567
30584
30607
30612
30614
30619
30628
30654
30669
30679
30692
30706
30706
30722
30722
30755
30776
30782
30787
30809
30823
30828
30853
30864
30876
30888
30899
30918
30931
30939
30950
30951
30988
31008
31016
31026
31056
31085
31093
31094
31107
31107
31110
31128
31137
31142
31143
31143
31154
31184
31188
31189
31197
31249
31259
31260
31267
31287
31297
31305
31307
31307
31317
31318
31325
31344
31356
31366
31370
31373
31383
31385
31386
31390
31399
31399
31416
31422
31435
31439
31439
31444
31448
31464
31474
31486
31492
31499
31503
31571
31572
31581
31582
31583
31584
31587
31594
31595
31604
31629
31648
31655
31660
31668
31677
31678
31690
31700
31708
31713
31715
31716
31719
31732
31744
31749
31753
31757
31759
31763
31766
31768
31782
31793
31805
31811
31812
31818
31826
31849
31868
31880
31883
31888
31898
31904
31904
31907
31910
31934
31959
31987
31988
31990
31995
32005
32020
32037
32058
32063
32098
32099
32101
32105
32129
32144
32157
32157
32176
32180
32203
32205
32237
32239
32249
32257
32261
32264
32269
32270
32279
32301
32306
32328
32354
32405
32410
32421
32432
32448
32473
32477
32478
32491
32514
32516
32524
32559
32560
32577
32589
32590
32594
32596
32598
32607
32630
32653
32658
32660
32664
32665
32669
32694
32718
32724
32724
32728
32730
32733
32750
32762
32763
32766
32767
32771
32772
32776
32806
32822
32832
32835
32836
32837
32839
32855
32855
32859
32859
32867
32873
32892
32915
32923
32940
32942
32944
32951
32967
32982
32984
32996
32999
33015
33016
33023
33027
33033
33040
33061
33061
33067
33099
33114
33115
33117
33129
33142
33151
33163
33169
33186
33197
33214
33223
33227
33236
33264
33269
33274
33280
33313
33313
33356
33362
33373
33388
33394
33407
33408
33410
33431
33432
33433
33443
33471
33484
33494
33518
33527
33528
33568
33589
33590
33604
33608
33615
33618
33618
33620
33624
33642
33645
33650
33677
33677
33691
33707
33710
33719
33733
33735
33750
33751
33766
33771
33789
33797
33814
33836
33854
33862
33884
33887
33896
33912
33915
33931
33947
33963
33972
33985
33989
33994
34001
34017
34022
34025
34026
34039
34042
34043
34061
34062
34076
34101
34119
34120
34133
34152
34161
34182
34187
34196
34204
34205
34217
34217
34226
34231
34238
34248
34254
34270
34302
34302
34309
34317
34322
34340
34350
34369
34376
34377
34391
34396
34398
34459
34460
34467
34467
34485
34494
34502
34534
34575
34587
34597
34600
34629
34637
34648
34649
34657
34664
34666
34670
34675
34691
34692
34696
34726
34736
34747
34765
34770
34777
34783
34805
34846
34854
34914
34935
34935
34942
34954
34969
34970
34979
35000
35019
35025
35048
35068
35074
35090
35091
35094
35103
35112
35114
35165
35200
35215
35225
35230
35249
35250
35251
35261
35270
35274
35294
35328
35335
35344
35352
35355
35371
35379
35393
35394
35410
35417
35424
35432
35439
35481
35483
35484
35511
35528
35534
35537
35541
35541
35543
35546
35548
35548
35561
35562
35572
35585
35589
35596
35597
35603
35654
35662
35679
35681
35681
35690
35694
35730
35734
35738
35739
35743
35754
35772
35780
35785
35789
35791
35811
35814
35824
35831
35846
35858
35874
35885
35892
35915
35935
35947
35954
35958
35962
35967
35971
35986
35998
36011
36014
36028
36030
36039
36039
36058
36067
36072
36081
36082
36085
36088
36095
36113
36145
36147
36155
36159
36161
36169
36176
36178
36180
36211
36230
36238
36239
36241
36254
36270
36274
36274
36282
36283
36285
36299
36301
36304
36305
36307
36317
36320
36320
36339
36348
36349
36377
36379
36381
36394
36400
36401
36404
36424
36424
36432
36443
36446
36449
36453
36468
36487
36488
36489
36497
36501
36506
36511
36518
36543
36544
36549
36549
36561
36578
36583
36587
36598
36624
36632
36648
36689
36696
36698
36721
36726
36726
36745
36748
36749
36752
36760
36760
36763
36765
36792
36797
36805
36808
36814
36834
36840
36842
36859
36863
36881
36882
36909
36949
36953
36960
36961
36967
36974
36983
37004
37010
37018
37026
37027
37034
37038
37051
37052
37056
37061
37076
37099
37112
37120
37126
37129
37176
37181
37184
37199
37200
37222
37225
37236
37237
37238
37240
37257
37316
37325
37329
37342
37343
37349
37367
37386
37394
37396
37408
37412
37427
37429
37450
37463
37465
37494
37496
37499
37502
37517
37528
37552
37554
37556
37576
37579
37580
37605
37608
37629
37629
37653
37658
37661
37690
37705
37705
37718
37741
37741
37745
37759
37773
37791
37805
37824
37835
37836
37878
37919
37931
37936
37948
37951
37959
37960
37963
37981
37990
37995
37995
38023
38037
38047
38078
38088
38127
38143
38166
38169
38175
38176
38181
38183
38184
38186
38205
38212
38228
38229
38229
38237
38250
38264
38275
38297
38305
38312
38330
38344
38354
38368
38373
38376
38386
38392
38394
38402
38406
38416
38428
38443
38475
38476
38480
38482
38489
38508
38512
38517
38520
38530
38531
38539
38545
38584
38594
38616
38617
38666
38725
38727
38734
38736
38739
38741
38749
38773
38796
38797
38800
38801
38816
38827
38830
38836
38840
38843
38848
38870
38883
38887
38908
38911
38920
38921
38922
38925
38928
38932
38945
38964
38967
38969
38990
38996
38999
39007
39008
39024
39026
39033
39046
39048
39058
39064
39068
39069
39093
39099
39104
39105
39108
39110
39112
39130
39132
39169
39207
39228
39243
39247
39262
39263
39267
39267
39268
39274
39275
39283
39300
39302
39304
39314
39318
39324
39351
39351
39366
39382
39401
39405
39435
39472
39472
39473
39474
39479
39512
39542
39551
39552
39553
39556
39562
39592
39634
39642
39656
39658
39687
39690
39693
39710
39723
39727
39735
39747
39751
39785
39792
39801
39853
39865
39873
39880
39885
39888
39892
39907
39909
39917
39934
39936
39979
39982
39983
39991
39997
40007
40017
40026
40061
40063
40071
40072
40076
40092
40100
40112
40135
40141
40149
40151
40153
40158
40161
40226
40254
40256
40259
40274
40280
40289
40289
40292
40298
40308
40320
40327
40340
40359
40362
40373
40381
40393
40395
40409
40412
40415
40436
40451
40480
40495
40512
40533
40542
40549
40580
40584
40588
40600
40610
40610
40610
40618
40626
40634
40637
40642
40652
40656
40677
40695
40698
40698
40712
40714
40718
40718
40728
40769
40778
40779
40791
40837
40859
40872
40878
40882
40893
40898
40902
40950
40963
40966
40991
41000
41016
41033
41038
41044
41056
41065
41066
41066
41070
41076
41090
41102
41114
41128
41133
41133
41155
41189
41196
41205
41221
41250
41270
41278
41286
41304
41307
41310
41329
41336
41339
41341
41349
41369
41393
41398
41404
41417
41419
41430
41458
41506
41518
41530
41562
41573
41592
41612
41626
41629
41632
41643
41646
41653
41671
41679
41682
41708
41709
41718
41724
41737
41739
41739
41745
41763
41773
41782
41782
41792
41795
41808
41815
41819
41820
41824
41826
41860
41871
41873
41882
41888
41918
41947
41984
41990
41993
41994
42001
42006
42036
42040
42044
42044
42046
42050
42056
42065
42067
42068
42089
42103
42104
42116
42117
42137
42143
42152
42159
42165
42224
42232
42245
42257
42287
42294
42310
42321
42360
42360
42362
42373
42376
42382
42383
42383
42390
42391
42398
42402
42427
42428
42433
42444
42455
42466
42494
42504
42528
42528
42542
42554
42573
42576
42600
42609
42610
42611
42622
42625
42660
42669
42697
42726
42750
42757
42758
42783
42787
42809
42818
42824
42827
42837
42837
42849
42854
42856
42870
42877
42881
42884
42889
42890
42896
42913
42914
42917
42925
42943
42957
42958
42979
42987
42992
43000
43000
43014
43015
43018
43019
43029
43032
43037
43040
43047
43048
43052
43062
43071
43096
43108
43112
43120
43123
43129
43142
43155
43163
43174
43187
43190
43195
43205
43208
43215
43220
43245
43250
43253
43256
43260
43280
43300
43301
43311
43319
43354
43358
43378
43413
43436
43461
43463
43466
43477
43483
43499
43528
43528
43531
43536
43558
43577
43584
43616
43619
43620
43625
43632
43633
43639
43643
43647
43652
43668
43672
43675
43687
43695
43721
43724
43730
43736
43740
43743
43749
43763
43773
43780
43786
43792
43796
43801
43831
43851
43873
43905
43907
43921
43932
43937
43941
43942
43948
43977
43987
43995
44004
44012
44044
44046
44052
44057
44060
44063
44063
44078
44082
44086
44090
44091
44100
44110
44110
44119
44138
44153
44162
44166
44199
44216
44224
44241
44283
44284
44302
44304
44347
44356
44364
44385
44387
44388
44439
44450
44455
44460
44474
44474
44474
44476
44489
44498
44503
44506
44517
44526
44550
44557
44588
44604
44612
44613
44616
44617
44618
44626
44659
44687
44703
44711
44717
44717
44736
44741
44746
44756
44757
44758
44774
44778
44781
44792
44801
44802
44835
44845
44867
44880
44903
44917
44918
44935
44936
44943
44959
44967
44979
45002
45011
45047
45062
45074
45082
45083
45087
45090
45092
45113
45127
45127
45134
45147
45155
45155
45156
45171
45181
45188
45197
45226
45230
45234
45255
45282
45302
45302
45304
45310
45330
45334
45343
45352
45358
45365
45366
45375
45382
45399
45419
45420
45420
45430
45438
45441
45442
45446
45465
45479
45490
45492
45501
45509
45522
45528
45551
45553
45553
45567
45576
45576
45577
45631
45650
45651
45665
45677
45688
45706
45711
45713
45722
45737
45753
45759
45760
45764
45770
45781
45794
45798
45812
45814
45815
45826
45829
45862
45881
45895
45906
45919
45922
45923
45936
45946
45949
45955
45975
45980
46010
46012
46014
46022
46051
46061
46062
46077
46087
46089
46092
46105
46107
46110
46112
46120
46124
46130
46141
46144
46158
46166
46176
46185
46189
46219
46225
46229
46230
46232
46244
46275
46288
46289
46294
46295
46298
46299
46314
46315
46316
46327
46328
46345
46355
46378
46387
46403
46405
46411
46412
46418
46435
46438
46443
46456
46466
46467
46467
46473
46488
46508
46521
46536
46540
46550
46554
46563
46573
46574
46612
46618
46622
46640
46649
46653
46671
46687
46689
46696
46706
46708
46710
46724
46724
46743
46764
46782
46789
46795
46800
46805
46820
46825
46833
46836
46836
46837
46842
46851
46854
46860
46875
46878
46881
46887
46889
46890
46891
46891
46897
46898
46901
46907
46921
46922
46922
46922
46925
46929
46933
46943
46956
46972
46993
47002
47007
47010
47021
47043
47046
47062
47077
47113
47117
47134
47137
47139
47141
47151
47160
47165
47169
47178
47181
47182
47183
47195
47199
47213
47216
47226
47227
47233
47236
47250
47266
47291
47310
47325
47342
47347
47363
47368
47381
47397
47403
47409
47414
47417
47440
47447
47456
47491
47508
47514
47522
47545
47562
47568
47571
47591
47602
47604
47611
47626
47630
47649
47653
47670
47672
47674
47679
47723
47731
47734
47737
47755
47758
47760
47766
47775
47794
47802
47806
47837
47870
47889
47897
47914
47914
47915
47921
47923
47924
47925
47928
47941
47950
47954
47967
47992
48000
48007
48007
48019
48022
48032
48032
48033
48040
48047
48048
48057
48073
48074
48090
48093
48093
48095
48100
48103
48105
48111
48112
48113
48114
48126
48133
48134
48137
48144
48153
48186
48194
48205
48219
48226
48268
48278
48282
48289
48297
48300
48302
48322
48324
48335
48337
48337
48403
48406
48435
48443
48451
48451
48464
48494
48503
48506
48529
48536
48540
48548
48563
48568
48598
48600
48600
48603
48604
48612
48622
48625
48639
48642
48662
48673
48674
48690
48709
48713
48727
48729
48738
48751
48763
48767
48784
48795
48795
48812
48815
48821
48823
48830
48835
48837
48838
48839
48865
48898
48903
48907
48914
48939
48956
48961
48991
48995
49022
49038
49044
49050
49052
49092
49112
49120
49122
49131
49134
49136
49143
49147
49160
49162
49170
49184
49200
49203
49206
49242
49262
49265
49268
49293
49293
49295
49299
49302
49320
49326
49348
49361
49370
49392
49392
49394
49394
49395
49415
49416
49421
49422
49423
49427
49428
49433
49439
49441
49441
49442
49451
49452
49464
49466
49510
49518
49523
49526
49541
49543
49546
49555
49561
49567
49580
49595
49610
49626
49637
49639
49656
49657
49658
49685
49697
49700
49738
49739
49748
49767
49777
49778
49778
49801
49820
49823
49832
49836
49837
49850
49854
49854
49858
49859
49867
49869
49882
49889
49894
49899
49901
49903
49913
49918
49941
49953
49983
49983
50002
50004
50011
50014
50018
50034
50043
50046
50068
50070
50074
50079
50106
50112
50120
50134
50140
50146
50149
50175
50204
50220
50230
50236
50243
50267
50268
50287
50343
50356
50362
50380
50380
50392
50416
50416
50443
50451
50452
50456
50487
50492
50493
50498
50515
50539
50577
50582
50600
50628
50639
50644
50648
50648
50649
50651
50654
50659
50676
50681
50683
50700
50720
50721
50724
50726
50736
50736
50756
50767
50787
50790
50795
50808
50810
50813
50813
50870
50875
50877
50877
50887
50888
50893
50906
50907
50919
50931
50937
50942
50945
50972
50979
50997
51003
51046
51060
51063
51073
51096
51106
51117
51135
51150
51197
51218
51222
51233
51243
51246
51260
51267
51274
51278
51281
51286
51298
51316
51348
51351
51360
51368
51369
51372
51383
51393
51396
51427
51436
51454
51456
51462
51480
51495
51508
51509
51514
51515
51525
51530
51531
51538
51539
51568
51580
51593
51597
51625
51642
51655
51657
51659
51678
51683
51693
51699
51701
51703
51731
51734
51737
51738
51747
51748
51748
51749
51791
51791
51798
51801
51807
51815
51819
51829
51848
51850
51894
51899
51903
51906
51924
51931
51943
51947
51956
51959
51964
51985
52006
52008
52009
52011
52014
52025
52027
52027
52039
52047
52055
52064
52064
52092
52107
52108
52112
52115
52116
52118
52136
52141
52147
52172
52191
52195
52196
52231
52241
52249
52250
52267
52273
52281
52285
52297
52309
52317
52335
52340
52344
52412
52413
52426
52447
52448
52449
52459
52489
52490
52508
52515
52526
52532
52539
52556
52557
52586
52587
52600
52613
52627
52640
52645
52650
52654
52659
52668
52674
52709
52738
52743
52748
52774
52783
52783
52790
52811
52823
52827
52832
52836
52846
52854
52865
52865
52874
52874
52880
52883
52884
52898
52899
52903
52919
52919
52929
52940
52951
52959
52964
52966
52977
52980
52986
52992
52994
53005
53011
53027
53030
53033
53064
53068
53073
53086
53091
53102
53102
53109
53112
53112
53117
53117
53135
53154
53178
53189
53201
53220
53254
53258
53265
53271
53285
53286
53295
53295
53299
53318
53335
53338
53350
53353
53353
53360
53362
53368
53371
53372
53376
53376
53383
53385
53388
53408
53422
53424
53434
53436
53444
53466
53499
53499
53518
53537
53557
53576
53587
53591
53601
53615
53621
53627
53631
53646
53653
53653
53664
53668
53691
53721
53731
53744
53750
53770
53793
53805
53816
53832
53837
53844
53862
53867
53876
53890
53894
53904
53904
53912
53915
53932
53935
53943
53944
53985
53985
53988
54026
54047
54066
54067
54072
54089
54090
54102
54114
54166
54171
54179
54208
54210
54220
54226
54233
54235
54238
54240
54242
54254
54258
54262
54274
54275
54297
54310
54315
54322
54386
54387
54387
54393
54429
54429
54440
54441
54473
54478
54482
54484
54488
54497
54502
54503
54522
54556
54557
54560
54581
54582
54592
54617
54640
54649
54651
54669
54669
54690
54695
54698
54699
54704
54708
54717
54747
54776
54787
54806
54814
54818
54822
54822
54843
54845
54870
54874
54888
54922
54935
54942
54947
54955
54972
54975
54994
55000
55024
55029
55043
55056
55058
55067
55068
55070
55088
55092
55115
55134
55145
55146
55157
55174
55196
55202
55210
55218
55239
55244
55252
55258
55275
55277
55281
55285
55290
55293
55295
55306
55314
55322
55325
55338
55352
55368
55373
55379
55407
55417
55426
55457
55460
55475
55478
55487
55491
55493
55497
55499
55507
55508
55528
55537
55565
55569
55576
55589
55608
55615
55632
55635
55653
55685
55686
55695
55707
55713
55721
55741
55758
55758
55763
55766
55785
55785
55791
55795
55806
55810
55811
55815
55843
55848
55863
55870
55871
55874
55893
55912
55915
55915
55940
55941
55949
55957
55974
55975
56001
56008
56010
56015
56035
56044
56069
56091
56098
56100
56108
56108
56117
56123
56125
56131
56143
56167
56174
56185
56218
56218
56222
56229
56240
56242
56245
56251
56254
56263
56276
56277
56287
56338
56338
56339
56341
56352
56374
56387
56393
56408
56429
56456
56456
56491
56495
56503
56504
56520
56533
56545
56571
56585
56586
56598
56599
56611
56626
56644
56652
56674
56677
56678
56678
56679
56692
56702
56708
56717
56724
56728
56729
56746
56774
56813
56814
56817
56834
56841
56844
56862
56867
56867
56898
56903
56906
56907
56907
56941
56947
56952
56962
56963
56967
56979
56991
57004
57009
57013
57019
57022
57023
57029
57036
57047
57057
57059
57061
57061
57064
57065
57089
57090
57102
57104
57108
57109
57125
57126
57134
57139
57153
57157
57158
57177
57187
57190
57206
57229
57263
57267
57272
57283
57294
57301
57307
57322
57345
57346
57353
57382
57382
57386
57391
57429
57433
57442
57464
57476
57506
57521
57523
57526
57546
57551
57558
57564
57565
57589
57599
57607
57619
57629
57630
57645
57670
57687
57698
57703
57705
57707
57711
57719
57723
57765
57779
57788
57794
57800
57824
57824
57848
57855
57864
57874
57880
57882
57883
57894
57900
57919
57927
57927
57929
57947
57959
57960
57989
57998
58010
58012
58024
58026
58033
58044
58077
58087
58089
58097
58120
58120
58126
58129
58133
58133
58156
58161
58172
58178
58180
58185
58200
58212
58219
58230
58231
58236
58240
58241
58256
58257
58259
58300
58302
58305
58329
58350
58353
58354
58367
58372
58373
58406
58409
58415
58416
58422
58422
58451
58453
58481
58513
58516
58530
58550
58574
58583
58590
58591
58593
58608
58619
58628
58631
58637
58653
58667
58675
58686
58699
58700
58706
58719
58720
58726
58746
58757
58779
58791
58807
58820
58836
58881
58886
58901
58901
58930
58940
58940
58943
58990
58994
58995
59022
59027
59046
59050
59065
59071
59086
59094
59105
59113
59143
59156
59181
59183
59185
59191
59194
59207
59218
59222
59225
59237
59239
59286
59290
59304
59304
59309
59316
59322
59341
59344
59363
59371
59371
59387
59393
59403
59414
59436
59440
59440
59461
59468
59472
59480
59498
59503
59543
59546
59557
59560
59561
59583
59602
59620
59626
59628
59647
59659
59662
59665
59671
59685
59687
59694
59697
59700
59742
59743
59751
59751
59758
59789
59796
59797
59839
59842
59854
59856
59860
59863
59871
59875
59881
59887
59904
59911
59912
59938
59943
59957
59958
59961
59965
59967
60015
60021
60025
60029
60044
60047
60047
60051
60054
60059
60060
60062
60063
60076
60076
60079
60084
60085
60092
60101
60104
60108
60112
60124
60127
60134
60137
60138
60154
60173
60176
60180
60183
60183
60194
60201
60210
60226
60227
60229
60238
60250
60255
60264
60299
60312
60334
60351
60369
60383
60397
60398
60411
60418
60421
60423
60424
60440
60441
60449
60450
60450
60454
60481
60482
60484
60486
60497
60507
60510
60516
60525
60539
60551
60558
60561
60652
60667
60671
60675
60682
60688
60709
60730
60739
60743
60754
60762
60773
60778
60781
60802
60806
60858
60944
60950
60951
60961
60961
60998
61002
61005
61008
61023
61047
61047
61056
61056
61061
61073
61108
61155
61178
61181
61184
61196
61201
61203
61216
61235
61243
61259
61278
61288
61291
61309
61317
61318
61319
61325
61332
61338
61351
61351
61351
61365
61403
61414
61426
61433
61450
61458
61458
61474
61479
61500
61505
61506
61511
61547
61552
61565
61575
61578
61584
61597
61604
61607
61619
61621
61633
61643
61648
61668
61703
61703
61706
61712
61712
61724
61731
61738
61749
61756
61760
61803
61811
61829
61846
61859
61867
61870
61880
61888
61890
61901
61904
61910
61921
61933
61953
61963
61976
61980
61982
61988
62001
62004
62006
62014
62022
62049
62055
62060
62086
62089
62099
62100
62109
62112
62114
62122
62142
62165
62171
62185
62188
62200
62201
62201
62207
62209
62239
62249
62250
62264
62269
62269
62272
62291
62295
62308
62312
62317
62325
62326
62327
62329
62351
62365
62377
62391
62395
62396
62397
62413
62419
62428
62435
62437
62440
62450
62452
62456
62461
62463
62475
62494
62497
62542
62556
62576
62591
62601
62612
62616
62625
62631
62631
62633
62645
62680
62689
62691
62697
62700
62700
62730
62757
62768
62795
62802
62811
62831
62839
62846
62849
62863
62864
62884
62897
62902
62926
62929
62934
62942
62946
62957
62967
62975
62984
62985
63013
63018
63021
63035
63045
63067
63069
63087
63128
63134
63140
63154
63172
63172
63174
63174
63181
63184
63186
63188
63190
63200
63208
63219
63232
63267
63274
63283
63304
63310
63313
63313
63321
63326
63327
63349
63362
63365
63376
63393
63425
63430
63437
63441
63444
63537
63549
63560
63576
63579
63591
63596
63615
63626
63637
63656
63662
63669
63677
63691
63691
63726
63735
63736
63746
63767
63769
63770
63784
63785
63788
63805
63818
63829
63832
63846
63856
63863
63889
63894
63922
63924
63955
63958
63959
63959
63986
63987
64003
64008
64009
64015
64033
64047
64059
64070
64071
64078
64102
64128
64169
64177
64178
64189
64202
64217
64239
64245
64261
64263
64274
64296
64297
64304
64310
64311
64313
64343
64351
64364
64367
64384
64391
64407
64408
64423
64429
64454
64462
64466
64469
64484
64498
64513
64514
64516
64517
64529
64531
64535
64535
64538
64548
64568
64587
64640
64647
64664
64676
64680
64710
64710
64715
64744
64754
64758
64778
64779
64793
64797
64804
64819
64819
64843
64849
64851
64870
64871
64878
64906
64925
64930
64963
64996
65043
65054
65061
65087
65091
65091
65092
65094
65102
65134
65136
65144
65148
65157
65168
65173
65177
65189
65211
65214
65221
65221
65223
65224
65227
65243
65249
65259
65296
65339
65353
65360
65387
65395
65400
65430
65431
65433
65486
65490
65495
65496
65496
65500
65512
65513
65517
65534
65537
65539
65544
65554
65557
65558
65574
65574
65580
65582
65587
65605
65635
65639
65642
65652
65654
65690
65693
65700
65705
65713
65722
65727
65751
65762
65775
65782
65785
65794
65797
65801
65803
65828
65838
65852
65861
65878
65879
65891
65900
65903
65909
65912
65947
65948
65950
65970
65996
66051
66053
66065
66080
66081
66083
66106
66113
66120
66126
66137
66141
66143
66151
66152
66154
66169
66197
66198
66213
66215
66220
66222
66251
66257
66257
66267
66280
66290
66297
66297
66302
66309
66314
66323
66372
66384
66393
66398
66411
66426
66428
66430
66445
66447
66449
66458
66473
66498
66512
66522
66522
66524
66548
66556
66557
66619
66635
66639
66643
66648
66663
66669
66673
66674
66674
66675
66682
66682
66697
66700
66700
66717
66740
66750
66763
66769
66770
66777
66780
66783
66788
66794
66799
66804
66829
66831
66835
66864
66885
66920
66926
66935
66955
66970
66975
66988
66989
66991
67011
67065
67070
67084
67096
67113
67115
67122
67131
67142
67150
67191
67192
67209
67236
67248
67256
67274
67281
67285
67294
67297
67302
67304
67323
67346
67354
67356
67370
67372
67375
67375
67390
67397
67398
67408
67424
67430
67431
67433
67458
67461
67471
67477
67482
67502
67504
67527
67528
67529
67529
67537
67571
67606
67614
67619
67623
67647
67649
67659
67671
67686
67692
67694
67699
67700
67704
67705
67709
67712
67712
67713
67751
67784
67792
67795
67798
67825
67830
67840
67845
67865
67877
67879
67894
67897
67904
67931
67936
67938
67952
67957
67967
67999
68011
68012
68019
68026
68030
68035
68063
68064
68070
68081
68089
68095
68099
68108
68109
68114
68115
68116
68118
68134
68136
68157
68159
68167
68171
68174
68190
68192
68196
68198
68221
68229
68243
68248
68269
68271
68277
68284
68292
68294
68298
68301
68308
68312
68332
68337
68346
68360
68360
68362
68366
68370
68371
68371
68378
68391
68401
68403
68403
68410
68412
68418
68420
68426
68427
68427
68445
68453
68454
68463
68466
68473
68474
68479
68489
68494
68496
68502
68502
68510
68517
68528
68532
68539
68541
68545
68547
68550
68575
68575
68584
68608
68615
68627
68628
68632
68637
68645
68648
68652
68657
68675
68676
68676
68693
68696
68720
68721
68731
68731
68734
68736
68741
68761
68781
68788
68801
68802
68815
68831
68837
68838
68851
68862
68863
68874
68887
68887
68893
68906
68917
68919
68923
68929
68934
68939
68941
68953
68953
68955
68956
68956
68959
69004
69011
69020
69022
69033
69034
69070
69088
69097
69114
69126
69132
69135
69140
69149
69151
69154
69155
69172
69172
69175
69200
69215
69232
69238
69260
69262
69264
69267
69300
69300
69302
69308
69319
69325
69341
69344
69351
69374
69390
69405
69432
69464
69477
69491
69523
69560
69561
69565
69565
69574
69586
69596
69606
69613
69618
69624
69628
69633
69641
69667
69671
69675
69694
69706
69707
69709
69710
69714
69728
69737
69760
69773
69787
69789
69791
69794
69803
69814
69823
69826
69835
69859
69872
69877
69884
69885
69893
69900
69941
69942
69952
69958
69961
69963
69969
69970
69972
69987
69988
69993
70004
70018
70022
70025
70061
70066
70077
70103
70105
70107
70118
70130
70159
70171
70173
70184
70206
70207
70230
70267
70272
70280
70292
70315
70321
70323
70328
70353
70361
70369
70377
70397
70401
70411
70416
70431
70434
70437
70445
70446
70449
70456
70459
70474
70479
70483
70515
70531
70557
70565
70568
70587
70588
70600
70614
70614
70615
70620
70621
70649
70664
70672
70681
70690
70692
70696
70696
70708
70725
70736
70737
70737
70753
70757
70764
70764
70780
70784
70803
70808
70827
70841
70845
70855
70861
70871
70871
70875
70880
70881
70883
70887
70891
70894
70902
70905
70907
70914
70914
70927
70941
70941
70942
70952
70960
70966
70977
70983
70984
70991
70991
70995
71002
71039
71069
71074
71085
71086
71097
71099
71104
71116
71117
71119
71134
71136
71179
71182
71183
71187
71187
71189
71221
71233
71242
71244
71251
71267
71285
71301
71314
71317
71318
71319
71334
71340
71360
71364
71366
71376
71379
71385
71393
71398
71402
71424
71437
71438
71449
71482
71485
71517
71530
71565
71571
71577
71585
71649
71670
71679
71686
71689
71692
71701
71703
71722
71732
71739
71744
71746
71747
71766
71771
71773
71786
71817
71818
71824
71854
71858
71878
71882
71932
71950
71956
71968
71974
71975
71991
71993
72003
72036
72077
72080
72099
72120
72125
72136
72138
72143
72146
72152
72154
72164
72187
72190
72209
72216
72218
72220
72224
72244
72264
72275
72286
72310
72312
72321
72325
72333
72340
72347
72371
72377
72379
72389
72414
72418
72435
72437
72461
72532
72538
72542
72546
72568
72570
72572
72573
72599
72603
72624
72626
72627
72629
72646
72656
72657
72658
72678
72691
72695
72700
72724
72739
72751
72775
72778
72778
72801
72803
72810
72816
72825
72845
72854
72860
72860
72875
72877
72886
72888
72890
72900
72911
72922
72953
72955
72970
72976
72997
73046
73053
73056
73067
73084
73102
73104
73129
73135
73151
73151
73177
73177
73194
73197
73198
73202
73207
73209
73213
73231
73251
73267
73268
73326
73334
73336
73353
73355
73358
73361
73361
73362
73366
73372
73384
73404
73405
73407
73412
73415
73427
73435
73441
73443
73476
73499
73520
73521
73550
73560
73561
73611
73615
73616
73630
73632
73652
73652
73653
73655
73670
73671
73684
73708
73741
73746
73763
73772
73795
73834
73839
73866
73867
73871
73877
73885
73886
73892
73907
73910
73920
73925
73925
73940
73960
73962
73968
73972
73982
73984
73986
73991
73996
74000
74005
74005
74024
74025
74027
74033
74060
74069
74070
74074
74091
74093
74096
74100
74109
74109
74111
74111
74120
74123
74133
74138
74157
74179
74189
74211
74212
74230
74233
74256
74267
74286
74320
74324
74327
74340
74352
74353
74383
74383
74383
74399
74408
74409
74417
74420
74428
74432
74446
74462
74465
74473
74502
74520
74543
74550
74556
74558
74560
74565
74586
74588
74592
74622
74634
74651
74663
74665
74668
74675
74678
74705
74707
74723
74731
74738
74738
74755
74766
74766
74790
74791
74803
74814
74826
74841
74850
74878
74891
74905
74930
74931
74934
74935
74950
74953
74981
74988
74990
74991
74995
75036
75036
75056
75064
75066
75092
75095
75100
75109
75110
75118
75127
75133
75150
75153
75159
75208
75238
75244
75261
75268
75274
75280
75296
75297
75301
75304
75314
75346
75351
75355
75359
75370
75381
75397
75415
75422
75425
75427
75438
75439
75483
75492
75501
75527
75529
75550
75556
75558
75580
75592
75598
75645
75646
75656
75716
75725
75732
75747
75758
75760
75762
75766
75785
75814
75819
75820
75820
75821
75822
75835
75837
75853
75859
75865
75876
75898
75898
75904
75906
75908
75921
75936
75937
75942
75961
75995
76011
76047
76050
76051
76053
76081
76099
76119
76140
76164
76176
76188
76189
76194
76219
76239
76242
76243
76248
76254
76264
76266
76273
76283
76298
76316
76325
76331
76336
76338
76353
76359
76365
76366
76378
76384
76387
76400
76408
76432
76475
76478
76480
76519
76522
76538
76538
76548
76552
76554
76558
76561
76565
76574
76582
76591
76596
76607
76616
76617
76626
76626
76634
76646
76659
76670
76671
76673
76689
76689
76697
76708
76713
76720
76739
76748
76752
76760
76760
76763
76768
76774
76793
76810
76813
76826
76842
76847
76853
76854
76856
76859
76863
76889
76895
76900
76907
76911
76923
76925
76965
76977
76980
76985
77024
77035
77042
77054
77088
77094
77103
77112
77125
77139
77140
77151
77161
77165
77176
77188
77212
77221
77224
77229
77231
77237
77241
77251
77260
77266
77267
77270
77282
77291
77301
77316
77332
77338
77348
77355
77371
77401
77409
77414
77422
77431
77442
77447
77448
77459
77464
77473
77524
77542
77547
77590
77625
77642
77646
77662
77665
77673
77674
77674
77674
77688
77708
77720
77722
77730
77743
77755
77766
77776
77786
77816
77823
77837
77872
77878
77894
77906
77928
77934
77944
77964
77969
77991
77997
78014
78022
78034
78035
78039
78060
78066
78080
78091
78096
78109
78112
78112
78129
78130
78137
78179
78181
78185
78190
78221
78225
78237
78248
78251
78252
78256
78275
78282
78293
78295
78296
78298
78301
78308
78315
78320
78321
78345
78353
78354
78363
78380
78381
78384
78395
78403
78422
78432
78445
78448
78451
78454
78456
78468
78472
78476
78480
78483
78500
78504
78520
78523
78526
78537
78546
78550
78575
78589
78590
78608
78612
78616
78624
78645
78645
78672
78673
78675
78691
78691
78691
78696
78721
78723
78728
78778
78778
78790
78797
78803
78816
78817
78817
78826
78826
78861
78864
78878
78889
78896
78907
78915
78924
78924
78964
78971
79004
79022
79023
79032
79038
79040
79052
79057
79064
79065
79069
79082
79083
79085
79099
79114
79146
79176
79187
79188
79201
79204
79205
79209
79215
79235
79253
79261
79267
79268
79316
79317
79322
79335
79338
79340
79350
79356
79364
79366
79381
79383
79389
79410
79419
79425
79439
79443
79446
79460
79462
79469
79481
79482
79491
79491
79492
79494
79495
79498
79498
79505
79520
79554
79572
79582
79586
79601
79604
79611
79619
79639
79656
79656
79661
79672
79676
79682
79708
79712
79742
79744
79745
79756
79763
79770
79771
79771
79786
79795
79797
79797
79804
79823
79834
79850
79867
79874
79884
79904
79930
79930
79931
79948
79956
79964
79980
79983
79985
79986
80004
80016
80026
80035
80039
80040
80042
80065
80107
80111
80116
80118
80119
80131
80138
80154
80178
80181
80184
80204
80214
80215
80222
80229
80231
80237
80240
80248
80250
80265
80267
80286
80288
80290
80304
80332
80336
80338
80346
80354
80356
80359
80393
80402
80408
80413
80415
80426
80432
80433
80435
80446
80464
80480
80482
80489
80513
80524
80527
80535
80541
80563
80564
80564
80579
80584
80592
80599
80637
80653
80655
80668
80683
80689
80696
80697
80697
80699
80720
80729
80740
80755
80760
80763
80777
80804
80817
80828
80833
80833
80837
80839
80845
80871
80875
80899
80901
80923
80923
80930
80937
80938
80940
80942
80950
80960
80963
80987
81000
81017
81040
81047
81053
81058
81073
81074
81094
81107
81111
81112
81117
81119
81135
81136
81150
81162
81164
81168
81174
81193
81197
81200
81202
81203
81208
81209
81221
81222
81230
81261
81263
81274
81283
81295
81352
81360
81371
81379
81383
81384
81386
81388
81392
81429
81431
81435
81440
81441
81443
81448
81453
81466
81471
81473
81480
81481
81490
81518
81531
81536
81546
81578
81579
81591
81620
81629
81640
81648
81653
81665
81686
81695
81696
81705
81707
81726
81738
81764
81772
81794
81829
81856
81884
81911
81917
81934
81939
81942
81967
81979
82003
82007
82016
82028
82032
82050
82052
82097
82110
82113
82145
82156
82177
82198
82203
82223
82224
82226
82257
82322
82323
82349
82353
82366
82368
82383
82387
82395
82409
82432
82454
82456
82457
82460
82467
82476
82476
82483
82497
82510
82526
82526
82539
82543
82551
82560
82567
82609
82617
82619
82621
82630
82656
82660
82666
82669
82676
82677
82700
82729
82737
82740
82755
82759
82765
82792
82812
82812
82822
82824
82827
82828
82832
82842
82843
82845
82847
82852
82868
82869
82878
82890
82914
82920
82928
82939
82974
82977
82979
82992
83006
83010
83020
83023
83025
83063
83074
83078
83084
83088
83095
83106
83107
83108
83112
83134
83146
83191
83208
83208
83211
83213
83223
83237
83276
83280
83285
83299
83321
83330
83343
83352
83362
83367
83369
83376
83378
83380
83403
83417
83420
83421
83433
83449
83455
83459
83460
83481
83499
83499
83500
83503
83511
83513
83520
83525
83541
83547
83568
83570
83574
83585
83589
83601
83607
83611
83620
83622
83629
83634
83670
83676
83678
83695
83705
83712
83731
83744
83744
83780
83788
83792
83799
83809
83809
83836
83843
83852
83864
83882
83890
83896
83907
83919
83931
83936
83945
83960
83961
83962
83964
83968
83973
83975
83979
83990
84004
84010
84014
84024
84042
84042
84051
84053
84055
84059
84072
84078
84081
84083
84109
84109
84126
84138
84141
84141
84143
84154
84169
84176
84181
84191
84194
84223
84241
84248
84298
84314
84315
84345
84347
84353
84356
84362
84365
84379
84381
84400
84404
84428
84430
84444
84470
84474
84480
84486
84509
84510
84521
84527
84531
84538
84566
84566
84569
84580
84585
84587
84592
84615
84627
84632
84633
84640
84664
84675
84688
84700
84706
84718
84737
84785
84798
84802
84811
84820
84835
84839
84852
84853
84861
84874
84875
84894
84921
84922
84928
84937
84953
84973
84975
84978
84979
84981
84984
84990
85009
85012
85032
85055
85059
85074
85091
85094
85105
85108
85111
85114
85126
85133
85143
85161
85169
85170
85171
85184
85185
85191
85206
85210
85216
85222
85244
85268
85285
85298
85301
85333
85346
85356
85371
85372
85386
85408
85413
85414
85427
85434
85436
85438
85442
85446
85450
85484
85499
85499
85500
85538
85539
85554
85576
85581
85599
85619
85629
85643
85655
85696
85704
85734
85755
85755
85762
85805
85807
85826
85834
85849
85853
85860
85861
85880
85893
85895
85899
85900
85909
85909
85914
85930
85957
85963
85969
85978
85987
85996
86005
86006
86007
86015
86045
86050
86067
86076
86094
86104
86112
86116
86120
86129
86129
86148
86162
86166
86175
86189
86190
86201
86216
86220
86224
86226
86230
86232
86233
86238
86243
86243
86247
86251
86253
86255
86255
86258
86259
86283
86291
86295
86296
86314
86315
86316
86323
86330
86338
86343
86347
86349
86363
86374
86425
86438
86456
86468
86470
86495
86498
86509
86521
86561
86561
86563
86574
86576
86577
86581
86587
86598
86610
86612
86622
86644
86662
86668
86669
86678
86679
86685
86720
86731
86731
86738
86738
86747
86771
86772
86796
86802
86811
86816
86827
86842
86858
86870
86880
86904
86943
86951
86952
86953
86959
86965
86965
86982
86989
86997
87015
87031
87037
87042
87048
87058
87090
87096
87107
87142
87154
87160
87166
87185
87197
87198
87206
87207
87210
87218
87242
87244
87255
87262
87265
87266
87296
87305
87330
87341
87342
87358
87367
87372
87373
87395
87401
87403
87405
87406
87426
87435
87454
87458
87466
87471
87473
87477
87480
87485
87485
87486
87489
87498
87527
87531
87546
87551
87560
87573
87577
87579
87580
87583
87608
87623
87680
87682
87685
87702
87704
87719
87726
87745
87758
87784
87804
87805
87819
87819
87822
87830
87845
87865
87870
87872
87881
87882
87890
87896
87905
87911
87931
87946
87958
87970
87986
88001
88005
88007
88013
88014
88030
88032
88034
88038
88054
88068
88085
88094
88094
88099
88107
88113
88146
88147
88158
88180
88181
88190
88232
88271
88296
88298
88298
88321
88367
88388
88393
88400
88400
88406
88440
88446
88454
88462
88467
88473
88485
88492
88493
88493
88497
88501
88521
88533
88558
88577
88611
88622
88625
88632
88643
88655
88655
88660
88660
88671
88689
88694
88706
88709
88715
88718
88720
88728
88736
88748
88771
88776
88779
88798
88822
88831
88838
88841
88845
88851
88856
88858
88858
88861
88867
88869
88871
88881
88890
88896
88906
88908
88911
88911
88913
88934
88936
88944
88946
88948
88955
88968
88978
88979
88997
89003
89013
89016
89019
89024
89033
89046
89049
89051
89062
89064
89076
89083
89085
89088
89106
89106
89107
89113
89123
89142
89146
89147
89153
89186
89188
89189
89192
89192
89205
89212
89213
89219
89231
89235
89242
89243
89249
89265
89270
89278
89279
89313
89314
89322
89327
89330
89341
89347
89349
89355
89364
89385
89386
89387
89393
89393
89395
89426
89431
89435
89447
89454
89459
89465
89476
89477
89482
89500
89502
89503
89504
89509
89529
89530
89531
89545
89560
89568
89572
89575
89620
89622
89626
89629
89637
89643
89652
89653
89660
89669
89672
89675
89690
89708
89709
89710
89724
89728
89736
89736
89745
89751
89753
89803
89814
89815
89822
89829
89832
89844
89855
89856
89868
89870
89880
89881
89957
89967
89981
89995
90006
90008
90027
90032
90040
90046
90046
90050
90063
90064
90066
90070
90090
90091
90091
90094
90095
90102
90103
90105
90111
90117
90130
90134
90142
90179
90181
90185
90187
90188
90190
90214
90243
90246
90247
90247
90248
90250
90272
90307
90312
90328
90328
90334
90334
90348
90373
90387
90426
90430
90435
90446
90462
90499
90506
90552
90558
90559
90573
90604
90619
90635
90635
90648
90672
90677
90682
90704
90705
90709
90727
90734
90739
90743
90759
90774
90779
90784
90794
90800
90805
90810
90811
90813
90823
90849
90867
90872
90873
90875
90889
90903
90916
90927
90951
90955
90977
90978
91022
91029
91029
91054
91059
91069
91089
91100
91109
91111
91119
91120
91133
91144
91148
91150
91150
91161
91166
91175
91186
91191
91214
91217
91218
91218
91221
91229
91250
91260
91308
91313
91328
91330
91332
91342
91345
91350
91350
91355
91356
91397
91412
91440
91441
91454
91464
91464
91465
91466
91469
91477
91484
91491
91494
91503
91505
91508
91518
91531
91544
91551
91553
91568
91571
91575
91581
91582
91585
91586
91592
91594
91596
91604
91609
91647
91661
91664
91668
91670
91671
91672
91688
91715
91716
91731
91753
91765
91767
91786
91788
91809
91809
91813
91828
91843
91856
91858
91859
91859
91867
91878
91893
91897
91922
91929
91934
91983
91997
92016
92026
92056
92060
92069
92082
92084
92092
92095
92109
92128
92140
92144
92149
92149
92170
92175
92180
92188
92193
92204
92214
92218
92250
92285
92289
92297
92304
92313
92315
92318
92330
92335
92343
92344
92354
92386
92390
92392
92399
92400
92406
92406
92409
92421
92441
92442
92442
92445
92449
92462
92477
92495
92497
92499
92526
92540
92544
92548
92558
92566
92585
92614
92627
92631
92633
92651
92681
92695
92698
92698
92742
92753
92757
92762
92778
92789
92789
92793
92821
92835
92858
92864
92867
92887
92889
92900
92925
92930
92937
92952
92954
92966
92975
93024
93039
93073
93084
93088
93102
93107
93110
93112
93114
93121
93132
93132
93145
93152
93176
93187
93194
93196
93211
93212
93218
93218
93225
93227
93229
93249
93252
93261
93264
93266
93294
93301
93301
93321
93322
93338
93339
93340
93344
93345
93372
93376
93376
93380
93406
93411
93414
93431
93433
93445
93455
93478
93479
93490
93515
93516
93530
93539
93546
93547
93560
93572
93576
93578
93589
93609
93614
93614
93617
93622
93624
93655
93666
93693
93700
93705
93721
93728
93736
93761
93767
93767
93774
93778
93785
93801
93801
93819
93822
93834
93836
93844
93844
93850
93862
93867
93869
93873
93876
93890
93908
93913
93919
93925
93937
93944
93950
93952
93953
93966
93991
94012
94015
94049
94056
94073
94079
94085
94086
94105
94115
94116
94143
94144
94155
94168
94170
94182
94184
94190
94190
94214
94216
94221
94228
94251
94262
94269
94270
94272
94275
94278
94300
94338
94355
94367
94371
94389
94394
94419
94420
94425
94431
94435
94441
94451
94454
94455
94468
94471
94471
94473
94478
94479
94479
94479
94493
94499
94505
94516
94519
94527
94531
94538
94551
94556
94582
94585
94603
94633
94642
94642
94659
94699
94720
94723
94762
94762
94770
94777
94779
94797
94805
94821
94826
94828
94829
94831
94847
94849
94856
94869
94881
94882
94904
94905
94912
94923
94928
94941
94945
94947
94949
94961
94966
94999
95038
95044
95045
95051
95053
95068
95077
95085
95097
95119
95125
95143
95150
95177
95213
95220
95223
95234
95241
95248
95253
95265
95289
95292
95304
95323
95350
95350
95374
95378
95389
95404
95404
95418
95424
95424
95426
95439
95439
95456
95461
95469
95473
95473
95477
95508
95508
95539
95544
95546
95548
95554
95571
95574
95587
95591
95616
95651
95658
95662
95676
95702
95722
95726
95728
95732
95737
95754
95758
95760
95770
95790
95796
95800
95807
95817
95820
95826
95831
95832
95853
95854
95884
95894
95895
95897
95927
95934
95952
95964
95965
95965
95965
95966
95974
95988
95992
96004
96007
96014
96020
96021
96031
96060
96068
96079
96090
96104
96106
96124
96131
96132
96145
96157
96161
96164
96166
96180
96185
96193
96204
96217
96232
96251
96254
96271
96279
96279
96282
96295
96317
96327
96334
96338
96341
96375
96375
96379
96386
96398
96415
96434
96437
96442
96444
96466
96485
96486
96488
96505
96525
96569
96576
96589
96592
96600
96640
96662
96664
96683
96685
96686
96687
96732
96740
96745
96747
96748
96761
96774
96789
96807
96842
96843
96850
96874
96880
96881
96886
96890
96901
96902
96905
96907
96914
96930
96931
96947
96970
96985
96991
97002
97006
97019
97019
97024
97043
97048
97051
97064
97070
97072
97091
97091
97101
97109
97120
97123
97126
97136
97166
97180
97198
97205
97215
97225
97231
97240
97252
97259
97266
97274
97292
97298
97304
97305
97314
97315
97324
97339
97346
97384
97407
97407
97413
97414
97436
97443
97468
97487
97530
97546
97563
97569
97569
97576
97585
97594
97610
97613
97617
97620
97624
97634
97637
97640
97644
97667
97667
97667
97670
97672
97676
97685
97686
97692
97701
97734
97734
97748
97758
97774
97789
97797
97797
97818
97829
97853
97858
97877
97878
97885
97886
97891
97908
97909
97913
97915
97949
97952
97954
97954
97957
97959
97965
97966
97967
97979
97997
98015
98017
98026
98028
98029
98040
98045
98053
98058
98084
98090
98092
98093
98106
98115
98120
98141
98161
98202
98229
98234
98255
98255
98274
98282
98299
98316
98334
98336
98344
98346
98352
98395
98397
98405
98408
98436
98471
98471
98496
98521
98538
98553
98571
98590
98604
98612
98630
98632
98636
98638
98643
98652
98661
98680
98684
98718
98743
98754
98765
98816
98824
98840
98846
98863
98868
98880
98913
98933
98950
98961
98964
98978
99038
99044
99047
99051
99060
99100
99113
99120
99125
99127
99146
99153
99171
99173
99184
99253
99256
99259
99260
99264
99271
99279
99286
99305
99310
99329
99330
99338
99345
99352
99386
99407
99426
99433
99441
99446
99455
99458
99460
99481
99482
99484
99499
99501
99522
99537
99554
99573
99573
99595
99598
99608
99631
99649
99694
99699
99735
99741
99746
99786
99797
99799
99801
99807
99817
99826
99852
99859
99895
99898
99904
99904
99928
99939
99950
99982
