15
17
17
24
42
47
53
61
66
75
100
100
104
108
129
150
158
158
162
172
173
174
176
178
178
179
183
195
221
239
282
292
294
295
297
300
327
355
357
368
371
371
386
394
396
414
419
424
445
450
457
458
460
470
476
500
522
528
540
546
555
557
564
569
585
598
598
604
605
624
633
653
657
658
664
664
674
678
684
691
692
693
717
721
759
764
767
791
798
805
806
819
820
821
825
871
876
878
886
890
898
899
905
909
910
926
938
938
948
961
962
969
977
1025
1026
1034
1049
1078
1093
1113
1120
1124
1128
1165
1168
1170
1180
1193
1209
1210
1220
1237
1276
1279
1287
1290
1294
1310
1314
1330
1332
1332
1338
1351
1360
1360
1367
1406
1411
1414
1422
1422
1426
1426
1440
1455
1459
1461
1474
1481
1487
1489
1502
1518
1523
1537
1547
1562
1585
1599
1603
1605
1610
1614
1616
1629
1629
1637
1641
1643
1645
1675
1696
1700
1706
1715
1726
1726
1728
1741
1742
1743
1746
1762
1764
1765
1779
1789
1796
1800
1808
1818
1835
1856
1869
1905
1913
1924
1937
1940
1950
1952
1955
1977
1980
1988
1997
2004
2050
2053
2071
2077
2081
2108
2115
2118
2141
2154
2159
2176
2181
2181
2200
2201
2216
2216
2222
2242
2259
2260
2261
2263
2304
2307
2316
2321
2329
2335
2350
2354
2362
2363
2364
2369
2372
2375
2396
2412
2416
2470
2477
2479
2497
2520
2522
2528
2546
2550
2550
2562
2603
2620
2622
2622
2642
2644
2647
2650
2653
2653
2662
2663
2672
2686
2709
2709
2719
2723
2726
2733
2735
2738
2746
2746
2753
2784
2854
2863
2864
2866
2884
2906
2906
2964
2975
2989
2999
3024
3041
3043
3044
3048
3055
3059
3094
3097
3099
3113
3128
3154
3169
3184
3192
3202
3227
3243
3244
3263
3273
3287
3299
3306
3311
3338
3357
3365
3367
3380
3403
3411
3412
3429
3435
3444
3459
3478
3494
3502
3517
3528
3534
3556
3558
3560
3578
3599
3601
3602
3605
3614
3641
3660
3660
3665
3673
3674
3688
3689
3694
3699
3700
3703
3714
3760
3765
3768
3782
3789
3798
3802
3806
3815
3817
3867
3868
3881
3897
3899
3905
3921
3932
3950
3954
3968
3971
3980
3996
3999
4016
4027
4039
4047
4049
4051
4058
4083
4083
4095
4101
4117
4127
4176
4186
4200
4206
4214
4220
4256
4260
4263
4263
4270
4291
4293
4307
4335
4358
4397
4402
4434
4463
4482
4488
4507
4509
4510
4514
4520
4525
4529
4533
4545
4570
4593
4613
4631
4639
4660
4666
4666
4675
4679
4688
4693
4715
4746
4750
4754
4761
4771
4776
4776
4792
4796
4818
4830
4830
4833
4837
4866
4873
4876
4878
4887
4893
4906
4910
4947
4952
4953
4963
4979
5000
5001
5001
5015
5029
5029
5032
5036
5042
5043
5044
5046
5056
5082
5083
5088
5115
5121
5135
5145
5152
5162
5189
5198
5201
5202
5204
5213
5216
5231
5240
5259
5270
5277
5281
5286
5308
5310
5323
5325
5351
5354
5358
5363
5365
5368
5372
5394
5404
5424
5427
5454
5459
5479
5480
5511
5521
5538
5552
5553
5586
5594
5595
5596
5620
5633
5639
5651
5667
5688
5692
5700
5701
5705
5718
5733
5743
5769
5785
5789
5792
5806
5823
5826
5836
5846
5848
5856
5886
5905
5906
5911
5918
5930
5935
5954
5961
5961
5962
5968
5989
5989
6006
6008
6009
6014
6022
6025
6027
6028
6030
6031
6036
6040
6044
6062
6066
6069
6070
6071
6077
6097
6111
6114
6114
6116
6117
6119
6127
6135
6137
6140
6145
6147
6152
6156
6161
6169
6173
6193
6198
6202
6225
6243
6247
6279
6284
6287
6289
6305
6306
6323
6332
6337
6340
6361
6361
6368
6370
6372
6395
6397
6404
6410
6441
6453
6472
6479
6481
6486
6486
6492
6495
6499
6512
6517
6532
6534
6538
6566
6578
6581
6601
6611
6640
6678
6708
6715
6745
6754
6755
6765
6766
6775
6778
6786
6790
6798
6800
6811
6838
6841
6850
6859
6861
6864
6875
6888
6896
6906
6916
6935
6935
6947
6960
6975
7009
7020
7026
7034
7034
7040
7065
7069
7081
7085
7096
7099
7101
7107
7107
7123
7127
7128
7130
7135
7173
7175
7182
7182
7199
7210
7213
7215
7216
7220
7222
7223
7238
7240
7245
7247
7311
7332
7345
7351
7358
7362
7364
7383
7387
7407
7412
7421
7441
7453
7461
7463
7509
7524
7527
7530
7540
7553
7554
7555
7556
7574
7592
7592
7610
7620
7644
7645
7655
7663
7665
7673
7674
7686
7693
7694
7705
7715
7725
7729
7739
7741
7749
7751
7752
7774
7815
7817
7832
7834
7853
7882
7884
7897
7897
7903
7922
7926
7935
7943
7967
7982
7985
8009
8017
8025
8029
8044
8052
8053
8055
8062
8081
8091
8096
8098
8101
8102
8114
8130
8132
8139
8166
8167
8173
8208
8218
8225
8226
8239
8248
8254
8266
8269
8270
8304
8306
8319
8343
8359
8366
8376
8376
8422
8422
8424
8432
8432
8434
8440
8481
8481
8496
8509
8547
8559
8564
8565
8576
8579
8581
8614
8616
8626
8629
8634
8639
8653
8667
8671
8679
8704
8704
8707
8736
8739
8753
8759
8763
8779
8786
8791
8807
8816
8828
8833
8835
8837
8841
8845
8849
8872
8873
8884
8885
8897
8920
8926
8931
8936
8937
8940
8944
8950
8956
8966
8997
9005
9007
9016
9032
9059
9060
9064
9067
9070
9070
9089
9092
9102
9113
9144
9145
9152
9156
9158
9188
9194
9199
9215
9215
9235
9238
9244
9246
9262
9266
9267
9273
9289
9300
9303
9304
9338
9348
9356
9374
9376
9378
9378
9423
9438
9467
9468
9472
9479
9487
9525
9535
9543
9543
9547
9550
9553
9554
9592
9592
9598
9643
9649
9651
9673
9703
9719
9735
9743
9763
9764
9784
9789
9793
9793
9826
9836
9843
9851
9860
9863
9884
9899
9930
9946
9963
9977
9982
10006
10027
10038
10042
10045
10046
10061
10128
10130
10132
10142
10166
10169
10169
10172
10178
10186
10195
10205
10205
10206
10210
10211
10230
10235
10236
10238
10249
10260
10261
10271
10308
10336
10345
10351
10352
10361
10375
10377
10396
10401
10406
10407
10420
10431
10433
10433
10436
10444
10455
10462
10475
10493
10497
10504
10505
10529
10535
10539
10542
10552
10559
10573
10591
10602
10606
10616
10627
10651
10651
10681
10705
10711
10720
10738
10745
10746
10763
10787
10790
10793
10796
10835
10840
10842
10843
10844
10848
10849
10855
10856
10868
10876
10880
10887
10888
10905
10914
10920
10921
10921
10939
10950
10951
10952
10957
10959
10962
10971
10976
10978
10992
11004
11004
11021
11021
11036
11042
11047
11054
11054
11096
11105
11107
11127
11132
11136
11138
11140
11154
11155
11156
11166
11202
11209
11216
11233
11236
11251
11263
11266
11269
11273
11275
11284
11287
11295
11308
11309
11312
11325
11351
11351
11356
11375
11384
11403
11407
11420
11423
11423
11426
11435
11437
11457
11458
11459
11460
11476
11480
11489
11511
11513
11516
11527
11532
11537
11539
11547
11554
11568
11572
11582
11582
11589
11593
11599
11604
11627
11648
11649
11659
11676
11686
11696
11699
11705
11712
11745
11771
11784
11785
11804
11808
11830
11837
11838
11869
11872
11883
11886
11888
11894
11996
12006
12012
12020
12024
12043
12051
12052
12057
12077
12078
12087
12090
12090
12096
12096
12098
12110
12113
12124
12140
12157
12167
12178
12188
12197
12219
12239
12311
12327
12327
12337
12355
12360
12382
12415
12419
12443
12467
12485
12548
12580
12584
12611
12636
12654
12656
12668
12684
12709
12710
12718
12726
12735
12738
12753
12763
12765
12797
12821
12825
12838
12844
12864
12866
12867
12874
12886
12895
12905
12940
12947
12951
12956
12957
12960
12961
12966
12967
12972
12973
12974
13003
13012
13023
13026
13028
13031
13071
13078
13092
13096
13100
13101
13101
13102
13103
13110
13118
13127
13133
13140
13151
13152
13162
13177
13189
13202
13213
13213
13215
13229
13236
13237
13237
13238
13243
13245
13248
13252
13275
13276
13289
13294
13303
13323
13328
13353
13371
13375
13384
13406
13416
13430
13433
13435
13444
13453
13459
13497
13509
13513
13535
13545
13571
13593
13594
13606
13615
13619
13626
13650
13651
13676
13698
13704
13727
13735
13748
13748
13757
13764
13776
13798
13799
13808
13824
13825
13835
13840
13846
13864
13880
13894
13918
13923
13923
13923
13959
13960
13971
13997
14019
14049
14053
14053
14075
14079
14080
14113
14116
14117
14131
14141
14141
14142
14163
14181
14181
14195
14197
14224
14232
14235
14242
14243
14243
14275
14295
14299
14316
14320
14342
14351
14358
14378
14380
14385
14388
14401
14417
14421
14449
14462
14467
14478
14484
14486
14498
14502
14504
14506
14525
14530
14531
14534
14554
14554
14574
14580
14595
14608
14614
14617
14638
14641
14642
14658
14661
14665
14692
14694
14713
14723
14723
14728
14729
14735
14754
14756
14812
14824
14832
14836
14856
14862
14862
14863
14873
14878
14893
14894
14895
14899
14899
14902
14904
14905
14921
14925
14926
14936
14945
14947
14954
14960
14966
14994
15011
15019
15027
15034
15037
15038
15041
15052
15054
15063
15063
15063
15071
15079
15103
15108
15115
15119
15142
15165
15172
15179
15197
15211
15212
15213
15226
15237
15238
15242
15266
15293
15293
15323
15350
15355
15361
15362
15368
15371
15379
15384
15387
15391
15404
15413
15440
15471
15485
15492
15492
15515
15554
15567
15577
15591
15592
15594
15602
15602
15607
15608
15617
15631
15633
15643
15648
15656
15663
15666
15680
15686
15695
15707
15709
15713
15717
15718
15737
15740
15757
15764
15783
15804
15816
15856
15863
15896
15955
15989
16002
16003
16032
16046
16064
16068
16077
16095
16115
16120
16124
16124
16149
16153
16173
16189
16198
16200
16208
16221
16227
16231
16236
16262
16269
16274
16279
16282
16285
16288
16297
16305
16311
16314
16316
16317
16318
16323
16331
16332
16336
16338
16342
16346
16349
16352
16358
16360
16365
16374
16381
16389
16389
16392
16440
16440
16453
16457
16465
16490
16506
16508
16512
16538
16543
16546
16548
16551
16559
16576
16577
16594
16605
16626
16627
16664
16664
16680
16681
16720
16725
16730
16754
16754
16775
16784
16818
16822
16858
16861
16862
16864
16876
16890
16926
16942
16944
16947
16953
16953
16955
16964
17036
17054
17098
17120
17134
17136
17143
17155
17169
17176
17185
17186
17187
17197
17216
17234
17240
17240
17251
17252
17266
17268
17332
17336
17350
17355
17361
17374
17378
17390
17393
17409
17423
17430
17460
17487
17498
17498
17499
17502
17516
17521
17522
17531
17533
17550
17563
17571
17579
17582
17583
17600
17621
17626
17630
17634
17637
17646
17654
17661
17663
17671
17682
17687
17715
17722
17726
17729
17740
17748
17764
17782
17785
17786
17786
17795
17798
17812
17818
17842
17845
17854
17859
17860
17865
17905
17925
17926
17931
17941
17959
17965
17971
17976
17976
17979
17980
17981
17984
18026
18032
18045
18047
18110
18125
18127
18129
18140
18142
18149
18173
18180
18199
18200
18215
18229
18234
18242
18250
18255
18280
18287
18293
18309
18311
18319
18325
18344
18346
18348
18355
18377
18386
18388
18389
18394
18395
18396
18397
18404
18405
18410
18425
18428
18443
18450
18451
18457
18500
18502
18512
18513
18533
18534
18536
18546
18564
18576
18599
18603
18608
18612
18627
18631
18642
18676
18695
18698
18709
18721
18734
18736
18745
18747
18748
18749
18765
18770
18781
18790
18797
18815
18817
18819
18820
18825
18837
18843
18854
18855
18859
18860
18891
18893
18901
18906
18909
18909
18954
18962
18967
18975
18986
18986
18988
19005
19035
19039
19041
19048
19057
19103
19108
19110
19110
19113
19122
19128
19130
19135
19138
19164
19221
19251
19257
19258
19258
19267
19272
19281
19289
19292
19297
19304
19306
19333
19339
19346
19349
19393
19402
19409
19424
19446
19469
19476
19476
19483
19493
19494
19516
19534
19536
19550
19563
19575
19575
19587
19596
19598
19600
19601
19601
19620
19638
19638
19662
19676
19699
19703
19714
19717
19734
19735
19742
19745
19747
19752
19773
19781
19800
19810
19849
19853
19856
19882
19898
19905
19906
19915
19918
19923
19926
19936
19944
19985
19998
19998
20002
20020
20023
20042
20043
20052
20054
20054
20062
20067
20079
20095
20101
20109
20116
20132
20133
20152
20156
20165
20166
20178
20185
20194
20195
20197
20210
20214
20216
20222
20228
20236
20237
20239
20242
20247
20251
20252
20262
20281
20286
20293
20294
20319
20341
20344
20347
20368
20376
20389
20398
20410
20417
20423
20443
20472
20478
20478
20483
20488
20489
20494
20495
20517
20518
20520
20521
20522
20526
20531
20538
20543
20585
20608
20620
20638
20639
20654
20675
20693
20697
20699
20699
20713
20720
20725
20739
20746
20748
20767
20771
20785
20791
20818
20829
20832
20835
20861
20874
20877
20912
20923
20925
20929
20936
20941
20953
20959
20963
20970
20979
20984
20985
20987
20991
20991
20994
21004
21019
21035
21036
21039
21046
21048
21056
21070
21076
21078
21103
21110
21120
21123
21128
21139
21163
21181
21189
21194
21196
21203
21207
21225
21238
21252
21263
21264
21269
21278
21298
21315
21316
21323
21335
21343
21343
21347
21395
21400
21401
21451
21454
21457
21470
21471
21473
21476
21479
21494
21504
21514
21534
21536
21552
21554
21568
21584
21594
21595
21607
21614
21622
21627
21650
21677
21681
21687
21700
21714
21718
21725
21729
21747
21762
21764
21769
21774
21777
21778
21781
21803
21804
21805
21809
21812
21816
21822
21826
21833
21836
21842
21844
21856
21863
21863
21877
21886
21901
21923
21928
21942
21960
21979
21984
21985
21996
22008
22017
22029
22030
22053
22053
22056
22085
22085
22089
22093
22100
22115
22117
22121
22128
22142
22155
22166
22170
22192
22197
22198
22209
22214
22222
22231
22234
22240
22241
22248
22260
22288
22288
22299
22309
22316
22333
22335
22342
22349
22371
22386
22403
22404
22412
22414
22416
22426
22432
22442
22470
22483
22492
22533
22538
22556
22557
22560
22575
22576
22612
22614
22629
22656
22659
22674
22687
22688
22704
22715
22718
22726
22728
22740
22748
22749
22752
22766
22767
22773
22785
22789
22791
22793
22825
22829
22837
22846
22852
22862
22871
22909
22913
22914
22923
22927
22959
22973
22995
23001
23002
23025
23026
23029
23031
23045
23046
23047
23049
23071
23075
23094
23100
23126
23148
23153
23171
23177
23184
23193
23194
23207
23229
23246
23255
23263
23278
23279
23288
23300
23305
23311
23324
23349
23368
23383
23387
23396
23415
23436
23448
23474
23479
23483
23483
23491
23528
23530
23551
23558
23584
23590
23616
23637
23648
23666
23672
23677
23677
23705
23706
23720
23730
23737
23750
23770
23799
23801
23806
23808
23815
23833
23847
23851
23862
23873
23877
23878
23885
23912
23958
23964
23971
23974
23978
23999
24010
24011
24017
24028
24030
24047
24061
24068
24069
24075
24082
24085
24104
24107
24111
24112
24160
24174
24213
24220
24226
24235
24240
24275
24298
24310
24310
24313
24321
24336
24339
24346
24349
24359
24365
24371
24394
24418
24429
24436
24459
24482
24509
24510
24524
24530
24542
24593
24594
24598
24607
24611
24620
24623
24646
24649
24662
24677
24681
24686
24693
24705
24729
24749
24772
24777
24784
24810
24812
24839
24842
24843
24846
24871
24871
24890
24901
24908
24946
24952
24955
24968
24974
25001
25010
25026
25030
25032
25042
25048
25059
25061
25069
25084
25102
25114
25129
25145
25152
25162
25169
25171
25186
25191
25191
25192
25197
25202
25248
25251
25288
25293
25313
25322
25347
25351
25359
25370
25371
25371
25375
25383
25384
25388
25392
25422
25439
25439
25455
25460
25480
25484
25495
25518
25535
25536
25547
25549
25553
25560
25583
25585
25594
25598
25615
25617
25630
25633
25643
25647
25654
25661
25669
25676
25688
25694
25698
25702
25721
25741
25746
25762
25763
25765
25767
25774
25776
25795
25797
25798
25799
25802
25811
25823
25828
25855
25862
25867
25880
25903
25905
25915
25933
25939
25943
25950
25958
25967
25967
25979
25980
25992
26006
26007
26007
26008
26011
26040
26049
26079
26081
26087
26095
26104
26113
26117
26143
26170
26173
26176
26205
26210
26215
26219
26224
26227
26228
26229
26230
26245
26246
26247
26265
26270
26290
26292
26294
26303
26309
26329
26335
26345
26361
26388
26431
26434
26435
26461
26470
26470
26476
26494
26503
26508
26552
26563
26577
26578
26590
26593
26595
26608
26650
26659
26662
26671
26674
26691
26744
26754
26755
26755
26765
26781
26782
26784
26789
26794
26805
26808
26816
26824
26836
26850
26852
26854
26857
26875
26929
26965
26969
26975
26980
26981
26991
26993
26996
26996
27000
27008
27009
27010
27021
27025
27034
27035
27043
27059
27062
27072
27072
27077
27094
27101
27108
27114
27127
27139
27166
27173
27185
27210
27231
27244
27257
27261
27282
27287
27291
27314
27315
27327
27327
27336
27342
27346
27346
27382
27384
27386
27390
27402
27416
27424
27433
27434
27436
27438
27447
27447
27454
27474
27498
27532
27574
27584
27590
27609
27629
27641
27658
27661
27663
27666
27669
27671
27680
27689
27707
27711
27725
27744
27752
27752
27753
27753
27786
27792
27795
27796
27801
27807
27813
27834
27835
27839
27843
27849
27851
27882
27889
27903
27911
27919
27939
27976
27981
27984
27993
27995
28013
28016
28018
28018
28022
28023
28026
28042
28042
28050
28068
28080
28083
28091
28094
28099
28100
28101
28106
28114
28126
28150
28153
28166
28171
28172
28188
28190
28194
28200
28204
28210
28233
28245
28247
28251
28269
28289
28292
28294
28298
28304
28351
28355
28379
28379
28382
28396
28398
28407
28419
28422
28439
28467
28481
28483
28486
28500
28515
28518
28525
28535
28541
28543
28551
28562
28573
28576
28587
28593
28621
28650
28657
28670
28718
28764
28792
28797
28800
28812
28824
28841
28847
28857
28862
28867
28869
28888
28891
28908
28918
28926
28931
28931
28944
28947
28980
28983
28994
28997
28998
29002
29003
29012
29035
29059
29062
29079
29082
29097
29097
29099
29111
29113
29116
29121
29128
29133
29139
29143
29147
29149
29167
29178
29179
29180
29185
29191
29198
29203
29215
29240
29257
29304
29311
29323
29365
29381
29384
29387
29392
29396
29411
29416
29420
29427
29449
29452
29464
29482
29486
29493
29498
29507
29514
29519
29526
29556
29556
29561
29564
29578
29587
29596
29607
29637
29637
29643
29647
29651
29693
29695
29728
29730
29737
29748
29760
29769
29769
29776
29780
29804
29805
29807
29810
29812
29814
29825
29838
29845
29852
29856
29859
29865
29871
29887
29889
29889
29891
29919
29927
29933
29960
29962
29974
29976
29987
29993
30001
30005
30008
30029
30033
30046
30049
30061
30080
30090
30090
30096
30115
30120
30132
30138
30168
30178
30191
30222
30227
30230
30239
30242
30247
30260
30301
30306
30337
30342
30370
30370
30373
30375
30386
30405
30419
30422
30424
30436
30462
30462
30471
30476
30480
30489
30491
30495
30496
30521
30542
30556
30602
30614
30640
30645
30665
30704
30719
30727
30731
30735
30753
30758
30758
30761
30761
30774
30784
30786
30790
30795
30795
30805
30839
30854
30872
30873
30877
30893
30908
30921
30940
30941
30944
30966
30994
31013
31015
31016
31025
31027
31043
31047
31078
31104
31131
31133
31146
31154
31156
31169
31179
31192
31197
31198
31206
31213
31215
31223
31231
31250
31257
31267
31297
31300
31324
31330
31345
31356
31392
31404
31407
31410
31421
31432
31449
31483
31485
31501
31512
31540
31550
31551
31552
31566
31569
31581
31582
31618
31625
31646
31652
31691
31698
31721
31728
31748
31755
31765
31784
31796
31803
31804
31805
31813
31818
31824
31828
31835
31848
31851
31866
31876
31881
31887
31898
31910
31913
31938
31955
31959
31961
31971
31979
31984
31987
31988
32001
32012
32036
32055
32074
32081
32092
32107
32118
32134
32160
32182
32195
32197
32204
32208
32219
32220
32220
32228
32261
32265
32265
32274
32284
32284
32299
32320
32329
32337
32347
32353
32364
32369
32377
32394
32400
32411
32421
32424
32436
32445
32455
32475
32476
32483
32504
32513
32518
32546
32552
32562
32563
32584
32606
32607
32617
32622
32626
32626
32630
32653
32664
32668
32676
32684
32693
32721
32734
32747
32749
32749
32765
32774
32786
32798
32813
32840
32846
32848
32878
32879
32886
32896
32901
32904
32917
32918
32923
32927
32933
32943
32953
32961
32972
32975
33017
33042
33059
33065
33078
33091
33102
33125
33141
33143
33151
33154
33163
33166
33166
33177
33198
33213
33214
33221
33224
33226
33226
33226
33231
33245
33259
33259
33263
33263
33267
33276
33278
33312
33339
33345
33357
33358
33362
33372
33380
33394
33396
33398
33399
33401
33408
33414
33415
33421
33445
33457
33463
33467
33476
33481
33501
33510
33516
33548
33556
33565
33570
33592
33615
33616
33631
33637
33643
33660
33667
33679
33687
33690
33700
33702
33710
33720
33731
33732
33749
33764
33778
33789
33802
33806
33815
33831
33837
33841
33841
33843
33869
33886
33890
33892
33893
33921
33939
33955
33957
33961
33968
33982
33985
33994
33997
34020
34028
34045
34066
34066
34070
34083
34085
34086
34088
34088
34091
34114
34129
34130
34185
34185
34186
34189
34204
34207
34222
34224
34226
34245
34253
34257
34266
34278
34281
34292
34300
34310
34312
34330
34332
34336
34341
34359
34363
34374
34380
34409
34411
34412
34431
34442
34456
34458
34462
34470
34471
34471
34477
34479
34483
34489
34499
34506
34517
34518
34535
34539
34545
34548
34564
34578
34608
34631
34633
34634
34647
34651
34668
34680
34695
34696
34698
34699
34704
34704
34717
34734
34748
34749
34754
34770
34772
34777
34783
34795
34798
34809
34813
34819
34836
34845
34847
34847
34848
34854
34867
34870
34913
34916
34920
34926
34928
34944
34952
34956
34959
34960
34963
34971
34975
34983
34993
35010
35012
35026
35036
35037
35049
35066
35072
35074
35076
35086
35096
35109
35110
35114
35129
35138
35138
35139
35145
35146
35160
35171
35173
35191
35192
35200
35220
35229
35232
35256
35260
35262
35263
35274
35299
35301
35302
35314
35323
35342
35348
35360
35360
35370
35376
35387
35410
35427
35429
35429
35431
35442
35443
35466
35466
35472
35475
35487
35509
35522
35523
35530
35531
35536
35555
35557
35557
35568
35568
35584
35629
35630
35631
35638
35668
35675
35676
35680
35691
35701
35712
35716
35718
35727
35727
35741
35756
35789
35801
35814
35849
35875
35891
35900
35914
35927
35932
35947
35949
35971
35976
35985
35989
35990
35996
35998
36013
36016
36028
36046
36062
36070
36093
36122
36142
36155
36162
36164
36175
36177
36181
36185
36189
36204
36206
36209
36235
36253
36282
36283
36295
36304
36312
36314
36320
36323
36324
36342
36351
36354
36360
36367
36388
36391
36397
36401
36402
36427
36438
36453
36456
36474
36479
36503
36508
36516
36523
36533
36543
36544
36546
36566
36566
36581
36600
36610
36634
36635
36656
36670
36670
36671
36675
36691
36693
36700
36706
36712
36723
36727
36731
36735
36738
36746
36753
36788
36839
36851
36868
36877
36914
36929
36933
36945
36956
36965
36969
36971
36981
36996
36997
37040
37051
37056
37060
37068
37068
37086
37099
37102
37114
37119
37123
37123
37145
37155
37180
37181
37184
37228
37234
37237
37243
37243
37257
37262
37272
37280
37298
37300
37302
37302
37319
37360
37363
37371
37375
37382
37391
37403
37423
37424
37427
37431
37432
37436
37443
37445
37464
37493
37495
37526
37531
37532
37553
37571
37601
37607
37612
37615
37623
37635
37654
37659
37660
37678
37678
37682
37703
37709
37721
37724
37739
37759
37762
37763
37768
37773
37779
37790
37795
37798
37804
37804
37822
37828
37828
37847
37929
37969
37981
37981
37982
37994
37996
38003
38005
38006
38016
38019
38036
38037
38047
38051
38057
38073
38075
38094
38110
38114
38139
38165
38184
38187
38225
38237
38242
38255
38257
38262
38265
38297
38297
38298
38306
38314
38314
38323
38329
38333
38336
38339
38364
38367
38370
38376
38387
38389
38400
38428
38443
38444
38472
38498
38529
38547
38549
38552
38570
38584
38589
38590
38601
38603
38655
38675
38684
38711
38719
38720
38727
38727
38732
38733
38754
38765
38791
38802
38821
38828
38830
38831
38836
38841
38843
38849
38858
38861
38862
38869
38875
38888
38898
38913
38926
38927
38927
38930
38933
38953
38985
39015
39017
39019
39063
39064
39076
39084
39086
39088
39116
39127
39145
39156
39165
39168
39176
39177
39185
39196
39202
39209
39221
39226
39229
39234
39235
39240
39252
39256
39286
39289
39290
39290
39291
39295
39308
39312
39317
39319
39320
39326
39326
39333
39339
39339
39346
39381
39386
39401
39405
39414
39421
39445
39453
39462
39513
39514
39526
39542
39577
39582
39604
39618
39619
39639
39656
39662
39675
39678
39682
39682
39691
39698
39715
39751
39751
39753
39765
39773
39778
39788
39788
39792
39793
39807
39817
39820
39823
39827
39829
39836
39841
39843
39867
39894
39901
39913
39919
39931
39931
39932
39949
39954
39954
39960
39982
39984
39991
39995
39998
39999
40014
40019
40068
40078
40080
40095
40102
40118
40128
40141
40146
40149
40152
40205
40207
40211
40226
40235
40250
40264
40272
40279
40281
40290
40302
40317
40317
40323
40328
40337
40343
40344
40349
40350
40366
40369
40372
40381
40389
40393
40424
40435
40445
40456
40459
40474
40484
40496
40506
40506
40513
40521
40522
40537
40572
40576
40579
40584
40585
40618
40647
40648
40650
40658
40674
40689
40704
40720
40735
40769
40771
40773
40777
40783
40799
40803
40837
40851
40852
40855
40880
40882
40887
40900
40909
40937
40951
40965
40969
40980
40990
40997
41000
41009
41011
41023
41023
41058
41059
41070
41077
41088
41099
41113
41114
41150
41152
41163
41165
41208
41224
41226
41253
41253
41259
41273
41273
41287
41319
41334
41343
41366
41379
41390
41397
41401
41414
41421
41440
41443
41449
41461
41484
41508
41521
41527
41534
41547
41559
41580
41600
41619
41627
41645
41648
41654
41654
41664
41687
41692
41699
41767
41771
41778
41790
41804
41821
41825
41852
41855
41860
41862
41866
41874
41890
41906
41936
41940
41953
41954
41956
41959
41964
41967
41992
42002
42005
42016
42055
42073
42080
42099
42106
42107
42109
42137
42138
42159
42166
42186
42187
42188
42228
42231
42247
42248
42254
42256
42263
42270
42302
42304
42306
42310
42327
42346
42360
42364
42383
42391
42392
42411
42412
42439
42445
42447
42448
42455
42456
42457
42464
42482
42489
42495
42496
42496
42505
42518
42524
42544
42552
42563
42571
42576
42584
42586
42586
42590
42591
42599
42608
42614
42645
42679
42688
42698
42718
42724
42726
42755
42759
42780
42788
42790
42790
42790
42808
42809
42809
42811
42840
42854
42872
42880
42925
42946
42947
42954
42956
42961
42976
42985
42985
42989
42992
42993
42995
42995
42996
43015
43020
43050
43050
43054
43060
43075
43076
43080
43087
43098
43101
43108
43133
43135
43137
43140
43156
43174
43184
43203
43220
43221
43243
43248
43248
43253
43257
43262
43280
43289
43298
43299
43330
43340
43341
43349
43357
43376
43395
43395
43432
43441
43456
43458
43470
43479
43485
43491
43504
43535
43547
43550
43551
43566
43577
43584
43600
43619
43664
43666
43667
43680
43691
43691
43694
43698
43700
43751
43761
43820
43822
43829
43831
43832
43832
43840
43841
43862
43863
43885
43893
43898
43910
43914
43925
43942
43943
43956
43957
43958
43966
43976
43985
43987
44025
44028
44032
44039
44042
44044
44046
44067
44075
44079
44080
44088
44099
44104
44105
44119
44130
44131
44154
44156
44161
44163
44171
44181
44191
44192
44198
44198
44207
44213
44214
44225
44234
44242
44246
44246
44252
44262
44274
44297
44340
44353
44359
44362
44369
44371
44394
44414
44419
44438
44443
44479
44489
44506
44514
44530
44540
44554
44556
44559
44562
44564
44573
44591
44594
44596
44609
44610
44610
44619
44628
44643
44646
44650
44651
44651
44665
44667
44668
44675
44677
44686
44709
44728
44758
44759
44760
44771
44771
44797
44872
44892
44895
44906
44919
44925
44938
44950
44963
44965
44969
45004
45014
45029
45037
45057
45065
45068
45073
45080
45093
45099
45102
45104
45115
45121
45151
45169
45192
45201
45215
45224
45233
45238
45238
45238
45249
45249
45250
45250
45281
45292
45300
45317
45330
45342
45370
45421
45487
45507
45526
45533
45536
45559
45560
45583
45598
45616
45621
45623
45623
45627
45640
45640
45642
45644
45649
45663
45678
45682
45696
45696
45705
45728
45739
45747
45757
45762
45763
45777
45792
45792
45804
45807
45817
45829
45844
45859
45862
45870
45877
45887
45890
45901
45903
45908
45915
45915
45918
45950
45973
45984
46018
46032
46037
46037
46038
46054
46058
46060
46067
46081
46096
46108
46109
46113
46119
46120
46123
46127
46138
46140
46162
46162
46163
46169
46175
46180
46184
46189
46197
46204
46208
46245
46258
46261
46262
46263
46266
46270
46294
46329
46346
46349
46357
46374
46392
46397
46398
46402
46408
46412
46427
46434
46453
46455
46475
46479
46491
46515
46527
46537
46550
46561
46568
46574
46584
46589
46606
46610
46610
46610
46614
46616
46619
46655
46659
46666
46683
46687
46694
46697
46719
46722
46730
46731
46738
46759
46793
46799
46802
46811
46827
46836
46859
46859
46860
46863
46870
46875
46884
46916
46923
46957
46958
46975
46977
46982
46996
47033
47036
47063
47070
47089
47094
47104
47110
47117
47117
47121
47133
47147
47155
47168
47173
47186
47190
47194
47220
47226
47233
47245
47253
47253
47259
47289
47290
47304
47305
47307
47321
47340
47340
47361
47376
47382
47407
47418
47430
47459
47489
47501
47509
47539
47547
47548
47558
47592
47593
47603
47605
47625
47626
47629
47639
47643
47651
47658
47681
47695
47699
47705
47724
47745
47755
47766
47774
47776
47791
47806
47807
47813
47831
47835
47884
47885
47897
47907
47918
47922
47935
47971
47972
47976
47986
47994
47994
48010
48011
48016
48034
48034
48035
48037
48044
48048
48053
48054
48066
48074
48078
48082
48135
48137
48139
48165
48169
48177
48182
48193
48205
48208
48212
48216
48217
48218
48221
48243
48248
48305
48308
48309
48320
48322
48332
48345
48356
48373
48377
48385
48390
48406
48408
48409
48418
48436
48437
48437
48438
48444
48450
48450
48452
48458
48460
48486
48514
48529
48549
48571
48574
48575
48576
48585
48608
48627
48647
48650
48653
48661
48662
48667
48677
48680
48683
48692
48698
48713
48727
48769
48778
48779
48782
48802
48817
48821
48829
48852
48868
48886
48897
48903
48910
48917
48923
48956
48957
48961
48970
48973
48977
48977
49023
49026
49028
49038
49043
49053
49064
49066
49072
49076
49076
49077
49078
49103
49109
49119
49120
49122
49124
49133
49139
49146
49150
49170
49211
49228
49235
49236
49243
49254
49273
49273
49318
49327
49333
49341
49353
49359
49367
49371
49397
49400
49405
49409
49409
49426
49433
49440
49443
49453
49456
49460
49472
49473
49521
49526
49528
49550
49552
49576
49585
49586
49589
49634
49637
49666
49668
49676
49679
49679
49680
49681
49681
49689
49690
49702
49708
49728
49732
49733
49757
49758
49764
49781
49788
49792
49792
49800
49806
49810
49820
49830
49849
49854
49854
49876
49894
49902
49910
49915
49916
49917
49928
49936
49963
49964
49969
49971
49972
49975
50002
50013
50019
50034
50039
50047
50059
50062
50066
50078
50078
50079
50090
50106
50106
50120
50129
50137
50146
50175
50178
50187
50188
50193
50215
50226
50232
50256
50256
50273
50278
50289
50289
50298
50323
50337
50343
50345
50348
50354
50364
50373
50386
50399
50418
50438
50456
50465
50469
50477
50481
50483
50489
50494
50531
50541
50541
50546
50557
50558
50577
50580
50589
50593
50595
50613
50614
50617
50617
50626
50626
50629
50646
50649
50660
50662
50662
50666
50681
50700
50702
50718
50725
50733
50736
50740
50742
50747
50756
50764
50785
50798
50807
50809
50814
50815
50817
50818
50824
50828
50837
50885
50895
50911
50927
50929
50944
50985
50987
51015
51016
51037
51052
51055
51073
51077
51083
51087
51091
51113
51122
51175
51181
51198
51227
51247
51256
51258
51279
51301
51304
51316
51360
51369
51381
51387
51409
51437
51469
51476
51507
51521
51540
51543
51563
51575
51586
51592
51596
51597
51604
51608
51613
51618
51621
51631
51652
51655
51660
51672
51677
51679
51686
51686
51692
51712
51734
51747
51756
51775
51795
51799
51804
51822
51831
51834
51843
51858
51859
51874
51906
51912
51921
51924
51928
51946
51962
51969
52011
52018
52025
52030
52037
52040
52061
52067
52070
52078
52083
52088
52089
52093
52111
52112
52121
52127
52127
52134
52137
52139
52140
52143
52157
52172
52194
52195
52202
52236
52239
52260
52262
52284
52287
52289
52312
52316
52316
52324
52331
52344
52352
52363
52364
52369
52382
52385
52389
52391
52393
52413
52414
52422
52436
52441
52459
52475
52481
52482
52490
52512
52517
52524
52528
52537
52581
52586
52598
52638
52638
52654
52661
52661
52667
52672
52689
52702
52710
52724
52725
52727
52728
52736
52741
52742
52790
52808
52816
52821
52832
52835
52837
52840
52848
52863
52867
52881
52908
52917
52926
52929
52929
52932
52933
52946
52950
52960
52976
52983
52984
52993
52995
53002
53005
53012
53018
53053
53097
53106
53129
53134
53148
53168
53171
53172
53172
53179
53179
53189
53202
53228
53241
53245
53247
53248
53256
53256
53257
53263
53268
53274
53274
53275
53279
53289
53296
53321
53321
53336
53357
53366
53367
53385
53389
53390
53392
53400
53402
53442
53461
53466
53469
53469
53475
53483
53485
53486
53488
53506
53507
53518
53527
53529
53553
53570
53576
53586
53590
53598
53601
53603
53607
53635
53639
53646
53657
53679
53680
53682
53727
53749
53754
53757
53759
53759
53773
53777
53792
53795
53808
53813
53813
53814
53823
53825
53849
53849
53864
53868
53874
53875
53878
53893
53923
53985
53991
54005
54016
54025
54029
54044
54047
54090
54106
54120
54129
54135
54142
54147
54156
54170
54178
54186
54194
54194
54196
54200
54201
54210
54213
54216
54223
54224
54225
54230
54235
54245
54246
54249
54253
54260
54276
54288
54315
54324
54334
54342
54355
54363
54372
54378
54391
54408
54409
54425
54453
54453
54459
54462
54472
54517
54524
54532
54533
54538
54546
54552
54597
54600
54602
54606
54615
54623
54650
54655
54658
54662
54698
54710
54719
54723
54735
54753
54753
54766
54830
54832
54845
54875
54877
54877
54886
54894
54929
54959
54972
54979
54981
54984
55008
55012
55061
55068
55079
55081
55085
55088
55103
55105
55112
55122
55126
55170
55177
55185
55190
55193
55228
55230
55240
55262
55273
55283
55287
55291
55293
55301
55334
55344
55349
55350
55351
55352
55353
55355
55360
55386
55391
55392
55403
55404
55405
55411
55417
55418
55441
55443
55457
55459
55466
55466
55474
55476
55488
55490
55522
55525
55527
55533
55535
55541
55543
55544
55562
55565
55581
55595
55610
55623
55673
55680
55684
55694
55698
55703
55705
55714
55720
55752
55753
55759
55776
55792
55796
55799
55822
55824
55836
55837
55847
55868
55876
55877
55884
55892
55899
55903
55903
55910
55910
55912
55917
55921
55924
55940
55946
55953
55974
55976
55981
55982
55985
56000
56008
56017
56022
56024
56025
56027
56035
56036
56038
56039
56049
56056
56074
56079
56080
56082
56091
56097
56100
56130
56152
56162
56166
56180
56181
56182
56195
56208
56210
56218
56223
56248
56256
56258
56264
56264
56265
56266
56299
56313
56316
56332
56344
56353
56359
56361
56370
56370
56372
56385
56393
56398
56412
56413
56435
56484
56496
56501
56503
56505
56518
56530
56533
56543
56569
56592
56598
56610
56615
56630
56634
56647
56667
56669
56718
56730
56730
56759
56768
56774
56776
56779
56796
56801
56821
56823
56850
56852
56854
56864
56870
56883
56894
56902
56903
56911
56917
56921
56924
56943
56982
56989
57029
57056
57057
57058
57070
57088
57100
57138
57160
57169
57170
57186
57198
57199
57203
57208
57214
57245
57266
57266
57269
57275
57285
57295
57305
57325
57327
57327
57332
57357
57363
57380
57384
57400
57401
57411
57416
57428
57461
57488
57508
57524
57527
57537
57554
57556
57564
57574
57578
57582
57607
57631
57638
57661
57661
57663
57669
57687
57694
57708
57711
57716
57721
57726
57752
57759
57766
57766
57775
57785
57788
57794
57795
57796
57797
57803
57809
57811
57820
57829
57842
57865
57871
57888
57908
57914
57922
57938
57948
58016
58026
58036
58043
58043
58048
58068
58076
58084
58085
58088
58108
58113
58119
58121
58125
58130
58137
58146
58168
58180
58180
58190
58193
58230
58237
58251
58254
58259
58269
58275
58326
58339
58344
58352
58362
58369
58388
58397
58423
58432
58435
58440
58458
58459
58460
58468
58472
58482
58509
58509
58517
58522
58533
58539
58547
58548
58550
58571
58584
58591
58600
58624
58626
58650
58652
58655
58663
58665
58667
58667
58670
58670
58673
58676
58686
58688
58733
58749
58757
58770
58772
58777
58787
58788
58797
58824
58856
58857
58863
58879
58882
58882
58884
58888
58899
58916
58921
58943
58957
58962
58970
58981
59001
59001
59007
59024
59028
59033
59038
59044
59044
59048
59052
59054
59055
59057
59060
59071
59087
59104
59112
59113
59120
59134
59144
59158
59158
59167
59177
59185
59186
59201
59224
59227
59232
59239
59244
59247
59249
59255
59256
59262
59272
59292
59308
59365
59375
59381
59408
59424
59434
59435
59439
59443
59480
59485
59496
59498
59510
59523
59525
59527
59536
59545
59573
59574
59575
59578
59600
59601
59608
59614
59615
59617
59624
59651
59660
59662
59663
59676
59676
59682
59697
59710
59719
59729
59729
59732
59742
59749
59753
59760
59762
59766
59783
59786
59787
59815
59821
59842
59843
59853
59859
59866
59888
59890
59892
59896
59905
59908
59921
59921
59937
59956
59963
59971
59977
59996
60027
60034
60039
60046
60051
60056
60061
60082
60090
60090
60105
60162
60180
60187
60194
60201
60205
60212
60223
60254
60254
60257
60264
60264
60275
60286
60307
60329
60338
60341
60343
60358
60364
60375
60381
60385
60387
60399
60404
60476
60478
60479
60493
60511
60524
60536
60540
60544
60549
60564
60566
60580
60594
60599
60609
60610
60613
60625
60625
60627
60631
60640
60666
60678
60679
60685
60690
60692
60695
60700
60701
60713
60722
60723
60725
60765
60792
60801
60804
60812
60817
60830
60834
60862
60869
60871
60889
60895
60901
60906
60923
60939
60939
60948
60949
60951
60954
60959
60968
60969
60972
60976
60986
60996
61001
61025
61026
61064
61076
61084
61091
61094
61106
61123
61132
61133
61134
61141
61158
61166
61185
61202
61204
61209
61213
61216
61222
61228
61259
61268
61299
61314
61324
61327
61337
61338
61350
61356
61365
61381
61382
61393
61397
61417
61431
61442
61455
61457
61470
61494
61515
61516
61516
61518
61524
61530
61531
61541
61550
61566
61578
61594
61624
61630
61640
61640
61647
61653
61668
61669
61705
61718
61725
61748
61752
61753
61757
61765
61773
61779
61785
61798
61805
61805
61808
61826
61828
61847
61847
61855
61857
61861
61863
61893
61913
61919
61926
61967
61972
61983
61997
61998
62000
62019
62022
62032
62047
62062
62086
62098
62105
62125
62136
62164
62174
62195
62205
62227
62236
62237
62251
62259
62268
62275
62279
62290
62308
62311
62358
62368
62377
62382
62388
62389
62389
62395
62405
62405
62415
62418
62421
62448
62458
62480
62487
62491
62517
62520
62555
62570
62586
62589
62597
62599
62606
62631
62642
62657
62659
62665
62703
62709
62738
62738
62756
62771
62774
62784
62795
62829
62842
62845
62858
62866
62869
62874
62874
62879
62887
62923
62934
62937
62949
62972
62973
62984
63006
63018
63036
63037
63037
63063
63067
63074
63085
63085
63091
63108
63141
63148
63148
63163
63182
63185
63195
63201
63203
63213
63228
63234
63238
63264
63272
63281
63290
63293
63317
63331
63366
63366
63368
63372
63375
63389
63391
63410
63416
63438
63448
63458
63461
63511
63522
63550
63557
63565
63566
63566
63587
63596
63617
63622
63633
63633
63635
63635
63639
63658
63659
63670
63672
63677
63682
63686
63731
63733
63753
63762
63772
63775
63778
63786
63796
63800
63802
63815
63828
63837
63857
63892
63908
63911
63915
63919
63920
63931
63932
63937
63942
63948
63954
63958
63960
63962
63963
63985
64009
64026
64027
64031
64035
64042
64043
64044
64046
64047
64051
64064
64074
64084
64097
64103
64106
64107
64111
64115
64149
64150
64157
64160
64178
64193
64202
64214
64247
64277
64285
64287
64292
64301
64303
64312
64317
64339
64357
64360
64366
64367
64377
64378
64396
64403
64405
64428
64431
64444
64463
64483
64486
64495
64500
64504
64510
64512
64529
64536
64545
64573
64585
64611
64646
64660
64666
64679
64682
64717
64730
64743
64757
64761
64769
64771
64776
64804
64806
64835
64837
64842
64882
64883
64886
64925
64933
64936
64946
64948
64983
64988
65012
65044
65048
65052
65065
65068
65088
65097
65099
65106
65112
65118
65133
65151
65159
65164
65166
65187
65189
65235
65241
65246
65249
65255
65265
65270
65273
65278
65297
65308
65322
65329
65355
65365
65383
65398
65424
65431
65436
65449
65455
65483
65485
65491
65504
65525
65527
65538
65547
65555
65555
65572
65580
65590
65609
65631
65635
65637
65650
65656
65660
65660
65671
65691
65697
65698
65717
65721
65735
65744
65754
65759
65768
65788
65791
65797
65847
65856
65857
65864
65887
65900
65914
65914
65914
65919
65921
65925
65938
65958
65963
65965
65978
65986
66007
66047
66066
66069
66106
66111
66136
66137
66153
66170
66206
66230
66249
66282
66294
66307
66314
66315
66321
66329
66334
66336
66337
66347
66357
66368
66373
66378
66381
66411
66416
66430
66437
66457
66461
66462
66496
66496
66504
66508
66528
66535
66541
66547
66556
66561
66568
66569
66575
66591
66597
66604
66605
66606
66609
66612
66646
66647
66647
66653
66657
66658
66663
66673
66677
66687
66693
66700
66701
66704
66720
66724
66728
66731
66739
66761
66765
66768
66775
66781
66791
66791
66791
66805
66809
66829
66843
66856
66858
66875
66884
66885
66890
66891
66902
66905
66920
66925
66927
66928
66943
66979
67000
67003
67016
67018
67020
67024
67042
67045
67092
67095
67098
67102
67103
67153
67155
67160
67164
67169
67174
67179
67180
67197
67203
67244
67266
67281
67284
67294
67294
67316
67351
67374
67378
67384
67391
67412
67435
67439
67455
67472
67474
67475
67477
67486
67487
67492
67497
67510
67522
67536
67550
67571
67603
67604
67616
67624
67628
67648
67658
67665
67683
67702
67711
67724
67725
67733
67743
67772
67783
67788
67810
67813
67814
67838
67840
67852
67852
67901
67908
67911
67915
67941
67941
67946
67966
67984
67986
67990
67997
68008
68016
68023
68024
68033
68033
68060
68060
68078
68084
68085
68087
68093
68097
68116
68120
68137
68149
68155
68155
68157
68166
68173
68175
68182
68192
68204
68204
68228
68228
68232
68245
68257
68259
68269
68291
68298
68299
68337
68338
68355
68359
68360
68370
68373
68376
68382
68395
68401
68401
68401
68448
68456
68460
68474
68480
68488
68489
68491
68499
68503
68509
68518
68521
68522
68524
68526
68528
68529
68530
68540
68549
68556
68563
68567
68575
68575
68578
68586
68591
68592
68600
68603
68616
68633
68633
68642
68657
68658
68672
68679
68681
68690
68692
68705
68714
68717
68727
68734
68743
68749
68750
68783
68784
68790
68805
68805
68816
68829
68858
68861
68869
68879
68883
68886
68894
68898
68917
68931
68942
68956
68960
68971
68976
68988
68989
68996
69001
69006
69011
69021
69029
69035
69057
69062
69077
69079
69082
69089
69107
69108
69114
69123
69134
69138
69140
69143
69152
69169
69171
69179
69198
69198
69219
69230
69231
69254
69262
69265
69273
69281
69291
69310
69324
69361
69370
69383
69400
69404
69405
69410
69410
69430
69441
69443
69463
69466
69468
69481
69511
69521
69540
69549
69579
69592
69593
69596
69616
69632
69636
69641
69649
69656
69660
69670
69676
69681
69681
69698
69698
69700
69719
69730
69730
69735
69746
69760
69763
69768
69772
69775
69788
69789
69819
69855
69863
69866
69879
69880
69912
69916
69923
69925
69931
69945
69963
69969
69972
70015
70026
70027
70033
70045
70050
70056
70073
70091
70094
70100
70112
70114
70114
70126
70132
70132
70148
70151
70165
70166
70175
70200
70200
70202
70209
70223
70227
70233
70267
70283
70289
70289
70310
70310
70315
70331
70334
70334
70346
70348
70352
70354
70361
70363
70366
70376
70381
70401
70410
70411
70423
70449
70452
70453
70465
70496
70512
70532
70538
70547
70548
70552
70563
70573
70601
70605
70610
70627
70629
70633
70636
70667
70668
70673
70673
70695
70721
70721
70722
70726
70735
70740
70745
70748
70757
70761
70764
70766
70776
70780
70810
70814
70817
70822
70829
70830
70832
70832
70833
70836
70838
70863
70864
70885
70893
70894
70895
70903
70908
70919
70939
70964
70971
70976
70998
71004
71006
71017
71023
71045
71090
71102
71106
71107
71146
71186
71197
71199
71206
71216
71223
71223
71225
71231
71237
71261
71271
71274
71280
71284
71287
71288
71319
71321
71321
71329
71333
71335
71342
71346
71353
71357
71358
71369
71374
71381
71424
71434
71452
71453
71477
71477
71481
71483
71494
71523
71538
71554
71603
71611
71635
71637
71648
71651
71665
71672
71689
71694
71698
71712
71737
71743
71744
71755
71757
71775
71780
71781
71786
71788
71792
71799
71800
71805
71813
71813
71819
71826
71826
71843
71852
71854
71868
71873
71876
71881
71892
71915
71920
71939
71948
71961
71962
71975
71975
71975
71986
72003
72005
72021
72039
72047
72064
72075
72083
72089
72092
72095
72103
72108
72118
72130
72136
72144
72144
72161
72171
72182
72206
72209
72236
72237
72256
72270
72279
72304
72308
72312
72315
72322
72328
72332
72332
72333
72333
72344
72365
72366
72369
72375
72396
72404
72406
72408
72417
72418
72418
72419
72442
72447
72450
72455
72455
72467
72476
72489
72497
72512
72512
72521
72528
72539
72546
72567
72580
72587
72595
72602
72649
72658
72668
72676
72692
72704
72714
72752
72755
72759
72767
72773
72790
72791
72797
72799
72803
72825
72850
72859
72866
72866
72868
72871
72885
72888
72904
72908
72908
72911
72915
72920
72922
72927
72927
72933
72937
72955
73000
73012
73016
73026
73031
73052
73055
73087
73095
73104
73116
73121
73123
73130
73151
73152
73171
73178
73194
73197
73201
73209
73215
73224
73229
73238
73240
73262
73277
73282
73297
73298
73306
73307
73307
73314
73319
73319
73323
73337
73341
73357
73368
73369
73375
73380
73382
73384
73384
73408
73415
73422
73432
73443
73448
73455
73469
73494
73501
73529
73563
73588
73609
73620
73657
73680
73699
73702
73706
73706
73715
73725
73733
73734
73740
73752
73763
73783
73800
73804
73831
73834
73847
73880
73886
73898
73900
73943
73946
73966
73995
73998
74000
74057
74059
74093
74108
74116
74120
74150
74165
74166
74170
74186
74201
74212
74215
74227
74228
74247
74262
74271
74274
74283
74301
74308
74315
74327
74328
74341
74352
74363
74367
74373
74377
74411
74437
74443
74446
74449
74450
74468
74483
74485
74495
74524
74534
74537
74541
74543
74555
74557
74599
74606
74636
74644
74661
74665
74671
74683
74690
74711
74728
74749
74773
74776
74837
74856
74865
74888
74919
74919
74920
74921
74947
74948
74952
74960
74965
74973
74984
74985
74990
74997
74998
75001
75005
75007
75018
75021
75040
75043
75045
75056
75061
75070
75077
75093
75103
75105
75107
75148
75154
75157
75172
75176
75181
75193
75203
75206
75210
75213
75222
75227
75228
75276
75287
75290
75297
75300
75303
75322
75333
75339
75343
75362
75363
75372
75377
75378
75380
75388
75405
75410
75423
75438
75443
75451
75458
75471
75475
75477
75481
75482
75487
75504
75515
75525
75526
75532
75532
75537
75539
75543
75551
75559
75572
75572
75589
75612
75618
75626
75669
75672
75700
75702
75716
75716
75733
75740
75766
75772
75782
75788
75791
75799
75802
75807
75811
75817
75819
75833
75856
75869
75882
75883
75892
75901
75911
75931
75934
75948
75989
76002
76030
76042
76053
76057
76072
76072
76082
76084
76092
76092
76096
76142
76162
76178
76184
76191
76198
76218
76229
76243
76244
76245
76257
76268
76273
76274
76281
76289
76316
76325
76328
76328
76341
76349
76350
76352
76356
76360
76362
76362
76444
76463
76474
76498
76513
76513
76514
76538
76545
76547
76549
76556
76577
76603
76605
76611
76634
76645
76681
76684
76691
76706
76711
76735
76740
76741
76758
76759
76764
76773
76775
76781
76788
76794
76799
76802
76803
76815
76826
76831
76839
76858
76859
76866
76884
76884
76897
76904
76906
76941
76943
76947
76949
76951
76959
76970
76982
76985
76994
77009
77020
77049
77071
77076
77078
77084
77087
77095
77100
77100
77102
77127
77133
77137
77140
77162
77174
77181
77200
77202
77209
77212
77223
77227
77235
77236
77270
77272
77274
77290
77290
77290
77291
77306
77317
77337
77358
77365
77376
77391
77396
77396
77402
77403
77411
77418
77425
77433
77443
77448
77451
77467
77473
77480
77485
77493
77494
77536
77544
77563
77566
77567
77576
77603
77607
77620
77636
77647
77660
77665
77674
77676
77687
77695
77698
77709
77711
77712
77741
77747
77752
77753
77766
77780
77787
77793
77797
77803
77815
77827
77827
77841
77843
77843
77849
77863
77878
77892
77902
77932
77948
77953
77970
77981
78020
78021
78024
78035
78054
78055
78061
78062
78079
78092
78107
78140
78141
78144
78165
78192
78200
78200
78209
78211
78215
78229
78245
78250
78260
78279
78326
78364
78377
78383
78401
78407
78414
78428
78437
78443
78463
78480
78493
78503
78510
78535
78539
78546
78548
78549
78559
78560
78561
78567
78569
78574
78579
78584
78594
78603
78603
78607
78620
78636
78667
78669
78690
78693
78697
78700
78710
78711
78727
78739
78741
78746
78753
78759
78767
78794
78801
78804
78816
78818
78818
78819
78831
78838
78839
78851
78872
78883
78891
78896
78910
78910
78922
78955
78956
78975
78977
78999
79001
79007
79017
79019
79038
79071
79076
79076
79094
79098
79127
79136
79156
79156
79162
79175
79179
79180
79183
79183
79188
79197
79239
79242
79261
79274
79279
79287
79291
79307
79320
79348
79378
79388
79391
79391
79438
79460
79461
79466
79489
79493
79512
79516
79519
79527
79530
79530
79544
79547
79561
79566
79576
79578
79582
79599
79605
79616
79622
79646
79646
79677
79689
79710
79720
79723
79739
79741
79750
79752
79752
79761
79770
79773
79779
79780
79789
79842
79867
79876
79880
79889
79905
79922
79925
79940
79944
79945
79959
79974
79980
79988
80001
80005
80012
80016
80017
80022
80024
80028
80028
80036
80049
80058
80080
80090
80106
80109
80131
80132
80142
80157
80166
80183
80194
80221
80231
80257
80290
80291
80292
80294
80312
80313
80316
80322
80323
80331
80333
80353
80355
80357
80375
80387
80396
80422
80422
80422
80445
80458
80467
80491
80502
80512
80517
80538
80553
80557
80562
80562
80562
80576
80584
80621
80626
80626
80647
80654
80655
80660
80674
80677
80684
80690
80694
80702
80711
80724
80738
80781
80784
80786
80789
80790
80796
80800
80804
80811
80852
80855
80862
80871
80875
80875
80877
80902
80905
80906
80918
80950
80955
80964
80965
80986
81021
81022
81053
81053
81057
81064
81071
81075
81077
81078
81084
81087
81109
81111
81121
81142
81164
81172
81196
81197
81230
81238
81258
81266
81268
81293
81304
81315
81318
81319
81321
81323
81354
81362
81386
81390
81402
81412
81421
81437
81491
81497
81498
81499
81508
81540
81540
81544
81553
81554
81554
81555
81578
81591
81593
81601
81618
81620
81631
81636
81640
81647
81650
81655
81656
81662
81665
81686
81700
81714
81740
81744
81744
81754
81776
81787
81792
81793
81793
81800
81808
81813
81814
81815
81839
81865
81874
81877
81878
81899
81900
81905
81917
81918
81918
81934
81940
81951
81959
81960
81964
81983
81993
82009
82011
82012
82029
82030
82034
82039
82040
82058
82064
82066
82081
82082
82089
82115
82128
82169
82181
82191
82206
82221
82222
82227
82228
82236
82242
82244
82247
82259
82273
82350
82357
82367
82367
82377
82396
82397
82406
82408
82415
82425
82426
82430
82432
82436
82456
82467
82469
82499
82505
82525
82529
82534
82541
82551
82560
82563
82569
82569
82570
82570
82576
82577
82581
82635
82638
82647
82729
82757
82763
82767
82771
82779
82783
82784
82815
82844
82849
82879
82890
82912
82914
82916
82930
82931
82933
82946
82963
82968
82976
82980
82983
82987
82988
82997
83006
83010
83012
83024
83035
83042
83043
83043
83044
83055
83072
83083
83100
83122
83124
83137
83150
83173
83186
83215
83230
83230
83240
83241
83256
83257
83260
83288
83290
83310
83316
83320
83322
83338
83343
83344
83368
83372
83386
83387
83402
83405
83406
83422
83438
83458
83458
83461
83470
83485
83489
83500
83501
83507
83513
83519
83549
83550
83560
83584
83605
83622
83634
83643
83650
83656
83656
83675
83676
83700
83709
83730
83741
83752
83755
83756
83766
83774
83781
83787
83788
83797
83815
83840
83841
83874
83880
83884
83885
83886
83894
83906
83916
83929
83933
83937
83941
83945
83962
83963
83976
83976
83978
84003
84005
84007
84022
84045
84048
84086
84111
84114
84126
84178
84191
84210
84219
84254
84287
84290
84314
84316
84322
84326
84330
84339
84351
84356
84368
84403
84412
84422
84424
84432
84441
84444
84452
84453
84486
84488
84495
84512
84514
84524
84530
84569
84573
84582
84606
84644
84654
84663
84674
84680
84691
84703
84743
84773
84779
84793
84796
84804
84807
84830
84831
84844
84868
84880
84884
84922
84937
84940
84941
84946
84949
84951
84951
84952
84955
84982
84984
85015
85024
85024
85024
85028
85044
85046
85056
85062
85062
85072
85087
85108
85118
85144
85144
85151
85158
85159
85164
85168
85174
85209
85216
85233
85260
85272
85294
85311
85334
85346
85346
85373
85382
85410
85416
85422
85423
85424
85440
85441
85442
85445
85468
85470
85483
85506
85511
85543
85555
85562
85564
85575
85579
85586
85594
85609
85613
85614
85616
85617
85627
85638
85640
85641
85645
85650
85654
85657
85689
85693
85696
85700
85705
85714
85720
85724
85728
85746
85754
85754
85758
85759
85761
85776
85779
85810
85841
85841
85844
85860
85862
85884
85885
85895
85903
85907
85952
85964
85995
86004
86021
86024
86027
86036
86041
86045
86048
86055
86062
86062
86070
86073
86073
86083
86084
86087
86101
86103
86108
86123
86125
86125
86134
86137
86143
86146
86150
86156
86166
86171
86175
86177
86178
86189
86211
86217
86243
86247
86253
86254
86277
86280
86310
86315
86320
86320
86327
86339
86341
86341
86350
86363
86364
86380
86422
86431
86454
86462
86464
86485
86492
86493
86505
86512
86512
86536
86546
86555
86561
86569
86571
86571
86590
86594
86603
86607
86617
86617
86634
86642
86650
86657
86672
86674
86690
86711
86726
86734
86772
86777
86789
86790
86791
86795
86798
86800
86804
86818
86842
86851
86867
86904
86904
86925
86932
86936
86940
86952
86953
86991
87014
87016
87016
87022
87035
87059
87087
87088
87092
87102
87114
87116
87130
87136
87137
87140
87161
87166
87183
87186
87191
87209
87214
87229
87267
87271
87311
87319
87328
87330
87335
87338
87347
87350
87353
87357
87361
87366
87375
87379
87408
87417
87418
87428
87433
87438
87447
87456
87466
87474
87474
87484
87497
87503
87507
87509
87510
87512
87525
87525
87533
87537
87548
87555
87563
87566
87570
87571
87577
87578
87588
87589
87594
87606
87615
87622
87633
87633
87644
87647
87650
87655
87655
87656
87678
87711
87719
87732
87746
87751
87767
87777
87784
87794
87806
87810
87815
87821
87824
87830
87843
87849
87854
87860
87870
87876
87877
87878
87879
87882
87897
87928
87935
87948
87949
87952
87971
87994
87998
88014
88018
88030
88032
88036
88038
88050
88060
88067
88078
88084
88087
88107
88113
88120
88131
88131
88141
88151
88154
88162
88164
88181
88191
88206
88207
88210
88236
88238
88294
88327
88333
88337
88355
88356
88371
88380
88382
88395
88407
88418
88438
88460
88466
88471
88474
88479
88504
88509
88514
88526
88529
88547
88547
88551
88553
88567
88592
88599
88599
88606
88616
88633
88640
88655
88657
88666
88672
88685
88706
88715
88716
88722
88738
88739
88747
88774
88775
88798
88812
88837
88840
88845
88855
88863
88892
88900
88905
88909
88909
88910
88958
88959
88984
88985
88986
88996
89004
89012
89019
89020
89022
89027
89041
89043
89058
89070
89072
89073
89087
89094
89096
89097
89111
89114
89128
89131
89136
89139
89143
89144
89152
89162
89171
89193
89195
89207
89220
89220
89228
89231
89232
89237
89238
89243
89278
89283
89284
89287
89287
89289
89299
89306
89309
89309
89325
89328
89350
89351
89364
89372
89375
89379
89400
89406
89411
89413
89415
89421
89430
89432
89447
89454
89477
89505
89530
89565
89570
89578
89582
89595
89618
89623
89631
89632
89645
89651
89682
89687
89711
89723
89725
89727
89728
89740
89741
89763
89782
89787
89787
89790
89791
89797
89797
89808
89818
89824
89840
89848
89862
89871
89902
89915
89919
89921
89931
89935
89943
89944
89960
89967
89985
89985
89996
89999
90038
90078
90087
90114
90123
90126
90133
90174
90177
90185
90187
90191
90197
90204
90254
90257
90262
90273
90281
90288
90288
90289
90301
90324
90327
90331
90331
90332
90345
90372
90380
90394
90398
90412
90425
90427
90431
90450
90461
90507
90516
90517
90518
90525
90538
90544
90548
90558
90562
90584
90584
90629
90630
90631
90636
90637
90649
90658
90707
90718
90728
90728
90734
90735
90755
90755
90793
90794
90829
90831
90855
90879
90880
90891
90892
90893
90907
90917
90922
90929
90935
90935
90962
90973
90994
90995
91007
91049
91051
91065
91072
91072
91094
91112
91114
91120
91122
91124
91132
91136
91152
91170
91174
91192
91210
91214
91234
91238
91253
91259
91263
91265
91267
91276
91290
91311
91330
91336
91345
91348
91349
91351
91352
91360
91368
91379
91385
91389
91389
91394
91395
91397
91410
91410
91426
91427
91430
91434
91437
91438
91451
91459
91461
91464
91467
91470
91481
91493
91529
91535
91535
91585
91592
91598
91602
91617
91659
91663
91672
91675
91681
91684
91729
91730
91731
91742
91742
91743
91747
91752
91754
91766
91777
91780
91786
91787
91802
91805
91815
91829
91836
91841
91847
91863
91868
91868
91886
91902
91913
91914
91921
91928
91947
91962
91965
91966
91981
91982
91989
91993
92003
92003
92024
92031
92038
92041
92044
92058
92059
92065
92079
92082
92089
92103
92123
92126
92147
92149
92155
92173
92176
92242
92245
92285
92288
92290
92309
92316
92318
92336
92337
92355
92356
92365
92375
92385
92409
92421
92421
92439
92444
92453
92453
92472
92473
92475
92490
92491
92496
92498
92502
92543
92548
92567
92579
92594
92595
92596
92597
92602
92602
92640
92649
92657
92663
92667
92675
92677
92686
92687
92690
92699
92706
92706
92712
92727
92739
92742
92755
92762
92764
92769
92790
92791
92791
92793
92805
92814
92818
92836
92895
92903
92912
92928
92937
92938
92997
93004
93014
93018
93031
93035
93035
93041
93048
93050
93070
93079
93109
93120
93123
93138
93148
93160
93178
93178
93182
93201
93202
93212
93223
93228
93235
93253
93255
93260
93269
93277
93281
93292
93305
93311
93325
93328
93351
93357
93365
93371
93408
93429
93434
93437
93440
93453
93477
93484
93500
93535
93548
93559
93561
93564
93571
93577
93589
93592
93600
93617
93642
93653
93657
93669
93696
93697
93701
93702
93709
93710
93726
93732
93741
93745
93755
93782
93784
93786
93788
93804
93813
93823
93828
93832
93832
93836
93839
93851
93874
93892
93893
93893
93915
93917
93927
93936
93946
93953
93956
93984
93986
93992
93993
93995
93996
94000
94025
94040
94047
94048
94051
94058
94067
94072
94096
94110
94123
94169
94172
94181
94198
94202
94203
94234
94235
94247
94257
94269
94288
94300
94301
94305
94323
94333
94349
94358
94365
94366
94370
94370
94371
94379
94385
94429
94440
94441
94462
94508
94519
94529
94532
94537
94538
94546
94552
94553
94574
94580
94590
94609
94612
94635
94643
94645
94685
94693
94694
94710
94736
94770
94774
94790
94793
94801
94803
94806
94807
94819
94827
94831
94847
94854
94855
94860
94860
94870
94885
94898
94919
94921
94933
94952
94952
94961
94972
94978
94987
95025
95029
95038
95040
95057
95067
95067
95095
95098
95102
95152
95158
95178
95188
95190
95204
95208
95229
95240
95240
95253
95254
95260
95282
95341
95348
95355
95357
95382
95393
95400
95411
95428
95430
95459
95487
95489
95502
95509
95510
95513
95535
95542
95582
95591
95593
95594
95611
95619
95631
95636
95661
95668
95675
95676
95694
95694
95695
95697
95715
95738
95758
95772
95788
95826
95826
95837
95842
95857
95859
95862
95878
95881
95885
95912
95912
95919
95922
95924
95933
95948
95948
95958
95986
95996
95997
96000
96006
96008
96020
96029
96044
96065
96069
96072
96079
96082
96096
96120
96133
96149
96151
96168
96172
96182
96196
96198
96201
96219
96252
96253
96262
96264
96271
96275
96278
96306
96310
96313
96326
96336
96342
96345
96346
96347
96356
96387
96388
96401
96403
96408
96457
96464
96474
96492
96501
96501
96506
96517
96517
96538
96544
96558
96571
96576
96577
96580
96581
96582
96587
96613
96621
96629
96640
96643
96655
96679
96705
96710
96713
96715
96719
96780
96793
96826
96828
96837
96840
96841
96850
96857
96880
96895
96900
96908
96912
96916
96924
96924
96925
96936
96949
96958
96968
96981
96982
96990
96999
97009
97064
97084
97110
97151
97156
97166
97182
97186
97189
97192
97198
97198
97200
97204
97234
97253
97259
97267
97289
97294
97309
97367
97375
97406
97409
97409
97410
97416
97427
97443
97483
97484
97484
97499
97501
97514
97533
97536
97557
97564
97565
97585
97614
97618
97623
97626
97641
97656
97656
97659
97667
97675
97759
97774
97775
97776
97786
97801
97806
97807
97814
97820
97828
97833
97845
97846
97862
97878
97888
97889
97898
97901
97901
97914
97927
97940
97942
97959
97965
97967
97973
97991
97994
98034
98048
98050
98052
98053
98062
98066
98068
98081
98092
98107
98118
98122
98147
98161
98163
98164
98165
98171
98173
98174
98176
98178
98184
98187
98190
98195
98205
98207
98216
98224
98226
98227
98266
98273
98282
98288
98289
98306
98308
98318
98328
98340
98341
98348
98348
98350
98351
98354
98364
98377
98380
98386
98412
98414
98434
98459
98463
98464
98466
98470
98481
98505
98506
98507
98508
98515
98530
98531
98535
98538
98554
98555
98562
98569
98575
98576
98578
98612
98622
98628
98635
98640
98688
98689
98689
98712
98718
98728
98735
98753
98764
98770
98785
98795
98838
98838
98840
98855
98883
98909
98911
98912
98927
98945
99026
99040
99041
99050
99060
99061
99065
99085
99087
99090
99126
99137
99150
99159
99166
99170
99176
99188
99188
99203
99209
99219
99222
99237
99244
99260
99288
99288
99296
99300
99312
99327
99352
99365
99366
99378
99378
99378
99384
99389
99396
99409
99412
99413
99415
99439
99454
99457
99489
99491
99492
99494
99506
99506
99517
99518
99534
99535
99537
99561
99568
99589
99603
99607
99616
99618
99618
99619
99636
99637
99643
99657
99673
99708
99712
99725
99732
99737
99741
99744
99749
99752
99755
99767
99768
99795
99803
99814
99818
99819
99828
99832
99838
99841
99844
99845
99845
99860
99862
99862
99871
99886
99890
99895
99926
99943
99945
99954
99960
99967
99986
99997
