11
12
14
17
24
30
31
33
53
56
60
68
83
99
115
123
131
134
137
166
171
189
216
236
262
265
272
280
287
292
294
295
311
319
322
338
351
370
371
375
376
401
411
432
438
443
447
449
455
458
471
474
474
505
514
527
541
546
563
586
588
592
593
597
639
686
689
692
695
750
771
792
803
845
849
859
879
909
913
914
928
933
942
948
950
967
977
983
984
986
987
988
997
997
1003
1019
1040
1047
1049
1070
1071
1081
1090
1109
1135
1150
1160
1163
1182
1199
1217
1222
1229
1241
1254
1254
1263
1275
1278
1279
1288
1298
1340
1343
1361
1370
1372
1372
1375
1380
1386
1388
1399
1413
1470
1488
1491
1491
1493
1508
1538
1539
1564
1567
1579
1580
1605
1614
1622
1627
1662
1670
1683
1691
1692
1696
1721
1727
1732
1736
1736
1740
1752
1767
1768
1820
1835
1840
1845
1847
1858
1861
1864
1868
1889
1898
1920
1931
1956
1964
1969
1984
1985
1997
2000
2008
2009
2017
2035
2046
2056
2059
2093
2099
2104
2111
2116
2127
2128
2175
2183
2184
2185
2199
2208
2241
2263
2284
2300
2305
2315
2327
2332
2342
2359
2377
2380
2390
2397
2398
2424
2426
2429
2433
2433
2440
2440
2446
2446
2455
2463
2474
2483
2483
2512
2532
2532
2536
2538
2544
2558
2575
2578
2580
2590
2615
2621
2628
2651
2656
2680
2696
2712
2714
2724
2732
2741
2751
2844
2845
2882
2887
2893
2897
2897
2900
2909
2919
2929
2930
2932
2938
2950
2957
2962
2978
2995
3009
3021
3023
3036
3036
3058
3068
3076
3095
3101
3110
3120
3126
3131
3145
3146
3178
3209
3210
3221
3239
3246
3256
3266
3268
3276
3279
3289
3290
3292
3307
3318
3324
3328
3331
3334
3337
3338
3339
3341
3341
3345
3365
3367
3391
3447
3460
3470
3476
3482
3487
3514
3532
3562
3573
3580
3592
3594
3595
3595
3606
3607
3614
3615
3636
3646
3656
3726
3753
3754
3759
3763
3764
3764
3766
3767
3779
3808
3808
3814
3814
3816
3843
3869
3880
3887
3897
3899
3912
3972
3979
3994
3998
4001
4012
4015
4016
4036
4055
4059
4086
4086
4092
4092
4092
4102
4111
4115
4132
4133
4137
4139
4152
4165
4172
4178
4179
4208
4213
4218
4222
4224
4230
4247
4250
4262
4271
4280
4295
4310
4318
4320
4322
4339
4355
4360
4377
4383
4384
4386
4402
4409
4409
4413
4414
4422
4430
4452
4453
4458
4460
4471
4473
4477
4481
4485
4508
4516
4544
4556
4561
4563
4575
4580
4586
4588
4595
4617
4621
4664
4664
4676
4676
4684
4699
4700
4702
4711
4714
4715
4719
4751
4751
4755
4760
4766
4775
4778
4781
4782
4790
4796
4803
4812
4816
4823
4827
4852
4864
4872
4884
4885
4887
4887
4913
4916
4919
4934
4944
4945
4950
4963
4968
4973
4977
4986
4991
4992
5002
5011
5022
5034
5045
5048
5057
5057
5066
5073
5079
5089
5105
5123
5137
5145
5151
5152
5153
5162
5186
5190
5190
5204
5206
5212
5218
5219
5220
5237
5249
5261
5266
5268
5284
5294
5300
5301
5311
5319
5322
5323
5335
5336
5345
5355
5362
5364
5380
5381
5381
5391
5393
5402
5413
5438
5439
5439
5476
5483
5489
5511
5529
5533
5535
5545
5546
5556
5580
5590
5594
5607
5609
5638
5642
5659
5662
5666
5678
5680
5681
5689
5689
5698
5699
5714
5719
5746
5749
5752
5777
5782
5788
5804
5804
5828
5834
5845
5851
5867
5883
5897
5897
5905
5915
5923
5935
5939
5958
5960
5972
5977
5996
5998
6017
6021
6034
6072
6085
6085
6100
6111
6129
6133
6142
6148
6150
6173
6177
6189
6189
6235
6246
6252
6264
6264
6265
6281
6283
6284
6314
6338
6344
6366
6373
6379
6385
6387
6411
6423
6440
6448
6449
6471
6475
6481
6482
6508
6514
6517
6518
6526
6527
6528
6534
6542
6543
6550
6562
6578
6583
6591
6607
6610
6616
6626
6629
6660
6668
6674
6679
6689
6697
6703
6727
6747
6755
6768
6779
6800
6813
6825
6825
6853
6857
6866
6874
6885
6896
6897
6899
6904
6921
6940
6948
6951
6952
6965
6977
6988
6993
6999
7001
7002
7007
7018
7042
7075
7075
7083
7084
7086
7086
7090
7093
7104
7110
7130
7139
7161
7166
7195
7199
7199
7238
7241
7249
7252
7258
7261
7271
7278
7279
7285
7286
7299
7300
7351
7370
7373
7379
7382
7387
7398
7402
7408
7412
7416
7419
7424
7424
7427
7433
7437
7438
7439
7449
7469
7477
7483
7485
7489
7491
7502
7502
7519
7520
7525
7527
7535
7539
7540
7550
7556
7565
7565
7571
7574
7592
7596
7599
7611
7624
7626
7626
7632
7634
7636
7636
7640
7652
7652
7668
7678
7681
7684
7694
7697
7718
7720
7747
7752
7770
7804
7810
7817
7820
7829
7841
7849
7895
7909
7911
7917
7924
7938
7947
7958
7973
7978
7981
7983
7997
8017
8027
8034
8035
8039
8039
8043
8046
8065
8068
8071
8078
8082
8097
8119
8123
8124
8130
8140
8145
8157
8159
8180
8188
8232
8241
8251
8259
8262
8269
8284
8301
8303
8309
8309
8379
8382
8399
8412
8440
8454
8462
8482
8489
8526
8527
8533
8534
8542
8544
8545
8549
8551
8554
8555
8563
8564
8581
8584
8607
8619
8655
8660
8667
8668
8672
8685
8685
8687
8696
8709
8710
8726
8736
8740
8747
8763
8787
8794
8796
8796
8804
8809
8836
8840
8854
8855
8858
8871
8898
8907
8926
8952
8965
8972
8993
9012
9013
9022
9024
9040
9046
9048
9076
9079
9100
9102
9108
9127
9137
9137
9143
9143
9159
9160
9172
9176
9176
9208
9228
9239
9244
9264
9293
9305
9307
9310
9369
9378
9389
9392
9414
9420
9435
9439
9444
9467
9468
9470
9471
9476
9490
9496
9511
9512
9532
9541
9566
9604
9609
9616
9627
9657
9671
9671
9674
9687
9694
9716
9755
9771
9789
9795
9795
9797
9805
9815
9830
9854
9859
9862
9878
9879
9887
9899
9911
9913
9925
9946
9952
9967
9992
9999
9999
10039
10041
10046
10050
10063
10065
10089
10100
10105
10107
10129
10157
10164
10169
10170
10172
10175
10188
10190
10199
10257
10260
10262
10270
10275
10288
10307
10307
10307
10307
10338
10362
10370
10373
10390
10392
10399
10409
10410
10438
10438
10442
10450
10458
10474
10476
10478
10482
10506
10517
10540
10549
10557
10586
10594
10600
10602
10606
10618
10634
10636
10639
10652
10680
10681
10683
10715
10716
10743
10758
10763
10776
10781
10813
10814
10826
10833
10837
10848
10857
10879
10880
10888
10896
10897
10904
10912
10913
10921
10956
10966
10975
10991
10992
11005
11007
11009
11016
11018
11041
11045
11046
11055
11058
11067
11104
11107
11114
11134
11142
11142
11144
11149
11156
11158
11161
11196
11206
11219
11228
11259
11276
11310
11314
11325
11326
11326
11333
11340
11348
11383
11408
11428
11430
11459
11459
11460
11467
11475
11486
11491
11501
11508
11512
11517
11518
11523
11536
11546
11548
11558
11600
11666
11668
11669
11675
11687
11699
11699
11710
11724
11782
11784
11787
11793
11799
11801
11810
11811
11819
11822
11824
11830
11855
11856
11870
11881
11882
11907
11955
11969
11985
11992
12017
12017
12042
12055
12090
12094
12095
12117
12130
12142
12148
12164
12169
12189
12203
12204
12211
12218
12220
12224
12227
12247
12255
12276
12320
12329
12336
12341
12356
12359
12371
12379
12386
12428
12462
12465
12466
12466
12480
12492
12507
12508
12555
12561
12572
12579
12581
12595
12601
12609
12614
12625
12628
12640
12657
12677
12679
12691
12697
12700
12709
12724
12734
12736
12773
12830
12836
12849
12865
12880
12888
12892
12908
12911
12920
12942
12957
12980
12983
12985
12991
13008
13011
13072
13085
13091
13098
13111
13120
13132
13141
13144
13171
13173
13182
13193
13196
13204
13205
13206
13233
13238
13250
13252
13295
13296
13296
13307
13313
13330
13335
13362
13363
13369
13371
13379
13380
13385
13402
13409
13412
13416
13446
13447
13454
13455
13457
13477
13483
13484
13486
13488
13491
13519
13532
13540
13542
13561
13561
13563
13580
13591
13595
13599
13605
13616
13620
13653
13671
13688
13700
13715
13722
13738
13742
13744
13745
13747
13748
13755
13757
13788
13791
13800
13811
13821
13826
13835
13847
13865
13874
13877
13882
13894
13909
13910
13928
13951
13952
13952
13975
13978
13987
14000
14011
14016
14028
14037
14043
14046
14070
14070
14102
14103
14106
14153
14154
14155
14161
14163
14166
14167
14173
14174
14238
14239
14248
14248
14260
14265
14267
14270
14272
14273
14276
14292
14293
14301
14310
14316
14328
14361
14373
14401
14403
14413
14432
14442
14445
14451
14466
14467
14481
14488
14499
14500
14527
14564
14590
14591
14595
14600
14623
14630
14634
14640
14642
14652
14655
14671
14685
14706
14710
14717
14725
14732
14745
14745
14746
14752
14756
14759
14763
14782
14806
14812
14820
14837
14870
14870
14875
14879
14885
14893
14912
14930
14952
14957
14960
14966
14968
14977
14981
14986
14987
14997
15007
15021
15023
15028
15042
15061
15075
15083
15086
15091
15100
15115
15137
15149
15154
15154
15169
15173
15191
15193
15194
15208
15225
15236
15247
15289
15291
15311
15319
15340
15350
15352
15354
15355
15355
15356
15364
15373
15415
15418
15431
15461
15461
15463
15465
15504
15515
15530
15538
15540
15551
15558
15562
15582
15608
15640
15651
15655
15663
15682
15688
15690
15693
15712
15730
15734
15760
15776
15778
15783
15803
15810
15813
15821
15829
15833
15833
15844
15847
15850
15854
15867
15886
15893
15901
15912
15928
15937
15948
15950
15956
15958
15959
15968
15993
16003
16008
16018
16053
16058
16065
16070
16086
16089
16107
16116
16119
16128
16143
16143
16153
16160
16165
16173
16178
16185
16190
16193
16201
16206
16222
16222
16228
16239
16253
16296
16297
16331
16337
16346
16358
16373
16382
16400
16405
16410
16434
16449
16455
16461
16467
16468
16469
16477
16479
16490
16505
16506
16517
16521
16534
16539
16551
16555
16559
16562
16563
16564
16582
16582
16589
16591
16598
16622
16628
16629
16646
16647
16655
16656
16662
16683
16694
16696
16698
16699
16708
16715
16728
16734
16751
16751
16764
16772
16782
16787
16791
16806
16812
16813
16824
16827
16833
16834
16847
16847
16858
16900
16903
16927
16930
16930
16936
16939
16945
16966
16984
17011
17036
17065
17094
17096
17100
17104
17135
17144
17145
17152
17160
17197
17239
17257
17277
17302
17307
17308
17324
17324
17379
17382
17386
17390
17391
17396
17404
17448
17454
17467
17469
17482
17497
17508
17518
17556
17568
17575
17581
17595
17605
17649
17656
17659
17664
17677
17679
17705
17708
17712
17720
17738
17747
17753
17766
17767
17780
17792
17796
17810
17811
17825
17832
17887
17889
17902
17907
17908
17917
17920
17923
17937
17946
17947
17947
17951
17959
17968
17970
17974
17987
17988
17994
17997
17999
18001
18014
18014
18037
18039
18048
18063
18068
18069
18092
18115
18120
18120
18120
18127
18128
18144
18163
18188
18189
18197
18209
18214
18239
18247
18248
18257
18270
18271
18286
18286
18295
18303
18309
18310
18311
18319
18319
18320
18321
18328
18333
18339
18379
18381
18382
18384
18423
18428
18458
18506
18522
18523
18527
18532
18533
18569
18571
18600
18611
18636
18637
18639
18642
18658
18659
18667
18676
18680
18700
18706
18730
18735
18737
18755
18783
18786
18800
18806
18813
18816
18836
18838
18847
18855
18865
18870
18873
18873
18876
18883
18888
18890
18928
18929
18941
18943
18952
18955
19021
19022
19024
19026
19041
19045
19046
19053
19064
19078
19084
19103
19107
19108
19121
19129
19134
19156
19158
19162
19168
19173
19177
19180
19196
19199
19203
19210
19211
19221
19226
19235
19237
19239
19258
19262
19286
19313
19321
19329
19352
19369
19377
19396
19425
19435
19468
19477
19477
19498
19505
19509
19512
19562
19565
19572
19577
19582
19608
19611
19617
19625
19626
19638
19663
19666
19689
19692
19718
19719
19720
19722
19732
19732
19735
19763
19780
19799
19800
19820
19826
19832
19847
19850
19860
19870
19872
19886
19892
19900
19913
19925
19935
19938
19948
19955
19965
19974
19981
19992
20015
20017
20017
20029
20037
20046
20053
20054
20078
20080
20082
20084
20086
20086
20109
20118
20122
20166
20181
20187
20188
20190
20192
20194
20194
20200
20203
20208
20211
20211
20230
20241
20245
20257
20270
20283
20285
20290
20291
20308
20312
20316
20337
20344
20360
20366
20366
20420
20424
20425
20430
20431
20433
20434
20437
20439
20447
20451
20456
20462
20463
20470
20475
20475
20483
20486
20498
20502
20509
20517
20534
20556
20559
20559
20619
20622
20627
20634
20649
20667
20679
20685
20688
20697
20705
20721
20725
20725
20728
20728
20733
20733
20735
20742
20743
20744
20745
20749
20781
20787
20795
20820
20823
20829
20839
20860
20876
20890
20904
20930
20932
20935
20944
20950
20969
20973
20982
20993
20999
21010
21013
21033
21040
21059
21078
21082
21086
21092
21103
21128
21131
21154
21157
21162
21164
21167
21184
21206
21217
21220
21220
21229
21235
21242
21249
21250
21255
21265
21288
21291
21303
21304
21313
21322
21327
21341
21348
21349
21356
21356
21367
21380
21399
21399
21399
21401
21402
21431
21441
21484
21508
21517
21541
21559
21567
21574
21574
21591
21596
21625
21631
21637
21643
21644
21650
21658
21662
21664
21670
21687
21698
21701
21702
21709
21723
21734
21736
21757
21765
21766
21774
21811
21817
21826
21841
21848
21849
21851
21852
21862
21863
21876
21889
21896
21897
21917
21918
21919
21921
21946
21952
21964
21969
21982
21983
22010
22038
22058
22077
22079
22084
22086
22096
22099
22109
22117
22126
22152
22154
22167
22169
22175
22178
22190
22199
22199
22204
22210
22231
22264
22268
22272
22279
22282
22301
22309
22310
22311
22311
22318
22333
22337
22341
22352
22360
22368
22383
22387
22388
22394
22398
22423
22444
22458
22461
22534
22556
22560
22564
22573
22578
22584
22602
22604
22613
22632
22644
22648
22651
22661
22662
22666
22676
22689
22722
22745
22745
22757
22761
22779
22784
22792
22793
22823
22826
22839
22865
22881
22881
22899
22901
22901
22904
22913
22917
22925
22937
22943
22946
22952
22977
22979
22985
23001
23045
23051
23070
23070
23070
23073
23084
23089
23092
23101
23105
23108
23119
23122
23125
23141
23158
23166
23171
23175
23195
23199
23201
23208
23212
23214
23227
23240
23241
23258
23262
23262
23266
23267
23274
23277
23290
23295
23299
23324
23336
23337
23344
23354
23364
23376
23387
23416
23470
23500
23502
23519
23544
23555
23562
23579
23609
23613
23615
23631
23638
23683
23694
23694
23700
23700
23711
23734
23742
23743
23760
23762
23764
23781
23786
23787
23793
23811
23832
23832
23837
23848
23853
23855
23867
23874
23898
23907
23907
23927
23947
23959
23968
23981
23985
24000
24001
24037
24045
24049
24054
24076
24124
24161
24170
24171
24185
24186
24188
24201
24214
24218
24227
24227
24229
24231
24256
24266
24269
24270
24270
24279
24285
24286
24287
24291
24307
24339
24377
24378
24384
24385
24386
24387
24398
24406
24410
24434
24440
24461
24471
24494
24513
24550
24558
24569
24569
24571
24577
24578
24582
24599
24612
24636
24639
24642
24655
24661
24680
24688
24695
24700
24704
24710
24711
24725
24732
24759
24762
24765
24771
24776
24797
24808
24811
24812
24816
24819
24822
24822
24827
24841
24845
24847
24851
24853
24860
24868
24893
24898
24921
24921
24940
24941
24943
24963
24967
24970
24975
24982
24982
24984
24992
25008
25022
25028
25045
25062
25086
25087
25117
25125
25129
25138
25159
25177
25196
25207
25210
25214
25231
25232
25238
25269
25270
25295
25304
25304
25309
25313
25314
25317
25322
25327
25333
25334
25343
25344
25374
25376
25392
25409
25410
25427
25427
25427
25428
25432
25435
25473
25477
25482
25485
25487
25500
25509
25513
25517
25520
25523
25564
25566
25567
25580
25582
25582
25586
25588
25596
25601
25604
25605
25628
25630
25634
25636
25640
25641
25646
25650
25653
25654
25685
25696
25707
25719
25738
25748
25749
25766
25768
25777
25783
25800
25811
25816
25830
25831
25837
25846
25852
25852
25855
25880
25903
25917
25919
25930
25931
25951
25963
25972
25981
25993
26014
26027
26031
26032
26046
26054
26057
26072
26089
26101
26119
26155
26156
26169
26171
26176
26189
26191
26194
26202
26209
26219
26238
26241
26242
26257
26258
26268
26278
26306
26314
26315
26324
26324
26337
26348
26353
26361
26362
26367
26396
26410
26411
26416
26422
26428
26446
26448
26458
26486
26487
26488
26492
26504
26516
26518
26526
26527
26530
26547
26561
26602
26631
26632
26639
26639
26647
26653
26669
26686
26690
26700
26712
26721
26733
26741
26746
26764
26766
26767
26767
26779
26779
26781
26789
26793
26797
26801
26803
26806
26807
26821
26838
26844
26889
26892
26894
26900
26901
26924
26947
26947
26955
26968
26969
27006
27033
27036
27047
27061
27067
27074
27077
27082
27094
27098
27117
27119
27129
27137
27142
27147
27164
27165
27173
27192
27205
27210
27210
27211
27230
27247
27264
27265
27287
27289
27294
27295
27307
27317
27317
27331
27335
27340
27362
27364
27371
27379
27389
27396
27403
27409
27416
27427
27435
27435
27451
27457
27463
27472
27474
27485
27489
27490
27494
27495
27502
27515
27569
27597
27608
27614
27624
27626
27640
27642
27681
27682
27683
27696
27702
27710
27718
27726
27748
27760
27764
27785
27791
27819
27841
27853
27858
27880
27906
27908
27924
27927
27929
27931
27937
27950
28003
28009
28027
28028
28030
28038
28051
28080
28090
28090
28108
28117
28133
28168
28170
28174
28180
28208
28234
28234
28239
28246
28250
28251
28256
28278
28280
28288
28305
28312
28320
28337
28343
28349
28350
28367
28428
28457
28477
28484
28485
28502
28509
28533
28534
28554
28560
28573
28585
28599
28613
28617
28619
28636
28640
28659
28666
28682
28687
28690
28695
28697
28709
28710
28728
28740
28743
28750
28755
28765
28769
28782
28786
28805
28813
28817
28840
28865
28871
28877
28888
28895
28905
28912
28914
28914
28916
28941
28951
28957
28960
28962
28964
28966
28984
28995
29004
29006
29013
29016
29026
29034
29046
29055
29056
29073
29075
29097
29109
29116
29116
29124
29155
29158
29166
29178
29251
29256
29258
29258
29260
29271
29279
29280
29293
29297
29304
29345
29350
29351
29368
29374
29374
29383
29429
29446
29482
29493
29524
29528
29547
29565
29573
29579
29580
29597
29602
29620
29629
29634
29637
29640
29643
29647
29679
29685
29695
29723
29751
29754
29759
29759
29766
29775
29784
29788
29788
29797
29802
29821
29830
29830
29833
29852
29857
29876
29892
29897
29907
29912
29932
29947
29961
30009
30015
30015
30020
30024
30024
30028
30035
30049
30054
30067
30072
30119
30123
30133
30139
30139
30139
30141
30158
30170
30175
30176
30177
30202
30215
30225
30225
30231
30243
30275
30297
30309
30314
30370
30372
30373
30407
30419
30424
30433
30440
30457
30460
30471
30479
30480
30487
30497
30504
30518
30550
30568
30570
30595
30601
30609
30624
30631
30636
30652
30666
30668
30668
30669
30691
30709
30709
30725
30737
30738
30739
30745
30747
30749
30749
30767
30778
30781
30782
30835
30857
30866
30902
30914
30916
30927
30927
30933
30937
30950
30957
30960
30971
30978
30997
31017
31024
31044
31068
31071
31075
31101
31103
31109
31129
31132
31135
31136
31154
31157
31162
31172
31176
31180
31205
31207
31208
31226
31238
31239
31244
31254
31261
31267
31267
31278
31282
31301
31310
31312
31319
31321
31340
31341
31349
31361
31377
31381
31411
31412
31427
31430
31438
31441
31445
31456
31464
31481
31497
31503
31525
31525
31530
31536
31551
31552
31560
31569
31583
31621
31631
31653
31654
31658
31662
31664
31666
31696
31728
31752
31769
31775
31789
31792
31794
31795
31800
31809
31814
31837
31844
31853
31861
31861
31875
31884
31885
31898
31898
31906
31909
31912
31913
31924
31933
31955
31971
31984
31988
31997
32009
32010
32010
32024
32025
32040
32043
32057
32067
32073
32076
32106
32110
32126
32127
32129
32131
32142
32144
32148
32150
32152
32161
32161
32172
32173
32185
32196
32201
32205
32209
32220
32261
32283
32286
32295
32305
32323
32348
32355
32356
32361
32374
32380
32387
32388
32393
32407
32409
32457
32469
32479
32482
32489
32497
32513
32540
32540
32554
32554
32584
32589
32592
32592
32606
32624
32624
32627
32628
32636
32661
32677
32679
32688
32690
32691
32693
32696
32697
32700
32724
32767
32772
32796
32811
32817
32829
32829
32844
32870
32870
32910
32950
32967
32976
32976
32990
33012
33014
33027
33041
33051
33084
33086
33092
33095
33098
33117
33122
33125
33127
33133
33138
33143
33149
33156
33157
33160
33160
33163
33210
33220
33227
33242
33254
33268
33274
33287
33302
33320
33323
33324
33334
33336
33363
33363
33364
33378
33402
33424
33434
33439
33440
33449
33450
33485
33498
33508
33515
33531
33550
33561
33564
33565
33566
33587
33597
33609
33610
33632
33679
33685
33693
33694
33701
33704
33723
33724
33726
33727
33740
33759
33764
33783
33788
33805
33815
33817
33822
33823
33825
33830
33836
33838
33854
33871
33889
33893
33894
33905
33931
33963
33978
34007
34010
34029
34030
34047
34054
34078
34082
34082
34092
34095
34100
34105
34105
34114
34116
34124
34129
34155
34155
34165
34181
34198
34221
34226
34233
34241
34264
34277
34283
34283
34289
34294
34295
34297
34299
34335
34337
34353
34356
34357
34358
34381
34383
34398
34402
34411
34429
34447
34458
34469
34469
34471
34480
34482
34500
34513
34514
34516
34520
34545
34555
34563
34572
34580
34581
34595
34618
34635
34649
34651
34656
34656
34658
34665
34668
34671
34671
34678
34698
34699
34701
34723
34731
34736
34750
34799
34799
34803
34815
34831
34840
34844
34879
34879
34886
34889
34889
34892
34903
34930
34942
34958
34962
34974
34981
34982
34992
35013
35014
35036
35048
35080
35087
35094
35100
35115
35122
35127
35145
35146
35155
35156
35161
35166
35174
35194
35195
35200
35230
35236
35241
35246
35248
35258
35259
35275
35293
35296
35310
35318
35322
35341
35357
35358
35362
35363
35384
35395
35434
35437
35441
35444
35449
35449
35450
35470
35471
35513
35516
35531
35549
35551
35559
35577
35627
35636
35647
35650
35669
35679
35684
35688
35707
35708
35708
35722
35732
35744
35755
35763
35766
35790
35791
35793
35811
35822
35839
35844
35856
35861
35863
35865
35871
35872
35880
35883
35885
35894
35903
35906
35916
35935
35939
35945
35958
35958
35965
35971
35974
35980
35998
36001
36010
36010
36015
36033
36051
36066
36082
36085
36085
36102
36107
36125
36125
36141
36149
36157
36162
36163
36176
36183
36211
36213
36227
36261
36262
36277
36305
36311
36314
36316
36318
36339
36346
36358
36360
36360
36378
36391
36392
36394
36425
36428
36452
36459
36465
36468
36468
36495
36498
36501
36506
36506
36509
36531
36534
36563
36606
36612
36623
36630
36635
36641
36679
36684
36689
36710
36712
36716
36724
36747
36751
36759
36763
36772
36779
36815
36817
36846
36853
36871
36885
36885
36900
36904
36918
36933
36937
36941
36942
36962
36976
36985
36987
36999
37005
37024
37035
37062
37063
37063
37078
37106
37139
37142
37148
37191
37197
37199
37200
37216
37218
37225
37237
37250
37254
37268
37269
37287
37304
37315
37316
37323
37336
37336
37338
37339
37344
37352
37360
37366
37370
37376
37406
37410
37415
37429
37446
37463
37482
37483
37516
37523
37523
37528
37537
37539
37575
37576
37581
37589
37602
37606
37629
37643
37646
37647
37653
37668
37676
37683
37685
37691
37724
37735
37738
37780
37783
37789
37800
37808
37808
37815
37819
37830
37851
37862
37878
37889
37901
37901
37904
37914
37918
37924
37931
37943
37950
37953
37970
37974
37990
37999
38001
38028
38031
38031
38042
38049
38074
38077
38090
38092
38105
38115
38118
38127
38129
38130
38137
38140
38142
38153
38160
38166
38168
38187
38190
38192
38201
38208
38223
38232
38234
38239
38240
38243
38248
38249
38275
38284
38297
38338
38348
38374
38388
38391
38399
38405
38410
38410
38416
38453
38462
38463
38470
38474
38480
38482
38488
38497
38508
38521
38524
38546
38557
38559
38560
38563
38596
38610
38618
38628
38634
38641
38644
38646
38647
38654
38660
38690
38692
38704
38722
38731
38736
38740
38740
38741
38745
38757
38760
38774
38795
38815
38828
38840
38840
38859
38860
38878
38883
38892
38897
38923
38926
38938
38983
38985
38987
39010
39020
39026
39030
39033
39063
39065
39093
39106
39129
39155
39156
39171
39185
39210
39220
39256
39269
39286
39293
39306
39314
39337
39353
39354
39387
39400
39402
39408
39411
39414
39432
39457
39488
39488
39492
39499
39510
39528
39533
39538
39556
39572
39573
39579
39584
39584
39604
39605
39612
39628
39660
39664
39674
39675
39675
39684
39684
39685
39686
39687
39701
39702
39706
39722
39733
39743
39752
39754
39755
39761
39763
39763
39766
39773
39776
39791
39803
39805
39816
39817
39822
39842
39845
39847
39850
39853
39855
39869
39889
39893
39903
39915
39920
39922
39928
39940
39956
39979
39979
39996
39998
39998
40029
40033
40034
40041
40045
40046
40085
40095
40096
40104
40104
40118
40118
40138
40140
40145
40172
40215
40224
40242
40247
40260
40271
40277
40285
40290
40312
40314
40354
40380
40402
40404
40408
40416
40467
40475
40498
40499
40529
40551
40560
40570
40576
40580
40598
40607
40621
40657
40657
40658
40664
40674
40678
40714
40717
40719
40729
40735
40745
40748
40751
40764
40771
40783
40787
40795
40797
40828
40848
40849
40863
40898
40957
40968
40973
40991
41027
41028
41057
41067
41078
41079
41085
41104
41107
41109
41136
41142
41147
41156
41169
41182
41183
41195
41206
41217
41256
41256
41283
41290
41294
41302
41303
41313
41318
41326
41333
41335
41361
41362
41363
41405
41416
41431
41440
41441
41441
41445
41461
41461
41467
41489
41491
41500
41512
41540
41543
41544
41585
41604
41615
41631
41633
41634
41652
41652
41656
41675
41680
41693
41703
41709
41710
41716
41742
41745
41749
41762
41771
41774
41779
41783
41784
41801
41809
41822
41851
41870
41915
41924
41928
41930
41942
41953
41954
41966
41977
41980
42005
42011
42018
42019
42048
42063
42081
42085
42099
42126
42129
42133
42147
42187
42195
42197
42203
42207
42209
42224
42231
42233
42234
42247
42252
42256
42259
42266
42270
42276
42281
42285
42291
42315
42336
42346
42346
42384
42393
42396
42417
42453
42459
42470
42507
42511
42512
42516
42517
42520
42528
42531
42535
42537
42539
42553
42560
42560
42580
42580
42582
42600
42611
42643
42644
42656
42661
42666
42671
42677
42677
42688
42691
42719
42729
42735
42743
42757
42764
42773
42776
42801
42802
42804
42823
42826
42826
42842
42853
42854
42855
42868
42893
42900
42901
42918
42920
42937
42942
42942
42951
43012
43030
43033
43041
43043
43049
43059
43077
43088
43094
43126
43130
43133
43177
43182
43208
43215
43243
43273
43290
43299
43309
43311
43318
43328
43334
43335
43349
43349
43354
43358
43378
43385
43412
43421
43425
43433
43442
43453
43455
43463
43473
43473
43501
43506
43538
43538
43540
43552
43569
43584
43601
43636
43654
43656
43687
43699
43710
43745
43763
43773
43774
43793
43799
43806
43827
43840
43843
43843
43845
43853
43863
43872
43874
43906
43910
43929
43929
43938
43949
43966
43976
43990
44005
44015
44022
44024
44030
44044
44048
44065
44077
44078
44083
44093
44097
44098
44129
44131
44141
44153
44156
44160
44163
44185
44208
44212
44228
44240
44241
44243
44246
44256
44262
44264
44268
44277
44283
44287
44301
44307
44309
44309
44322
44357
44357
44375
44379
44381
44382
44387
44392
44393
44422
44437
44438
44458
44460
44467
44476
44477
44493
44514
44517
44518
44519
44521
44524
44525
44526
44529
44532
44552
44562
44597
44600
44610
44611
44614
44622
44623
44635
44638
44647
44665
44668
44724
44754
44756
44779
44816
44818
44850
44858
44863
44884
44894
44900
44919
44950
44991
45031
45043
45049
45053
45067
45070
45096
45121
45141
45164
45164
45188
45195
45197
45203
45215
45216
45222
45237
45249
45254
45258
45263
45264
45268
45275
45276
45287
45330
45339
45364
45384
45390
45397
45412
45420
45430
45431
45467
45472
45475
45487
45489
45491
45500
45508
45510
45521
45526
45528
45529
45548
45571
45587
45589
45599
45603
45604
45605
45623
45627
45633
45668
45671
45672
45688
45739
45740
45742
45744
45759
45761
45785
45808
45809
45811
45823
45838
45849
45851
45865
45871
45877
45900
45915
45938
45940
45954
45984
45986
45988
45993
45998
46002
46007
46007
46010
46015
46023
46030
46030
46039
46052
46061
46061
46061
46070
46083
46095
46095
46096
46115
46116
46119
46123
46127
46130
46136
46138
46143
46155
46160
46177
46178
46197
46208
46208
46215
46216
46220
46233
46236
46257
46260
46265
46266
46281
46298
46311
46324
46350
46357
46371
46378
46382
46392
46394
46409
46413
46415
46417
46432
46443
46447
46463
46483
46509
46518
46528
46536
46551
46556
46564
46565
46579
46585
46595
46606
46612
46631
46671
46685
46686
46694
46704
46711
46734
46750
46759
46764
46799
46809
46810
46816
46817
46826
46832
46845
46850
46870
46874
46874
46876
46891
46892
46903
46911
46916
46932
46937
46959
46971
46972
46974
46984
46997
47017
47025
47029
47033
47034
47049
47052
47058
47062
47071
47083
47106
47107
47123
47152
47162
47207
47240
47244
47266
47289
47296
47306
47320
47320
47326
47333
47338
47344
47347
47350
47365
47369
47391
47397
47459
47474
47476
47496
47506
47518
47526
47544
47552
47567
47576
47577
47598
47600
47601
47613
47617
47641
47648
47668
47698
47704
47727
47743
47760
47771
47779
47796
47803
47804
47830
47840
47845
47861
47881
47892
47893
47920
47937
47945
47950
47954
47964
47970
47985
47995
47997
48022
48033
48035
48039
48045
48066
48079
48084
48095
48112
48117
48127
48130
48142
48144
48198
48214
48222
48243
48251
48256
48265
48277
48281
48283
48291
48295
48301
48329
48343
48362
48371
48384
48399
48417
48426
48447
48453
48482
48491
48503
48506
48508
48509
48515
48517
48544
48548
48558
48566
48592
48615
48617
48618
48619
48622
48658
48658
48682
48687
48699
48699
48700
48700
48712
48713
48715
48737
48743
48747
48753
48765
48770
48775
48782
48794
48794
48802
48814
48817
48828
48829
48829
48845
48850
48856
48865
48879
48879
48890
48893
48909
48948
48963
48964
48970
48982
48988
48996
49002
49004
49006
49008
49013
49015
49015
49036
49049
49049
49049
49061
49070
49080
49081
49085
49090
49101
49104
49106
49130
49145
49169
49178
49178
49190
49209
49212
49217
49218
49222
49223
49225
49226
49239
49245
49275
49275
49290
49295
49296
49297
49302
49314
49332
49346
49349
49355
49375
49376
49387
49387
49395
49407
49409
49413
49419
49424
49425
49435
49440
49457
49465
49467
49481
49488
49495
49508
49511
49519
49560
49567
49568
49573
49573
49605
49622
49624
49645
49648
49677
49680
49697
49703
49714
49724
49754
49754
49775
49777
49781
49785
49785
49786
49794
49797
49798
49810
49812
49819
49825
49825
49838
49854
49869
49880
49892
49894
49910
49926
49927
49946
49954
49957
49971
49973
49991
49999
50017
50018
50026
50051
50054
50058
50066
50070
50078
50088
50094
50098
50098
50100
50126
50129
50144
50158
50184
50189
50212
50234
50236
50240
50244
50260
50270
50304
50312
50318
50356
50357
50373
50415
50464
50466
50466
50470
50480
50493
50506
50511
50522
50546
50566
50576
50585
50589
50594
50607
50614
50637
50649
50651
50667
50688
50711
50717
50719
50727
50729
50742
50746
50751
50753
50772
50779
50794
50799
50810
50811
50812
50818
50828
50838
50858
50860
50863
50865
50877
50902
50938
50938
50945
50946
50949
50954
50961
50966
51003
51005
51012
51014
51017
51022
51028
51029
51034
51047
51047
51083
51085
51090
51091
51100
51104
51111
51113
51121
51145
51158
51161
51162
51170
51182
51192
51193
51202
51204
51206
51247
51265
51285
51292
51296
51298
51305
51314
51316
51317
51320
51324
51326
51326
51330
51337
51352
51352
51354
51354
51359
51367
51381
51392
51392
51403
51412
51422
51437
51447
51449
51476
51484
51502
51513
51529
51544
51548
51549
51554
51557
51558
51559
51559
51565
51580
51580
51581
51583
51602
51606
51619
51629
51636
51642
51646
51656
51656
51662
51667
51669
51688
51693
51694
51695
51708
51717
51723
51724
51743
51759
51766
51786
51797
51840
51842
51845
51846
51853
51876
51883
51893
51921
51927
51934
51942
51955
51957
51970
51978
52001
52007
52007
52013
52020
52031
52031
52034
52036
52037
52042
52074
52081
52088
52112
52116
52126
52134
52142
52143
52154
52164
52168
52170
52175
52184
52188
52200
52202
52208
52262
52291
52306
52344
52350
52370
52377
52432
52433
52456
52477
52489
52491
52529
52559
52570
52578
52582
52582
52589
52600
52605
52629
52629
52635
52650
52653
52661
52690
52696
52736
52744
52747
52748
52790
52798
52806
52819
52835
52856
52894
52897
52901
52904
52905
52914
52919
52934
52949
52950
52951
52952
52952
52956
52957
52963
52970
52970
53001
53003
53005
53007
53010
53025
53027
53028
53034
53039
53083
53084
53085
53093
53113
53124
53143
53145
53149
53150
53150
53152
53155
53166
53166
53177
53184
53219
53231
53240
53279
53279
53290
53294
53300
53302
53302
53304
53334
53363
53368
53376
53377
53386
53407
53432
53438
53440
53440
53465
53483
53485
53488
53495
53508
53543
53545
53548
53553
53562
53570
53572
53587
53595
53600
53606
53624
53629
53670
53689
53694
53715
53728
53734
53752
53761
53779
53781
53788
53790
53872
53876
53898
53905
53918
53927
53940
53950
53972
53988
53991
53994
54001
54010
54012
54012
54021
54024
54028
54040
54048
54062
54065
54082
54100
54109
54115
54116
54127
54129
54143
54160
54178
54183
54184
54193
54193
54208
54217
54229
54239
54252
54260
54272
54276
54290
54293
54295
54303
54307
54351
54359
54359
54367
54370
54374
54384
54389
54391
54392
54412
54418
54421
54421
54427
54433
54439
54440
54443
54444
54458
54468
54472
54513
54539
54549
54557
54559
54568
54575
54651
54652
54653
54664
54671
54675
54676
54687
54708
54712
54722
54723
54730
54745
54753
54755
54756
54760
54761
54764
54768
54772
54781
54800
54810
54822
54832
54832
54834
54839
54852
54853
54856
54867
54878
54880
54901
54921
54922
54936
54961
54964
54984
54991
54995
55016
55019
55031
55032
55043
55049
55057
55058
55059
55086
55087
55114
55119
55127
55132
55142
55160
55168
55175
55183
55183
55190
55202
55204
55211
55220
55225
55231
55234
55246
55255
55258
55260
55266
55275
55276
55285
55293
55296
55307
55329
55335
55346
55364
55382
55397
55415
55429
55432
55433
55455
55460
55465
55466
55471
55471
55472
55483
55489
55499
55505
55513
55519
55521
55522
55534
55544
55551
55561
55568
55572
55581
55598
55617
55617
55652
55656
55664
55677
55683
55688
55688
55695
55702
55708
55714
55720
55730
55739
55740
55740
55744
55755
55764
55773
55803
55805
55815
55829
55869
55872
55877
55892
55901
55906
55909
55931
55937
55976
55982
55992
55997
55997
56012
56014
56016
56024
56066
56078
56080
56089
56101
56108
56116
56131
56143
56150
56160
56192
56212
56216
56239
56244
56245
56246
56257
56258
56264
56288
56308
56308
56330
56336
56344
56365
56370
56389
56400
56417
56429
56445
56447
56451
56453
56458
56462
56473
56476
56477
56489
56491
56495
56498
56502
56502
56512
56513
56517
56527
56528
56539
56548
56558
56559
56566
56568
56574
56586
56586
56591
56596
56598
56611
56616
56651
56668
56694
56696
56701
56718
56720
56743
56750
56755
56769
56772
56774
56778
56781
56789
56802
56823
56825
56832
56861
56869
56870
56912
56927
56928
56942
56942
56943
56947
56955
56983
57001
57006
57009
57020
57024
57040
57046
57058
57075
57093
57094
57095
57109
57117
57140
57143
57155
57157
57162
57180
57183
57184
57187
57203
57207
57209
57210
57210
57210
57223
57232
57239
57257
57282
57295
57302
57319
57335
57343
57344
57347
57353
57357
57360
57371
57386
57415
57435
57436
57439
57447
57450
57474
57502
57504
57509
57516
57527
57557
57569
57590
57596
57627
57635
57663
57668
57668
57682
57688
57691
57711
57723
57723
57723
57724
57733
57760
57767
57770
57800
57800
57811
57819
57838
57845
57878
57890
57893
57898
57898
57945
57948
57968
57988
58001
58012
58033
58042
58056
58057
58079
58101
58101
58112
58130
58135
58136
58149
58150
58159
58164
58182
58186
58198
58205
58228
58231
58281
58286
58296
58299
58336
58342
58361
58373
58376
58377
58387
58388
58388
58431
58435
58438
58440
58487
58492
58502
58502
58507
58510
58515
58518
58522
58525
58527
58527
58529
58529
58530
58532
58555
58560
58565
58575
58579
58603
58639
58640
58641
58643
58652
58672
58680
58688
58692
58695
58697
58707
58717
58728
58732
58748
58781
58794
58810
58823
58825
58838
58857
58864
58870
58887
58918
58925
59011
59028
59030
59041
59054
59058
59077
59079
59090
59105
59110
59113
59114
59115
59122
59125
59129
59137
59141
59147
59149
59157
59157
59160
59164
59171
59201
59208
59216
59217
59229
59231
59237
59241
59269
59277
59291
59300
59313
59315
59355
59360
59369
59371
59394
59410
59417
59437
59476
59480
59493
59497
59511
59512
59515
59526
59534
59536
59537
59544
59549
59562
59580
59582
59583
59585
59593
59595
59602
59608
59615
59665
59671
59684
59684
59703
59712
59721
59737
59740
59755
59768
59779
59782
59784
59786
59787
59788
59790
59795
59815
59819
59842
59844
59850
59855
59864
59900
59906
59920
59922
59930
59949
59968
59979
60001
60005
60005
60013
60017
60038
60054
60060
60064
60082
60107
60113
60119
60120
60122
60127
60127
60140
60143
60159
60170
60181
60194
60211
60235
60241
60242
60246
60273
60275
60286
60314
60315
60319
60325
60337
60337
60349
60353
60360
60367
60389
60393
60398
60406
60412
60425
60443
60445
60454
60458
60459
60463
60464
60466
60467
60537
60541
60545
60591
60604
60609
60624
60628
60644
60653
60677
60684
60715
60718
60731
60737
60739
60752
60763
60763
60772
60784
60788
60793
60804
60808
60810
60816
60818
60826
60902
60912
60915
60915
60930
60943
60943
60946
60947
60949
60951
60956
60967
60970
61026
61035
61035
61068
61069
61069
61083
61092
61094
61095
61110
61118
61120
61126
61142
61160
61164
61185
61186
61187
61215
61250
61253
61260
61263
61272
61288
61301
61310
61312
61313
61315
61316
61321
61334
61335
61339
61344
61345
61366
61375
61380
61396
61397
61408
61410
61423
61431
61437
61457
61479
61489
61494
61504
61506
61532
61544
61560
61572
61584
61586
61600
61601
61614
61626
61642
61652
61661
61662
61672
61673
61676
61681
61682
61683
61717
61725
61743
61755
61762
61771
61777
61794
61799
61803
61806
61836
61848
61857
61873
61882
61897
61897
61909
61912
61917
61931
61933
61933
61951
61958
61961
61970
61980
61985
61985
61999
62002
62028
62041
62050
62068
62074
62077
62079
62111
62149
62156
62156
62162
62167
62177
62182
62186
62197
62198
62237
62249
62251
62261
62275
62277
62304
62323
62351
62357
62357
62363
62371
62372
62377
62410
62427
62447
62454
62456
62461
62462
62475
62497
62506
62519
62534
62542
62581
62591
62594
62594
62598
62609
62615
62615
62615
62626
62627
62650
62655
62710
62713
62714
62717
62728
62748
62772
62777
62779
62794
62796
62820
62827
62841
62854
62857
62858
62873
62874
62877
62898
62898
62904
62909
62920
62922
62923
62923
62951
62952
62955
62962
62965
62984
62992
63003
63009
63014
63018
63033
63034
63051
63067
63105
63113
63116
63120
63125
63143
63156
63157
63162
63167
63170
63182
63186
63197
63202
63208
63213
63217
63259
63278
63294
63295
63310
63329
63334
63345
63348
63366
63376
63385
63391
63397
63403
63406
63414
63415
63421
63431
63439
63452
63466
63481
63502
63510
63516
63520
63534
63537
63558
63567
63573
63618
63624
63634
63635
63635
63647
63648
63649
63662
63669
63670
63671
63672
63677
63679
63698
63710
63723
63725
63728
63764
63777
63779
63789
63796
63804
63808
63831
63836
63869
63872
63895
63905
63906
63910
63922
63925
63936
63960
63962
63962
63968
63971
63973
63976
63980
64008
64012
64044
64060
64069
64074
64088
64107
64125
64149
64151
64156
64157
64159
64160
64182
64184
64193
64197
64232
64238
64241
64245
64264
64266
64288
64290
64295
64309
64324
64336
64345
64351
64363
64382
64386
64402
64412
64424
64427
64435
64454
64468
64475
64489
64499
64512
64530
64533
64534
64541
64542
64544
64547
64551
64553
64553
64563
64569
64574
64599
64600
64601
64618
64621
64637
64639
64646
64688
64690
64702
64702
64709
64715
64719
64730
64774
64794
64833
64849
64868
64875
64876
64907
64909
64916
64917
64920
64935
64943
64947
64962
64965
64976
64994
64995
64998
65015
65023
65024
65024
65038
65039
65041
65041
65046
65076
65087
65095
65101
65111
65115
65127
65147
65152
65163
65166
65174
65178
65184
65185
65187
65216
65232
65237
65278
65306
65316
65319
65335
65353
65369
65379
65382
65396
65413
65421
65421
65439
65451
65455
65457
65460
65488
65492
65501
65505
65506
65512
65519
65522
65527
65530
65534
65545
65549
65559
65594
65607
65627
65662
65684
65693
65703
65705
65712
65714
65714
65735
65738
65758
65764
65765
65773
65777
65777
65792
65795
65797
65798
65804
65806
65806
65807
65809
65814
65821
65842
65866
65867
65898
65898
65900
65902
65917
65966
65983
65994
66007
66012
66026
66029
66042
66045
66052
66057
66058
66074
66081
66085
66102
66111
66114
66116
66129
66136
66139
66142
66156
66158
66175
66186
66188
66227
66241
66257
66260
66277
66291
66309
66316
66317
66322
66328
66336
66338
66340
66345
66373
66392
66396
66396
66408
66411
66432
66441
66478
66490
66491
66523
66527
66539
66548
66552
66569
66582
66584
66594
66612
66628
66640
66643
66647
66652
66663
66666
66684
66712
66732
66763
66766
66767
66777
66779
66793
66793
66794
66804
66810
66810
66839
66839
66841
66846
66851
66883
66886
66896
66905
66906
66909
66912
66923
66923
66927
66941
66948
67019
67019
67020
67022
67043
67051
67058
67063
67065
67094
67107
67113
67116
67130
67148
67154
67159
67169
67170
67172
67222
67229
67246
67247
67263
67270
67273
67274
67276
67304
67305
67306
67306
67318
67320
67326
67334
67357
67360
67414
67419
67420
67432
67434
67438
67449
67483
67500
67510
67513
67523
67543
67547
67567
67570
67571
67578
67587
67613
67628
67629
67636
67648
67661
67668
67679
67697
67724
67731
67735
67744
67749
67750
67751
67756
67758
67760
67769
67772
67793
67808
67829
67832
67848
67863
67867
67872
67877
67896
67918
67929
67960
67967
67967
67972
67978
67981
67989
68024
68025
68033
68033
68035
68040
68067
68071
68075
68076
68090
68092
68097
68102
68105
68106
68112
68130
68155
68160
68163
68166
68167
68177
68179
68189
68200
68228
68230
68233
68246
68249
68283
68288
68301
68304
68312
68339
68346
68358
68376
68381
68397
68399
68404
68408
68410
68420
68423
68429
68435
68450
68458
68458
68474
68489
68515
68547
68556
68563
68565
68565
68565
68579
68579
68588
68631
68635
68642
68650
68666
68666
68675
68678
68679
68682
68688
68689
68711
68719
68775
68779
68789
68795
68797
68803
68806
68813
68818
68821
68822
68825
68849
68866
68878
68882
68886
68889
68917
68919
68920
68921
68921
68929
68933
68941
68943
68945
68957
68958
68965
68996
69035
69037
69051
69059
69061
69070
69072
69087
69096
69100
69134
69136
69149
69152
69155
69178
69180
69182
69185
69187
69208
69214
69217
69222
69239
69242
69251
69258
69263
69266
69309
69310
69311
69324
69348
69373
69375
69380
69380
69395
69406
69406
69428
69432
69437
69447
69467
69471
69489
69491
69499
69522
69547
69551
69558
69572
69585
69604
69616
69654
69658
69694
69700
69704
69709
69709
69713
69720
69730
69789
69790
69792
69827
69840
69847
69859
69866
69871
69888
69889
69898
69910
69917
69923
69945
69956
69956
69960
69981
69991
69994
69995
70000
70017
70018
70021
70032
70042
70051
70054
70059
70078
70106
70119
70124
70124
70181
70182
70182
70205
70207
70218
70222
70236
70242
70245
70264
70282
70305
70312
70313
70338
70349
70357
70361
70380
70380
70381
70381
70392
70404
70406
70420
70443
70444
70444
70456
70460
70460
70465
70466
70475
70476
70484
70489
70498
70499
70520
70544
70557
70579
70580
70581
70589
70592
70610
70642
70647
70653
70653
70655
70663
70675
70677
70680
70688
70690
70691
70692
70718
70725
70727
70728
70730
70751
70753
70756
70762
70762
70769
70783
70788
70791
70797
70807
70830
70831
70843
70843
70852
70868
70877
70880
70896
70898
70908
70921
70939
70940
70944
70953
70966
70967
70977
71038
71054
71078
71086
71103
71104
71106
71108
71110
71118
71119
71133
71155
71161
71164
71167
71168
71169
71181
71218
71232
71235
71286
71297
71308
71312
71346
71369
71376
71388
71388
71408
71421
71435
71435
71446
71454
71456
71461
71475
71480
71480
71483
71484
71491
71516
71530
71534
71538
71553
71553
71562
71567
71577
71578
71587
71591
71602
71609
71612
71616
71618
71628
71657
71660
71661
71666
71675
71675
71686
71695
71722
71733
71735
71743
71746
71761
71770
71795
71800
71819
71846
71887
71899
71902
71929
71930
71934
71937
71938
71945
71946
71947
71947
71947
71972
71975
71979
71984
71987
72022
72026
72050
72093
72095
72097
72109
72112
72115
72123
72128
72142
72142
72155
72197
72218
72221
72238
72241
72246
72259
72261
72274
72275
72287
72291
72292
72298
72299
72320
72324
72329
72336
72339
72340
72352
72361
72371
72390
72392
72419
72425
72440
72441
72450
72469
72489
72489
72511
72512
72525
72543
72546
72551
72571
72571
72575
72605
72618
72620
72623
72634
72643
72658
72669
72710
72735
72736
72737
72740
72740
72746
72748
72771
72777
72778
72785
72798
72804
72808
72813
72830
72835
72845
72863
72885
72896
72897
72913
72926
72931
72948
72955
72965
72970
72986
72988
72989
73005
73010
73016
73047
73048
73061
73111
73138
73142
73144
73144
73147
73163
73166
73174
73177
73179
73180
73183
73195
73209
73220
73221
73248
73269
73272
73278
73297
73299
73320
73326
73331
73367
73374
73382
73386
73396
73402
73405
73425
73430
73430
73441
73447
73468
73479
73481
73530
73563
73578
73585
73616
73617
73624
73625
73625
73642
73654
73663
73668
73674
73681
73681
73693
73701
73718
73728
73740
73754
73773
73784
73795
73804
73836
73849
73851
73851
73859
73872
73875
73882
73893
73896
73907
73914
73921
73929
73931
73940
73975
73975
73979
73983
73986
74000
74001
74001
74029
74033
74037
74039
74039
74061
74072
74089
74094
74102
74114
74117
74121
74133
74147
74150
74151
74157
74165
74169
74179
74236
74245
74254
74256
74288
74303
74319
74322
74322
74329
74331
74333
74357
74360
74363
74372
74395
74400
74402
74404
74418
74419
74422
74436
74440
74444
74445
74456
74456
74462
74464
74469
74483
74501
74564
74572
74587
74597
74610
74614
74636
74643
74651
74682
74684
74687
74702
74703
74706
74744
74748
74756
74801
74807
74820
74820
74825
74841
74842
74845
74848
74858
74861
74871
74891
74893
74900
74920
74929
74935
74938
74944
74951
74957
74958
74987
74998
74999
75020
75043
75056
75078
75087
75094
75097
75108
75112
75115
75118
75123
75130
75155
75222
75234
75241
75242
75255
75261
75262
75267
75269
75279
75279
75285
75292
75293
75295
75305
75307
75327
75328
75330
75342
75353
75361
75364
75369
75372
75372
75398
75412
75450
75453
75454
75471
75496
75502
75513
75515
75528
75529
75531
75534
75558
75585
75588
75605
75610
75631
75656
75663
75666
75670
75689
75696
75698
75700
75702
75711
75718
75725
75775
75796
75828
75835
75839
75876
75884
75897
75929
75940
75942
75956
75971
76002
76003
76006
76007
76021
76049
76051
76066
76075
76077
76079
76081
76089
76108
76113
76119
76124
76131
76137
76142
76166
76178
76188
76192
76193
76196
76223
76245
76269
76279
76281
76281
76303
76318
76321
76335
76343
76369
76393
76402
76409
76416
76416
76424
76425
76428
76438
76447
76478
76485
76505
76520
76526
76542
76543
76551
76562
76563
76587
76592
76603
76609
76621
76630
76643
76648
76661
76668
76673
76684
76688
76708
76715
76719
76724
76747
76760
76821
76821
76824
76830
76832
76860
76861
76868
76897
76907
76926
76936
76952
76964
76969
76975
77015
77023
77031
77057
77061
77065
77081
77087
77107
77119
77119
77140
77144
77146
77146
77160
77179
77190
77191
77193
77196
77197
77197
77205
77234
77239
77241
77244
77246
77258
77266
77268
77289
77294
77295
77295
77296
77299
77322
77324
77325
77326
77339
77343
77351
77353
77355
77360
77361
77368
77383
77386
77405
77408
77435
77439
77444
77447
77449
77461
77463
77468
77470
77496
77499
77521
77534
77543
77574
77577
77590
77598
77614
77619
77623
77636
77660
77680
77687
77689
77690
77697
77702
77702
77717
77718
77719
77723
77738
77738
77743
77749
77776
77776
77804
77811
77832
77835
77841
77847
77851
77852
77852
77860
77872
77876
77878
77881
77886
77900
77914
77925
77926
77926
77953
77957
77983
77984
78007
78012
78020
78035
78036
78036
78063
78070
78079
78112
78112
78129
78156
78160
78170
78182
78199
78216
78261
78264
78278
78295
78303
78312
78313
78326
78344
78346
78378
78380
78386
78389
78390
78397
78403
78405
78416
78416
78421
78461
78466
78468
78493
78502
78503
78510
78515
78521
78538
78546
78546
78548
78568
78590
78593
78617
78629
78656
78667
78681
78687
78692
78704
78710
78713
78773
78778
78796
78798
78802
78809
78812
78826
78838
78846
78847
78850
78857
78861
78864
78870
78897
78897
78901
78908
78928
78936
78963
78983
78993
79002
79005
79007
79029
79055
79060
79072
79086
79090
79097
79138
79163
79165
79168
79174
79208
79212
79216
79236
79250
79279
79280
79292
79294
79329
79348
79353
79371
79386
79389
79390
79396
79399
79415
79417
79474
79476
79493
79500
79506
79511
79513
79514
79529
79540
79559
79589
79596
79597
79616
79633
79639
79640
79684
79701
79738
79738
79750
79762
79767
79773
79778
79782
79791
79809
79818
79825
79842
79853
79863
79879
79903
79907
79912
79913
79918
79930
79934
79939
79943
79947
79949
79950
79956
79978
80000
80004
80005
80010
80019
80019
80041
80049
80066
80067
80070
80076
80077
80097
80124
80133
80157
80163
80165
80171
80207
80215
80240
80243
80247
80250
80285
80303
80308
80309
80327
80343
80357
80358
80359
80359
80359
80377
80383
80385
80406
80410
80427
80434
80441
80447
80447
80453
80458
80479
80484
80489
80501
80528
80537
80539
80547
80555
80566
80574
80574
80575
80584
80588
80595
80629
80630
80634
80647
80660
80668
80669
80690
80693
80697
80711
80739
80759
80768
80800
80807
80813
80815
80818
80832
80849
80852
80876
80889
80907
80909
80920
80922
80933
80966
80974
80978
80991
81026
81037
81038
81041
81049
81050
81060
81069
81070
81087
81087
81114
81131
81132
81134
81142
81152
81160
81205
81212
81216
81219
81236
81247
81258
81259
81262
81263
81270
81271
81271
81278
81286
81293
81307
81312
81337
81347
81352
81370
81375
81384
81403
81411
81413
81436
81441
81446
81448
81458
81465
81469
81477
81478
81503
81505
81561
81570
81580
81586
81613
81636
81649
81667
81691
81697
81703
81704
81718
81719
81721
81722
81724
81726
81729
81730
81751
81761
81763
81771
81798
81818
81829
81839
81844
81854
81863
81867
81868
81892
81893
81905
81914
81928
81933
81940
81944
81952
81954
81958
81964
81977
81982
81992
82022
82027
82098
82114
82122
82129
82129
82140
82145
82149
82150
82157
82158
82161
82164
82170
82171
82195
82195
82203
82226
82248
82256
82276
82284
82292
82309
82324
82344
82357
82363
82368
82391
82403
82424
82431
82435
82441
82450
82479
82481
82483
82498
82506
82512
82531
82547
82566
82582
82587
82591
82609
82615
82630
82635
82649
82666
82674
82681
82694
82700
82742
82743
82746
82755
82759
82761
82763
82767
82768
82772
82780
82785
82786
82797
82809
82810
82818
82820
82827
82851
82855
82876
82905
82907
82912
82931
82937
82940
82969
82975
82977
82995
83002
83015
83020
83039
83051
83066
83084
83089
83096
83100
83101
83104
83111
83112
83119
83123
83123
83125
83127
83136
83141
83150
83163
83169
83170
83177
83186
83195
83201
83202
83215
83223
83232
83234
83237
83238
83246
83257
83279
83318
83339
83352
83374
83383
83384
83393
83432
83452
83458
83469
83487
83489
83497
83506
83511
83514
83525
83527
83530
83538
83542
83546
83572
83573
83577
83579
83583
83583
83587
83600
83602
83604
83605
83607
83609
83610
83625
83625
83631
83632
83644
83654
83654
83657
83680
83683
83690
83694
83698
83701
83738
83744
83746
83779
83781
83797
83797
83800
83801
83840
83844
83859
83860
83865
83870
83876
83878
83879
83885
83885
83887
83887
83914
83918
83920
83948
83960
83960
83961
83961
83969
83984
83985
83989
83992
84008
84011
84023
84023
84026
84028
84037
84048
84051
84056
84058
84066
84069
84071
84072
84074
84090
84093
84100
84114
84123
84125
84126
84131
84131
84137
84141
84163
84169
84183
84183
84185
84201
84233
84239
84256
84278
84293
84297
84301
84307
84309
84325
84327
84328
84376
84385
84386
84397
84408
84408
84409
84410
84415
84421
84424
84426
84438
84449
84450
84452
84459
84460
84471
84480
84492
84509
84538
84547
84549
84572
84573
84579
84595
84601
84602
84605
84605
84615
84617
84624
84626
84630
84643
84650
84677
84685
84699
84699
84718
84722
84726
84742
84746
84750
84770
84792
84810
84813
84840
84841
84854
84859
84880
84880
84883
84889
84899
84904
84905
84944
84963
84963
84973
84983
85001
85007
85015
85017
85018
85021
85022
85026
85030
85038
85042
85052
85056
85063
85069
85071
85072
85078
85095
85130
85138
85140
85169
85177
85178
85180
85194
85250
85252
85260
85282
85299
85302
85340
85341
85342
85344
85346
85369
85384
85395
85406
85422
85436
85470
85477
85479
85481
85490
85518
85519
85521
85526
85527
85538
85542
85565
85567
85569
85577
85577
85585
85605
85606
85613
85617
85624
85633
85638
85640
85643
85651
85651
85652
85660
85675
85678
85680
85691
85699
85703
85705
85712
85727
85739
85746
85761
85764
85776
85791
85808
85815
85818
85820
85829
85849
85854
85854
85879
85884
85884
85910
85914
85928
85953
85976
85978
85992
86013
86015
86028
86033
86034
86035
86037
86039
86043
86054
86062
86068
86138
86140
86167
86174
86174
86178
86185
86188
86227
86249
86273
86281
86285
86303
86310
86313
86315
86316
86316
86369
86375
86398
86403
86416
86420
86449
86467
86485
86506
86514
86515
86556
86556
86574
86594
86607
86611
86619
86627
86662
86672
86674
86686
86691
86703
86707
86717
86727
86739
86743
86762
86764
86771
86786
86790
86797
86806
86811
86814
86818
86827
86831
86862
86863
86864
86871
86890
86894
86899
86913
86931
86972
86983
86985
86986
87001
87001
87011
87033
87036
87041
87059
87059
87075
87083
87093
87100
87162
87172
87172
87180
87196
87202
87203
87210
87212
87213
87216
87220
87233
87235
87253
87262
87264
87267
87280
87297
87298
87317
87320
87333
87343
87346
87351
87358
87368
87392
87396
87397
87403
87417
87418
87422
87430
87438
87461
87479
87487
87498
87504
87512
87518
87521
87533
87537
87539
87542
87546
87585
87590
87618
87630
87632
87648
87651
87654
87657
87679
87684
87690
87708
87712
87712
87713
87728
87737
87756
87758
87772
87779
87792
87804
87808
87811
87816
87816
87821
87829
87835
87838
87838
87853
87860
87869
87876
87877
87880
87881
87914
87920
87927
87960
87964
87969
87972
87977
87979
87987
87990
88007
88033
88033
88043
88044
88063
88064
88069
88080
88083
88094
88100
88104
88107
88121
88132
88137
88168
88172
88181
88201
88207
88209
88218
88224
88225
88227
88248
88254
88264
88268
88279
88292
88311
88320
88327
88330
88334
88352
88357
88360
88369
88373
88374
88415
88419
88420
88425
88463
88475
88478
88479
88489
88491
88499
88500
88506
88512
88516
88523
88529
88530
88535
88557
88564
88604
88607
88613
88631
88632
88640
88642
88655
88665
88666
88668
88703
88709
88719
88728
88734
88738
88748
88752
88753
88763
88765
88788
88811
88812
88820
88827
88828
88831
88842
88842
88846
88884
88918
88921
88935
88946
88951
88968
88972
88975
88978
88992
88993
88997
88998
89001
89006
89007
89022
89030
89041
89047
89065
89067
89071
89071
89090
89095
89109
89115
89136
89152
89160
89165
89170
89181
89197
89211
89228
89229
89242
89254
89264
89274
89346
89370
89382
89417
89419
89436
89442
89443
89461
89472
89473
89481
89484
89487
89494
89544
89565
89569
89577
89586
89604
89607
89614
89627
89653
89664
89671
89678
89696
89713
89727
89743
89762
89767
89797
89805
89807
89809
89811
89816
89821
89833
89833
89834
89846
89848
89857
89868
89887
89889
89889
89910
89915
89925
89941
89950
89957
89965
89970
89974
89978
89979
89982
89990
89997
90035
90058
90063
90078
90096
90101
90106
90111
90176
90180
90190
90195
90196
90218
90218
90221
90294
90296
90303
90305
90315
90328
90330
90331
90344
90345
90362
90364
90365
90378
90385
90391
90395
90398
90403
90457
90466
90473
90489
90502
90506
90513
90521
90529
90540
90563
90570
90580
90588
90591
90606
90613
90613
90616
90646
90647
90648
90666
90675
90678
90684
90692
90697
90707
90708
90712
90712
90712
90716
90717
90724
90729
90730
90739
90740
90758
90758
90759
90766
90785
90808
90831
90836
90841
90845
90850
90863
90868
90875
90877
90879
90880
90899
90906
90920
90923
90928
90933
90937
90938
90941
90949
90952
90965
90968
90982
90995
91000
91007
91031
91045
91061
91083
91091
91097
91098
91133
91137
91155
91159
91175
91188
91190
91192
91205
91224
91226
91228
91244
91246
91249
91255
91287
91302
91324
91331
91338
91366
91367
91376
91378
91389
91391
91402
91435
91436
91438
91439
91441
91442
91456
91456
91463
91468
91487
91492
91495
91496
91502
91515
91537
91538
91541
91550
91552
91579
91624
91644
91654
91666
91668
91684
91689
91689
91695
91698
91700
91703
91706
91723
91728
91750
91783
91784
91786
91788
91830
91832
91834
91852
91859
91873
91878
91886
91891
91998
92001
92019
92021
92034
92046
92050
92079
92082
92095
92102
92115
92119
92133
92133
92149
92150
92152
92154
92167
92200
92201
92207
92208
92209
92215
92238
92254
92256
92264
92271
92275
92287
92304
92316
92317
92328
92333
92360
92364
92387
92414
92415
92421
92431
92437
92437
92453
92455
92475
92477
92485
92486
92503
92503
92505
92515
92526
92527
92532
92539
92542
92551
92553
92555
92561
92593
92601
92613
92639
92656
92674
92687
92691
92706
92734
92735
92748
92765
92773
92778
92789
92789
92805
92817
92821
92825
92835
92838
92846
92851
92855
92866
92879
92899
92902
92919
92924
92949
92961
92968
92968
92994
93000
93006
93010
93017
93019
93023
93049
93055
93060
93068
93076
93083
93099
93104
93118
93137
93137
93154
93163
93163
93173
93189
93191
93201
93235
93238
93246
93249
93252
93264
93269
93274
93281
93289
93325
93330
93334
93347
93354
93368
93382
93384
93384
93384
93408
93424
93426
93440
93443
93451
93456
93467
93496
93501
93521
93523
93527
93539
93558
93566
93573
93576
93578
93579
93596
93612
93615
93647
93674
93697
93697
93713
93718
93720
93727
93728
93733
93746
93749
93756
93762
93769
93770
93771
93798
93804
93804
93818
93828
93833
93833
93865
93867
93871
93873
93878
93879
93880
93892
93900
93906
93917
93937
93949
93960
93970
93986
94006
94032
94040
94041
94044
94046
94054
94088
94091
94102
94106
94110
94111
94120
94121
94159
94166
94183
94187
94190
94193
94201
94215
94236
94240
94260
94267
94271
94284
94295
94316
94328
94328
94358
94379
94381
94384
94386
94394
94399
94416
94421
94421
94438
94444
94457
94468
94475
94480
94484
94497
94499
94521
94561
94567
94569
94576
94577
94594
94609
94610
94611
94620
94621
94630
94649
94652
94652
94661
94675
94676
94678
94679
94683
94699
94699
94712
94723
94733
94741
94754
94760
94771
94790
94791
94797
94806
94809
94818
94830
94838
94856
94865
94866
94870
94879
94886
94893
94897
94905
94907
94912
94918
94942
94953
94955
94963
94963
94991
95000
95015
95029
95034
95045
95045
95046
95049
95053
95055
95061
95077
95079
95107
95111
95114
95123
95138
95181
95189
95217
95224
95226
95238
95249
95251
95253
95269
95271
95287
95309
95317
95325
95330
95336
95341
95345
95366
95367
95373
95381
95384
95409
95442
95456
95470
95489
95512
95516
95548
95551
95554
95563
95565
95594
95621
95627
95642
95651
95669
95687
95700
95701
95729
95740
95742
95747
95749
95765
95771
95772
95780
95795
95802
95802
95807
95810
95818
95848
95852
95869
95876
95880
95883
95891
95906
95906
95922
95923
95923
95929
95938
95941
95948
95954
95963
95974
95975
95976
95994
95997
95998
96006
96010
96023
96032
96036
96052
96055
96075
96081
96084
96104
96110
96139
96151
96154
96212
96213
96264
96266
96300
96302
96348
96358
96370
96373
96394
96429
96461
96469
96470
96472
96498
96504
96511
96540
96541
96548
96551
96556
96568
96569
96575
96595
96606
96625
96648
96665
96666
96702
96719
96726
96731
96738
96750
96752
96756
96761
96765
96825
96829
96830
96832
96843
96871
96874
96883
96886
96886
96902
96911
96915
96920
96925
96953
96953
96958
96995
97002
97008
97014
97037
97043
97043
97043
97053
97066
97067
97071
97075
97079
97085
97096
97101
97106
97115
97131
97132
97145
97151
97163
97168
97176
97183
97194
97194
97198
97201
97205
97209
97219
97234
97244
97251
97261
97296
97301
97303
97312
97319
97330
97332
97360
97368
97381
97382
97386
97401
97403
97413
97435
97441
97442
97459
97495
97507
97508
97509
97510
97544
97546
97548
97552
97564
97597
97604
97615
97634
97640
97642
97649
97649
97652
97665
97665
97667
97680
97711
97718
97721
97735
97749
97749
97772
97786
97793
97804
97814
97815
97816
97821
97824
97848
97862
97868
97882
97893
97896
97901
97902
97912
97927
97941
97946
97949
97956
97968
97971
97974
97991
97992
98006
98011
98020
98037
98061
98075
98087
98090
98099
98132
98138
98147
98151
98153
98166
98178
98178
98185
98186
98204
98219
98260
98269
98287
98299
98305
98334
98336
98343
98347
98357
98366
98372
98372
98380
98389
98437
98440
98450
98462
98478
98500
98514
98526
98528
98530
98544
98546
98577
98590
98618
98622
98629
98631
98639
98645
98656
98673
98682
98684
98699
98701
98706
98713
98721
98724
98726
98769
98771
98779
98788
98790
98800
98801
98809
98811
98821
98842
98850
98852
98873
98877
98886
98889
98896
98908
98912
98914
98927
98928
98944
98945
98946
98949
98973
99003
99016
99056
99060
99074
99078
99101
99114
99117
99135
99160
99166
99191
99203
99218
99219
99238
99286
99287
99291
99308
99326
99330
99333
99338
99348
99359
99363
99365
99372
99382
99383
99394
99394
99406
99415
99419
99420
99427
99431
99467
99471
99473
99482
99496
99498
99512
99527
99537
99544
99552
99556
99570
99573
99583
99594
99596
99618
99668
99684
99690
99693
99699
99703
99708
99708
99717
99748
99755
99755
99759
99791
99805
99826
99833
99834
99836
99857
99860
99877
99884
99890
99910
99918
99918
99934
99944
99951
99952
99955
99958
99976
99978
99987
99988
99993
99998
99999
