14
38
53
54
59
79
95
115
141
145
171
185
187
211
214
233
235
241
244
267
276
276
277
285
289
289
315
326
348
399
430
437
439
439
446
469
472
473
483
485
500
502
515
515
517
519
529
529
537
553
562
563
570
580
582
587
596
618
649
666
672
679
686
688
700
712
721
724
729
742
752
756
758
763
770
778
779
783
792
797
808
817
834
844
849
851
865
884
895
901
911
917
918
935
947
950
953
958
994
1007
1014
1017
1025
1029
1035
1055
1114
1121
1150
1159
1166
1170
1174
1177
1183
1185
1188
1198
1211
1215
1218
1218
1220
1227
1230
1250
1251
1257
1268
1276
1291
1296
1296
1325
1329
1335
1340
1375
1384
1389
1399
1442
1449
1467
1468
1474
1477
1481
1498
1501
1501
1519
1532
1540
1543
1544
1566
1576
1588
1591
1596
1606
1608
1610
1610
1623
1637
1643
1666
1695
1697
1730
1736
1753
1755
1782
1785
1794
1821
1830
1833
1834
1842
1846
1848
1852
1855
1863
1868
1880
1885
1893
1925
1943
1944
1949
1956
1958
1972
1984
2030
2033
2034
2064
2065
2068
2070
2082
2084
2098
2100
2100
2103
2109
2112
2132
2132
2134
2139
2166
2185
2193
2217
2218
2219
2221
2223
2245
2258
2283
2294
2310
2312
2314
2337
2365
2384
2389
2392
2408
2433
2434
2437
2440
2462
2467
2477
2482
2483
2514
2520
2524
2528
2530
2538
2561
2569
2570
2579
2588
2593
2594
2615
2618
2636
2637
2676
2679
2690
2691
2712
2715
2716
2724
2734
2756
2763
2764
2768
2778
2812
2815
2823
2824
2828
2844
2850
2866
2870
2873
2906
2909
2909
2925
2925
2926
2928
2949
2952
2962
2972
2974
2975
2993
3011
3012
3032
3033
3034
3036
3037
3040
3058
3065
3074
3088
3101
3113
3137
3158
3173
3177
3182
3202
3213
3217
3221
3222
3247
3264
3269
3278
3279
3296
3299
3304
3345
3354
3359
3368
3375
3381
3411
3412
3412
3450
3451
3460
3460
3476
3479
3495
3498
3508
3526
3526
3556
3575
3575
3603
3610
3612
3620
3623
3623
3625
3648
3656
3664
3709
3714
3722
3724
3733
3748
3794
3800
3819
3824
3829
3834
3842
3851
3851
3856
3865
3870
3872
3874
3875
3884
3888
3894
3896
3898
3910
3910
3913
3914
3929
3941
3941
3981
3987
4010
4018
4027
4043
4045
4058
4077
4081
4091
4097
4101
4114
4117
4123
4129
4138
4147
4161
4182
4199
4207
4235
4240
4241
4243
4246
4252
4261
4267
4274
4285
4302
4303
4308
4308
4308
4326
4345
4348
4354
4356
4360
4362
4379
4381
4383
4397
4405
4409
4421
4421
4425
4442
4443
4443
4457
4462
4477
4481
4500
4517
4522
4531
4535
4538
4556
4568
4573
4586
4588
4588
4603
4611
4633
4646
4658
4662
4666
4673
4682
4687
4702
4743
4748
4778
4797
4805
4806
4815
4828
4840
4872
4875
4885
4888
4896
4897
4905
4912
4921
4927
4929
4933
4938
4964
4973
4981
4992
4993
4995
4996
5002
5034
5035
5036
5048
5050
5073
5090
5092
5094
5096
5108
5117
5125
5128
5128
5138
5153
5155
5155
5159
5161
5167
5169
5170
5172
5175
5192
5194
5198
5215
5215
5223
5237
5252
5254
5262
5281
5287
5289
5296
5347
5359
5374
5392
5412
5422
5422
5426
5442
5450
5451
5453
5469
5470
5470
5473
5486
5500
5501
5506
5509
5522
5527
5531
5560
5560
5585
5585
5616
5618
5619
5625
5629
5630
5639
5665
5666
5671
5672
5680
5689
5693
5719
5745
5753
5756
5765
5774
5785
5788
5790
5876
5885
5885
5886
5888
5935
5938
5944
5948
5952
5955
5961
5963
5980
5980
5982
5997
6004
6005
6008
6015
6027
6033
6036
6049
6055
6057
6062
6079
6086
6089
6095
6103
6124
6131
6133
6153
6160
6178
6193
6195
6199
6211
6215
6219
6223
6223
6247
6272
6273
6296
6297
6304
6308
6360
6362
6365
6397
6405
6433
6437
6440
6443
6448
6473
6490
6510
6513
6533
6536
6537
6549
6565
6580
6605
6611
6624
6644
6654
6659
6688
6697
6701
6701
6702
6737
6747
6757
6770
6776
6777
6799
6834
6848
6861
6866
6871
6883
6887
6889
6900
6908
6909
6921
6926
6934
6937
6956
6957
6960
6961
6975
6980
6986
7009
7010
7011
7017
7024
7080
7109
7113
7126
7132
7142
7165
7165
7170
7180
7195
7232
7242
7259
7262
7267
7275
7279
7290
7300
7302
7309
7321
7348
7352
7359
7370
7399
7402
7441
7447
7466
7476
7489
7511
7512
7524
7524
7535
7541
7543
7567
7584
7599
7610
7611
7618
7623
7657
7715
7722
7759
7771
7775
7793
7796
7802
7808
7821
7826
7827
7854
7862
7868
7886
7891
7895
7902
7903
7906
7910
7928
7936
7945
7957
7961
7961
7961
7962
7964
7965
7972
7981
8002
8007
8017
8024
8056
8060
8072
8079
8104
8115
8126
8129
8139
8140
8144
8146
8164
8167
8174
8178
8186
8187
8201
8240
8242
8274
8289
8308
8308
8309
8310
8313
8346
8346
8361
8368
8377
8388
8397
8400
8418
8426
8456
8465
8469
8480
8484
8503
8514
8518
8526
8535
8553
8562
8563
8565
8577
8607
8639
8664
8673
8676
8690
8691
8693
8699
8702
8704
8710
8712
8718
8722
8728
8743
8764
8768
8793
8811
8832
8855
8864
8876
8887
8890
8891
8891
8904
8913
8916
8922
8938
8940
8956
8975
8977
8979
8980
8988
9008
9012
9027
9029
9038
9045
9051
9058
9062
9069
9073
9078
9081
9082
9090
9094
9109
9121
9130
9132
9138
9141
9142
9150
9160
9162
9182
9214
9216
9229
9231
9231
9244
9256
9278
9297
9309
9313
9318
9321
9325
9331
9332
9345
9346
9347
9358
9358
9362
9383
9389
9396
9405
9410
9413
9415
9428
9467
9470
9477
9483
9490
9497
9498
9505
9517
9518
9520
9529
9548
9578
9578
9596
9599
9606
9610
9617
9633
9643
9649
9689
9692
9697
9705
9706
9707
9721
9729
9735
9758
9764
9799
9809
9816
9845
9849
9858
9881
9887
9896
9904
9910
9918
9940
9940
9949
9953
9959
9963
9970
9977
9978
9979
9982
9983
9992
9996
10034
10046
10056
10057
10060
10093
10097
10101
10126
10127
10139
10147
10158
10169
10193
10198
10201
10215
10216
10216
10234
10234
10243
10252
10258
10259
10260
10295
10295
10322
10336
10349
10363
10380
10381
10402
10405
10425
10459
10466
10466
10468
10473
10479
10481
10486
10491
10507
10510
10529
10540
10564
10586
10596
10599
10608
10618
10623
10633
10645
10672
10686
10691
10694
10695
10713
10752
10754
10755
10797
10798
10812
10824
10830
10842
10845
10871
10873
10896
10902
10907
10909
10952
10967
10978
10978
11029
11029
11037
11050
11069
11076
11078
11078
11083
11088
11098
11099
11105
11106
11113
11131
11132
11143
11155
11158
11159
11160
11162
11168
11177
11178
11179
11182
11184
11232
11247
11256
11258
11265
11275
11286
11296
11309
11309
11317
11319
11319
11323
11334
11346
11346
11348
11351
11356
11358
11358
11360
11369
11373
11375
11433
11449
11450
11455
11462
11494
11509
11516
11517
11532
11537
11538
11545
11546
11549
11555
11561
11601
11605
11613
11614
11616
11666
11668
11675
11686
11694
11695
11709
11723
11729
11734
11741
11751
11765
11781
11785
11791
11820
11822
11822
11835
11837
11849
11863
11866
11874
11876
11892
11895
11898
11899
11907
11931
11944
11954
11957
11958
11959
11966
11985
12009
12031
12049
12051
12074
12095
12116
12128
12140
12145
12159
12178
12188
12190
12191
12197
12214
12218
12226
12230
12232
12241
12254
12254
12263
12266
12266
12280
12289
12297
12305
12309
12316
12326
12331
12334
12338
12350
12399
12403
12403
12416
12442
12451
12453
12453
12461
12503
12506
12509
12521
12527
12533
12542
12546
12554
12566
12567
12573
12573
12576
12577
12607
12611
12624
12631
12631
12634
12655
12660
12660
12670
12678
12679
12689
12715
12729
12731
12736
12743
12754
12761
12763
12764
12792
12795
12796
12820
12839
12842
12845
12850
12859
12870
12890
12894
12897
12922
12925
12940
12940
12953
12963
12964
12975
12981
12981
12981
12988
13002
13032
13038
13041
13064
13065
13066
13081
13082
13109
13109
13115
13115
13116
13138
13149
13173
13173
13173
13185
13193
13199
13220
13222
13245
13248
13258
13260
13267
13277
13297
13311
13320
13325
13329
13340
13341
13360
13376
13381
13387
13405
13407
13422
13428
13435
13438
13447
13448
13451
13461
13491
13502
13518
13520
13524
13531
13558
13561
13571
13577
13602
13608
13625
13638
13656
13668
13669
13672
13676
13678
13682
13702
13717
13722
13727
13734
13752
13758
13762
13773
13785
13787
13820
13826
13826
13871
13884
13891
13893
13894
13905
13909
13915
13921
13947
13966
13967
13977
13982
14009
14014
14026
14048
14050
14050
14053
14087
14111
14115
14117
14118
14129
14132
14156
14161
14168
14170
14188
14191
14205
14221
14230
14268
14285
14293
14314
14366
14368
14377
14390
14392
14438
14444
14469
14513
14517
14521
14537
14547
14561
14565
14584
14589
14623
14625
14626
14629
14640
14645
14656
14660
14660
14664
14670
14674
14683
14687
14687
14710
14721
14724
14727
14741
14744
14750
14754
14770
14771
14782
14790
14838
14842
14843
14849
14853
14855
14862
14901
14902
14916
14924
14937
14938
14948
14954
14966
14982
14991
14996
14998
15008
15012
15016
15017
15029
15031
15033
15042
15044
15050
15051
15091
15105
15107
15138
15142
15201
15220
15232
15234
15234
15240
15242
15246
15287
15291
15292
15294
15294
15300
15304
15313
15316
15321
15322
15322
15326
15338
15340
15363
15373
15378
15380
15396
15403
15404
15409
15430
15447
15455
15483
15497
15497
15501
15513
15529
15543
15548
15585
15591
15598
15602
15614
15616
15624
15634
15637
15655
15656
15661
15669
15672
15682
15687
15690
15693
15697
15706
15748
15759
15776
15811
15831
15847
15847
15855
15893
15905
15913
15914
15926
15948
15969
15972
15982
15992
16020
16022
16036
16047
16062
16064
16068
16086
16089
16092
16098
16111
16112
16136
16139
16159
16166
16171
16191
16207
16220
16235
16258
16267
16276
16279
16279
16302
16322
16339
16358
16362
16370
16418
16434
16435
16445
16446
16451
16466
16476
16478
16483
16491
16503
16505
16549
16549
16571
16581
16609
16634
16641
16655
16659
16661
16661
16675
16683
16683
16688
16693
16711
16722
16730
16735
16737
16754
16756
16762
16766
16771
16772
16772
16788
16788
16797
16801
16808
16812
16812
16814
16819
16821
16825
16845
16865
16866
16867
16883
16894
16894
16909
16914
16929
16934
16948
16966
16972
16986
16986
16989
16998
17011
17013
17022
17037
17038
17050
17051
17077
17082
17123
17125
17129
17135
17139
17151
17154
17169
17178
17187
17191
17195
17196
17201
17209
17222
17236
17247
17248
17251
17262
17271
17287
17293
17296
17305
17306
17334
17337
17338
17339
17345
17346
17364
17365
17365
17378
17386
17387
17401
17410
17412
17426
17439
17447
17467
17473
17488
17503
17518
17521
17529
17537
17559
17561
17566
17572
17585
17589
17590
17602
17604
17609
17611
17625
17627
17630
17636
17640
17652
17654
17663
17664
17669
17673
17673
17674
17686
17688
17692
17705
17705
17706
17707
17723
17725
17734
17761
17762
17765
17782
17797
17806
17806
17813
17818
17822
17834
17846
17846
17847
17850
17852
17860
17885
17894
17913
17920
17929
17931
17935
17936
17949
17950
17961
17967
17980
17980
17983
18009
18015
18031
18036
18037
18039
18046
18056
18060
18062
18068
18075
18091
18093
18093
18129
18143
18153
18155
18160
18197
18200
18216
18219
18225
18226
18234
18237
18242
18251
18258
18262
18274
18277
18291
18305
18315
18315
18323
18332
18338
18339
18364
18370
18374
18381
18382
18383
18398
18410
18417
18421
18430
18434
18450
18455
18481
18497
18502
18509
18520
18535
18541
18555
18561
18584
18587
18598
18598
18601
18613
18623
18625
18626
18634
18635
18640
18644
18654
18657
18663
18670
18673
18682
18684
18689
18715
18719
18720
18724
18729
18744
18782
18812
18816
18822
18828
18851
18862
18866
18875
18892
18897
18906
18912
18915
18937
18945
18946
18954
18959
18983
18986
18996
19015
19023
19036
19048
19053
19054
19058
19075
19084
19087
19096
19119
19120
19121
19122
19129
19179
19181
19191
19225
19260
19260
19263
19271
19306
19308
19338
19345
19346
19352
19368
19380
19401
19402
19414
19415
19421
19431
19435
19445
19470
19470
19483
19517
19526
19530
19533
19535
19553
19558
19565
19576
19589
19596
19630
19630
19657
19672
19676
19686
19690
19704
19709
19717
19761
19764
19772
19777
19816
19829
19832
19835
19853
19860
19871
19882
19885
19889
19891
19894
19895
19915
19924
19938
19970
19974
20017
20025
20039
20046
20047
20049
20055
20063
20070
20102
20106
20119
20135
20153
20162
20165
20180
20183
20210
20228
20243
20243
20250
20270
20281
20289
20291
20297
20298
20311
20319
20331
20351
20384
20403
20409
20415
20430
20433
20438
20459
20463
20467
20478
20483
20490
20492
20496
20504
20517
20517
20518
20531
20536
20537
20554
20554
20561
20578
20587
20593
20605
20608
20617
20617
20638
20646
20661
20661
20672
20676
20685
20689
20692
20694
20716
20723
20728
20732
20737
20774
20809
20831
20837
20838
20849
20859
20862
20870
20874
20884
20884
20917
20925
20932
20943
20984
20988
21029
21033
21045
21049
21061
21069
21074
21079
21084
21088
21120
21122
21137
21140
21148
21165
21166
21210
21212
21214
21218
21218
21229
21237
21243
21246
21247
21255
21289
21292
21296
21318
21319
21319
21324
21333
21338
21341
21344
21367
21388
21402
21415
21420
21446
21448
21454
21464
21469
21470
21472
21479
21481
21486
21512
21513
21514
21524
21525
21541
21553
21558
21561
21565
21567
21602
21610
21621
21622
21626
21629
21630
21640
21643
21646
21656
21672
21674
21686
21689
21691
21700
21702
21708
21709
21732
21734
21734
21746
21752
21752
21755
21780
21803
21809
21811
21815
21815
21817
21823
21838
21841
21842
21858
21858
21872
21877
21881
21884
21917
21918
21928
21930
21930
21933
21934
21947
21947
21960
21993
22033
22039
22043
22053
22070
22074
22087
22089
22090
22096
22104
22119
22121
22126
22131
22138
22168
22176
22179
22179
22180
22183
22220
22224
22227
22234
22285
22286
22288
22297
22312
22337
22357
22363
22368
22369
22375
22387
22388
22388
22392
22399
22399
22415
22450
22451
22454
22464
22469
22474
22497
22498
22513
22525
22530
22539
22549
22568
22586
22593
22616
22619
22631
22672
22692
22704
22714
22716
22718
22739
22743
22752
22753
22759
22760
22766
22768
22794
22805
22826
22832
22834
22845
22854
22868
22869
22880
22884
22888
22900
22902
22920
22921
22927
22940
22950
22953
22953
22954
22968
22974
22978
22995
23022
23032
23044
23051
23060
23060
23061
23080
23082
23104
23108
23119
23129
23140
23148
23152
23163
23167
23170
23172
23186
23194
23233
23245
23251
23267
23267
23283
23290
23302
23304
23309
23310
23320
23325
23332
23346
23359
23365
23365
23373
23379
23382
23387
23397
23403
23407
23411
23435
23440
23442
23455
23458
23469
23489
23490
23496
23498
23499
23499
23499
23519
23523
23529
23531
23535
23537
23543
23545
23549
23558
23564
23572
23574
23579
23582
23593
23596
23599
23602
23612
23616
23644
23647
23661
23683
23696
23701
23714
23726
23732
23754
23756
23758
23759
23782
23786
23800
23805
23806
23807
23809
23811
23811
23840
23849
23854
23868
23873
23879
23891
23892
23900
23907
23911
23924
23931
23938
23947
23956
23978
23982
23986
24038
24045
24053
24060
24073
24080
24088
24106
24114
24126
24127
24137
24148
24152
24188
24192
24200
24200
24204
24213
24225
24228
24238
24240
24240
24241
24252
24266
24279
24280
24292
24298
24305
24310
24314
24328
24350
24359
24367
24372
24381
24387
24389
24390
24406
24407
24427
24429
24442
24446
24449
24450
24455
24462
24477
24483
24491
24532
24539
24539
24539
24541
24549
24572
24573
24620
24622
24641
24646
24646
24649
24654
24662
24673
24676
24692
24706
24710
24719
24725
24727
24749
24757
24762
24772
24778
24800
24809
24847
24858
24873
24874
24899
24984
24985
24991
24994
25005
25009
25045
25059
25062
25064
25065
25068
25070
25073
25089
25097
25098
25110
25135
25136
25151
25154
25160
25165
25170
25192
25223
25227
25240
25241
25264
25268
25290
25297
25306
25309
25316
25333
25344
25346
25350
25386
25410
25411
25412
25426
25428
25430
25432
25460
25493
25498
25512
25515
25516
25516
25523
25540
25544
25544
25550
25554
25568
25579
25585
25592
25615
25616
25624
25626
25626
25642
25666
25672
25683
25685
25700
25704
25711
25712
25751
25757
25764
25778
25786
25789
25793
25802
25802
25828
25828
25833
25836
25859
25866
25877
25883
25889
25899
25899
25903
25923
25934
25937
25946
25950
25970
25975
25986
25993
25996
26005
26025
26052
26056
26059
26091
26110
26118
26138
26139
26156
26157
26162
26166
26168
26195
26200
26204
26215
26222
26247
26253
26254
26255
26261
26307
26326
26331
26335
26337
26351
26354
26360
26393
26416
26419
26426
26429
26436
26438
26442
26446
26463
26483
26538
26547
26548
26549
26551
26554
26559
26586
26591
26598
26605
26606
26629
26630
26663
26673
26676
26679
26689
26712
26721
26755
26756
26762
26769
26769
26785
26786
26791
26801
26806
26834
26837
26850
26861
26864
26876
26892
26893
26895
26900
26929
26935
26935
26958
26959
26986
26990
26999
27001
27007
27014
27028
27041
27055
27058
27064
27074
27076
27077
27093
27098
27107
27131
27156
27159
27163
27164
27165
27167
27171
27173
27176
27176
27179
27193
27196
27219
27230
27249
27265
27282
27283
27289
27314
27336
27350
27371
27373
27376
27378
27387
27402
27419
27429
27456
27457
27461
27464
27465
27470
27503
27513
27515
27524
27531
27538
27542
27546
27548
27551
27554
27572
27572
27575
27598
27607
27618
27653
27686
27686
27702
27725
27726
27739
27740
27751
27768
27775
27784
27792
27803
27815
27831
27835
27862
27910
27913
27922
27924
27940
27945
27964
27965
27978
27978
27994
27997
28005
28016
28034
28073
28079
28091
28093
28098
28116
28116
28135
28146
28155
28157
28158
28186
28226
28226
28252
28262
28274
28294
28311
28314
28314
28336
28349
28372
28381
28384
28388
28428
28434
28440
28448
28449
28449
28466
28474
28483
28488
28526
28534
28535
28535
28551
28557
28578
28595
28632
28635
28655
28655
28662
28685
28688
28717
28730
28731
28736
28746
28753
28753
28758
28777
28782
28791
28801
28817
28819
28830
28837
28837
28838
28844
28845
28849
28858
28872
28876
28886
28894
28895
28901
28904
28941
28941
28955
28973
28981
28997
29012
29012
29018
29021
29036
29050
29053
29058
29062
29077
29077
29091
29099
29144
29144
29155
29158
29159
29159
29166
29168
29178
29188
29204
29232
29233
29236
29251
29263
29273
29277
29278
29296
29300
29304
29314
29323
29330
29370
29406
29413
29417
29433
29433
29444
29448
29450
29471
29479
29491
29494
29496
29501
29521
29539
29552
29564
29569
29578
29587
29612
29621
29625
29631
29642
29652
29653
29668
29673
29677
29679
29680
29681
29683
29686
29707
29731
29754
29758
29766
29766
29775
29780
29803
29817
29820
29823
29838
29849
29853
29861
29886
29887
29895
29895
29910
29930
29951
29951
30023
30030
30032
30038
30047
30055
30059
30060
30077
30078
30117
30142
30149
30155
30157
30159
30161
30175
30191
30196
30198
30206
30213
30222
30261
30264
30266
30266
30270
30295
30299
30382
30383
30388
30400
30403
30405
30413
30417
30419
30425
30427
30436
30466
30466
30468
30479
30487
30491
30500
30518
30535
30543
30545
30552
30578
30581
30589
30596
30597
30608
30611
30665
30675
30681
30683
30689
30693
30695
30718
30730
30756
30758
30765
30771
30783
30786
30789
30794
30807
30818
30839
30874
30880
30892
30907
30921
30923
30924
30936
30945
30966
30994
31039
31046
31047
31053
31061
31090
31094
31102
31102
31139
31141
31144
31145
31162
31165
31169
31171
31182
31187
31211
31228
31228
31235
31237
31246
31248
31254
31269
31274
31275
31279
31284
31289
31290
31299
31324
31325
31364
31375
31387
31395
31400
31401
31411
31421
31424
31432
31442
31443
31489
31504
31519
31525
31528
31535
31592
31639
31650
31672
31695
31698
31699
31700
31701
31703
31714
31717
31721
31724
31725
31726
31734
31735
31741
31742
31744
31769
31771
31774
31777
31815
31829
31840
31854
31857
31860
31885
31894
31898
31899
31921
31939
31945
31962
31962
31967
31971
31978
31985
31991
31993
32000
32028
32031
32040
32049
32050
32057
32061
32070
32074
32076
32078
32097
32097
32100
32102
32121
32143
32144
32149
32153
32153
32162
32166
32181
32181
32193
32193
32202
32207
32213
32218
32225
32231
32238
32242
32250
32250
32257
32271
32280
32286
32291
32302
32313
32320
32321
32323
32331
32333
32336
32359
32368
32380
32382
32383
32396
32398
32417
32421
32426
32438
32466
32467
32476
32525
32547
32558
32561
32565
32572
32588
32596
32603
32610
32619
32651
32652
32664
32673
32699
32702
32703
32710
32718
32742
32746
32756
32763
32785
32788
32791
32795
32817
32821
32834
32839
32844
32845
32847
32849
32865
32876
32884
32885
32887
32898
32911
32933
32936
32949
32964
32977
32986
32993
33006
33012
33014
33019
33034
33049
33061
33066
33072
33079
33086
33088
33095
33095
33097
33109
33119
33143
33152
33159
33178
33193
33207
33214
33234
33236
33250
33272
33279
33294
33308
33309
33321
33344
33345
33351
33357
33366
33370
33371
33375
33382
33419
33423
33434
33451
33452
33460
33468
33485
33501
33508
33512
33514
33545
33553
33562
33566
33572
33572
33575
33577
33581
33584
33592
33601
33617
33620
33624
33630
33633
33650
33664
33672
33710
33715
33719
33722
33738
33740
33755
33766
33769
33779
33784
33793
33822
33828
33829
33841
33849
33858
33884
33902
33907
33908
33910
33931
33947
33957
33958
33959
33961
33989
33992
34017
34018
34019
34034
34037
34040
34044
34049
34052
34053
34054
34071
34096
34100
34102
34112
34114
34136
34161
34194
34199
34209
34218
34230
34232
34259
34263
34265
34292
34308
34323
34341
34347
34360
34363
34365
34373
34376
34379
34406
34414
34430
34454
34462
34464
34515
34515
34521
34529
34532
34548
34552
34564
34573
34583
34612
34622
34632
34648
34654
34658
34663
34664
34666
34714
34717
34735
34764
34774
34784
34791
34796
34805
34815
34817
34819
34831
34838
34839
34850
34854
34857
34871
34872
34873
34878
34892
34904
34913
34931
34932
34940
34959
34968
34980
34988
34993
34995
35002
35003
35008
35016
35024
35031
35036
35039
35040
35061
35074
35081
35081
35082
35086
35109
35115
35232
35234
35236
35248
35252
35257
35263
35293
35293
35302
35313
35345
35348
35349
35350
35353
35396
35407
35418
35418
35428
35436
35466
35467
35484
35486
35511
35511
35536
35543
35546
35551
35555
35601
35621
35624
35636
35642
35656
35657
35657
35667
35669
35681
35692
35700
35709
35721
35735
35744
35747
35759
35778
35784
35806
35829
35831
35836
35841
35876
35883
35901
35907
35909
35911
35921
35933
35943
35944
35946
35955
35955
35959
35975
35984
35992
36007
36017
36031
36065
36069
36102
36115
36139
36150
36158
36161
36167
36169
36180
36186
36189
36189
36198
36202
36223
36225
36230
36231
36233
36238
36241
36244
36251
36255
36256
36267
36272
36293
36325
36326
36343
36346
36347
36365
36376
36378
36382
36390
36393
36409
36415
36425
36436
36437
36437
36437
36442
36447
36450
36463
36487
36497
36501
36502
36506
36534
36542
36553
36578
36591
36605
36619
36620
36622
36637
36649
36658
36668
36673
36690
36692
36697
36706
36712
36721
36734
36739
36741
36766
36771
36777
36798
36801
36815
36853
36856
36857
36859
36869
36881
36892
36893
36895
36901
36911
36912
36920
36965
36969
36970
36978
36994
36998
37032
37032
37048
37052
37054
37079
37082
37101
37124
37128
37140
37146
37147
37172
37174
37190
37205
37207
37233
37235
37238
37239
37241
37245
37255
37264
37271
37279
37284
37301
37305
37315
37331
37364
37382
37395
37405
37406
37407
37414
37429
37432
37433
37436
37438
37450
37456
37458
37465
37507
37509
37517
37520
37532
37537
37537
37550
37573
37589
37601
37635
37635
37636
37638
37652
37659
37672
37676
37681
37693
37700
37723
37725
37727
37751
37768
37771
37779
37782
37798
37801
37802
37813
37838
37852
37854
37869
37872
37886
37888
37890
37895
37903
37916
37919
37921
37925
37928
37929
37940
37944
37955
37956
37957
37973
37979
37982
37995
38018
38042
38059
38064
38108
38114
38120
38126
38126
38133
38141
38150
38157
38167
38176
38189
38204
38212
38214
38243
38249
38256
38258
38262
38271
38289
38319
38360
38368
38371
38380
38381
38385
38406
38411
38425
38437
38440
38446
38453
38463
38469
38494
38507
38521
38522
38562
38601
38602
38618
38631
38634
38671
38675
38681
38698
38701
38706
38719
38721
38731
38737
38745
38770
38774
38775
38798
38813
38818
38824
38831
38847
38851
38883
38884
38894
38902
38907
38913
38928
38937
38951
38964
39005
39009
39012
39049
39053
39064
39084
39087
39087
39092
39098
39099
39102
39105
39106
39111
39112
39113
39122
39134
39146
39151
39162
39168
39169
39181
39190
39199
39205
39217
39224
39228
39232
39242
39253
39285
39290
39304
39312
39313
39320
39324
39334
39334
39361
39367
39372
39372
39378
39398
39401
39404
39431
39435
39448
39451
39451
39458
39472
39484
39486
39502
39502
39506
39511
39516
39524
39532
39543
39543
39546
39572
39582
39604
39612
39615
39642
39643
39648
39653
39655
39657
39672
39673
39686
39689
39702
39709
39720
39726
39729
39731
39745
39760
39760
39774
39790
39831
39833
39837
39845
39852
39857
39883
39888
39894
39895
39907
39916
39916
39916
39935
39938
39950
39962
39967
39968
39979
39990
40000
40006
40029
40034
40035
40038
40039
40042
40048
40048
40087
40098
40140
40152
40182
40203
40208
40256
40258
40259
40275
40286
40292
40302
40302
40302
40308
40346
40414
40423
40437
40445
40461
40461
40472
40504
40509
40517
40521
40585
40593
40593
40593
40597
40607
40634
40651
40668
40685
40686
40727
40772
40784
40817
40835
40839
40859
40866
40867
40880
40884
40896
40905
40914
40926
40928
40939
40941
40943
40950
40954
40961
40962
40972
40988
41007
41014
41015
41023
41050
41053
41063
41065
41074
41096
41100
41106
41108
41118
41128
41130
41131
41139
41139
41149
41153
41157
41191
41220
41231
41251
41268
41271
41271
41284
41290
41291
41301
41309
41321
41340
41341
41367
41371
41401
41420
41445
41445
41460
41473
41484
41500
41509
41514
41525
41528
41541
41544
41553
41569
41581
41581
41587
41593
41593
41611
41616
41619
41630
41644
41651
41662
41667
41669
41669
41672
41680
41691
41695
41697
41714
41715
41737
41740
41779
41808
41819
41829
41829
41839
41862
41864
41864
41866
41867
41875
41882
41890
41901
41902
41905
41926
41947
41948
41956
41956
41967
41976
41990
41995
41995
42017
42032
42050
42070
42070
42081
42084
42092
42095
42121
42126
42127
42129
42136
42137
42146
42149
42161
42180
42188
42188
42189
42195
42220
42237
42245
42252
42258
42266
42276
42284
42285
42301
42304
42306
42319
42325
42332
42333
42344
42346
42351
42361
42366
42370
42419
42420
42422
42437
42447
42451
42459
42460
42468
42479
42486
42492
42493
42495
42500
42509
42514
42519
42519
42525
42531
42532
42535
42583
42585
42614
42625
42637
42646
42652
42662
42687
42719
42720
42721
42726
42728
42743
42770
42775
42777
42777
42784
42805
42807
42811
42814
42823
42831
42875
42890
42895
42898
42900
42916
42935
42973
42985
42999
43017
43033
43037
43065
43098
43138
43139
43152
43168
43201
43222
43236
43240
43272
43280
43291
43293
43306
43311
43313
43320
43325
43328
43342
43362
43363
43370
43381
43421
43426
43432
43434
43448
43472
43504
43509
43544
43548
43557
43560
43582
43589
43597
43604
43614
43626
43628
43637
43646
43655
43658
43663
43668
43695
43743
43744
43763
43769
43781
43785
43787
43801
43818
43822
43822
43823
43827
43829
43833
43859
43882
43926
43947
43948
43965
43992
44008
44042
44047
44058
44059
44064
44068
44070
44073
44080
44091
44095
44103
44132
44154
44156
44176
44178
44186
44203
44206
44208
44229
44239
44244
44244
44248
44249
44253
44256
44256
44272
44295
44324
44334
44346
44352
44388
44400
44412
44432
44433
44442
44465
44481
44496
44503
44517
44525
44526
44531
44589
44596
44633
44652
44655
44660
44667
44680
44692
44698
44760
44761
44801
44802
44811
44824
44830
44835
44840
44842
44853
44869
44887
44889
44892
44897
44900
44908
44940
44948
44955
44969
44981
45007
45016
45020
45021
45024
45032
45055
45060
45061
45068
45069
45072
45086
45090
45093
45098
45101
45101
45120
45152
45154
45165
45167
45186
45187
45197
45201
45202
45212
45262
45263
45270
45271
45278
45302
45308
45317
45337
45343
45354
45354
45365
45375
45409
45410
45414
45460
45465
45467
45469
45477
45485
45490
45514
45516
45536
45551
45559
45565
45580
45607
45622
45627
45627
45636
45636
45639
45651
45660
45668
45682
45716
45719
45719
45730
45741
45756
45777
45782
45797
45808
45821
45828
45838
45842
45844
45844
45871
45874
45895
45904
45936
45939
45940
45956
45958
45971
45973
45977
45991
46029
46055
46072
46072
46077
46094
46102
46127
46135
46138
46140
46162
46186
46200
46206
46213
46220
46225
46231
46244
46257
46269
46269
46302
46305
46313
46316
46326
46397
46403
46404
46407
46412
46412
46423
46425
46432
46444
46450
46453
46459
46459
46469
46473
46475
46492
46496
46496
46497
46515
46519
46524
46546
46552
46552
46575
46581
46600
46602
46612
46616
46616
46622
46627
46636
46668
46673
46686
46691
46694
46698
46702
46716
46727
46738
46738
46739
46747
46760
46764
46773
46798
46799
46800
46810
46823
46824
46875
46898
46928
46941
46951
46952
46956
46957
46966
46974
46990
47000
47016
47020
47021
47038
47039
47055
47064
47066
47070
47070
47076
47089
47092
47110
47112
47114
47129
47138
47143
47152
47157
47160
47166
47179
47184
47193
47195
47227
47230
47232
47234
47245
47266
47275
47292
47294
47296
47298
47325
47329
47361
47370
47376
47380
47384
47388
47398
47411
47419
47426
47429
47436
47444
47448
47455
47498
47511
47529
47532
47536
47540
47544
47551
47555
47557
47568
47579
47582
47585
47590
47590
47592
47592
47597
47603
47622
47629
47643
47647
47652
47662
47666
47680
47681
47690
47697
47701
47701
47727
47728
47729
47737
47745
47791
47796
47797
47802
47806
47806
47811
47812
47817
47831
47849
47853
47854
47874
47876
47878
47884
47886
47901
47901
47905
47913
47935
47958
47988
47996
47996
48001
48006
48089
48102
48112
48116
48130
48130
48131
48138
48149
48170
48182
48183
48184
48197
48204
48211
48214
48220
48225
48239
48240
48250
48251
48260
48267
48279
48286
48301
48314
48316
48334
48350
48352
48362
48375
48388
48408
48420
48426
48432
48432
48444
48449
48459
48475
48485
48495
48500
48503
48504
48509
48518
48548
48577
48598
48603
48605
48649
48650
48653
48657
48664
48689
48693
48698
48699
48701
48717
48720
48729
48735
48745
48746
48753
48782
48806
48827
48844
48848
48852
48867
48867
48872
48874
48876
48882
48885
48890
48903
48918
48944
48962
48983
48984
48992
48998
49026
49026
49037
49046
49061
49089
49109
49137
49143
49143
49149
49150
49152
49168
49174
49186
49209
49215
49220
49234
49244
49258
49260
49260
49265
49267
49279
49285
49291
49293
49300
49305
49310
49315
49335
49336
49355
49387
49392
49405
49407
49447
49447
49452
49460
49472
49484
49489
49517
49528
49533
49545
49551
49561
49568
49572
49573
49573
49584
49594
49607
49637
49653
49657
49668
49677
49681
49688
49695
49711
49719
49745
49759
49763
49768
49783
49789
49791
49792
49804
49813
49820
49839
49843
49847
49847
49852
49855
49867
49869
49881
49906
49912
49916
49939
49950
49983
49984
49984
49987
50001
50002
50012
50039
50059
50072
50079
50082
50085
50096
50116
50121
50127
50129
50130
50134
50135
50152
50165
50172
50173
50181
50192
50198
50217
50232
50235
50239
50247
50251
50264
50270
50291
50299
50309
50314
50328
50330
50334
50339
50344
50355
50359
50371
50380
50395
50398
50420
50422
50425
50431
50438
50452
50489
50493
50496
50497
50516
50525
50537
50549
50562
50576
50583
50590
50601
50607
50607
50609
50609
50612
50613
50616
50648
50656
50658
50660
50666
50686
50689
50691
50693
50694
50704
50731
50733
50754
50775
50776
50778
50782
50804
50804
50822
50832
50838
50839
50846
50859
50870
50873
50878
50880
50897
50908
50925
50926
50928
50939
50946
50952
50957
50959
50969
50989
51003
51012
51022
51022
51033
51035
51037
51037
51043
51056
51070
51072
51073
51074
51076
51084
51089
51093
51093
51109
51140
51156
51158
51166
51175
51177
51195
51197
51237
51242
51262
51264
51277
51278
51285
51308
51319
51324
51328
51329
51330
51359
51371
51380
51381
51391
51397
51400
51401
51401
51414
51415
51429
51465
51473
51477
51482
51489
51492
51506
51507
51535
51536
51542
51558
51562
51571
51587
51598
51603
51612
51612
51616
51630
51632
51644
51665
51678
51708
51729
51729
51733
51774
51777
51786
51789
51792
51810
51811
51847
51847
51848
51850
51856
51869
51881
51893
51914
51931
51931
51932
51937
51968
51972
51987
52007
52021
52030
52049
52050
52061
52071
52072
52073
52087
52097
52098
52102
52120
52140
52144
52149
52156
52173
52183
52184
52186
52193
52205
52217
52217
52233
52237
52240
52243
52267
52281
52287
52287
52292
52296
52301
52314
52320
52323
52330
52330
52333
52344
52348
52358
52369
52381
52410
52412
52415
52422
52429
52444
52456
52478
52480
52482
52493
52493
52494
52497
52503
52513
52516
52527
52537
52550
52566
52566
52567
52572
52585
52592
52597
52601
52602
52617
52623
52628
52635
52644
52658
52659
52665
52684
52689
52711
52715
52737
52767
52768
52777
52790
52800
52800
52840
52848
52874
52896
52897
52901
52903
52939
52940
52947
52956
52959
52968
52970
52972
52976
52980
52985
53008
53011
53021
53025
53053
53053
53058
53062
53065
53083
53096
53114
53132
53134
53141
53165
53205
53216
53218
53225
53239
53253
53254
53258
53267
53270
53270
53290
53291
53305
53310
53334
53340
53369
53390
53390
53392
53418
53433
53433
53445
53454
53458
53464
53467
53469
53499
53517
53527
53544
53548
53550
53560
53561
53598
53601
53608
53615
53625
53628
53635
53635
53639
53645
53656
53697
53701
53732
53734
53738
53743
53759
53761
53784
53792
53796
53803
53811
53813
53831
53835
53872
53890
53907
53922
53923
53925
53934
53935
53939
53947
53960
53999
54011
54019
54040
54048
54050
54051
54064
54071
54116
54139
54149
54162
54167
54172
54174
54193
54198
54199
54205
54214
54219
54220
54224
54225
54226
54257
54268
54277
54278
54279
54300
54343
54344
54353
54375
54384
54386
54387
54401
54408
54424
54442
54454
54480
54483
54509
54514
54515
54534
54534
54536
54538
54558
54584
54593
54595
54608
54609
54614
54645
54663
54665
54681
54682
54688
54691
54694
54708
54712
54722
54726
54748
54753
54756
54757
54762
54766
54773
54774
54788
54791
54816
54854
54855
54883
54937
54947
54955
54971
54979
54997
55000
55047
55074
55084
55091
55095
55105
55137
55143
55165
55170
55176
55179
55186
55205
55217
55245
55272
55291
55292
55313
55317
55318
55332
55335
55346
55351
55351
55362
55390
55391
55403
55410
55418
55427
55427
55431
55433
55437
55459
55471
55471
55478
55493
55509
55510
55515
55519
55519
55524
55524
55526
55528
55532
55540
55552
55562
55582
55590
55591
55619
55639
55640
55644
55668
55708
55711
55723
55737
55747
55754
55754
55772
55776
55777
55796
55803
55835
55836
55838
55846
55862
55871
55898
55911
55911
55914
55962
55969
55974
55983
55992
55992
55992
56018
56022
56022
56030
56032
56042
56045
56056
56059
56060
56064
56070
56070
56072
56092
56097
56099
56100
56119
56123
56133
56143
56144
56169
56177
56181
56185
56187
56188
56196
56203
56214
56246
56248
56253
56268
56282
56285
56293
56293
56296
56307
56315
56319
56327
56332
56369
56379
56383
56405
56417
56419
56420
56424
56425
56429
56436
56440
56457
56459
56463
56468
56506
56508
56514
56546
56548
56550
56555
56557
56563
56563
56571
56574
56577
56580
56584
56585
56586
56594
56595
56601
56605
56618
56619
56622
56626
56650
56652
56674
56681
56684
56703
56704
56717
56755
56762
56762
56768
56773
56777
56788
56790
56812
56858
56861
56883
56949
56958
56972
56988
56991
56998
57000
57009
57024
57039
57043
57047
57054
57056
57058
57065
57069
57070
57075
57089
57098
57104
57109
57110
57131
57167
57169
57173
57176
57185
57187
57189
57200
57216
57220
57226
57227
57227
57234
57237
57245
57255
57275
57278
57318
57331
57338
57339
57354
57363
57370
57391
57398
57399
57411
57429
57461
57461
57479
57507
57511
57512
57549
57559
57565
57607
57607
57610
57614
57614
57633
57634
57635
57639
57645
57646
57657
57663
57685
57705
57713
57732
57739
57741
57745
57748
57754
57761
57763
57764
57767
57775
57778
57793
57797
57805
57814
57818
57848
57861
57867
57867
57868
57872
57881
57891
57899
57905
57927
57933
57937
57944
57961
57971
57983
57992
58020
58028
58031
58034
58055
58065
58076
58085
58086
58090
58092
58092
58120
58122
58125
58139
58171
58179
58220
58255
58281
58305
58345
58354
58367
58375
58380
58408
58412
58413
58419
58435
58443
58482
58492
58498
58500
58500
58526
58555
58575
58598
58598
58619
58634
58651
58680
58689
58692
58698
58712
58719
58723
58732
58752
58752
58766
58767
58779
58785
58791
58801
58803
58811
58868
58885
58897
58908
58922
58926
58940
58946
58977
58989
58995
58996
59007
59007
59007
59008
59024
59024
59025
59030
59031
59032
59065
59094
59110
59149
59149
59183
59187
59192
59196
59198
59206
59208
59218
59227
59250
59250
59278
59282
59290
59290
59291
59297
59302
59317
59346
59347
59351
59395
59398
59410
59421
59437
59458
59474
59476
59484
59493
59494
59497
59502
59528
59537
59545
59545
59567
59589
59593
59597
59615
59627
59634
59642
59648
59651
59669
59677
59685
59721
59721
59733
59750
59762
59791
59795
59801
59815
59819
59822
59828
59829
59834
59842
59861
59867
59881
59887
59889
59894
59896
59919
59935
59937
59942
59966
59967
59973
59979
59979
59982
59984
59992
59997
59998
60003
60006
60007
60008
60021
60023
60025
60032
60032
60035
60042
60050
60066
60070
60084
60085
60103
60138
60144
60145
60163
60173
60198
60221
60232
60245
60274
60278
60279
60279
60300
60301
60306
60312
60318
60331
60338
60351
60358
60361
60369
60370
60376
60382
60401
60417
60418
60431
60433
60442
60456
60460
60467
60481
60501
60550
60559
60587
60598
60605
60608
60610
60610
60613
60628
60631
60639
60652
60658
60662
60669
60670
60683
60686
60687
60690
60693
60695
60699
60700
60700
60704
60708
60716
60716
60722
60729
60732
60732
60734
60735
60735
60744
60747
60762
60774
60775
60781
60785
60787
60790
60803
60804
60807
60811
60818
60830
60834
60840
60857
60870
60872
60876
60880
60888
60889
60899
60901
60916
60924
60926
60935
60938
60947
60948
60950
60954
60975
60984
60990
61000
61001
61003
61013
61014
61017
61020
61025
61033
61044
61044
61052
61055
61072
61073
61086
61092
61100
61104
61122
61155
61159
61161
61167
61188
61192
61192
61201
61226
61245
61263
61273
61281
61283
61306
61321
61328
61340
61380
61383
61384
61388
61399
61400
61418
61428
61440
61443
61450
61451
61452
61480
61484
61495
61518
61538
61544
61546
61546
61569
61604
61607
61624
61637
61656
61676
61689
61697
61697
61700
61708
61711
61712
61724
61732
61733
61734
61739
61742
61744
61780
61798
61799
61800
61848
61868
61880
61889
61891
61898
61898
61916
61918
61987
61997
62014
62061
62066
62072
62082
62094
62096
62105
62110
62133
62140
62143
62153
62182
62184
62187
62198
62206
62215
62216
62219
62223
62244
62248
62252
62252
62262
62268
62271
62276
62315
62318
62329
62388
62389
62397
62401
62413
62418
62422
62453
62455
62459
62461
62480
62482
62489
62501
62511
62528
62528
62534
62561
62573
62574
62576
62596
62606
62608
62621
62626
62632
62633
62642
62643
62651
62664
62665
62670
62673
62680
62683
62697
62722
62729
62730
62735
62748
62750
62756
62761
62769
62785
62794
62797
62805
62809
62821
62826
62836
62848
62888
62903
62904
62907
62920
62942
62972
63018
63019
63061
63075
63080
63107
63107
63108
63111
63112
63116
63133
63159
63160
63162
63168
63168
63199
63200
63219
63228
63303
63306
63315
63316
63320
63328
63338
63341
63342
63355
63361
63381
63384
63387
63392
63393
63405
63422
63428
63442
63447
63463
63472
63480
63496
63500
63500
63500
63528
63565
63572
63573
63575
63592
63595
63622
63624
63626
63627
63641
63642
63642
63650
63654
63675
63678
63709
63718
63737
63737
63754
63757
63765
63769
63772
63789
63811
63818
63847
63851
63862
63864
63877
63900
63906
63907
63911
63959
63967
63973
63996
63996
64020
64026
64029
64033
64034
64035
64042
64060
64066
64071
64081
64082
64087
64098
64122
64140
64145
64165
64166
64179
64224
64226
64246
64248
64251
64273
64278
64288
64295
64299
64303
64306
64310
64312
64316
64332
64334
64338
64348
64350
64353
64366
64374
64375
64387
64388
64409
64416
64421
64425
64444
64454
64460
64487
64490
64492
64493
64525
64530
64539
64559
64577
64616
64617
64628
64630
64636
64654
64659
64669
64689
64699
64714
64727
64735
64735
64756
64772
64772
64781
64793
64801
64810
64823
64824
64838
64848
64862
64890
64891
64924
64946
64947
64956
64975
64981
64982
64998
65003
65005
65023
65027
65051
65051
65063
65088
65102
65116
65128
65130
65146
65151
65155
65170
65171
65176
65195
65200
65201
65215
65231
65239
65258
65265
65270
65271
65281
65294
65305
65311
65315
65321
65329
65345
65352
65365
65369
65369
65373
65377
65401
65414
65421
65423
65438
65439
65446
65452
65457
65464
65475
65516
65520
65545
65553
65558
65562
65576
65581
65589
65600
65601
65610
65618
65624
65636
65636
65637
65644
65649
65696
65703
65715
65717
65722
65723
65731
65731
65743
65747
65747
65759
65775
65778
65779
65786
65788
65799
65826
65841
65857
65859
65862
65884
65886
65888
65894
65894
65906
65906
65909
65910
65954
65963
65967
65972
65994
66014
66014
66018
66023
66026
66031
66034
66062
66066
66085
66151
66158
66179
66210
66219
66252
66258
66275
66276
66284
66317
66342
66350
66371
66389
66403
66407
66416
66416
66438
66440
66447
66469
66506
66523
66525
66528
66540
66558
66565
66570
66577
66587
66589
66590
66602
66603
66611
66614
66646
66666
66669
66679
66693
66739
66743
66754
66787
66790
66795
66807
66837
66869
66882
66888
66893
66898
66900
66908
66918
66922
66939
66944
66959
66978
66986
66992
66995
67002
67016
67028
67031
67033
67034
67041
67046
67053
67075
67081
67104
67108
67119
67135
67137
67139
67152
67158
67168
67170
67182
67183
67187
67187
67204
67204
67214
67220
67252
67254
67256
67278
67295
67301
67312
67312
67312
67317
67324
67338
67379
67382
67387
67393
67406
67409
67418
67425
67476
67488
67499
67501
67513
67522
67544
67547
67564
67571
67574
67575
67575
67575
67579
67598
67600
67622
67628
67631
67633
67636
67664
67666
67683
67688
67690
67699
67703
67725
67732
67753
67804
67825
67829
67840
67843
67868
67874
67889
67907
67918
67927
67929
67931
67940
67941
67967
67980
67986
67998
68005
68024
68035
68046
68113
68116
68157
68170
68184
68203
68205
68208
68219
68259
68261
68265
68273
68295
68335
68350
68393
68394
68416
68426
68434
68443
68445
68454
68468
68469
68481
68519
68524
68529
68541
68545
68559
68586
68590
68607
68608
68618
68633
68634
68650
68656
68663
68665
68666
68674
68677
68705
68719
68720
68735
68736
68740
68775
68779
68782
68782
68786
68791
68793
68797
68799
68809
68814
68816
68824
68839
68882
68890
68897
68919
68921
68936
68948
68952
68967
68971
68981
68994
69008
69009
69018
69070
69074
69074
69088
69089
69097
69114
69115
69116
69121
69135
69159
69168
69178
69187
69188
69188
69203
69209
69213
69216
69237
69238
69241
69250
69258
69265
69272
69281
69292
69313
69322
69334
69343
69351
69354
69355
69356
69363
69370
69373
69374
69378
69382
69386
69392
69395
69396
69402
69416
69438
69450
69454
69464
69469
69472
69474
69483
69493
69505
69506
69508
69518
69527
69529
69538
69547
69562
69578
69581
69589
69591
69609
69619
69620
69632
69673
69675
69692
69692
69699
69708
69710
69717
69747
69754
69777
69777
69784
69807
69824
69829
69836
69860
69875
69879
69884
69898
69902
69911
69930
69939
69945
69951
69978
69987
69998
70010
70058
70059
70063
70085
70093
70101
70111
70114
70115
70120
70121
70129
70134
70152
70153
70154
70155
70157
70159
70161
70161
70162
70175
70175
70182
70186
70194
70210
70221
70236
70245
70258
70259
70261
70276
70317
70330
70332
70335
70344
70352
70357
70369
70394
70400
70406
70407
70414
70424
70425
70426
70431
70432
70433
70440
70443
70447
70452
70453
70486
70490
70493
70508
70522
70527
70539
70552
70554
70578
70578
70579
70593
70606
70610
70617
70629
70640
70643
70653
70670
70678
70689
70697
70705
70710
70719
70721
70725
70733
70734
70748
70754
70757
70778
70785
70798
70802
70821
70827
70830
70835
70839
70843
70847
70854
70855
70861
70869
70871
70874
70890
70892
70895
70903
70914
70931
70959
70962
70967
70974
70984
70991
71011
71056
71076
71080
71090
71096
71096
71110
71112
71114
71133
71136
71137
71171
71182
71198
71226
71245
71257
71264
71266
71268
71270
71288
71298
71307
71307
71308
71316
71318
71328
71331
71344
71346
71357
71371
71374
71399
71399
71404
71411
71415
71426
71432
71445
71448
71454
71457
71472
71473
71478
71480
71483
71485
71488
71490
71500
71503
71507
71515
71534
71534
71538
71561
71579
71582
71582
71585
71588
71605
71635
71640
71662
71662
71672
71687
71710
71713
71713
71722
71741
71746
71748
71786
71796
71803
71804
71807
71809
71824
71835
71847
71848
71871
71880
71895
71896
71919
71926
71933
71939
71963
71972
71981
71997
72009
72014
72025
72036
72041
72045
72053
72061
72097
72113
72119
72128
72138
72158
72167
72169
72180
72189
72195
72197
72205
72224
72228
72244
72247
72251
72267
72283
72286
72291
72292
72293
72335
72338
72348
72352
72358
72367
72368
72388
72390
72392
72406
72411
72421
72422
72424
72445
72449
72461
72467
72470
72476
72478
72498
72502
72504
72512
72521
72528
72532
72545
72570
72577
72596
72630
72642
72644
72648
72694
72698
72700
72717
72730
72745
72764
72773
72784
72790
72807
72832
72839
72847
72856
72865
72897
72903
72906
72923
72937
72940
72952
72955
72965
73000
73002
73010
73014
73025
73034
73037
73042
73064
73071
73076
73081
73082
73101
73106
73106
73111
73123
73124
73148
73179
73185
73186
73186
73205
73206
73216
73218
73221
73226
73233
73294
73309
73328
73329
73331
73334
73348
73349
73352
73359
73369
73377
73387
73392
73410
73444
73457
73459
73478
73480
73504
73543
73546
73569
73571
73585
73587
73592
73594
73605
73607
73608
73619
73619
73623
73643
73647
73652
73654
73656
73663
73672
73680
73690
73696
73698
73721
73731
73738
73751
73757
73767
73774
73775
73779
73795
73805
73816
73818
73831
73833
73836
73842
73856
73877
73880
73881
73882
73897
73919
73941
73946
73970
73972
73975
73977
73979
73985
73986
73997
74004
74020
74040
74044
74046
74076
74102
74119
74121
74126
74127
74135
74137
74175
74184
74191
74206
74212
74214
74228
74260
74281
74294
74295
74308
74310
74320
74342
74344
74345
74359
74360
74406
74408
74416
74424
74431
74437
74439
74459
74491
74505
74510
74540
74544
74547
74547
74547
74549
74555
74569
74637
74639
74658
74666
74670
74707
74717
74732
74744
74751
74751
74753
74754
74757
74765
74767
74775
74791
74813
74831
74841
74849
74879
74893
74911
74913
74918
74926
74933
74953
74954
74955
74960
74965
74966
75015
75019
75020
75029
75033
75047
75049
75059
75079
75081
75091
75091
75098
75128
75133
75162
75165
75166
75183
75227
75242
75245
75247
75249
75268
75277
75286
75286
75299
75307
75321
75363
75369
75380
75392
75394
75411
75433
75440
75444
75445
75445
75446
75454
75468
75491
75507
75513
75514
75516
75525
75529
75569
75586
75615
75615
75617
75625
75628
75670
75676
75679
75713
75714
75715
75719
75728
75758
75758
75764
75803
75819
75830
75830
75836
75871
75875
75887
75907
75911
75916
75916
75924
75941
75941
75951
75952
75967
75976
75981
75983
75995
76009
76012
76027
76029
76030
76047
76063
76072
76075
76101
76103
76104
76124
76126
76130
76166
76176
76192
76204
76212
76213
76215
76222
76233
76243
76248
76254
76282
76286
76292
76305
76316
76319
76319
76319
76325
76364
76378
76380
76387
76391
76403
76403
76415
76458
76472
76496
76519
76531
76533
76536
76546
76562
76570
76591
76608
76609
76628
76636
76646
76655
76658
76661
76681
76694
76709
76742
76748
76748
76752
76773
76774
76776
76787
76805
76818
76821
76847
76855
76857
76869
76874
76896
76922
76923
76932
76950
76966
76974
77019
77019
77022
77037
77051
77061
77068
77070
77077
77080
77092
77104
77111
77116
77117
77120
77139
77172
77185
77187
77196
77215
77226
77229
77231
77233
77233
77249
77254
77257
77259
77261
77264
77301
77307
77314
77331
77374
77374
77378
77384
77385
77389
77393
77402
77428
77437
77467
77471
77478
77488
77500
77504
77522
77522
77529
77531
77533
77538
77542
77549
77551
77557
77558
77564
77565
77575
77582
77606
77609
77621
77622
77626
77649
77649
77682
77688
77726
77731
77733
77740
77753
77756
77778
77807
77809
77823
77828
77836
77838
77847
77849
77850
77860
77879
77880
77897
77915
77921
77938
77943
77949
77951
77958
77962
77965
77968
77984
78004
78051
78055
78076
78078
78093
78101
78104
78105
78123
78123
78140
78147
78180
78190
78192
78199
78202
78207
78239
78240
78253
78263
78265
78267
78280
78307
78312
78325
78340
78356
78402
78414
78418
78420
78421
78452
78466
78471
78498
78502
78515
78521
78526
78533
78535
78549
78551
78553
78554
78556
78557
78565
78566
78571
78571
78584
78602
78606
78611
78617
78629
78657
78658
78687
78705
78721
78726
78731
78733
78738
78740
78745
78749
78754
78767
78772
78775
78789
78794
78795
78800
78803
78812
78818
78830
78833
78835
78838
78850
78873
78885
78890
78892
78894
78899
78918
78925
78926
78927
78927
78939
78943
78949
78953
78955
78958
78965
78970
78975
78984
79026
79046
79056
79058
79060
79070
79071
79072
79085
79135
79147
79158
79178
79212
79214
79214
79215
79226
79240
79242
79246
79273
79286
79304
79321
79330
79335
79347
79352
79352
79364
79384
79392
79415
79420
79430
79446
79452
79461
79462
79499
79502
79530
79540
79546
79550
79556
79577
79595
79609
79626
79637
79639
79640
79640
79652
79653
79658
79661
79669
79676
79681
79684
79690
79694
79702
79705
79707
79713
79714
79720
79754
79759
79759
79765
79776
79784
79791
79797
79807
79814
79818
79823
79826
79832
79843
79844
79847
79848
79850
79865
79877
79898
79907
79921
79929
79937
79940
79942
79944
79952
79965
79968
79982
79985
79994
79999
80022
80037
80046
80048
80052
80057
80059
80106
80152
80157
80191
80208
80217
80226
80230
80251
80269
80281
80288
80291
80296
80307
80309
80312
80321
80343
80354
80357
80364
80368
80385
80395
80396
80408
80418
80426
80449
80472
80482
80485
80506
80519
80527
80530
80533
80537
80542
80581
80603
80614
80620
80621
80629
80636
80638
80639
80676
80685
80686
80692
80692
80714
80717
80727
80742
80744
80745
80763
80765
80773
80775
80776
80782
80804
80807
80822
80838
80856
80861
80876
80882
80907
80909
80926
80928
80930
80938
80954
80971
80988
80999
81010
81018
81035
81063
81073
81086
81088
81119
81120
81133
81148
81191
81216
81216
81217
81218
81236
81239
81252
81275
81294
81297
81334
81335
81346
81362
81377
81384
81405
81406
81417
81421
81442
81457
81459
81488
81493
81509
81511
81565
81567
81575
81580
81585
81617
81621
81655
81665
81668
81672
81673
81673
81673
81678
81681
81688
81689
81704
81725
81727
81730
81731
81750
81758
81760
81764
81777
81782
81788
81790
81792
81804
81820
81822
81827
81828
81836
81838
81838
81871
81882
81886
81900
81902
81935
81940
81954
81965
81970
81980
82011
82026
82039
82055
82067
82076
82079
82088
82089
82091
82120
82159
82166
82170
82172
82190
82195
82201
82224
82235
82238
82247
82262
82264
82264
82266
82284
82328
82349
82357
82358
82385
82385
82401
82402
82403
82428
82430
82431
82440
82451
82451
82458
82475
82476
82484
82486
82498
82511
82531
82535
82540
82540
82541
82572
82582
82603
82622
82629
82630
82639
82640
82659
82667
82673
82681
82703
82705
82716
82720
82739
82755
82756
82760
82760
82763
82781
82786
82789
82804
82804
82812
82854
82855
82871
82877
82907
82911
82927
82939
82946
82948
82960
82973
82980
82994
83013
83039
83043
83085
83088
83102
83106
83126
83137
83153
83217
83220
83223
83240
83245
83295
83299
83305
83306
83311
83324
83337
83340
83345
83347
83352
83356
83358
83402
83408
83429
83434
83444
83454
83454
83458
83468
83500
83508
83509
83516
83524
83528
83532
83556
83561
83566
83588
83589
83594
83595
83595
83606
83614
83627
83632
83649
83658
83660
83687
83699
83699
83707
83729
83731
83750
83765
83765
83767
83781
83791
83800
83816
83825
83849
83908
83918
83928
83939
83945
83954
83979
84042
84045
84056
84061
84073
84092
84093
84114
84138
84160
84193
84208
84209
84213
84229
84235
84244
84271
84289
84294
84304
84305
84323
84323
84324
84326
84338
84340
84343
84344
84346
84348
84361
84368
84395
84401
84410
84419
84423
84434
84437
84452
84455
84455
84471
84499
84508
84510
84525
84541
84584
84602
84621
84630
84657
84664
84666
84673
84685
84686
84687
84718
84718
84761
84767
84781
84795
84828
84842
84849
84863
84883
84888
84909
84927
84936
84942
84950
84952
84955
84961
84963
84985
84987
85002
85007
85032
85035
85038
85047
85065
85092
85102
85133
85161
85174
85211
85214
85220
85241
85254
85271
85274
85284
85301
85301
85301
85323
85325
85328
85390
85393
85407
85408
85429
85479
85551
85551
85564
85572
85583
85587
85591
85595
85609
85618
85631
85648
85666
85680
85680
85683
85706
85707
85733
85739
85743
85747
85766
85766
85780
85783
85793
85796
85805
85822
85839
85842
85843
85844
85845
85857
85857
85863
85892
85893
85896
85900
85907
85912
85912
85922
85930
85946
85951
85952
85957
85957
85971
85978
85987
85993
85998
86017
86038
86044
86050
86062
86063
86073
86080
86098
86128
86131
86138
86141
86152
86154
86177
86178
86180
86188
86204
86212
86223
86230
86239
86248
86251
86279
86283
86289
86304
86306
86327
86334
86341
86352
86382
86389
86401
86428
86437
86457
86463
86464
86487
86493
86495
86500
86505
86530
86539
86541
86548
86554
86574
86575
86577
86578
86612
86642
86653
86666
86686
86702
86703
86720
86728
86747
86753
86764
86765
86777
86792
86798
86798
86806
86814
86835
86848
86849
86864
86865
86876
86877
86880
86891
86910
86928
86941
86944
86946
86964
86975
86978
86980
86983
86985
86993
86996
87002
87005
87013
87056
87060
87065
87086
87086
87090
87106
87124
87125
87130
87140
87153
87154
87158
87169
87170
87173
87185
87187
87192
87201
87216
87238
87248
87259
87259
87264
87283
87285
87300
87303
87311
87324
87324
87339
87364
87387
87390
87403
87420
87428
87437
87440
87444
87449
87461
87461
87466
87472
87493
87504
87504
87518
87520
87525
87526
87533
87560
87564
87571
87582
87583
87584
87590
87592
87601
87602
87606
87608
87612
87613
87614
87618
87624
87627
87628
87655
87664
87670
87680
87699
87714
87726
87738
87752
87776
87780
87784
87808
87821
87825
87835
87839
87843
87849
87873
87883
87892
87911
87919
87926
87932
87941
87945
87957
87996
88006
88034
88036
88045
88049
88056
88061
88063
88064
88076
88104
88115
88126
88127
88128
88146
88148
88181
88189
88195
88205
88207
88219
88244
88245
88263
88266
88270
88274
88288
88325
88341
88366
88367
88369
88379
88384
88397
88418
88472
88476
88483
88515
88529
88552
88563
88573
88579
88592
88608
88612
88613
88627
88633
88666
88677
88685
88686
88692
88696
88727
88745
88745
88750
88758
88758
88760
88768
88821
88841
88867
88868
88876
88880
88881
88900
88906
88908
88916
88918
88920
88950
88958
88972
88979
89000
89003
89010
89015
89033
89042
89050
89055
89059
89064
89071
89079
89099
89119
89155
89157
89158
89161
89172
89201
89204
89206
89209
89209
89229
89234
89253
89263
89264
89266
89270
89277
89280
89281
89281
89281
89287
89291
89293
89310
89319
89327
89339
89344
89354
89368
89370
89370
89385
89410
89416
89443
89448
89459
89465
89476
89497
89508
89515
89530
89547
89548
89577
89585
89600
89639
89643
89644
89652
89654
89657
89662
89670
89671
89687
89744
89751
89756
89756
89768
89769
89773
89782
89789
89804
89807
89828
89828
89841
89842
89869
89882
89887
89889
89891
89904
89916
89918
89927
89940
89947
89950
89958
89960
89992
89997
89997
90009
90026
90042
90043
90049
90049
90066
90076
90082
90102
90113
90122
90148
90150
90158
90165
90196
90196
90199
90202
90204
90234
90262
90273
90284
90291
90292
90328
90332
90344
90345
90355
90362
90383
90383
90387
90407
90407
90418
90440
90463
90469
90471
90492
90493
90500
90502
90527
90536
90544
90558
90565
90591
90593
90604
90612
90625
90626
90638
90643
90647
90648
90664
90669
90690
90691
90725
90729
90758
90759
90760
90762
90773
90782
90786
90799
90800
90812
90823
90843
90870
90870
90883
90888
90891
90909
90932
90941
90956
90981
90994
91006
91025
91042
91044
91075
91083
91091
91094
91096
91102
91116
91121
91138
91148
91152
91152
91156
91162
91172
91187
91194
91205
91212
91222
91229
91238
91246
91256
91271
91280
91281
91288
91299
91309
91317
91319
91328
91349
91363
91363
91369
91385
91389
91409
91418
91429
91435
91448
91466
91472
91482
91504
91506
91515
91516
91523
91549
91554
91574
91601
91607
91611
91615
91634
91641
91644
91677
91693
91699
91700
91715
91723
91737
91741
91753
91754
91761
91772
91795
91808
91811
91818
91822
91825
91837
91859
91880
91902
91910
91922
91935
91947
91956
91959
91969
92006
92009
92017
92017
92021
92049
92067
92074
92077
92092
92093
92093
92123
92127
92137
92160
92162
92179
92195
92205
92236
92239
92255
92263
92265
92269
92270
92273
92290
92312
92335
92337
92338
92340
92344
92346
92352
92366
92374
92390
92392
92405
92417
92425
92435
92448
92456
92462
92468
92475
92479
92488
92503
92504
92506
92549
92591
92594
92610
92624
92625
92628
92640
92692
92710
92710
92723
92750
92753
92753
92758
92761
92785
92790
92802
92808
92830
92837
92875
92876
92889
92895
92896
92908
92911
92929
92943
92963
92963
92963
92972
92998
92999
93002
93010
93011
93012
93018
93049
93049
93051
93066
93067
93080
93087
93097
93102
93112
93114
93123
93134
93148
93162
93163
93171
93198
93198
93202
93218
93241
93241
93257
93274
93281
93289
93291
93291
93295
93305
93308
93354
93355
93362
93365
93367
93381
93384
93417
93433
93451
93454
93472
93476
93480
93487
93487
93498
93528
93529
93534
93540
93571
93577
93579
93583
93605
93605
93606
93617
93619
93633
93637
93645
93646
93646
93651
93666
93667
93678
93688
93689
93691
93707
93714
93718
93741
93755
93761
93771
93783
93786
93790
93805
93807
93819
93821
93838
93847
93847
93851
93867
93871
93892
93894
93895
93897
93926
93934
93934
93946
93952
93963
93966
93966
93968
93977
93999
94011
94014
94021
94032
94044
94049
94053
94067
94076
94094
94100
94101
94131
94138
94150
94166
94205
94206
94211
94232
94242
94247
94251
94284
94291
94298
94321
94324
94327
94338
94366
94383
94400
94402
94409
94414
94437
94440
94442
94443
94448
94477
94481
94505
94539
94547
94566
94571
94592
94609
94613
94621
94635
94641
94654
94657
94663
94671
94692
94704
94709
94724
94728
94729
94737
94761
94783
94788
94832
94835
94850
94860
94865
94887
94888
94891
94893
94902
94907
94908
94911
94922
94923
94923
94954
94963
94969
94992
95010
95011
95031
95035
95035
95045
95049
95054
95068
95068
95076
95079
95094
95095
95104
95111
95121
95127
95139
95149
95161
95168
95170
95176
95186
95198
95202
95203
95207
95213
95236
95252
95270
95271
95279
95283
95286
95288
95291
95297
95308
95336
95340
95342
95342
95345
95347
95359
95363
95365
95371
95380
95410
95425
95432
95440
95451
95453
95496
95503
95509
95511
95569
95580
95581
95582
95584
95606
95612
95614
95626
95630
95632
95637
95642
95656
95665
95701
95703
95709
95710
95725
95729
95734
95741
95746
95752
95754
95762
95769
95791
95808
95826
95830
95835
95839
95845
95859
95868
95870
95876
95882
95899
95913
95920
95943
95961
95964
95971
95976
96005
96013
96018
96030
96056
96058
96097
96098
96103
96107
96111
96127
96151
96153
96155
96172
96200
96207
96209
96212
96220
96229
96231
96238
96248
96249
96254
96255
96269
96279
96281
96287
96311
96358
96364
96367
96375
96378
96380
96385
96404
96425
96431
96433
96437
96448
96475
96494
96494
96497
96533
96533
96539
96547
96598
96621
96629
96639
96642
96643
96646
96647
96651
96665
96679
96683
96685
96691
96693
96713
96740
96756
96772
96812
96816
96819
96821
96837
96840
96853
96864
96870
96875
96877
96885
96899
96901
96902
96904
96906
96912
96914
96926
96926
96939
96950
96985
97003
97005
97024
97031
97045
97046
97086
97087
97106
97121
97122
97129
97129
97132
97151
97172
97181
97182
97207
97208
97222
97225
97237
97267
97268
97271
97288
97315
97320
97320
97354
97354
97383
97384
97391
97400
97421
97426
97468
97494
97496
97503
97514
97514
97526
97548
97548
97564
97582
97583
97602
97604
97619
97620
97624
97643
97643
97655
97656
97659
97702
97708
97708
97710
97726
97728
97732
97745
97760
97760
97783
97789
97791
97801
97803
97806
97821
97824
97831
97831
97858
97865
97881
97886
97904
97910
97913
97915
97928
97980
97985
97990
97991
97992
98027
98038
98054
98060
98061
98062
98080
98096
98103
98107
98117
98129
98155
98161
98165
98175
98182
98193
98194
98209
98211
98214
98215
98223
98226
98264
98270
98283
98294
98305
98320
98323
98342
98347
98363
98367
98370
98376
98392
98395
98408
98416
98416
98421
98445
98458
98481
98482
98520
98547
98570
98584
98586
98588
98590
98605
98627
98632
98637
98645
98663
98683
98707
98737
98738
98751
98754
98757
98761
98787
98788
98805
98818
98826
98830
98834
98836
98848
98850
98856
98856
98858
98870
98879
98881
98904
98911
98912
98917
98942
98956
98957
98976
98992
98992
99000
99007
99029
99039
99056
99077
99080
99086
99116
99124
99130
99146
99157
99180
99185
99199
99202
99213
99237
99241
99249
99267
99278
99281
99285
99292
99312
99322
99333
99334
99355
99367
99403
99412
99414
99424
99462
99463
99495
99505
99508
99537
99547
99565
99567
99579
99589
99601
99603
99611
99626
99631
99638
99647
99653
99654
99656
99660
99675
99690
99703
99706
99710
99715
99722
99732
99748
99750
99753
99759
99765
99822
99832
99851
99858
99860
99861
99871
99876
99883
99891
99892
99896
99902
99917
99934
99966
99986
99988
99990
