6
6
24
38
48
71
74
75
80
84
91
99
103
105
119
120
123
132
140
152
165
167
168
168
173
174
174
203
217
220
222
223
233
236
251
270
274
278
282
287
297
303
311
328
338
344
355
366
370
371
372
373
378
385
390
391
392
405
406
424
450
453
455
455
457
479
490
498
500
520
534
537
538
558
577
596
625
629
632
651
664
664
668
673
673
679
690
696
708
777
786
787
790
800
805
809
818
819
834
835
862
867
878
900
901
903
913
914
918
928
932
951
962
968
975
993
1008
1019
1032
1034
1034
1042
1044
1045
1054
1072
1075
1092
1124
1133
1141
1181
1184
1187
1191
1223
1224
1225
1252
1252
1261
1264
1278
1280
1280
1281
1305
1306
1306
1316
1317
1358
1360
1376
1383
1392
1413
1420
1450
1462
1496
1497
1507
1552
1553
1561
1567
1567
1585
1586
1615
1624
1624
1628
1629
1663
1671
1677
1677
1678
1686
1687
1709
1717
1718
1731
1733
1739
1762
1770
1773
1777
1786
1793
1797
1808
1810
1819
1821
1833
1848
1848
1857
1866
1867
1871
1882
1884
1889
1917
1920
1928
1950
1969
1975
1996
2003
2003
2005
2018
2019
2022
2032
2039
2041
2094
2101
2111
2117
2136
2146
2161
2183
2187
2211
2223
2242
2245
2261
2279
2293
2317
2328
2346
2356
2369
2371
2373
2390
2406
2409
2427
2441
2442
2444
2447
2448
2449
2452
2484
2502
2521
2529
2534
2537
2544
2553
2553
2561
2561
2562
2570
2572
2578
2580
2582
2595
2605
2617
2619
2621
2625
2647
2655
2660
2661
2663
2665
2671
2680
2686
2698
2699
2701
2711
2722
2723
2737
2744
2756
2762
2767
2795
2833
2839
2841
2841
2852
2864
2898
2921
2921
2922
2928
2929
2930
2978
2983
2986
2997
2997
3000
3022
3036
3056
3076
3079
3140
3143
3149
3173
3195
3200
3207
3231
3243
3252
3275
3286
3287
3290
3313
3317
3332
3339
3344
3379
3394
3396
3419
3429
3431
3437
3439
3452
3456
3465
3486
3489
3498
3501
3515
3519
3530
3532
3532
3537
3538
3540
3541
3543
3558
3568
3572
3573
3584
3611
3612
3635
3644
3645
3648
3655
3661
3667
3672
3680
3691
3718
3720
3743
3745
3746
3752
3754
3768
3783
3786
3821
3821
3840
3844
3847
3848
3850
3853
3907
3926
3951
3961
3964
3973
3974
3984
3991
3994
3994
3999
4001
4003
4011
4017
4019
4024
4053
4059
4077
4089
4107
4129
4131
4147
4148
4153
4175
4177
4178
4200
4231
4231
4233
4236
4236
4256
4257
4262
4272
4277
4291
4296
4300
4312
4316
4343
4343
4345
4356
4359
4380
4390
4396
4398
4400
4406
4410
4422
4428
4444
4455
4455
4461
4462
4474
4481
4483
4485
4497
4515
4541
4559
4588
4606
4607
4610
4614
4618
4620
4625
4626
4629
4632
4670
4707
4708
4722
4728
4735
4750
4755
4758
4765
4771
4771
4774
4788
4799
4802
4816
4825
4834
4835
4841
4842
4851
4876
4908
4921
4921
4934
4947
4948
4953
4976
4980
4983
4983
4990
4996
5021
5078
5102
5113
5113
5117
5133
5140
5145
5155
5158
5163
5165
5166
5169
5180
5189
5190
5192
5205
5228
5234
5238
5238
5245
5245
5249
5270
5280
5283
5285
5291
5308
5317
5325
5326
5337
5348
5366
5368
5374
5408
5409
5410
5411
5412
5421
5422
5430
5450
5458
5464
5473
5475
5486
5489
5492
5534
5540
5542
5543
5551
5554
5554
5574
5579
5580
5581
5597
5613
5617
5618
5626
5648
5654
5663
5665
5666
5672
5673
5686
5701
5702
5711
5714
5714
5729
5744
5766
5769
5777
5780
5809
5833
5839
5841
5850
5869
5879
5880
5893
5897
5906
5911
5921
5924
5947
5950
5958
5961
5983
5990
6007
6012
6019
6021
6046
6052
6057
6072
6077
6086
6092
6107
6114
6142
6158
6163
6185
6199
6202
6203
6208
6210
6218
6243
6249
6250
6258
6266
6277
6281
6284
6291
6305
6316
6321
6330
6333
6366
6369
6378
6391
6396
6403
6417
6421
6432
6443
6454
6455
6459
6460
6470
6486
6494
6512
6514
6538
6542
6551
6564
6605
6631
6639
6646
6656
6663
6664
6680
6706
6722
6738
6770
6774
6781
6788
6823
6843
6844
6852
6857
6871
6904
6928
6942
6956
6958
6972
6997
7005
7014
7025
7036
7046
7063
7079
7080
7084
7086
7087
7101
7111
7139
7141
7142
7151
7158
7168
7170
7171
7174
7189
7208
7213
7214
7215
7227
7250
7251
7297
7311
7322
7354
7428
7447
7454
7468
7477
7477
7484
7492
7503
7504
7518
7553
7561
7569
7571
7571
7590
7598
7617
7622
7626
7652
7668
7689
7711
7727
7729
7737
7748
7755
7787
7819
7825
7831
7833
7844
7858
7872
7908
7908
7917
7935
7938
7941
7942
7964
7972
7973
7976
7990
7992
7999
8002
8003
8012
8017
8026
8043
8050
8052
8054
8061
8064
8099
8105
8124
8127
8129
8129
8132
8138
8138
8145
8161
8164
8193
8196
8200
8200
8223
8242
8252
8256
8262
8263
8268
8272
8273
8275
8276
8281
8286
8301
8305
8309
8320
8331
8346
8348
8382
8392
8400
8404
8427
8437
8442
8457
8475
8476
8484
8501
8551
8560
8571
8587
8607
8610
8615
8622
8625
8641
8646
8671
8675
8680
8683
8696
8704
8706
8721
8725
8728
8730
8735
8741
8761
8766
8772
8784
8790
8811
8823
8830
8831
8836
8844
8851
8857
8861
8865
8877
8877
8881
8885
8891
8907
8914
8919
8922
8943
8970
8981
8986
8990
9002
9027
9036
9044
9047
9048
9080
9080
9086
9115
9116
9146
9149
9164
9166
9193
9196
9216
9219
9221
9233
9235
9252
9253
9253
9256
9267
9298
9299
9302
9310
9327
9329
9340
9348
9350
9368
9378
9397
9400
9402
9404
9445
9447
9457
9459
9479
9492
9502
9508
9514
9528
9529
9538
9569
9582
9622
9623
9628
9636
9691
9704
9706
9708
9713
9719
9726
9731
9731
9732
9755
9755
9764
9787
9789
9796
9824
9829
9830
9837
9840
9848
9863
9908
9930
9936
9965
9971
9971
9977
9980
9986
9992
10015
10016
10023
10059
10063
10064
10072
10074
10077
10078
10081
10095
10107
10125
10174
10182
10184
10189
10192
10199
10201
10211
10215
10218
10235
10237
10240
10262
10276
10279
10323
10328
10330
10330
10331
10375
10380
10396
10401
10406
10407
10432
10434
10465
10468
10471
10472
10473
10473
10476
10499
10506
10510
10516
10523
10530
10543
10545
10567
10579
10582
10594
10594
10618
10626
10642
10647
10648
10656
10663
10666
10669
10692
10695
10698
10708
10719
10728
10734
10743
10744
10746
10750
10770
10786
10794
10808
10819
10842
10876
10878
10881
10893
10895
10897
10901
10911
10925
10927
10930
10977
10985
10998
11000
11008
11024
11026
11034
11053
11057
11118
11119
11147
11165
11183
11191
11217
11219
11229
11250
11258
11259
11284
11290
11291
11292
11295
11297
11305
11305
11316
11326
11334
11345
11364
11374
11392
11396
11397
11435
11441
11442
11450
11455
11476
11484
11500
11503
11521
11528
11530
11537
11542
11551
11564
11575
11578
11600
11622
11625
11629
11634
11638
11644
11659
11663
11672
11682
11686
11704
11709
11709
11718
11730
11730
11738
11751
11759
11761
11762
11770
11772
11777
11828
11832
11834
11844
11851
11852
11861
11864
11876
11878
11887
11887
11915
11932
11938
11949
11961
11976
11996
12003
12014
12032
12052
12054
12073
12074
12080
12087
12087
12089
12093
12106
12107
12109
12144
12154
12155
12157
12160
12179
12182
12189
12192
12209
12227
12231
12236
12239
12242
12246
12246
12279
12293
12295
12295
12297
12297
12302
12313
12324
12333
12336
12348
12349
12360
12365
12369
12383
12384
12386
12386
12397
12399
12403
12426
12427
12435
12451
12463
12467
12480
12483
12487
12488
12488
12498
12501
12524
12539
12544
12546
12553
12570
12579
12592
12607
12619
12625
12640
12641
12650
12652
12684
12687
12692
12694
12699
12709
12732
12733
12733
12737
12754
12758
12767
12770
12770
12780
12782
12800
12806
12810
12823
12853
12870
12929
12932
12942
12944
12950
12951
12979
13014
13020
13044
13052
13054
13060
13071
13081
13084
13104
13106
13111
13127
13128
13135
13148
13196
13204
13216
13240
13257
13274
13301
13307
13310
13338
13339
13342
13349
13352
13377
13389
13395
13431
13432
13448
13450
13475
13491
13491
13494
13495
13507
13524
13533
13538
13541
13550
13565
13584
13591
13642
13654
13658
13673
13698
13707
13720
13727
13731
13760
13762
13793
13803
13803
13807
13809
13823
13828
13835
13837
13841
13847
13862
13871
13880
13901
13935
13944
13948
13952
13954
13961
13965
13971
13971
13972
13984
13985
13995
14002
14006
14016
14016
14024
14044
14064
14081
14082
14108
14120
14124
14127
14146
14147
14148
14149
14163
14171
14173
14180
14181
14188
14196
14197
14211
14228
14231
14232
14268
14269
14273
14304
14304
14312
14335
14336
14342
14343
14344
14373
14385
14402
14418
14423
14424
14448
14468
14474
14481
14483
14513
14514
14522
14527
14531
14533
14537
14548
14566
14569
14583
14585
14592
14625
14634
14640
14643
14649
14656
14656
14660
14661
14680
14685
14687
14690
14697
14791
14803
14806
14807
14812
14815
14821
14827
14829
14842
14866
14873
14905
14910
14913
14934
14938
14941
14955
14966
14967
14968
14971
14992
15000
15002
15013
15028
15031
15034
15035
15059
15059
15064
15094
15095
15104
15108
15110
15111
15115
15123
15135
15143
15151
15157
15212
15222
15267
15282
15315
15318
15329
15344
15365
15366
15366
15372
15387
15405
15420
15421
15427
15439
15441
15451
15452
15462
15482
15488
15509
15515
15528
15541
15545
15582
15586
15590
15600
15611
15617
15623
15631
15640
15643
15653
15656
15666
15676
15698
15709
15718
15721
15746
15756
15784
15788
15801
15809
15813
15818
15820
15821
15826
15844
15870
15875
15875
15896
15901
15904
15905
15907
15914
15927
15934
15943
15948
15949
15960
15961
15980
15996
16010
16013
16062
16065
16067
16075
16081
16084
16097
16099
16117
16117
16166
16169
16185
16194
16201
16228
16232
16236
16254
16255
16262
16263
16267
16276
16284
16291
16327
16339
16351
16357
16358
16363
16365
16371
16376
16383
16395
16396
16404
16405
16421
16424
16426
16437
16438
16442
16455
16460
16469
16488
16501
16522
16525
16530
16532
16553
16567
16581
16589
16596
16598
16615
16638
16640
16656
16660
16662
16662
16678
16679
16680
16693
16702
16711
16720
16743
16749
16760
16766
16768
16771
16794
16824
16850
16857
16872
16872
16884
16902
16908
16921
16921
16968
16968
16975
16993
16994
17015
17024
17044
17047
17047
17052
17075
17076
17079
17081
17087
17096
17130
17140
17144
17153
17154
17165
17169
17175
17179
17180
17189
17192
17198
17205
17208
17212
17219
17233
17240
17250
17268
17278
17306
17307
17323
17344
17362
17366
17386
17392
17396
17401
17424
17433
17435
17436
17484
17504
17505
17507
17518
17520
17529
17543
17550
17556
17569
17600
17602
17621
17642
17643
17653
17659
17666
17668
17676
17681
17693
17694
17700
17728
17731
17757
17782
17789
17791
17798
17798
17803
17806
17831
17832
17843
17843
17850
17859
17881
17884
17928
17930
17930
17938
17952
17966
17976
17977
17980
17983
17993
17996
18016
18020
18020
18038
18055
18060
18065
18067
18104
18142
18145
18149
18157
18159
18172
18193
18202
18234
18237
18239
18256
18257
18267
18272
18277
18282
18282
18282
18311
18324
18331
18350
18353
18362
18371
18382
18385
18386
18403
18406
18414
18437
18440
18445
18448
18448
18454
18454
18460
18468
18475
18482
18538
18543
18553
18565
18572
18590
18631
18636
18648
18657
18670
18671
18681
18705
18710
18715
18731
18747
18749
18758
18768
18771
18783
18792
18820
18823
18832
18839
18842
18845
18855
18862
18867
18870
18879
18884
18899
18907
18918
18923
18925
18926
18951
18977
18987
18989
18989
19043
19050
19060
19063
19073
19075
19080
19085
19086
19098
19102
19109
19121
19132
19133
19150
19158
19172
19184
19199
19203
19223
19224
19241
19250
19265
19269
19291
19296
19300
19310
19328
19331
19333
19341
19344
19348
19352
19353
19356
19375
19379
19380
19382
19395
19405
19408
19431
19433
19442
19456
19457
19475
19509
19514
19515
19516
19552
19553
19553
19554
19584
19591
19593
19596
19630
19634
19642
19648
19651
19661
19661
19663
19670
19685
19701
19703
19716
19736
19742
19748
19753
19770
19771
19775
19781
19797
19808
19810
19830
19835
19836
19840
19843
19849
19850
19876
19881
19883
19920
19922
19923
19924
19954
19970
19977
19984
20009
20014
20018
20031
20031
20036
20049
20054
20057
20107
20121
20169
20171
20185
20190
20200
20201
20212
20214
20236
20246
20251
20266
20282
20300
20301
20302
20306
20313
20317
20339
20339
20341
20343
20344
20351
20355
20370
20372
20391
20397
20413
20426
20427
20435
20444
20447
20454
20456
20487
20489
20498
20517
20519
20527
20529
20541
20552
20567
20569
20583
20589
20597
20603
20604
20620
20625
20627
20653
20659
20673
20675
20689
20693
20703
20711
20723
20724
20730
20733
20750
20759
20763
20770
20774
20803
20810
20810
20814
20820
20821
20837
20839
20840
20864
20867
20890
20910
20918
20937
20942
20959
20960
20962
20973
20974
20974
20978
21004
21012
21019
21022
21028
21080
21089
21090
21098
21112
21123
21134
21140
21156
21165
21183
21183
21194
21201
21225
21230
21231
21253
21278
21284
21289
21314
21324
21326
21356
21368
21376
21380
21390
21390
21391
21400
21417
21466
21471
21529
21578
21581
21598
21609
21609
21618
21632
21645
21652
21655
21658
21666
21677
21699
21699
21703
21714
21715
21722
21762
21763
21763
21795
21815
21828
21829
21844
21847
21862
21882
21886
21890
21915
21917
21931
21938
21944
21957
21973
21984
22002
22012
22017
22019
22021
22029
22039
22047
22054
22070
22073
22074
22082
22098
22104
22112
22121
22124
22148
22171
22174
22175
22191
22194
22202
22212
22216
22229
22248
22248
22253
22288
22308
22323
22327
22329
22367
22395
22416
22421
22441
22445
22453
22454
22462
22469
22473
22476
22490
22492
22509
22521
22535
22540
22545
22554
22555
22583
22590
22600
22603
22620
22632
22638
22648
22666
22691
22717
22725
22738
22766
22791
22830
22856
22862
22926
22937
22939
22944
22949
22951
22952
22963
22975
22977
22984
22986
22987
22995
22999
23003
23012
23015
23021
23026
23029
23038
23068
23074
23119
23122
23123
23124
23142
23151
23167
23180
23180
23184
23201
23216
23239
23244
23246
23268
23279
23286
23314
23315
23317
23320
23322
23327
23336
23342
23347
23364
23386
23394
23406
23420
23426
23437
23457
23490
23498
23499
23501
23520
23533
23536
23544
23551
23562
23569
23569
23577
23578
23584
23596
23603
23612
23620
23636
23642
23664
23671
23675
23693
23710
23713
23717
23722
23735
23752
23754
23772
23781
23784
23791
23800
23800
23818
23825
23831
23836
23867
23893
23898
23904
23913
23928
23936
23946
23956
23959
23961
23969
23973
23976
23982
23994
23998
24028
24062
24066
24086
24103
24110
24118
24125
24139
24159
24176
24228
24230
24231
24243
24247
24249
24259
24317
24325
24340
24365
24367
24372
24380
24397
24406
24410
24429
24436
24438
24440
24459
24464
24465
24466
24468
24479
24482
24486
24489
24501
24513
24530
24531
24532
24535
24535
24556
24556
24562
24575
24583
24592
24600
24614
24615
24626
24634
24643
24667
24673
24688
24689
24706
24710
24716
24720
24721
24726
24752
24755
24758
24764
24785
24796
24805
24812
24814
24819
24825
24825
24831
24854
24858
24866
24870
24897
24902
24904
24918
24920
24940
24942
24950
24969
25046
25079
25093
25095
25097
25121
25126
25134
25186
25193
25196
25214
25221
25226
25227
25228
25246
25256
25263
25264
25283
25285
25290
25294
25295
25299
25303
25308
25311
25312
25314
25340
25345
25355
25373
25432
25452
25470
25471
25472
25509
25514
25515
25517
25517
25525
25528
25535
25536
25551
25556
25567
25614
25617
25625
25639
25640
25643
25668
25669
25688
25707
25709
25710
25712
25712
25713
25741
25741
25751
25752
25753
25773
25783
25787
25812
25820
25831
25838
25839
25862
25883
25900
25910
25913
25913
25915
25916
25924
25930
25935
25974
25978
25982
25995
26000
26010
26016
26037
26051
26057
26058
26068
26069
26093
26103
26110
26120
26131
26138
26143
26144
26159
26163
26168
26174
26186
26190
26202
26221
26236
26245
26253
26260
26274
26283
26286
26301
26311
26324
26340
26341
26345
26346
26359
26384
26387
26417
26452
26471
26473
26477
26479
26483
26494
26501
26507
26534
26545
26555
26561
26566
26569
26574
26577
26578
26597
26629
26654
26662
26690
26699
26715
26725
26732
26736
26742
26745
26751
26769
26776
26803
26820
26840
26850
26861
26871
26872
26876
26884
26905
26917
26927
26940
26948
26950
26962
26967
26986
26993
26997
27007
27012
27018
27061
27070
27072
27073
27074
27080
27098
27100
27119
27129
27138
27147
27158
27158
27176
27177
27225
27265
27279
27296
27298
27300
27302
27304
27313
27350
27358
27362
27362
27363
27369
27381
27415
27422
27427
27427
27448
27455
27465
27480
27487
27500
27500
27507
27508
27527
27536
27538
27557
27565
27568
27569
27572
27574
27575
27577
27581
27587
27600
27607
27620
27632
27635
27639
27652
27664
27688
27691
27695
27726
27729
27744
27753
27753
27771
27781
27820
27849
27851
27855
27874
27875
27881
27891
27915
27915
27917
27924
27924
27942
27954
27958
27963
27988
27988
28018
28030
28052
28053
28057
28060
28063
28069
28077
28080
28089
28093
28095
28135
28139
28140
28143
28144
28157
28160
28164
28165
28227
28230
28246
28275
28275
28279
28312
28315
28316
28319
28327
28341
28342
28368
28375
28378
28380
28402
28409
28410
28414
28422
28427
28430
28437
28451
28452
28459
28467
28497
28510
28519
28527
28532
28538
28540
28546
28567
28575
28575
28598
28617
28618
28637
28640
28644
28651
28681
28689
28694
28695
28697
28724
28728
28730
28745
28769
28779
28795
28797
28818
28844
28851
28859
28878
28889
28895
28919
28932
28937
28938
28942
28950
28950
28951
28951
28962
28977
29003
29009
29013
29032
29038
29054
29056
29066
29079
29083
29118
29118
29124
29153
29169
29171
29171
29176
29177
29180
29190
29195
29203
29209
29209
29210
29210
29238
29246
29248
29253
29263
29280
29283
29298
29301
29303
29303
29322
29344
29345
29374
29379
29382
29394
29411
29432
29437
29454
29461
29462
29465
29477
29487
29494
29502
29509
29521
29528
29534
29542
29547
29551
29557
29563
29582
29591
29604
29632
29661
29666
29679
29682
29687
29702
29706
29718
29719
29720
29724
29733
29744
29754
29761
29811
29813
29819
29826
29832
29834
29836
29843
29845
29853
29872
29883
29907
29915
29915
29925
29926
29944
29951
29957
29970
29982
29983
29993
30036
30036
30044
30046
30048
30051
30057
30058
30091
30091
30098
30105
30106
30138
30139
30145
30148
30151
30152
30159
30162
30164
30183
30188
30221
30242
30250
30251
30272
30299
30326
30329
30338
30340
30342
30351
30353
30355
30357
30365
30367
30376
30386
30394
30397
30426
30428
30432
30442
30442
30454
30454
30457
30465
30512
30523
30563
30574
30577
30579
30581
30590
30594
30603
30607
30625
30632
30649
30650
30657
30662
30667
30677
30685
30692
30698
30700
30712
30718
30721
30736
30742
30780
30805
30815
30820
30826
30844
30863
30865
30875
30876
30896
30898
30948
30950
30953
30956
30983
30986
30999
31000
31003
31008
31015
31024
31031
31032
31044
31049
31056
31062
31067
31076
31080
31083
31092
31106
31118
31128
31142
31152
31162
31163
31201
31217
31227
31261
31266
31279
31286
31289
31297
31308
31310
31319
31321
31321
31327
31342
31351
31365
31366
31372
31378
31408
31421
31428
31448
31456
31458
31462
31465
31474
31486
31490
31491
31497
31516
31522
31522
31527
31539
31542
31548
31569
31592
31592
31618
31658
31675
31680
31684
31705
31715
31724
31755
31763
31769
31787
31807
31810
31834
31867
31876
31896
31899
31906
31924
31946
31950
31990
31997
32003
32012
32021
32026
32028
32044
32062
32072
32076
32092
32107
32108
32113
32113
32143
32147
32154
32161
32164
32167
32168
32170
32178
32188
32196
32206
32212
32212
32214
32221
32222
32226
32236
32251
32264
32271
32271
32272
32276
32280
32283
32285
32289
32309
32326
32330
32345
32372
32377
32389
32392
32394
32400
32410
32436
32439
32460
32465
32467
32480
32484
32521
32542
32548
32552
32557
32563
32564
32575
32581
32583
32623
32645
32646
32648
32648
32656
32664
32675
32675
32676
32684
32702
32720
32741
32755
32766
32770
32770
32781
32789
32790
32792
32794
32795
32801
32805
32818
32823
32826
32829
32835
32836
32844
32915
32929
32936
32948
32956
32973
32978
32988
32992
32999
33000
33008
33012
33025
33027
33039
33040
33066
33067
33072
33079
33121
33138
33140
33141
33149
33155
33177
33179
33197
33197
33200
33202
33204
33204
33209
33210
33219
33238
33241
33243
33251
33258
33262
33263
33272
33275
33297
33317
33318
33338
33340
33353
33353
33354
33363
33400
33423
33446
33463
33473
33483
33483
33492
33496
33504
33515
33529
33544
33558
33558
33563
33569
33572
33589
33593
33614
33630
33634
33648
33658
33690
33701
33702
33731
33742
33744
33754
33758
33764
33783
33791
33826
33829
33832
33836
33840
33868
33870
33891
33895
33899
33927
33938
33950
33967
33968
33987
33997
34001
34007
34010
34043
34054
34064
34069
34081
34085
34086
34087
34099
34103
34129
34134
34148
34161
34189
34189
34205
34208
34214
34221
34224
34233
34236
34239
34245
34252
34264
34264
34269
34311
34314
34327
34372
34373
34377
34387
34404
34416
34419
34424
34431
34501
34507
34511
34519
34520
34527
34551
34556
34559
34561
34562
34567
34571
34579
34581
34593
34603
34607
34612
34620
34621
34623
34624
34634
34645
34654
34656
34668
34683
34687
34696
34696
34702
34706
34710
34715
34726
34726
34736
34750
34760
34769
34793
34795
34795
34799
34810
34810
34815
34818
34823
34832
34845
34845
34850
34852
34862
34868
34877
34902
34907
34912
34913
34926
34926
34943
34945
34954
34959
34960
34981
34991
34999
35000
35014
35022
35027
35043
35044
35060
35062
35070
35076
35103
35103
35108
35131
35139
35176
35182
35197
35199
35203
35209
35238
35241
35244
35268
35280
35284
35293
35294
35306
35306
35314
35314
35315
35329
35379
35390
35395
35396
35405
35432
35434
35443
35457
35462
35473
35484
35486
35489
35498
35517
35525
35526
35530
35533
35536
35538
35548
35549
35552
35559
35564
35588
35590
35599
35611
35617
35624
35624
35631
35634
35636
35638
35646
35655
35656
35681
35683
35684
35690
35705
35719
35737
35750
35752
35761
35774
35791
35794
35796
35804
35805
35819
35837
35841
35869
35876
35877
35877
35884
35888
35890
35917
35919
35925
35926
35934
35941
35944
35957
35971
35990
35996
36007
36022
36027
36037
36042
36043
36050
36065
36067
36071
36075
36084
36087
36092
36094
36099
36142
36155
36183
36184
36185
36197
36235
36244
36253
36253
36257
36261
36293
36299
36315
36321
36322
36327
36338
36339
36351
36353
36373
36375
36385
36403
36405
36408
36421
36423
36443
36451
36463
36469
36490
36513
36548
36549
36550
36551
36569
36574
36577
36591
36596
36615
36634
36634
36638
36640
36650
36661
36665
36676
36708
36715
36742
36744
36754
36757
36774
36783
36790
36792
36794
36799
36801
36819
36822
36830
36833
36843
36846
36857
36862
36884
36901
36907
36910
36912
36917
36940
36940
36954
36961
36971
36972
36996
37015
37031
37034
37040
37044
37048
37054
37063
37074
37095
37100
37108
37109
37124
37132
37144
37152
37164
37164
37171
37179
37183
37188
37197
37199
37205
37207
37209
37229
37229
37236
37250
37259
37265
37268
37294
37322
37332
37341
37345
37353
37368
37377
37384
37399
37414
37431
37433
37457
37471
37473
37475
37501
37502
37510
37528
37533
37534
37555
37568
37581
37585
37609
37610
37613
37614
37621
37644
37666
37677
37698
37707
37716
37725
37729
37734
37745
37747
37748
37757
37766
37792
37794
37822
37823
37834
37840
37851
37859
37893
37904
37905
37916
37926
37928
37938
37939
37943
37972
37981
37987
37987
37993
38011
38039
38044
38084
38100
38107
38110
38129
38139
38140
38142
38154
38160
38182
38184
38186
38188
38191
38192
38199
38204
38234
38253
38254
38256
38259
38265
38266
38295
38312
38317
38331
38355
38357
38361
38367
38369
38409
38411
38413
38417
38438
38442
38443
38448
38453
38467
38468
38469
38474
38491
38495
38496
38498
38500
38507
38520
38528
38542
38542
38548
38548
38548
38553
38554
38560
38580
38589
38601
38609
38611
38620
38636
38641
38661
38676
38681
38682
38690
38704
38705
38716
38732
38736
38777
38778
38828
38830
38833
38834
38837
38842
38845
38850
38873
38889
38893
38903
38913
38914
38920
38921
38933
38934
38962
38965
38976
38980
38984
38985
38995
38998
39001
39018
39052
39068
39080
39081
39091
39091
39092
39098
39101
39113
39148
39167
39170
39197
39202
39210
39217
39231
39241
39244
39255
39276
39313
39316
39342
39342
39353
39356
39357
39367
39393
39394
39408
39414
39449
39457
39457
39477
39512
39519
39531
39539
39564
39575
39579
39580
39580
39586
39589
39595
39603
39606
39606
39607
39633
39636
39640
39640
39644
39647
39647
39653
39675
39685
39686
39705
39711
39722
39726
39757
39773
39776
39783
39795
39803
39807
39810
39844
39848
39854
39867
39881
39882
39897
39918
39922
39924
39934
39944
39953
39973
39982
39990
39991
40010
40021
40036
40038
40040
40055
40081
40086
40104
40108
40128
40134
40144
40177
40210
40214
40229
40246
40249
40261
40262
40273
40289
40346
40346
40356
40375
40376
40401
40414
40426
40440
40440
40440
40445
40461
40461
40462
40472
40486
40494
40499
40500
40506
40507
40515
40518
40524
40529
40530
40544
40552
40558
40559
40560
40574
40578
40585
40601
40612
40616
40642
40655
40666
40668
40671
40692
40702
40704
40727
40728
40730
40740
40747
40752
40757
40776
40868
40882
40884
40906
40908
40911
40913
40932
40941
40944
40947
40958
40959
40959
40987
40998
41006
41027
41033
41055
41078
41083
41097
41098
41122
41134
41140
41147
41159
41161
41175
41176
41179
41183
41189
41196
41202
41220
41226
41231
41239
41242
41254
41260
41271
41275
41285
41286
41291
41295
41309
41330
41331
41357
41372
41377
41393
41432
41454
41468
41477
41489
41502
41547
41568
41589
41596
41598
41608
41622
41638
41640
41648
41651
41658
41665
41670
41679
41687
41723
41732
41745
41748
41752
41757
41762
41762
41781
41785
41792
41794
41799
41809
41810
41811
41830
41860
41863
41865
41872
41875
41882
41897
41910
41929
41931
41932
41938
41984
42031
42054
42062
42066
42098
42099
42104
42105
42105
42109
42111
42119
42134
42141
42150
42151
42173
42203
42213
42216
42227
42242
42246
42279
42283
42284
42290
42292
42294
42298
42314
42317
42318
42325
42351
42354
42381
42394
42407
42408
42431
42434
42435
42437
42448
42449
42453
42474
42476
42502
42505
42512
42527
42552
42578
42580
42589
42593
42606
42610
42630
42659
42673
42699
42699
42722
42729
42732
42742
42753
42766
42791
42813
42832
42839
42865
42874
42878
42880
42883
42887
42893
42897
42907
42908
42913
42923
42947
42949
42952
43011
43037
43042
43046
43058
43065
43096
43105
43107
43107
43119
43122
43130
43139
43139
43152
43155
43180
43183
43191
43206
43207
43210
43218
43243
43245
43245
43271
43273
43278
43284
43287
43288
43306
43313
43316
43320
43323
43330
43337
43338
43348
43350
43361
43374
43396
43401
43403
43409
43434
43444
43451
43453
43458
43490
43498
43509
43509
43510
43510
43511
43512
43516
43525
43535
43540
43541
43550
43562
43565
43567
43585
43596
43597
43611
43612
43658
43680
43706
43709
43719
43720
43724
43739
43753
43767
43770
43770
43777
43778
43778
43792
43819
43832
43862
43880
43906
43915
43926
43927
43946
43948
43952
43972
43974
43991
43997
43998
44019
44023
44046
44049
44055
44072
44080
44099
44112
44116
44119
44138
44141
44146
44149
44154
44159
44163
44186
44196
44210
44217
44229
44233
44238
44240
44240
44244
44245
44256
44268
44278
44283
44286
44310
44315
44317
44327
44342
44351
44356
44379
44380
44384
44391
44408
44409
44413
44414
44446
44447
44452
44455
44458
44458
44478
44478
44482
44532
44533
44534
44550
44581
44590
44609
44613
44629
44651
44658
44662
44669
44670
44676
44678
44682
44691
44702
44729
44730
44731
44743
44756
44758
44806
44813
44817
44831
44835
44842
44842
44844
44861
44869
44869
44888
44902
44904
44913
44932
44946
44955
44993
44995
44998
45006
45013
45024
45028
45049
45051
45061
45093
45104
45115
45117
45126
45137
45139
45185
45186
45189
45196
45200
45221
45228
45232
45232
45235
45243
45251
45252
45259
45269
45271
45275
45276
45282
45285
45289
45304
45307
45319
45335
45335
45341
45342
45349
45350
45358
45368
45374
45387
45391
45403
45408
45411
45428
45437
45456
45459
45460
45466
45470
45487
45501
45501
45510
45510
45522
45527
45533
45534
45535
45564
45573
45578
45589
45613
45615
45630
45639
45640
45642
45651
45665
45681
45708
45723
45724
45735
45757
45775
45787
45796
45799
45802
45839
45848
45855
45873
45874
45880
45882
45883
45887
45892
45896
45898
45904
45909
45911
45913
45971
45978
45985
45986
45986
45998
46023
46038
46045
46050
46080
46085
46097
46107
46114
46121
46121
46138
46149
46162
46169
46181
46189
46206
46208
46235
46235
46262
46278
46282
46299
46302
46306
46311
46317
46325
46358
46365
46381
46384
46393
46397
46399
46409
46415
46425
46426
46446
46450
46477
46482
46509
46526
46529
46536
46547
46548
46559
46573
46575
46590
46594
46597
46598
46610
46623
46625
46625
46627
46656
46669
46704
46711
46716
46734
46759
46769
46769
46773
46799
46845
46858
46861
46866
46877
46908
46937
46943
46962
46977
46978
47043
47044
47051
47064
47065
47070
47075
47093
47113
47122
47123
47127
47145
47150
47177
47178
47179
47210
47222
47240
47243
47249
47284
47310
47314
47318
47320
47325
47326
47340
47352
47354
47356
47366
47370
47376
47381
47382
47384
47406
47412
47422
47431
47435
47451
47460
47491
47492
47517
47519
47562
47565
47593
47595
47609
47614
47624
47644
47681
47682
47721
47729
47755
47756
47777
47787
47792
47818
47819
47822
47833
47838
47840
47840
47850
47853
47866
47884
47892
47927
47933
47939
47943
47950
47950
47951
47954
47956
47969
47976
48017
48032
48041
48074
48076
48093
48094
48108
48114
48122
48141
48141
48145
48148
48155
48182
48189
48208
48208
48209
48218
48225
48230
48232
48237
48242
48244
48250
48265
48268
48290
48303
48307
48309
48329
48330
48342
48350
48350
48362
48366
48373
48374
48398
48406
48406
48407
48413
48424
48432
48442
48452
48455
48496
48523
48529
48538
48556
48561
48565
48568
48570
48579
48581
48596
48605
48605
48610
48622
48625
48632
48660
48670
48698
48705
48708
48715
48740
48754
48769
48772
48774
48777
48791
48802
48803
48805
48830
48832
48836
48837
48900
48949
48949
48992
49012
49036
49041
49059
49070
49076
49086
49091
49107
49120
49120
49132
49156
49157
49184
49207
49216
49228
49233
49251
49252
49264
49278
49294
49313
49316
49326
49334
49337
49338
49339
49352
49353
49354
49360
49387
49395
49396
49415
49454
49463
49502
49517
49518
49519
49526
49541
49550
49606
49609
49613
49628
49639
49644
49645
49652
49653
49660
49661
49662
49665
49670
49671
49679
49689
49705
49705
49705
49719
49731
49733
49757
49759
49760
49763
49772
49780
49780
49815
49818
49819
49846
49865
49883
49885
49894
49907
49923
49950
49976
49976
49991
49991
49991
50003
50004
50004
50005
50008
50009
50023
50028
50028
50034
50042
50062
50062
50075
50077
50084
50085
50111
50139
50149
50156
50163
50182
50198
50250
50268
50276
50287
50310
50310
50314
50330
50335
50361
50364
50384
50386
50404
50405
50422
50424
50427
50440
50456
50462
50466
50470
50487
50499
50503
50514
50521
50523
50537
50539
50544
50555
50575
50597
50597
50600
50618
50633
50673
50674
50675
50677
50700
50704
50714
50722
50724
50738
50739
50753
50764
50770
50773
50789
50799
50805
50816
50821
50829
50860
50874
50876
50877
50888
50900
50903
50916
50927
50945
50951
50964
50965
51025
51027
51040
51059
51060
51067
51076
51089
51112
51123
51144
51150
51153
51164
51177
51188
51195
51200
51206
51214
51215
51221
51224
51248
51250
51252
51268
51270
51272
51279
51281
51282
51294
51299
51339
51343
51346
51358
51372
51430
51430
51442
51442
51445
51471
51476
51479
51520
51523
51530
51531
51535
51549
51560
51563
51565
51588
51592
51594
51599
51599
51600
51620
51623
51625
51641
51670
51682
51695
51698
51703
51711
51722
51731
51757
51771
51786
51801
51812
51815
51821
51833
51846
51857
51857
51864
51867
51867
51885
51905
51919
51921
51929
51932
51935
51943
51944
51954
51955
51973
51979
51990
51991
52001
52001
52019
52022
52041
52050
52052
52078
52081
52127
52129
52137
52155
52160
52163
52167
52174
52184
52193
52198
52208
52211
52215
52218
52221
52223
52232
52237
52258
52267
52272
52282
52309
52312
52316
52322
52322
52326
52343
52350
52357
52362
52365
52372
52373
52384
52394
52406
52412
52425
52429
52431
52451
52460
52463
52465
52470
52472
52474
52492
52500
52511
52515
52519
52530
52567
52582
52585
52591
52593
52600
52603
52604
52614
52620
52647
52651
52658
52659
52685
52697
52727
52738
52739
52743
52757
52774
52778
52781
52792
52792
52809
52818
52823
52835
52844
52854
52856
52869
52881
52895
52896
52915
52917
52920
52937
52944
52955
52966
52971
52974
53010
53016
53022
53025
53030
53031
53042
53061
53070
53070
53071
53076
53083
53083
53097
53128
53150
53151
53151
53165
53171
53180
53211
53221
53235
53236
53246
53256
53285
53297
53305
53307
53312
53323
53326
53341
53342
53346
53349
53357
53361
53367
53376
53377
53380
53387
53389
53405
53408
53432
53477
53485
53508
53514
53522
53548
53550
53557
53574
53575
53598
53605
53623
53634
53666
53714
53720
53724
53727
53750
53754
53769
53773
53783
53789
53801
53807
53815
53823
53823
53825
53832
53839
53860
53877
53900
53908
53912
53912
53914
53919
53919
53931
53932
53937
53979
53981
53993
54007
54014
54029
54040
54058
54091
54097
54102
54108
54113
54115
54123
54124
54129
54137
54137
54138
54168
54178
54185
54190
54206
54223
54231
54247
54248
54266
54274
54279
54290
54294
54296
54296
54302
54312
54329
54357
54359
54369
54374
54393
54394
54398
54434
54452
54457
54458
54464
54473
54489
54489
54493
54502
54527
54532
54538
54552
54555
54584
54596
54597
54611
54626
54640
54666
54686
54699
54705
54777
54777
54791
54798
54802
54816
54829
54840
54863
54868
54871
54882
54890
54891
54912
54920
54922
54935
54935
54975
54977
54981
54988
55006
55019
55021
55033
55059
55074
55083
55091
55099
55107
55126
55133
55155
55163
55174
55188
55244
55264
55267
55277
55285
55289
55290
55291
55293
55320
55326
55326
55330
55336
55347
55350
55351
55372
55374
55386
55389
55390
55398
55418
55422
55428
55429
55430
55435
55452
55456
55459
55467
55473
55489
55491
55502
55510
55515
55534
55535
55537
55539
55553
55554
55561
55563
55568
55573
55610
55623
55629
55634
55647
55655
55670
55673
55676
55705
55749
55765
55777
55782
55787
55822
55825
55826
55828
55829
55833
55886
55892
55900
55904
55905
55905
55909
55919
55920
55923
55924
55929
55931
55940
55941
55945
55952
55953
55953
55955
55957
55966
55969
55975
55979
55986
55986
55988
55991
55997
55998
56006
56013
56019
56024
56035
56054
56070
56084
56087
56100
56138
56139
56163
56190
56192
56214
56216
56229
56240
56241
56242
56256
56287
56287
56293
56310
56314
56316
56340
56350
56365
56365
56372
56374
56386
56387
56388
56398
56399
56405
56406
56412
56418
56419
56420
56436
56437
56455
56475
56509
56522
56524
56542
56542
56555
56568
56575
56579
56580
56583
56591
56600
56613
56624
56627
56655
56666
56667
56670
56687
56689
56704
56704
56710
56710
56720
56747
56766
56767
56790
56794
56802
56810
56814
56828
56829
56831
56832
56838
56841
56855
56887
56893
56899
56905
56909
56915
56932
56954
56969
56970
57007
57013
57027
57029
57032
57033
57081
57094
57097
57122
57138
57167
57178
57184
57184
57184
57185
57200
57222
57223
57227
57235
57246
57247
57256
57262
57299
57323
57328
57348
57352
57358
57369
57374
57403
57403
57412
57429
57429
57470
57489
57491
57502
57504
57507
57507
57509
57511
57537
57539
57545
57550
57568
57583
57602
57604
57607
57612
57622
57642
57651
57657
57662
57677
57678
57678
57688
57705
57715
57746
57748
57776
57788
57791
57806
57811
57819
57830
57867
57870
57872
57874
57877
57919
57942
57947
57976
57979
57985
57995
57996
58000
58001
58015
58016
58025
58034
58040
58078
58108
58128
58140
58152
58177
58196
58208
58215
58216
58216
58217
58224
58261
58266
58268
58269
58276
58289
58298
58304
58310
58312
58325
58329
58345
58352
58358
58378
58401
58417
58420
58424
58425
58429
58476
58490
58502
58503
58504
58510
58529
58538
58566
58583
58588
58604
58612
58627
58635
58670
58678
58678
58693
58694
58705
58708
58712
58715
58732
58737
58744
58747
58755
58803
58819
58848
58873
58876
58878
58887
58896
58904
58917
58924
58935
58935
58956
58974
58983
58989
58994
59000
59041
59048
59065
59074
59079
59079
59086
59097
59098
59127
59129
59130
59150
59158
59162
59181
59196
59216
59219
59224
59241
59245
59246
59258
59258
59267
59272
59274
59278
59290
59291
59321
59323
59334
59338
59370
59383
59386
59390
59405
59410
59414
59437
59489
59496
59498
59508
59521
59547
59553
59553
59557
59576
59588
59595
59597
59604
59604
59615
59628
59634
59645
59645
59654
59656
59670
59691
59692
59694
59703
59718
59735
59736
59740
59740
59745
59750
59770
59773
59778
59783
59796
59800
59812
59831
59840
59851
59859
59885
59885
59886
59889
59896
59905
59906
59928
59932
59942
59967
59979
59986
59987
59991
60001
60009
60009
60011
60020
60037
60041
60053
60063
60071
60079
60081
60101
60110
60119
60123
60124
60156
60160
60165
60168
60171
60173
60185
60198
60202
60229
60242
60263
60267
60270
60278
60286
60292
60296
60315
60316
60357
60376
60376
60380
60387
60390
60416
60426
60433
60436
60440
60449
60456
60457
60463
60463
60475
60481
60483
60493
60502
60505
60505
60516
60519
60523
60531
60582
60595
60597
60602
60602
60606
60610
60615
60622
60654
60664
60675
60683
60700
60701
60704
60709
60732
60732
60744
60759
60793
60804
60805
60824
60831
60838
60839
60843
60846
60854
60861
60871
60872
60873
60878
60878
60903
60942
60958
60961
60979
60980
60982
60988
60995
61009
61012
61012
61021
61024
61027
61035
61047
61050
61051
61052
61061
61094
61108
61108
61125
61143
61169
61172
61181
61190
61191
61192
61213
61214
61223
61225
61238
61249
61254
61258
61259
61263
61269
61274
61300
61314
61316
61317
61318
61333
61348
61348
61354
61357
61368
61368
61375
61382
61400
61410
61411
61415
61431
61468
61471
61484
61489
61506
61509
61520
61560
61564
61575
61614
61623
61623
61637
61639
61644
61664
61668
61680
61686
61689
61703
61708
61721
61723
61731
61732
61738
61776
61787
61796
61800
61812
61819
61827
61828
61845
61849
61850
61851
61852
61860
61864
61868
61875
61898
61902
61905
61911
61919
61923
61923
61925
61933
61935
61945
61949
61954
61975
61988
61990
62000
62003
62026
62030
62042
62044
62075
62077
62078
62086
62092
62097
62102
62106
62107
62110
62122
62124
62135
62157
62190
62195
62209
62215
62222
62246
62267
62272
62280
62292
62293
62299
62303
62307
62313
62337
62343
62363
62377
62381
62386
62403
62418
62418
62428
62445
62454
62456
62466
62468
62468
62487
62494
62505
62537
62549
62573
62589
62622
62630
62635
62636
62638
62649
62654
62657
62661
62666
62687
62691
62692
62710
62724
62731
62732
62762
62764
62771
62779
62810
62819
62826
62838
62876
62892
62895
62909
62915
62917
62934
62942
62953
62956
62974
62978
62978
62980
62990
62997
62997
63006
63009
63024
63051
63057
63058
63081
63081
63082
63107
63108
63131
63165
63170
63171
63173
63173
63183
63185
63187
63194
63200
63207
63214
63217
63222
63225
63233
63241
63258
63268
63315
63324
63335
63339
63339
63346
63352
63365
63373
63395
63408
63408
63409
63410
63427
63443
63447
63451
63454
63480
63483
63529
63529
63553
63556
63558
63613
63618
63621
63637
63649
63649
63650
63700
63719
63721
63731
63755
63759
63770
63782
63790
63794
63818
63819
63834
63835
63840
63842
63851
63852
63876
63890
63893
63896
63897
63899
63934
63939
63950
63957
63979
64009
64023
64035
64040
64042
64047
64059
64072
64086
64094
64101
64133
64166
64167
64167
64171
64181
64203
64225
64230
64264
64265
64269
64270
64281
64283
64286
64293
64293
64301
64309
64314
64320
64328
64330
64332
64333
64349
64367
64384
64387
64390
64399
64435
64441
64446
64461
64465
64498
64503
64515
64519
64521
64535
64539
64546
64563
64567
64574
64579
64586
64600
64621
64651
64692
64699
64699
64712
64717
64745
64764
64766
64767
64774
64778
64779
64788
64820
64828
64832
64834
64843
64865
64880
64892
64908
64915
64928
64932
64945
64954
64971
64973
64978
65022
65027
65027
65035
65036
65042
65058
65085
65100
65102
65126
65137
65139
65144
65167
65171
65176
65183
65190
65202
65220
65245
65249
65265
65313
65321
65334
65348
65359
65365
65367
65395
65405
65411
65414
65420
65425
65452
65462
65466
65485
65515
65517
65527
65533
65557
65560
65564
65564
65569
65575
65576
65578
65605
65613
65616
65623
65661
65667
65670
65671
65710
65717
65731
65732
65742
65747
65785
65790
65807
65833
65875
65898
65904
65912
65947
65948
65990
65992
65995
66001
66023
66035
66039
66040
66045
66056
66058
66080
66081
66091
66096
66100
66144
66149
66154
66155
66155
66160
66167
66173
66176
66178
66182
66197
66208
66208
66224
66232
66264
66273
66285
66292
66299
66313
66324
66339
66353
66361
66362
66368
66376
66383
66410
66415
66420
66435
66466
66482
66498
66505
66506
66514
66518
66534
66548
66569
66583
66583
66594
66613
66632
66655
66678
66685
66700
66704
66705
66712
66712
66731
66745
66757
66761
66796
66800
66802
66813
66866
66880
66889
66892
66893
66913
66936
66938
66948
66967
66979
66983
66987
67001
67023
67025
67033
67035
67042
67051
67056
67067
67086
67096
67116
67126
67141
67159
67208
67212
67215
67219
67220
67220
67234
67258
67259
67282
67286
67316
67347
67353
67360
67360
67378
67390
67390
67402
67424
67439
67450
67459
67465
67469
67502
67503
67505
67511
67523
67523
67553
67571
67611
67632
67634
67664
67671
67675
67677
67681
67684
67725
67732
67734
67734
67755
67764
67802
67809
67821
67822
67848
67853
67880
67881
67907
67908
67909
67923
67934
67939
67947
67972
67974
67983
67985
67987
67988
67998
68008
68035
68037
68038
68044
68049
68051
68057
68076
68123
68123
68138
68146
68152
68154
68174
68178
68203
68205
68262
68275
68283
68285
68300
68306
68317
68319
68319
68327
68330
68334
68341
68347
68349
68365
68365
68368
68384
68418
68421
68434
68444
68447
68450
68460
68468
68482
68483
68506
68537
68559
68561
68563
68569
68604
68604
68607
68611
68614
68622
68647
68652
68670
68675
68701
68702
68707
68723
68747
68750
68759
68795
68797
68803
68807
68810
68830
68840
68864
68874
68875
68884
68906
68906
68925
68934
68958
68969
68972
68993
69001
69010
69023
69029
69032
69037
69037
69051
69051
69051
69062
69063
69070
69082
69086
69093
69095
69107
69110
69113
69124
69132
69140
69149
69151
69160
69165
69168
69190
69202
69217
69219
69220
69246
69266
69305
69308
69340
69355
69370
69379
69394
69394
69397
69442
69461
69462
69492
69500
69522
69551
69581
69581
69598
69600
69605
69616
69620
69624
69636
69644
69653
69677
69704
69706
69719
69731
69753
69756
69780
69786
69796
69798
69815
69815
69835
69853
69870
69872
69893
69901
69905
69913
69915
69917
69921
69924
69926
69928
69932
69938
69964
69972
69974
69995
70009
70024
70066
70073
70078
70113
70136
70145
70150
70160
70168
70190
70209
70220
70221
70228
70249
70258
70259
70260
70262
70279
70280
70296
70341
70344
70354
70357
70363
70378
70383
70390
70392
70410
70443
70450
70484
70492
70520
70522
70531
70545
70553
70563
70595
70608
70608
70613
70623
70630
70632
70641
70649
70653
70655
70656
70657
70660
70685
70712
70718
70725
70745
70749
70758
70785
70789
70800
70802
70829
70841
70842
70868
70896
70908
70908
70910
70914
70928
70932
70934
70939
70940
70950
70951
70951
70953
70960
70987
70995
71007
71019
71028
71034
71039
71042
71043
71050
71054
71054
71061
71063
71073
71109
71111
71113
71123
71125
71133
71136
71150
71162
71192
71207
71207
71212
71221
71228
71253
71280
71284
71284
71288
71300
71304
71312
71313
71322
71323
71331
71346
71349
71350
71356
71356
71363
71366
71374
71383
71389
71405
71412
71419
71433
71442
71458
71500
71515
71521
71523
71533
71563
71569
71575
71581
71589
71592
71605
71639
71677
71678
71684
71689
71703
71706
71709
71710
71714
71734
71751
71752
71753
71784
71796
71811
71812
71815
71830
71831
71832
71854
71869
71871
71877
71888
71896
71899
71901
71904
71907
71931
71939
71951
71965
71972
71982
71987
71992
71993
71995
72008
72015
72016
72022
72038
72043
72044
72057
72082
72082
72088
72098
72118
72120
72132
72149
72151
72184
72198
72215
72216
72230
72234
72235
72237
72240
72241
72247
72266
72268
72279
72283
72283
72305
72324
72325
72330
72330
72355
72366
72378
72383
72393
72394
72395
72420
72425
72430
72464
72465
72477
72500
72501
72513
72549
72551
72553
72554
72554
72560
72567
72569
72575
72576
72594
72612
72612
72623
72630
72631
72648
72649
72654
72661
72667
72673
72713
72718
72723
72730
72731
72754
72765
72767
72799
72828
72853
72859
72871
72907
72917
72940
72944
72946
72951
72965
72993
73011
73020
73044
73049
73051
73058
73062
73066
73078
73084
73097
73103
73107
73113
73120
73123
73127
73129
73130
73130
73145
73148
73156
73215
73224
73225
73243
73247
73247
73249
73252
73277
73299
73300
73339
73349
73358
73367
73379
73383
73386
73391
73396
73408
73418
73427
73433
73442
73445
73450
73484
73493
73507
73513
73519
73519
73519
73521
73527
73529
73535
73562
73574
73580
73589
73591
73627
73630
73643
73647
73650
73661
73666
73667
73672
73677
73684
73699
73715
73729
73741
73741
73750
73753
73763
73764
73765
73774
73788
73791
73811
73817
73841
73845
73888
73898
73900
73907
73915
73927
73930
73938
73939
73942
73949
73959
73959
73965
73986
73999
74004
74029
74032
74047
74054
74061
74062
74063
74072
74079
74102
74122
74124
74125
74132
74134
74156
74163
74177
74178
74207
74211
74235
74237
74241
74244
74245
74247
74272
74275
74276
74288
74329
74340
74343
74344
74345
74355
74363
74376
74380
74397
74440
74441
74444
74445
74460
74461
74479
74491
74504
74539
74549
74578
74605
74608
74626
74641
74643
74644
74646
74647
74650
74652
74660
74675
74678
74692
74699
74700
74714
74715
74733
74747
74810
74815
74838
74840
74862
74865
74872
74918
74919
74930
74937
74953
74958
74958
74975
74976
74979
74985
74986
74986
74993
75004
75007
75024
75035
75040
75047
75052
75061
75067
75074
75076
75082
75107
75107
75108
75112
75200
75220
75225
75233
75235
75235
75239
75243
75245
75273
75275
75295
75302
75324
75332
75332
75334
75345
75345
75350
75370
75371
75374
75374
75404
75423
75429
75433
75436
75442
75444
75449
75461
75488
75494
75495
75521
75543
75546
75553
75559
75570
75578
75585
75592
75598
75615
75615
75639
75643
75662
75662
75671
75676
75688
75696
75717
75728
75743
75751
75760
75781
75796
75812
75823
75840
75844
75858
75861
75872
75875
75883
75912
75913
75916
75933
75938
75952
75957
75975
75987
75987
75993
75994
75994
75998
76006
76009
76010
76023
76051
76085
76097
76128
76153
76160
76167
76170
76172
76201
76201
76208
76210
76251
76255
76262
76272
76275
76283
76291
76298
76300
76303
76304
76305
76328
76384
76397
76407
76411
76412
76416
76435
76444
76449
76452
76460
76489
76493
76493
76494
76495
76503
76504
76505
76524
76535
76544
76555
76570
76588
76591
76620
76636
76650
76668
76670
76674
76683
76690
76694
76701
76702
76715
76737
76771
76772
76776
76786
76798
76806
76815
76819
76823
76828
76830
76838
76852
76862
76873
76882
76884
76887
76918
76922
76925
76925
76927
76934
76947
76955
76978
76978
76991
77001
77001
77003
77007
77011
77022
77030
77032
77042
77060
77069
77073
77099
77110
77122
77123
77130
77161
77163
77182
77187
77192
77216
77234
77235
77240
77246
77247
77250
77275
77278
77286
77302
77303
77311
77311
77357
77386
77408
77412
77413
77437
77439
77452
77471
77475
77476
77478
77481
77509
77510
77515
77534
77539
77542
77546
77569
77591
77604
77608
77610
77614
77647
77658
77662
77663
77664
77697
77699
77715
77716
77724
77729
77750
77759
77763
77763
77780
77785
77796
77805
77819
77828
77835
77847
77851
77853
77857
77862
77863
77864
77867
77883
77894
77897
77900
77909
77914
77931
77935
77954
77960
77967
77980
78026
78028
78053
78057
78061
78063
78065
78070
78082
78119
78151
78167
78178
78189
78236
78242
78243
78245
78271
78273
78295
78301
78312
78315
78325
78335
78346
78350
78352
78366
78370
78376
78391
78448
78450
78459
78463
78494
78497
78497
78511
78511
78523
78524
78526
78534
78576
78576
78612
78612
78613
78613
78618
78625
78626
78644
78665
78666
78666
78672
78683
78716
78747
78758
78795
78804
78804
78805
78817
78844
78844
78846
78857
78859
78878
78890
78896
78917
78929
78954
78965
78969
78985
79006
79010
79017
79024
79067
79067
79070
79083
79084
79093
79129
79137
79145
79152
79163
79205
79211
79212
79217
79221
79223
79231
79237
79245
79251
79254
79262
79262
79279
79297
79310
79341
79343
79346
79355
79357
79367
79368
79378
79404
79407
79440
79451
79464
79466
79476
79481
79491
79499
79509
79510
79526
79528
79534
79539
79545
79550
79563
79577
79584
79592
79614
79631
79657
79661
79666
79666
79668
79678
79685
79686
79694
79703
79709
79712
79730
79732
79735
79741
79742
79756
79758
79766
79780
79781
79782
79786
79794
79802
79804
79828
79850
79852
79856
79877
79904
79915
79945
79946
79952
79980
79984
79989
80016
80023
80023
80035
80045
80054
80096
80098
80100
80117
80118
80160
80166
80200
80218
80231
80231
80239
80240
80240
80247
80252
80256
80262
80276
80294
80307
80309
80310
80311
80318
80322
80342
80345
80362
80366
80374
80386
80399
80415
80422
80440
80441
80462
80462
80463
80471
80475
80483
80491
80500
80500
80516
80518
80530
80535
80566
80575
80579
80584
80591
80596
80599
80603
80611
80617
80632
80645
80651
80651
80692
80699
80704
80710
80716
80725
80729
80730
80730
80735
80755
80755
80757
80768
80776
80788
80798
80803
80803
80807
80818
80821
80828
80847
80848
80865
80875
80879
80892
80899
80901
80905
80932
80939
80941
80972
80972
81002
81007
81016
81028
81032
81032
81032
81039
81053
81067
81068
81077
81114
81116
81131
81148
81173
81175
81179
81200
81203
81218
81220
81220
81237
81247
81248
81261
81263
81265
81270
81273
81280
81283
81284
81284
81289
81290
81297
81299
81300
81302
81310
81313
81316
81321
81329
81337
81337
81349
81353
81355
81374
81379
81385
81389
81393
81394
81395
81395
81403
81409
81444
81459
81475
81488
81501
81515
81526
81531
81538
81544
81555
81582
81610
81614
81622
81628
81637
81649
81653
81654
81664
81664
81665
81667
81670
81673
81677
81677
81693
81703
81721
81722
81727
81740
81770
81790
81805
81809
81814
81835
81835
81841
81843
81843
81849
81851
81857
81861
81863
81866
81873
81874
81877
81890
81902
81922
81926
81927
81936
81971
81974
81975
81978
81996
81998
82009
82015
82018
82032
82032
82037
82038
82057
82072
82093
82100
82102
82105
82120
82140
82149
82149
82153
82158
82159
82170
82196
82207
82209
82209
82218
82235
82243
82257
82277
82296
82297
82302
82318
82330
82336
82342
82343
82351
82355
82372
82373
82410
82417
82420
82445
82448
82454
82462
82463
82465
82485
82492
82504
82518
82521
82525
82543
82552
82552
82572
82584
82590
82608
82614
82627
82627
82648
82671
82691
82694
82704
82730
82736
82738
82744
82745
82749
82753
82757
82776
82807
82810
82825
82830
82830
82842
82853
82873
82891
82935
82937
82940
82946
82947
82949
82953
82972
82973
82973
82992
83019
83031
83054
83056
83072
83078
83079
83087
83099
83101
83110
83117
83122
83123
83142
83170
83179
83193
83213
83217
83219
83257
83272
83276
83287
83295
83301
83303
83309
83314
83331
83340
83378
83398
83409
83415
83443
83465
83465
83475
83475
83483
83485
83493
83505
83515
83520
83543
83592
83594
83595
83622
83636
83638
83651
83664
83680
83684
83696
83701
83720
83721
83725
83739
83741
83746
83751
83754
83775
83789
83799
83803
83803
83814
83827
83850
83856
83869
83873
83882
83899
83908
83917
83921
83923
83946
83948
83959
83974
83977
83984
83988
83988
83994
84005
84007
84019
84077
84082
84087
84088
84089
84096
84096
84099
84107
84124
84128
84131
84134
84148
84180
84188
84203
84208
84219
84227
84247
84248
84257
84268
84287
84291
84295
84295
84306
84308
84309
84310
84311
84311
84315
84323
84337
84374
84375
84379
84401
84415
84439
84447
84463
84466
84473
84487
84492
84497
84498
84504
84508
84508
84534
84539
84539
84544
84551
84556
84558
84559
84565
84585
84588
84597
84604
84606
84607
84618
84624
84624
84630
84633
84647
84660
84678
84692
84694
84695
84708
84713
84745
84753
84754
84756
84763
84770
84784
84785
84785
84813
84814
84821
84850
84850
84862
84870
84883
84897
84910
84927
84933
84944
84978
85012
85060
85070
85090
85097
85101
85135
85135
85173
85183
85193
85196
85200
85213
85221
85226
85235
85236
85242
85252
85255
85258
85265
85281
85305
85309
85313
85319
85323
85345
85363
85368
85373
85377
85382
85395
85410
85429
85443
85487
85496
85507
85507
85524
85527
85532
85538
85551
85558
85563
85578
85580
85587
85600
85612
85616
85630
85632
85637
85651
85669
85669
85674
85677
85694
85707
85726
85728
85729
85743
85744
85750
85768
85794
85802
85810
85825
85826
85828
85835
85838
85847
85869
85875
85879
85884
85885
85896
85920
85955
85963
85974
86005
86029
86036
86043
86046
86050
86055
86080
86096
86098
86105
86123
86126
86129
86129
86134
86162
86175
86177
86181
86183
86189
86195
86202
86206
86207
86208
86217
86227
86244
86250
86262
86264
86276
86278
86294
86295
86316
86352
86361
86363
86367
86380
86399
86409
86410
86440
86451
86513
86522
86527
86544
86552
86555
86580
86594
86594
86602
86605
86642
86645
86659
86685
86689
86695
86695
86695
86697
86698
86723
86728
86735
86737
86742
86742
86778
86778
86786
86810
86844
86863
86880
86886
86888
86899
86903
86903
86905
86910
86925
86927
86934
86949
86954
86966
86981
86984
86989
86995
87022
87026
87028
87028
87033
87036
87039
87040
87044
87071
87071
87085
87096
87101
87110
87118
87128
87136
87136
87139
87144
87150
87170
87172
87180
87182
87188
87217
87227
87279
87292
87308
87323
87326
87343
87352
87375
87437
87452
87454
87455
87458
87461
87488
87502
87504
87547
87574
87581
87610
87621
87625
87629
87636
87639
87646
87646
87662
87695
87707
87708
87708
87735
87737
87753
87763
87769
87784
87793
87825
87833
87834
87847
87864
87879
87893
87897
87915
87926
87935
87938
87942
87953
87961
87963
87966
87991
87991
88016
88018
88026
88035
88041
88042
88059
88102
88103
88106
88108
88111
88121
88121
88149
88175
88181
88200
88201
88205
88220
88245
88248
88248
88255
88257
88275
88282
88292
88300
88315
88336
88356
88364
88386
88398
88409
88412
88422
88439
88484
88485
88486
88488
88498
88500
88510
88511
88547
88565
88572
88581
88619
88623
88628
88644
88651
88665
88668
88687
88688
88690
88694
88700
88713
88730
88731
88732
88760
88765
88776
88782
88786
88793
88805
88818
88823
88829
88834
88840
88851
88856
88858
88858
88867
88876
88880
88883
88886
88888
88898
88902
88906
88913
88915
88918
88928
88931
88932
88935
88938
88957
88976
89011
89015
89025
89030
89047
89052
89061
89071
89080
89084
89100
89116
89124
89127
89127
89128
89135
89142
89146
89171
89222
89223
89229
89230
89231
89240
89261
89262
89262
89269
89286
89292
89336
89361
89368
89376
89385
89386
89389
89406
89415
89426
89426
89456
89490
89501
89503
89521
89536
89553
89564
89570
89576
89585
89602
89617
89619
89644
89648
89659
89669
89670
89672
89677
89679
89685
89685
89715
89720
89720
89721
89721
89730
89750
89752
89761
89762
89765
89767
89796
89798
89805
89805
89809
89812
89819
89854
89856
89859
89864
89865
89872
89877
89906
89908
89912
89925
89934
89942
89949
89950
89960
89960
89961
89964
89967
89967
89968
89970
89976
89983
89985
89990
90000
90002
90013
90015
90021
90025
90035
90045
90046
90049
90058
90060
90064
90065
90079
90085
90093
90112
90116
90159
90161
90222
90223
90225
90232
90237
90238
90260
90263
90269
90271
90287
90290
90341
90341
90348
90361
90387
90401
90406
90408
90411
90438
90451
90477
90483
90487
90494
90495
90503
90523
90525
90529
90537
90555
90569
90570
90580
90602
90619
90652
90661
90668
90673
90682
90689
90700
90714
90716
90728
90728
90741
90756
90764
90773
90778
90793
90797
90817
90820
90822
90846
90870
90872
90875
90884
90887
90889
90918
90928
90940
90947
90948
90963
90972
90975
90989
90991
91005
91012
91018
91070
91073
91084
91098
91106
91116
91125
91132
91151
91152
91187
91202
91217
91225
91229
91233
91249
91252
91261
91265
91268
91294
91347
91351
91354
91362
91366
91369
91371
91378
91399
91400
91403
91410
91425
91433
91449
91452
91455
91455
91470
91477
91482
91487
91491
91509
91546
91566
91569
91581
91594
91598
91610
91617
91629
91629
91643
91644
91650
91662
91668
91672
91684
91701
91707
91737
91757
91817
91830
91834
91850
91855
91857
91874
91899
91916
91924
91941
91943
91945
91950
91971
91972
91999
92008
92008
92009
92012
92023
92061
92068
92084
92091
92092
92107
92125
92134
92139
92141
92229
92253
92257
92271
92273
92275
92278
92287
92291
92313
92316
92321
92328
92329
92344
92345
92356
92358
92362
92363
92370
92380
92408
92415
92418
92421
92432
92442
92448
92454
92464
92485
92504
92510
92517
92559
92593
92608
92613
92634
92638
92656
92660
92695
92728
92737
92740
92758
92791
92796
92806
92807
92809
92814
92822
92833
92841
92847
92854
92866
92869
92879
92883
92884
92893
92896
92897
92901
92906
92908
92908
92910
92969
92977
92979
92999
93010
93010
93015
93029
93032
93059
93084
93086
93102
93105
93105
93118
93121
93130
93137
93150
93156
93160
93182
93185
93212
93220
93234
93239
93243
93250
93272
93273
93279
93281
93288
93297
93303
93309
93318
93321
93326
93355
93367
93375
93404
93415
93416
93426
93428
93433
93441
93452
93453
93455
93455
93465
93467
93477
93484
93486
93487
93493
93523
93537
93538
93549
93554
93554
93560
93571
93576
93594
93604
93610
93637
93646
93665
93693
93708
93715
93723
93741
93744
93745
93766
93781
93783
93832
93832
93834
93835
93835
93851
93855
93886
93894
93895
93912
93915
93921
93950
93960
93971
93978
93979
93996
93998
94007
94012
94026
94026
94033
94037
94046
94065
94071
94075
94098
94111
94137
94146
94149
94170
94172
94174
94189
94198
94200
94204
94207
94212
94220
94235
94236
94255
94267
94267
94280
94281
94282
94299
94309
94312
94322
94323
94329
94329
94345
94361
94373
94385
94396
94424
94427
94428
94441
94446
94447
94457
94468
94477
94478
94485
94492
94493
94500
94501
94503
94527
94532
94571
94576
94581
94584
94586
94600
94608
94612
94618
94623
94624
94636
94641
94655
94664
94665
94693
94711
94712
94732
94746
94761
94762
94773
94777
94779
94797
94808
94810
94811
94824
94827
94857
94876
94877
94879
94893
94898
94903
94903
94910
94922
94926
94955
94960
94965
94975
94979
94991
94996
95033
95035
95037
95060
95067
95099
95099
95114
95116
95138
95140
95152
95156
95163
95192
95199
95210
95217
95220
95224
95225
95227
95236
95243
95247
95254
95258
95276
95282
95283
95333
95337
95345
95356
95378
95400
95423
95427
95437
95447
95450
95461
95482
95483
95486
95492
95551
95556
95557
95576
95581
95589
95621
95639
95672
95680
95682
95683
95694
95704
95708
95713
95723
95749
95771
95789
95860
95867
95870
95874
95877
95880
95889
95891
95895
95907
95907
95912
95917
95938
95952
95975
95985
95988
95991
95992
96016
96051
96052
96058
96065
96065
96069
96111
96122
96143
96144
96173
96179
96179
96200
96206
96228
96229
96244
96246
96250
96275
96282
96283
96304
96306
96314
96320
96346
96352
96355
96360
96364
96373
96385
96385
96391
96392
96407
96410
96418
96430
96452
96458
96463
96475
96505
96506
96512
96516
96530
96535
96545
96547
96556
96559
96568
96579
96587
96596
96609
96611
96630
96637
96646
96651
96651
96659
96669
96679
96688
96690
96692
96695
96701
96723
96738
96766
96766
96777
96783
96800
96815
96820
96830
96837
96850
96862
96866
96869
96872
96875
96882
96892
96900
96918
96930
96949
96967
96967
96969
96995
97018
97030
97030
97041
97046
97051
97062
97062
97075
97091
97093
97099
97102
97103
97112
97113
97124
97134
97165
97168
97171
97197
97216
97223
97223
97232
97243
97246
97247
97254
97263
97292
97303
97304
97313
97332
97350
97383
97396
97397
97399
97446
97448
97448
97472
97477
97485
97486
97494
97494
97503
97523
97527
97534
97553
97560
97570
97573
97586
97589
97599
97600
97639
97642
97647
97659
97663
97664
97667
97668
97676
97680
97680
97700
97706
97712
97726
97732
97734
97739
97784
97790
97791
97824
97825
97835
97841
97843
97852
97859
97873
97881
97890
97898
97904
97910
97913
97913
97946
97952
97955
97961
97974
97980
97983
97987
97987
97991
98003
98004
98007
98015
98018
98019
98022
98071
98075
98079
98087
98089
98092
98102
98112
98133
98161
98174
98176
98186
98198
98224
98238
98239
98239
98245
98250
98257
98257
98258
98259
98263
98269
98285
98290
98301
98316
98336
98338
98355
98355
98366
98380
98393
98423
98434
98440
98445
98447
98448
98452
98454
98472
98475
98486
98528
98536
98546
98549
98555
98560
98566
98574
98579
98589
98593
98601
98603
98611
98616
98627
98644
98647
98647
98653
98654
98661
98705
98717
98718
98730
98738
98739
98747
98755
98760
98760
98767
98769
98780
98785
98813
98818
98834
98839
98848
98853
98865
98879
98899
98910
98911
98914
98934
98934
98940
98943
98946
98949
98956
98962
98969
99004
99005
99008
99016
99036
99042
99095
99102
99106
99110
99112
99119
99134
99134
99139
99148
99163
99190
99203
99218
99229
99229
99232
99240
99246
99253
99258
99300
99320
99342
99347
99370
99387
99419
99426
99431
99442
99457
99466
99476
99497
99504
99507
99509
99511
99513
99519
99520
99541
99549
99564
99567
99589
99589
99596
99619
99622
99623
99637
99645
99647
99652
99676
99678
99691
99711
99718
99727
99727
99728
99739
99742
99756
99764
99768
99776
99777
99793
99795
99826
99842
99846
99846
99848
99860
99871
99885
99889
99890
99915
99916
99935
99937
99946
99978
