8
39
48
55
57
58
63
68
69
83
93
105
122
124
132
141
151
186
188
192
219
237
238
240
255
259
266
286
293
303
315
318
324
332
332
333
339
354
356
359
383
388
393
401
421
425
437
446
456
471
475
482
484
496
499
501
504
519
530
533
546
555
557
557
569
591
613
623
633
637
637
638
641
650
694
706
717
724
732
734
737
744
752
754
773
788
789
799
810
818
831
840
848
886
887
894
902
911
931
934
965
976
980
986
996
996
1004
1008
1008
1017
1023
1023
1030
1040
1050
1051
1071
1082
1082
1101
1108
1109
1131
1134
1142
1158
1159
1164
1165
1176
1185
1192
1196
1198
1202
1209
1244
1265
1266
1280
1283
1285
1295
1298
1318
1333
1340
1340
1360
1364
1376
1391
1396
1400
1406
1460
1460
1468
1497
1498
1500
1513
1521
1523
1523
1532
1538
1538
1546
1547
1553
1559
1574
1578
1578
1582
1585
1619
1625
1631
1636
1644
1652
1657
1661
1669
1674
1675
1686
1699
1725
1746
1747
1751
1769
1808
1813
1821
1829
1836
1836
1857
1865
1865
1882
1890
1907
1924
1943
1951
1964
1994
2009
2024
2037
2042
2049
2071
2074
2110
2128
2137
2163
2194
2194
2216
2237
2241
2260
2307
2312
2322
2352
2353
2376
2379
2386
2387
2391
2400
2408
2416
2473
2478
2489
2492
2538
2538
2546
2547
2553
2560
2572
2585
2589
2606
2617
2632
2650
2655
2691
2697
2707
2713
2713
2713
2717
2718
2719
2725
2728
2752
2759
2766
2774
2775
2784
2785
2791
2792
2801
2821
2824
2827
2834
2838
2861
2868
2871
2875
2876
2882
2884
2901
2922
2944
2951
2964
2974
2990
3003
3005
3015
3023
3024
3048
3051
3054
3066
3073
3081
3090
3115
3124
3139
3141
3141
3142
3145
3148
3150
3212
3214
3225
3243
3243
3260
3272
3277
3300
3301
3318
3320
3332
3335
3336
3351
3368
3395
3395
3401
3412
3437
3439
3443
3450
3456
3457
3468
3482
3495
3498
3499
3517
3520
3542
3553
3553
3559
3575
3580
3602
3604
3625
3632
3644
3645
3651
3656
3737
3762
3764
3780
3790
3801
3809
3828
3828
3836
3838
3864
3890
3897
3915
3919
3922
3924
3928
3950
3954
3976
4001
4001
4006
4012
4012
4018
4019
4031
4061
4061
4065
4070
4071
4086
4087
4089
4108
4109
4119
4131
4136
4171
4173
4182
4186
4209
4218
4224
4227
4235
4244
4246
4283
4288
4289
4292
4297
4300
4334
4348
4356
4360
4366
4372
4376
4380
4401
4409
4427
4432
4460
4464
4477
4519
4531
4535
4545
4551
4552
4560
4565
4565
4577
4578
4579
4604
4621
4622
4628
4639
4639
4643
4648
4654
4654
4656
4666
4681
4682
4685
4686
4688
4692
4722
4730
4741
4743
4748
4781
4785
4786
4803
4812
4821
4821
4827
4829
4848
4860
4863
4894
4941
4943
4948
4951
4958
4977
4978
4984
4994
5034
5064
5068
5070
5077
5079
5081
5082
5085
5094
5096
5123
5130
5138
5143
5149
5151
5181
5183
5187
5192
5227
5230
5233
5246
5252
5255
5255
5260
5271
5286
5311
5314
5333
5368
5383
5383
5407
5420
5428
5434
5447
5468
5473
5478
5491
5500
5507
5521
5528
5544
5552
5576
5583
5595
5606
5607
5614
5614
5623
5649
5651
5655
5692
5717
5717
5719
5735
5739
5742
5750
5754
5765
5765
5782
5794
5798
5815
5844
5845
5848
5855
5864
5877
5884
5892
5896
5905
5918
5921
5924
5926
5926
5956
5981
5992
5999
6000
6018
6052
6077
6095
6106
6108
6119
6120
6139
6155
6164
6200
6233
6236
6263
6267
6272
6283
6288
6299
6304
6309
6324
6358
6361
6363
6370
6370
6383
6384
6390
6392
6395
6395
6409
6424
6436
6441
6443
6456
6466
6468
6496
6505
6508
6514
6516
6524
6533
6605
6616
6622
6624
6653
6659
6681
6699
6701
6702
6717
6735
6761
6763
6803
6811
6817
6819
6821
6824
6872
6883
6899
6903
6916
6916
6923
6928
6930
6938
6938
6946
6950
6996
7001
7004
7013
7014
7023
7039
7055
7055
7062
7063
7085
7109
7109
7124
7148
7150
7153
7161
7171
7173
7182
7182
7185
7223
7224
7228
7237
7243
7256
7303
7310
7319
7329
7336
7350
7384
7388
7403
7407
7419
7425
7430
7448
7452
7466
7473
7474
7479
7485
7487
7491
7515
7523
7526
7534
7546
7546
7562
7568
7570
7578
7578
7589
7596
7608
7622
7628
7634
7639
7674
7692
7694
7703
7756
7758
7758
7759
7766
7767
7779
7797
7801
7826
7831
7846
7848
7860
7880
7882
7895
7901
7945
7978
7989
7998
8000
8015
8017
8018
8027
8062
8085
8090
8095
8126
8135
8151
8167
8181
8181
8187
8216
8220
8220
8222
8223
8224
8235
8265
8285
8285
8288
8289
8297
8307
8311
8313
8342
8357
8374
8391
8429
8441
8475
8480
8499
8499
8501
8502
8505
8505
8509
8520
8521
8529
8531
8533
8544
8549
8555
8562
8568
8596
8606
8608
8630
8630
8666
8674
8692
8707
8713
8720
8748
8757
8763
8770
8774
8777
8787
8808
8828
8842
8851
8853
8865
8897
8897
8898
8916
8926
8948
8966
8972
8974
8983
8985
8990
8992
9004
9033
9033
9049
9056
9057
9074
9082
9088
9098
9130
9131
9134
9136
9142
9163
9169
9178
9194
9207
9236
9243
9244
9252
9254
9265
9277
9299
9310
9319
9321
9348
9375
9380
9395
9407
9420
9426
9435
9445
9453
9459
9476
9500
9506
9509
9512
9513
9514
9519
9531
9532
9549
9561
9567
9575
9578
9581
9583
9590
9602
9603
9605
9611
9613
9619
9620
9624
9630
9630
9640
9646
9655
9656
9662
9667
9678
9697
9698
9715
9722
9738
9742
9767
9773
9774
9799
9810
9818
9853
9876
9888
9899
9903
9907
9914
9915
9922
9927
9931
9936
9946
9970
9993
10040
10061
10078
10092
10092
10113
10121
10121
10124
10126
10128
10133
10142
10147
10161
10177
10192
10194
10216
10234
10238
10244
10250
10252
10289
10297
10299
10307
10310
10316
10323
10330
10357
10358
10365
10370
10380
10389
10393
10420
10437
10443
10456
10464
10499
10499
10521
10533
10538
10540
10541
10547
10549
10549
10563
10570
10583
10587
10588
10599
10605
10611
10624
10629
10629
10640
10653
10658
10665
10666
10667
10698
10698
10713
10720
10741
10747
10753
10766
10778
10778
10796
10798
10820
10837
10855
10856
10858
10859
10871
10876
10881
10913
10935
10941
10943
10944
10949
10950
10958
10969
10998
11002
11007
11022
11023
11057
11070
11083
11086
11086
11095
11110
11124
11126
11142
11147
11147
11151
11154
11155
11165
11166
11186
11193
11194
11210
11223
11223
11236
11244
11249
11256
11271
11275
11281
11291
11293
11294
11312
11322
11322
11325
11330
11346
11350
11365
11370
11408
11420
11424
11429
11429
11442
11454
11455
11479
11498
11522
11551
11555
11559
11561
11564
11571
11577
11584
11584
11614
11616
11625
11645
11645
11650
11654
11657
11661
11677
11684
11695
11705
11715
11725
11728
11729
11739
11749
11751
11763
11767
11795
11795
11807
11823
11850
11851
11856
11860
11880
11885
11922
11924
11926
11930
11935
11936
11946
11954
11969
11976
11996
12002
12004
12013
12027
12030
12031
12061
12068
12076
12079
12082
12094
12135
12138
12159
12163
12167
12177
12186
12191
12216
12220
12227
12227
12235
12239
12241
12242
12245
12277
12295
12325
12328
12334
12349
12360
12410
12416
12418
12422
12422
12433
12448
12461
12474
12479
12483
12493
12493
12504
12512
12533
12537
12537
12537
12540
12555
12562
12565
12595
12604
12616
12624
12632
12650
12659
12663
12668
12668
12681
12690
12722
12724
12733
12738
12754
12755
12756
12758
12786
12789
12791
12821
12826
12839
12839
12848
12858
12876
12880
12899
12908
12918
12936
12956
12960
12962
12986
13012
13029
13043
13052
13055
13063
13068
13074
13080
13080
13088
13102
13104
13123
13138
13143
13152
13175
13175
13183
13191
13193
13194
13196
13201
13204
13212
13256
13259
13260
13260
13263
13268
13272
13282
13306
13313
13335
13353
13367
13384
13389
13393
13414
13421
13435
13440
13444
13478
13490
13516
13519
13519
13531
13555
13558
13560
13575
13596
13611
13629
13643
13700
13702
13704
13705
13711
13711
13729
13731
13735
13736
13743
13743
13766
13768
13774
13774
13788
13788
13799
13803
13808
13841
13843
13848
13861
13881
13904
13920
13922
13932
13935
13945
13950
13952
13970
13971
13976
13983
13983
14006
14020
14021
14028
14031
14064
14069
14071
14087
14087
14091
14102
14103
14118
14127
14129
14133
14144
14149
14162
14173
14178
14200
14200
14204
14205
14209
14214
14230
14241
14250
14251
14292
14305
14310
14317
14336
14336
14337
14347
14350
14359
14360
14366
14368
14376
14377
14385
14386
14426
14461
14471
14477
14490
14492
14499
14524
14524
14535
14535
14540
14540
14553
14559
14575
14582
14597
14602
14639
14660
14663
14671
14673
14675
14689
14690
14692
14696
14703
14714
14723
14745
14745
14767
14768
14783
14792
14805
14806
14816
14822
14825
14830
14831
14838
14848
14878
14880
14890
14900
14909
14954
14959
14963
14967
14971
14975
14975
14979
14981
14997
15000
15021
15025
15029
15034
15042
15048
15048
15055
15075
15106
15106
15122
15143
15155
15157
15160
15197
15201
15216
15225
15226
15227
15237
15242
15243
15254
15255
15255
15268
15270
15275
15280
15306
15316
15323
15335
15342
15358
15408
15408
15408
15410
15416
15423
15466
15472
15479
15483
15489
15499
15501
15516
15520
15521
15524
15541
15572
15582
15584
15589
15595
15602
15632
15642
15656
15658
15660
15670
15678
15683
15686
15688
15722
15771
15775
15783
15789
15808
15836
15849
15854
15865
15866
15879
15892
15893
15898
15898
15902
15907
15910
15911
15920
15945
15964
15975
15982
15984
15996
16008
16025
16044
16053
16077
16080
16082
16115
16116
16116
16117
16120
16125
16125
16126
16133
16160
16171
16177
16186
16188
16206
16211
16215
16221
16225
16230
16238
16262
16276
16281
16281
16289
16297
16302
16314
16320
16324
16325
16341
16349
16352
16355
16361
16400
16425
16428
16445
16453
16462
16465
16495
16496
16501
16516
16519
16537
16545
16550
16550
16554
16583
16598
16615
16619
16622
16625
16628
16635
16656
16656
16657
16657
16658
16685
16687
16692
16700
16708
16711
16721
16724
16750
16766
16801
16810
16817
16833
16833
16836
16837
16839
16855
16862
16862
16868
16872
16883
16901
16901
16915
16921
16924
16925
16939
16947
16949
16954
16956
16976
16978
16986
16996
17001
17022
17048
17050
17085
17088
17102
17112
17117
17121
17128
17132
17133
17134
17138
17146
17147
17152
17155
17171
17172
17193
17214
17214
17220
17225
17237
17240
17256
17278
17284
17289
17296
17318
17329
17329
17329
17339
17342
17354
17356
17357
17363
17366
17370
17371
17398
17406
17412
17420
17424
17424
17436
17437
17461
17488
17508
17529
17576
17578
17587
17600
17604
17605
17637
17645
17670
17687
17688
17696
17704
17709
17714
17719
17758
17779
17811
17824
17824
17839
17840
17842
17850
17853
17867
17883
17923
17967
17997
18001
18006
18008
18016
18032
18033
18043
18050
18071
18092
18101
18111
18150
18156
18166
18170
18183
18204
18215
18224
18227
18249
18263
18276
18282
18295
18295
18300
18305
18314
18334
18348
18352
18363
18378
18384
18386
18407
18416
18416
18419
18421
18443
18446
18449
18460
18471
18480
18499
18506
18514
18519
18557
18557
18558
18572
18587
18647
18651
18655
18705
18724
18726
18748
18749
18751
18755
18778
18785
18793
18793
18796
18807
18815
18819
18843
18856
18865
18874
18876
18878
18881
18892
18902
18904
18909
18930
18967
18974
18980
19020
19058
19071
19075
19091
19094
19103
19105
19111
19113
19120
19125
19141
19151
19159
19166
19179
19183
19183
19189
19233
19246
19254
19274
19274
19296
19312
19314
19318
19319
19337
19341
19341
19346
19378
19382
19424
19447
19468
19481
19488
19500
19511
19513
19531
19545
19560
19577
19601
19630
19632
19681
19682
19685
19686
19698
19699
19757
19757
19773
19815
19822
19832
19853
19866
19874
19878
19879
19883
19895
19928
19947
19984
19988
19988
19988
20006
20020
20030
20073
20083
20095
20100
20104
20111
20125
20137
20142
20146
20159
20185
20201
20205
20209
20211
20225
20238
20239
20241
20249
20259
20259
20263
20283
20296
20302
20309
20320
20353
20360
20371
20384
20397
20402
20409
20425
20427
20454
20470
20493
20496
20512
20519
20533
20549
20555
20568
20595
20599
20608
20622
20623
20640
20647
20654
20659
20661
20664
20687
20688
20700
20703
20710
20718
20721
20728
20748
20766
20779
20783
20788
20806
20810
20812
20823
20833
20841
20843
20851
20855
20864
20867
20869
20871
20889
20893
20901
20954
20967
21006
21007
21020
21023
21037
21038
21043
21055
21069
21082
21083
21083
21101
21114
21129
21147
21150
21171
21201
21201
21220
21245
21250
21253
21263
21268
21294
21299
21324
21326
21329
21346
21350
21352
21368
21378
21381
21382
21417
21420
21426
21431
21442
21447
21467
21470
21494
21494
21494
21517
21544
21551
21568
21576
21597
21612
21634
21655
21656
21656
21656
21664
21675
21677
21684
21701
21710
21739
21746
21758
21764
21788
21795
21797
21806
21812
21822
21823
21824
21830
21832
21837
21839
21850
21869
21878
21890
21910
21911
21934
21940
21940
21941
21977
22008
22015
22018
22019
22029
22046
22049
22059
22077
22079
22080
22097
22110
22111
22130
22132
22137
22138
22139
22146
22152
22181
22187
22214
22220
22227
22227
22238
22262
22268
22274
22281
22282
22297
22339
22341
22361
22364
22369
22381
22382
22383
22393
22401
22414
22445
22454
22458
22463
22476
22477
22478
22495
22533
22534
22547
22559
22561
22562
22574
22590
22594
22610
22612
22612
22613
22616
22618
22621
22634
22635
22640
22647
22678
22684
22686
22686
22708
22716
22717
22718
22718
22727
22746
22747
22758
22776
22788
22821
22839
22841
22847
22847
22855
22857
22861
22882
22885
22885
22889
22893
22895
22896
22906
22929
22934
22936
22937
22943
22951
22955
22982
22982
22985
22991
22999
23004
23007
23017
23020
23024
23032
23042
23080
23094
23102
23115
23134
23137
23139
23142
23142
23151
23161
23171
23221
23241
23241
23260
23266
23278
23298
23305
23315
23326
23342
23352
23356
23365
23368
23385
23416
23433
23434
23437
23445
23455
23458
23473
23481
23483
23485
23492
23497
23513
23538
23550
23602
23611
23634
23641
23646
23668
23691
23695
23720
23733
23739
23743
23748
23753
23759
23763
23768
23780
23788
23799
23810
23813
23837
23852
23857
23858
23867
23872
23874
23893
23893
23904
23917
23931
23933
23933
23962
23963
23965
23983
23984
23988
23989
23996
24019
24027
24040
24042
24047
24058
24071
24072
24079
24079
24095
24097
24100
24116
24123
24166
24172
24192
24192
24206
24208
24223
24225
24229
24232
24237
24239
24242
24257
24260
24272
24279
24284
24294
24296
24306
24307
24308
24309
24319
24323
24344
24345
24349
24357
24360
24367
24369
24384
24386
24404
24411
24420
24422
24444
24452
24452
24480
24483
24531
24533
24545
24552
24553
24554
24555
24560
24560
24565
24568
24580
24623
24640
24644
24667
24676
24682
24684
24697
24705
24710
24710
24719
24721
24730
24744
24751
24767
24774
24872
24881
24883
24889
24895
24899
24900
24900
24907
24911
24925
24933
24941
24951
24970
24971
24984
24999
25003
25013
25013
25030
25042
25054
25060
25062
25081
25091
25102
25109
25126
25132
25134
25154
25160
25169
25179
25183
25202
25207
25207
25210
25223
25229
25249
25261
25263
25267
25270
25283
25295
25302
25332
25356
25365
25387
25393
25407
25410
25419
25434
25440
25445
25450
25460
25478
25483
25487
25489
25505
25507
25512
25517
25524
25532
25536
25559
25559
25563
25569
25570
25585
25591
25600
25611
25613
25635
25662
25667
25670
25683
25688
25695
25706
25713
25719
25722
25723
25729
25733
25739
25761
25763
25767
25774
25775
25808
25817
25818
25824
25826
25826
25842
25848
25850
25866
25878
25891
25935
25942
25956
25968
25974
25982
25997
26003
26011
26012
26017
26023
26025
26025
26028
26034
26044
26052
26064
26066
26093
26093
26151
26194
26195
26196
26201
26206
26213
26230
26232
26242
26249
26254
26313
26314
26326
26334
26357
26375
26376
26381
26393
26401
26406
26432
26448
26451
26461
26465
26465
26471
26471
26472
26474
26475
26521
26530
26559
26571
26598
26624
26629
26648
26664
26677
26688
26693
26694
26694
26708
26719
26731
26743
26771
26772
26798
26799
26803
26804
26826
26839
26849
26865
26870
26873
26884
26890
26903
26916
26925
26968
26974
26980
26987
26994
27003
27005
27023
27051
27088
27110
27115
27121
27124
27125
27128
27129
27130
27132
27149
27153
27160
27174
27178
27183
27184
27193
27205
27211
27219
27232
27241
27246
27249
27254
27271
27277
27292
27293
27309
27319
27324
27353
27361
27364
27367
27368
27376
27379
27393
27398
27399
27404
27443
27453
27455
27492
27497
27525
27529
27544
27554
27558
27563
27575
27578
27588
27596
27596
27622
27628
27632
27675
27675
27688
27692
27695
27738
27766
27771
27773
27780
27789
27821
27836
27854
27857
27878
27880
27891
27896
27898
27907
27927
27929
27968
27980
27985
27996
27998
27998
28006
28019
28027
28027
28034
28042
28050
28054
28069
28077
28091
28092
28099
28103
28122
28123
28125
28128
28139
28140
28142
28161
28177
28194
28233
28238
28241
28247
28248
28259
28261
28287
28320
28323
28327
28331
28337
28346
28349
28361
28372
28376
28379
28387
28391
28399
28401
28406
28410
28414
28417
28422
28426
28453
28457
28474
28491
28494
28506
28531
28541
28552
28588
28588
28600
28604
28608
28610
28622
28647
28651
28673
28673
28696
28705
28724
28729
28744
28755
28787
28789
28792
28810
28813
28824
28829
28829
28833
28867
28883
28892
28893
28894
28896
28896
28903
28911
28916
28930
28931
28950
28951
28965
28971
28979
28990
29013
29013
29050
29050
29058
29062
29066
29071
29077
29078
29078
29082
29082
29083
29122
29135
29151
29156
29183
29185
29207
29209
29214
29228
29230
29244
29291
29294
29295
29297
29305
29320
29329
29355
29360
29370
29372
29378
29384
29407
29411
29437
29449
29452
29456
29468
29471
29493
29496
29511
29520
29538
29567
29598
29598
29606
29612
29628
29636
29660
29661
29670
29691
29692
29699
29701
29720
29723
29749
29753
29775
29775
29791
29816
29819
29823
29825
29851
29859
29862
29863
29878
29882
29883
29885
29910
29912
29917
29922
29924
29941
29944
29955
29959
29974
29977
30010
30010
30013
30018
30023
30033
30034
30044
30054
30054
30057
30067
30077
30079
30086
30098
30104
30114
30125
30146
30152
30187
30194
30195
30206
30220
30225
30242
30248
30252
30280
30297
30315
30331
30336
30347
30354
30362
30364
30369
30369
30371
30372
30402
30419
30428
30439
30442
30444
30448
30449
30454
30463
30484
30486
30494
30498
30540
30544
30544
30548
30560
30561
30566
30571
30593
30609
30624
30631
30645
30649
30654
30688
30689
30698
30712
30721
30724
30727
30735
30742
30744
30747
30755
30756
30758
30761
30796
30805
30849
30850
30866
30869
30883
30887
30888
30910
30917
30955
30968
30987
31003
31007
31008
31016
31034
31051
31052
31061
31065
31072
31101
31106
31107
31127
31163
31165
31173
31173
31186
31192
31208
31231
31239
31244
31257
31259
31261
31263
31279
31312
31338
31347
31359
31376
31383
31386
31393
31412
31417
31431
31435
31459
31475
31475
31496
31502
31508
31518
31550
31552
31568
31584
31593
31594
31596
31597
31603
31607
31609
31626
31666
31668
31671
31673
31687
31692
31699
31699
31703
31708
31709
31711
31714
31722
31725
31739
31747
31771
31776
31786
31821
31832
31833
31845
31864
31880
31885
31885
31892
31893
31897
31902
31908
31918
31923
31934
31934
31970
31976
31976
31980
31982
31992
31998
32014
32016
32023
32023
32024
32026
32057
32065
32074
32074
32083
32085
32092
32098
32120
32123
32144
32148
32156
32166
32232
32258
32264
32267
32272
32299
32329
32359
32364
32365
32395
32401
32403
32411
32412
32416
32418
32419
32427
32448
32462
32463
32483
32483
32486
32511
32527
32532
32533
32535
32537
32538
32545
32551
32569
32572
32577
32579
32581
32604
32618
32621
32628
32636
32657
32659
32681
32687
32690
32696
32707
32726
32765
32781
32785
32801
32807
32838
32861
32866
32868
32870
32883
32886
32893
32899
32901
32916
32921
32922
32935
32935
32936
32936
32946
32960
32966
33003
33031
33033
33041
33049
33049
33050
33051
33055
33055
33067
33070
33077
33082
33089
33107
33107
33112
33114
33124
33126
33145
33149
33167
33170
33189
33214
33225
33245
33262
33275
33285
33293
33305
33306
33311
33318
33325
33330
33341
33352
33359
33364
33365
33401
33406
33410
33412
33414
33420
33452
33478
33479
33489
33516
33516
33517
33518
33524
33528
33552
33554
33568
33569
33584
33596
33601
33606
33621
33621
33644
33649
33668
33682
33731
33748
33758
33758
33771
33791
33792
33798
33809
33819
33834
33842
33846
33857
33867
33869
33872
33873
33886
33894
33895
33922
33931
33936
33937
33946
33947
33959
33960
33974
33975
33977
34026
34027
34042
34044
34050
34072
34076
34109
34132
34135
34141
34184
34201
34210
34212
34222
34224
34224
34226
34237
34246
34256
34261
34284
34288
34289
34291
34300
34300
34325
34330
34343
34347
34360
34378
34385
34403
34429
34435
34503
34512
34514
34519
34529
34533
34535
34569
34570
34576
34578
34585
34587
34588
34600
34600
34603
34605
34608
34612
34612
34626
34640
34642
34660
34662
34671
34675
34686
34694
34704
34704
34705
34726
34735
34747
34762
34784
34804
34809
34809
34821
34835
34850
34862
34889
34891
34899
34922
34932
34955
34961
34980
35000
35003
35005
35005
35053
35057
35058
35059
35064
35066
35082
35087
35092
35096
35100
35110
35115
35126
35128
35130
35137
35139
35141
35146
35150
35150
35152
35155
35156
35160
35160
35162
35181
35184
35196
35207
35210
35211
35213
35216
35231
35242
35291
35298
35304
35305
35305
35307
35314
35320
35320
35325
35325
35332
35334
35335
35338
35348
35351
35352
35358
35362
35379
35404
35404
35427
35440
35440
35448
35449
35460
35464
35477
35478
35482
35513
35516
35519
35523
35525
35527
35527
35528
35529
35538
35541
35541
35551
35573
35574
35575
35578
35585
35591
35599
35610
35615
35634
35658
35663
35666
35668
35671
35673
35708
35725
35725
35754
35756
35759
35759
35770
35771
35788
35791
35799
35807
35808
35823
35835
35837
35840
35840
35840
35841
35844
35864
35885
35909
35925
35930
35936
35937
35939
35963
35964
35977
35988
35998
36001
36013
36016
36042
36064
36070
36082
36083
36083
36084
36097
36109
36136
36139
36139
36143
36163
36172
36177
36181
36194
36210
36226
36230
36232
36239
36240
36252
36257
36278
36300
36313
36341
36351
36353
36353
36361
36379
36396
36400
36403
36416
36431
36462
36466
36473
36483
36491
36507
36513
36515
36528
36529
36544
36556
36560
36569
36573
36588
36594
36611
36639
36646
36650
36666
36666
36673
36679
36693
36701
36707
36718
36737
36746
36756
36769
36781
36801
36811
36817
36824
36824
36827
36843
36844
36874
36899
36899
36932
36938
36943
36966
36980
36985
37008
37013
37039
37046
37060
37062
37072
37084
37090
37105
37108
37117
37128
37137
37141
37154
37156
37158
37164
37169
37173
37181
37196
37196
37199
37203
37213
37219
37228
37241
37258
37258
37275
37280
37290
37292
37324
37329
37340
37382
37385
37404
37426
37427
37428
37431
37442
37458
37460
37460
37489
37496
37510
37524
37528
37530
37535
37544
37586
37589
37596
37601
37602
37609
37624
37641
37680
37698
37703
37730
37738
37739
37744
37747
37760
37788
37799
37802
37806
37816
37824
37824
37857
37860
37883
37891
37893
37894
37898
37904
37917
37921
37942
37952
37953
37959
37971
37987
38014
38023
38024
38035
38048
38051
38056
38073
38073
38075
38089
38090
38097
38099
38116
38135
38136
38143
38149
38156
38158
38187
38195
38222
38226
38226
38227
38228
38228
38231
38232
38249
38263
38287
38313
38313
38322
38332
38334
38342
38343
38353
38358
38389
38400
38403
38410
38416
38421
38446
38451
38455
38455
38467
38477
38483
38490
38492
38534
38538
38557
38560
38566
38584
38587
38591
38593
38596
38607
38639
38654
38664
38668
38669
38682
38696
38711
38715
38729
38747
38750
38752
38755
38761
38768
38776
38793
38799
38807
38808
38817
38828
38831
38831
38841
38851
38871
38895
38900
38903
38905
38911
38932
38938
38951
38956
38964
38966
38967
38980
38988
38992
39005
39015
39016
39028
39035
39037
39040
39048
39089
39111
39111
39126
39129
39134
39141
39157
39159
39171
39184
39186
39203
39221
39230
39240
39242
39242
39246
39251
39256
39261
39266
39269
39271
39277
39283
39285
39297
39298
39311
39321
39322
39325
39333
39335
39349
39359
39361
39392
39406
39408
39410
39414
39423
39424
39425
39435
39443
39451
39452
39455
39457
39460
39483
39486
39494
39502
39525
39536
39556
39561
39562
39564
39566
39578
39582
39594
39602
39602
39603
39612
39615
39617
39617
39617
39617
39620
39638
39662
39663
39674
39676
39679
39684
39689
39699
39721
39755
39758
39760
39792
39792
39808
39818
39822
39828
39860
39862
39867
39890
39893
39912
39924
39924
39961
39964
39972
39977
39983
40024
40029
40034
40040
40042
40048
40049
40053
40088
40102
40104
40122
40145
40164
40176
40189
40192
40196
40207
40211
40230
40243
40253
40254
40264
40299
40306
40308
40309
40318
40322
40344
40351
40360
40360
40374
40392
40398
40409
40417
40429
40433
40434
40455
40485
40486
40496
40521
40532
40550
40581
40591
40597
40634
40636
40639
40665
40685
40686
40687
40700
40703
40704
40756
40770
40779
40781
40784
40789
40818
40821
40823
40830
40837
40855
40855
40856
40861
40874
40874
40890
40891
40908
40918
40926
40940
40944
40946
40949
40954
40963
40970
40977
40989
40991
40999
40999
41010
41023
41033
41036
41042
41108
41110
41115
41122
41143
41166
41190
41200
41225
41225
41228
41233
41234
41268
41276
41281
41285
41288
41292
41294
41304
41304
41304
41310
41316
41328
41340
41362
41366
41382
41384
41386
41400
41411
41414
41426
41436
41454
41455
41461
41465
41475
41482
41490
41491
41503
41526
41532
41548
41552
41583
41604
41609
41612
41640
41641
41651
41675
41694
41737
41747
41800
41800
41802
41803
41832
41848
41868
41880
41892
41931
41933
41934
41941
41945
41954
41956
41957
41960
41960
41974
41988
41993
42010
42030
42049
42070
42077
42094
42101
42125
42132
42133
42134
42151
42162
42170
42172
42177
42191
42200
42201
42207
42218
42224
42224
42240
42252
42258
42263
42301
42303
42319
42320
42326
42331
42331
42345
42355
42370
42380
42393
42414
42421
42434
42437
42439
42453
42455
42464
42465
42472
42495
42496
42507
42534
42572
42588
42593
42594
42627
42634
42644
42651
42655
42725
42736
42776
42801
42807
42821
42839
42848
42853
42868
42871
42890
42897
42899
42902
42917
42919
42923
42934
42935
42958
42959
42985
43000
43025
43045
43052
43071
43090
43094
43101
43106
43111
43113
43117
43147
43157
43160
43177
43185
43194
43201
43210
43221
43226
43229
43236
43243
43254
43257
43290
43299
43303
43304
43308
43310
43313
43318
43321
43325
43342
43347
43350
43350
43359
43383
43395
43403
43411
43449
43470
43472
43484
43490
43502
43505
43517
43519
43551
43554
43558
43560
43579
43581
43582
43597
43612
43622
43628
43640
43647
43659
43666
43679
43682
43694
43707
43716
43733
43743
43762
43775
43778
43780
43797
43816
43825
43835
43885
43898
43908
43914
43932
43937
43944
43956
43975
43976
43988
43990
43991
44006
44022
44028
44057
44073
44074
44078
44106
44108
44112
44127
44129
44150
44170
44176
44182
44190
44193
44196
44213
44219
44232
44238
44254
44258
44261
44270
44271
44276
44289
44296
44300
44303
44313
44324
44325
44329
44339
44339
44345
44350
44360
44372
44382
44397
44398
44406
44408
44411
44414
44418
44423
44428
44454
44457
44461
44467
44467
44475
44490
44494
44497
44504
44512
44514
44519
44546
44548
44574
44590
44593
44593
44608
44616
44627
44629
44634
44637
44645
44663
44680
44696
44698
44725
44753
44770
44771
44776
44779
44788
44788
44803
44812
44819
44841
44849
44859
44869
44882
44886
44893
44897
44899
44904
44917
44919
44922
44924
44952
44955
44974
44978
45009
45011
45022
45023
45034
45054
45067
45076
45080
45105
45106
45154
45156
45156
45207
45210
45218
45254
45264
45267
45269
45277
45279
45291
45297
45298
45299
45336
45351
45369
45387
45391
45392
45401
45402
45404
45410
45418
45457
45464
45470
45479
45481
45491
45508
45513
45519
45524
45525
45528
45529
45549
45559
45559
45570
45583
45626
45627
45642
45642
45644
45646
45649
45658
45665
45669
45684
45705
45711
45718
45730
45733
45733
45736
45737
45750
45769
45771
45782
45782
45799
45805
45810
45822
45824
45862
45882
45891
45901
45907
45914
45930
45932
45965
45996
45996
46001
46001
46009
46019
46033
46041
46044
46044
46044
46045
46051
46057
46096
46096
46120
46127
46134
46143
46147
46168
46182
46195
46201
46204
46216
46233
46259
46279
46311
46317
46320
46321
46329
46344
46354
46362
46366
46368
46382
46387
46397
46409
46420
46429
46433
46444
46447
46453
46460
46475
46483
46488
46496
46520
46520
46522
46532
46546
46565
46566
46567
46585
46587
46601
46613
46633
46634
46635
46659
46675
46693
46694
46711
46713
46720
46721
46723
46725
46728
46736
46736
46756
46757
46758
46759
46760
46760
46788
46790
46823
46831
46837
46857
46858
46863
46867
46882
46891
46898
46908
46934
46949
46978
46993
47009
47021
47026
47031
47035
47037
47050
47060
47070
47081
47088
47089
47108
47108
47115
47117
47126
47135
47139
47142
47153
47154
47154
47161
47161
47174
47211
47221
47223
47226
47235
47247
47287
47287
47292
47303
47304
47317
47317
47340
47343
47347
47347
47353
47354
47360
47364
47365
47366
47378
47382
47384
47387
47406
47407
47444
47472
47478
47483
47485
47513
47513
47531
47555
47560
47587
47588
47591
47592
47596
47605
47619
47633
47634
47648
47654
47654
47656
47656
47657
47664
47672
47684
47726
47735
47749
47754
47763
47801
47821
47851
47855
47862
47867
47874
47887
47887
47893
47908
47908
47945
47952
47966
47970
47971
47975
47984
48002
48004
48007
48010
48014
48031
48038
48041
48045
48069
48167
48173
48207
48209
48211
48224
48238
48247
48253
48255
48258
48267
48269
48273
48284
48305
48310
48315
48321
48322
48323
48346
48346
48366
48369
48381
48404
48409
48414
48433
48441
48445
48446
48447
48477
48491
48492
48494
48497
48499
48509
48510
48512
48519
48571
48592
48594
48601
48611
48612
48613
48625
48667
48677
48687
48709
48709
48726
48737
48747
48754
48760
48774
48803
48831
48836
48848
48857
48859
48859
48879
48885
48891
48918
48924
48933
48936
48942
48943
48944
48958
48963
48994
48997
48999
49015
49034
49042
49046
49048
49050
49065
49067
49088
49110
49143
49168
49187
49188
49200
49216
49218
49238
49270
49272
49274
49277
49279
49280
49287
49295
49304
49315
49327
49332
49332
49353
49355
49355
49370
49389
49391
49408
49409
49410
49412
49413
49415
49440
49461
49462
49472
49474
49513
49515
49536
49546
49559
49586
49587
49587
49592
49606
49607
49616
49621
49633
49638
49665
49703
49703
49729
49732
49747
49752
49804
49815
49815
49818
49819
49863
49868
49881
49888
49888
49914
49919
49921
49952
49990
50002
50009
50015
50038
50055
50061
50061
50068
50075
50099
50116
50130
50135
50140
50152
50162
50163
50164
50168
50178
50180
50198
50222
50233
50246
50254
50262
50282
50306
50314
50318
50328
50330
50332
50354
50357
50372
50376
50386
50401
50420
50420
50437
50438
50442
50482
50491
50496
50503
50519
50565
50568
50574
50577
50593
50596
50626
50632
50643
50654
50661
50664
50672
50694
50694
50705
50713
50713
50717
50718
50725
50725
50732
50768
50776
50786
50790
50792
50880
50881
50881
50906
50906
50907
50907
50913
50933
50934
50940
50949
50955
50976
50979
50993
50998
51007
51009
51011
51016
51024
51040
51041
51050
51061
51071
51073
51083
51087
51095
51118
51136
51155
51156
51174
51178
51185
51208
51213
51214
51218
51222
51227
51247
51251
51256
51260
51262
51264
51278
51283
51312
51328
51331
51336
51338
51363
51399
51417
51429
51450
51456
51470
51471
51478
51492
51496
51511
51531
51532
51534
51547
51548
51579
51587
51612
51613
51626
51640
51667
51671
51676
51678
51696
51697
51754
51780
51793
51813
51825
51851
51860
51866
51875
51879
51889
51903
51909
51912
51939
51943
51946
51952
51958
51969
51972
51974
51981
51989
51991
51994
51999
51999
52003
52014
52014
52019
52030
52034
52036
52039
52046
52058
52070
52072
52082
52092
52095
52102
52102
52104
52105
52107
52110
52110
52112
52114
52116
52135
52140
52148
52171
52186
52188
52205
52227
52229
52230
52239
52246
52281
52282
52284
52290
52292
52304
52356
52377
52384
52403
52419
52453
52454
52465
52471
52473
52474
52479
52481
52487
52505
52513
52513
52523
52527
52536
52540
52561
52571
52572
52574
52575
52576
52585
52585
52594
52609
52629
52653
52675
52680
52685
52727
52735
52736
52750
52752
52769
52772
52774
52774
52777
52790
52794
52810
52822
52826
52831
52849
52862
52888
52890
52913
52915
52917
52924
52955
52962
52963
52964
52971
53000
53002
53010
53015
53019
53021
53044
53056
53069
53082
53087
53096
53103
53109
53112
53114
53121
53136
53138
53145
53164
53166
53173
53179
53188
53244
53252
53256
53262
53267
53267
53290
53305
53317
53320
53338
53343
53348
53360
53362
53374
53375
53378
53380
53388
53402
53429
53430
53434
53436
53449
53459
53470
53482
53484
53487
53490
53493
53511
53532
53539
53539
53553
53554
53560
53579
53582
53602
53610
53617
53618
53625
53649
53656
53665
53681
53705
53710
53712
53728
53729
53737
53740
53756
53783
53791
53797
53837
53839
53846
53855
53867
53872
53873
53909
53922
53945
53949
53959
53966
53969
53997
54005
54009
54009
54010
54027
54037
54063
54077
54082
54085
54093
54120
54123
54142
54178
54179
54183
54185
54186
54198
54201
54212
54214
54215
54223
54225
54232
54235
54238
54240
54242
54271
54281
54284
54302
54304
54311
54318
54319
54322
54349
54353
54384
54385
54388
54413
54420
54437
54443
54460
54469
54470
54479
54492
54513
54513
54521
54526
54527
54533
54565
54567
54574
54580
54589
54598
54606
54608
54611
54623
54657
54657
54658
54659
54664
54696
54699
54706
54709
54710
54718
54730
54733
54741
54742
54756
54764
54768
54775
54776
54816
54823
54827
54833
54847
54869
54874
54883
54897
54916
54946
54959
54959
54968
54981
54981
54991
54992
54995
55003
55003
55004
55027
55043
55044
55050
55081
55082
55121
55121
55162
55162
55166
55176
55195
55206
55221
55245
55260
55266
55279
55280
55304
55304
55305
55313
55314
55321
55356
55366
55367
55377
55381
55388
55403
55424
55425
55442
55458
55458
55459
55460
55460
55470
55491
55502
55504
55533
55539
55552
55565
55568
55578
55582
55588
55594
55602
55606
55607
55612
55614
55614
55628
55636
55658
55660
55665
55683
55686
55691
55716
55716
55754
55763
55808
55816
55817
55825
55832
55854
55896
55898
55900
55902
55903
55923
55929
55930
55935
55948
55950
55960
55972
56035
56043
56048
56059
56066
56082
56105
56111
56138
56141
56146
56164
56179
56179
56181
56196
56218
56220
56229
56234
56237
56250
56263
56277
56280
56297
56301
56313
56314
56317
56319
56321
56324
56327
56370
56389
56391
56402
56414
56432
56438
56446
56451
56457
56459
56485
56491
56501
56510
56513
56514
56514
56521
56523
56529
56533
56535
56544
56565
56570
56586
56622
56642
56645
56655
56698
56712
56741
56745
56754
56756
56761
56779
56817
56817
56824
56829
56832
56833
56841
56857
56857
56859
56861
56878
56882
56900
56902
56904
56906
56906
56924
56926
56937
56946
56966
56976
56977
56989
57001
57020
57022
57022
57026
57027
57031
57034
57049
57080
57111
57142
57162
57162
57176
57180
57192
57201
57205
57215
57219
57223
57239
57244
57259
57290
57305
57308
57327
57329
57332
57339
57341
57350
57351
57364
57369
57371
57382
57392
57392
57397
57404
57405
57418
57444
57447
57450
57453
57454
57457
57475
57491
57498
57501
57503
57514
57526
57537
57542
57562
57588
57592
57597
57611
57640
57644
57648
57666
57687
57692
57698
57720
57730
57741
57741
57753
57760
57777
57781
57787
57794
57797
57801
57817
57827
57833
57862
57863
57875
57892
57905
57911
57926
57927
57927
57933
57940
57967
57972
57984
58002
58026
58044
58067
58070
58074
58087
58092
58100
58104
58111
58111
58117
58118
58137
58148
58180
58201
58205
58208
58218
58259
58287
58292
58362
58370
58393
58400
58423
58425
58435
58436
58448
58451
58454
58483
58490
58495
58497
58497
58500
58507
58508
58533
58536
58547
58554
58566
58575
58587
58620
58626
58644
58657
58676
58677
58683
58710
58725
58730
58731
58752
58793
58797
58804
58813
58827
58856
58858
58863
58878
58890
58899
58900
58910
58937
58940
58950
58960
58960
58968
58984
58985
58991
59004
59008
59017
59017
59043
59048
59060
59068
59073
59076
59077
59079
59088
59091
59101
59102
59135
59147
59157
59169
59180
59183
59203
59206
59219
59243
59246
59266
59295
59300
59301
59312
59313
59316
59328
59332
59357
59366
59375
59382
59387
59391
59394
59395
59410
59411
59411
59415
59422
59429
59467
59482
59485
59488
59493
59507
59514
59518
59524
59531
59533
59539
59560
59595
59597
59601
59602
59603
59607
59618
59634
59667
59677
59696
59697
59703
59712
59713
59714
59724
59732
59733
59752
59752
59754
59757
59765
59776
59800
59802
59806
59816
59818
59846
59858
59868
59870
59873
59879
59882
59911
59923
59924
59927
59958
59963
59963
59964
60004
60013
60022
60028
60033
60050
60052
60068
60069
60076
60077
60118
60120
60125
60131
60143
60160
60162
60188
60196
60197
60206
60206
60211
60213
60222
60236
60239
60248
60256
60290
60295
60307
60312
60356
60366
60387
60388
60388
60408
60419
60421
60432
60442
60455
60456
60473
60486
60491
60492
60498
60504
60518
60537
60547
60555
60556
60591
60600
60606
60621
60625
60631
60635
60642
60643
60649
60650
60715
60722
60723
60725
60741
60755
60776
60782
60798
60832
60834
60835
60852
60857
60862
60868
60871
60872
60883
60900
60904
60941
60973
60976
61014
61034
61045
61062
61063
61066
61096
61110
61112
61113
61139
61160
61183
61187
61190
61205
61208
61211
61219
61235
61248
61269
61288
61291
61293
61296
61338
61342
61363
61366
61382
61388
61400
61416
61427
61430
61434
61473
61479
61487
61519
61550
61562
61562
61564
61574
61605
61631
61649
61652
61656
61669
61678
61692
61709
61771
61791
61798
61803
61810
61815
61817
61817
61835
61836
61843
61849
61876
61880
61883
61885
61889
61891
61913
61923
61926
61930
61962
61967
61978
61993
62017
62017
62024
62035
62037
62038
62049
62052
62064
62064
62064
62072
62077
62085
62092
62097
62101
62107
62109
62120
62122
62124
62156
62193
62238
62239
62247
62251
62253
62260
62291
62315
62319
62324
62340
62347
62392
62396
62410
62412
62440
62447
62447
62482
62483
62500
62520
62591
62596
62599
62614
62627
62633
62635
62638
62640
62654
62655
62657
62681
62689
62696
62698
62708
62714
62715
62723
62743
62767
62788
62792
62796
62813
62820
62830
62841
62841
62846
62856
62862
62863
62866
62875
62877
62924
62926
62929
62935
62937
62941
62943
62945
62949
62950
62967
62971
62980
62987
62999
63010
63014
63016
63033
63040
63055
63057
63059
63060
63062
63073
63075
63082
63091
63103
63106
63113
63122
63123
63126
63136
63150
63155
63170
63173
63191
63202
63217
63224
63225
63231
63254
63266
63271
63286
63290
63292
63296
63298
63300
63307
63321
63329
63333
63346
63350
63352
63381
63384
63390
63399
63404
63405
63409
63418
63432
63433
63438
63438
63440
63448
63453
63493
63497
63509
63509
63525
63533
63533
63550
63551
63563
63578
63586
63595
63598
63609
63627
63628
63636
63655
63673
63681
63709
63711
63714
63720
63720
63737
63740
63747
63771
63810
63812
63852
63854
63855
63863
63879
63883
63909
63910
63934
63940
63951
63962
63971
63985
63995
64013
64025
64025
64036
64036
64043
64046
64051
64068
64083
64092
64100
64104
64110
64120
64137
64139
64155
64174
64181
64205
64216
64222
64222
64227
64229
64235
64242
64247
64249
64257
64262
64267
64281
64289
64297
64301
64307
64313
64314
64316
64324
64327
64349
64354
64372
64376
64385
64385
64386
64393
64416
64419
64425
64427
64429
64441
64456
64474
64489
64503
64511
64523
64545
64577
64580
64611
64616
64621
64642
64645
64665
64676
64700
64703
64710
64712
64729
64781
64815
64831
64861
64864
64869
64874
64884
64900
64904
64905
64908
64915
64929
64966
64978
65004
65026
65049
65051
65057
65064
65085
65085
65092
65094
65094
65095
65118
65128
65129
65130
65132
65138
65147
65154
65155
65164
65176
65181
65201
65223
65239
65239
65250
65252
65269
65286
65314
65332
65339
65353
65353
65356
65357
65367
65372
65374
65395
65404
65406
65408
65413
65433
65437
65448
65453
65459
65459
65473
65481
65483
65490
65510
65520
65536
65544
65545
65546
65546
65547
65557
65558
65564
65565
65572
65578
65578
65602
65612
65621
65624
65640
65646
65697
65707
65710
65712
65716
65719
65742
65745
65748
65751
65757
65759
65772
65774
65778
65791
65792
65812
65815
65825
65828
65828
65834
65835
65842
65843
65850
65861
65861
65863
65865
65865
65887
65899
65903
65913
65924
65925
65931
65935
65944
65962
65964
65984
66020
66039
66060
66061
66078
66085
66088
66109
66113
66138
66145
66179
66196
66200
66202
66208
66219
66224
66224
66244
66251
66271
66286
66286
66288
66289
66294
66309
66311
66330
66331
66332
66345
66348
66351
66357
66359
66364
66367
66409
66421
66437
66441
66466
66475
66483
66493
66502
66504
66504
66505
66509
66513
66526
66555
66565
66566
66571
66574
66579
66599
66614
66621
66628
66639
66652
66657
66685
66695
66711
66713
66729
66733
66737
66743
66746
66751
66754
66769
66776
66780
66787
66791
66792
66792
66809
66832
66834
66842
66857
66858
66871
66883
66891
66895
66933
66938
66943
66949
66962
66998
67009
67011
67024
67026
67028
67053
67079
67081
67083
67109
67113
67118
67123
67137
67170
67173
67174
67174
67182
67207
67214
67218
67225
67240
67258
67260
67287
67299
67303
67310
67313
67313
67322
67325
67328
67345
67353
67378
67383
67387
67392
67398
67411
67425
67431
67443
67444
67450
67456
67457
67460
67462
67492
67495
67514
67550
67566
67572
67582
67584
67587
67602
67605
67621
67623
67629
67640
67646
67658
67664
67666
67679
67700
67715
67745
67764
67810
67817
67824
67832
67836
67837
67852
67866
67868
67894
67904
67910
67922
67923
67940
67964
67968
67984
68006
68007
68008
68008
68025
68027
68033
68050
68081
68083
68084
68092
68093
68095
68097
68117
68133
68138
68197
68204
68211
68219
68265
68281
68297
68305
68321
68328
68363
68364
68375
68383
68389
68405
68426
68437
68461
68466
68472
68492
68493
68521
68522
68541
68555
68563
68575
68618
68620
68643
68661
68674
68676
68681
68681
68682
68689
68690
68724
68724
68726
68728
68734
68737
68745
68752
68789
68794
68806
68816
68826
68837
68852
68889
68913
68922
68947
68949
68980
68985
68986
69009
69012
69015
69022
69033
69094
69100
69105
69152
69158
69163
69174
69189
69212
69225
69230
69248
69250
69257
69259
69273
69287
69288
69300
69300
69321
69321
69341
69356
69369
69370
69391
69396
69403
69412
69415
69419
69419
69420
69464
69473
69480
69480
69487
69488
69488
69507
69521
69530
69553
69560
69566
69571
69577
69586
69605
69617
69638
69641
69645
69662
69667
69670
69671
69675
69684
69691
69704
69712
69719
69719
69721
69734
69745
69752
69759
69768
69772
69778
69787
69788
69789
69792
69818
69828
69850
69859
69862
69869
69875
69877
69881
69883
69896
69899
69912
69981
69987
69989
69992
70000
70005
70016
70017
70051
70052
70056
70061
70065
70074
70076
70077
70093
70106
70123
70141
70144
70158
70171
70177
70192
70193
70205
70221
70238
70241
70243
70246
70246
70249
70257
70268
70273
70278
70279
70281
70297
70304
70316
70326
70333
70350
70361
70367
70369
70384
70388
70399
70400
70400
70407
70410
70438
70442
70445
70454
70464
70477
70505
70521
70532
70536
70540
70548
70549
70551
70555
70556
70562
70569
70577
70580
70596
70615
70638
70672
70674
70696
70724
70730
70749
70770
70778
70780
70792
70802
70812
70816
70817
70844
70856
70865
70865
70875
70877
70880
70895
70899
70905
70907
70909
70917
70917
70938
70939
70941
70967
70975
70976
70991
71007
71014
71018
71023
71038
71043
71046
71047
71049
71050
71058
71059
71059
71061
71095
71102
71116
71120
71131
71137
71160
71160
71161
71168
71172
71175
71182
71188
71194
71199
71205
71222
71226
71267
71267
71284
71291
71304
71311
71312
71318
71385
71392
71405
71405
71407
71419
71431
71432
71436
71474
71478
71489
71504
71509
71510
71513
71515
71532
71548
71556
71567
71569
71574
71576
71604
71613
71624
71648
71667
71690
71727
71730
71746
71746
71767
71789
71798
71798
71803
71814
71830
71844
71858
71860
71884
71906
71928
71932
71936
71941
71965
71990
72002
72017
72036
72056
72085
72088
72102
72111
72121
72128
72130
72139
72140
72159
72167
72191
72191
72198
72225
72231
72237
72244
72260
72282
72291
72303
72305
72308
72325
72340
72357
72363
72404
72437
72469
72483
72495
72520
72524
72549
72552
72554
72555
72560
72562
72568
72591
72614
72615
72622
72639
72652
72659
72665
72668
72675
72678
72683
72694
72700
72709
72716
72720
72750
72759
72779
72795
72796
72803
72807
72827
72829
72845
72858
72859
72879
72883
72896
72905
72910
72917
72925
72926
72955
72956
72964
72968
72974
72976
72984
72987
73040
73054
73073
73080
73100
73105
73112
73128
73135
73136
73137
73146
73147
73151
73154
73160
73164
73181
73184
73187
73194
73219
73222
73232
73233
73242
73242
73254
73262
73278
73281
73285
73290
73293
73294
73323
73327
73348
73354
73377
73380
73382
73390
73400
73414
73421
73428
73429
73442
73451
73457
73460
73471
73487
73496
73516
73525
73543
73562
73573
73588
73611
73634
73639
73645
73662
73675
73687
73712
73756
73768
73771
73775
73779
73787
73787
73810
73833
73848
73852
73855
73865
73889
73903
73934
73952
73954
73955
73972
73975
73992
73994
73997
74026
74029
74034
74049
74051
74051
74061
74071
74078
74084
74097
74100
74103
74104
74117
74127
74129
74151
74179
74192
74194
74197
74210
74218
74238
74243
74244
74274
74291
74306
74313
74331
74343
74356
74362
74382
74396
74399
74402
74419
74437
74440
74449
74467
74478
74479
74485
74498
74498
74519
74525
74539
74542
74544
74546
74546
74553
74555
74562
74570
74573
74577
74599
74610
74611
74616
74650
74655
74662
74681
74694
74713
74716
74724
74751
74752
74756
74759
74759
74760
74768
74769
74780
74787
74789
74790
74809
74821
74829
74838
74848
74862
74875
74886
74889
74941
74951
74960
74965
74966
74976
74992
75015
75044
75048
75048
75051
75053
75075
75101
75115
75133
75135
75138
75196
75207
75229
75241
75241
75256
75270
75272
75283
75286
75310
75323
75326
75335
75337
75338
75346
75361
75367
75382
75385
75389
75411
75432
75436
75455
75475
75478
75481
75482
75485
75486
75489
75499
75503
75511
75516
75537
75543
75547
75562
75632
75644
75651
75654
75656
75665
75669
75672
75699
75699
75713
75720
75728
75731
75743
75751
75758
75782
75793
75799
75803
75813
75814
75817
75829
75836
75841
75844
75865
75883
75898
75933
75937
75948
75976
75978
75983
75987
75990
75998
76003
76013
76030
76040
76047
76052
76069
76079
76082
76111
76118
76126
76135
76148
76150
76153
76156
76167
76178
76184
76187
76201
76203
76242
76258
76269
76277
76280
76284
76286
76328
76332
76346
76349
76355
76356
76357
76361
76365
76387
76400
76411
76418
76419
76439
76444
76475
76476
76488
76498
76512
76553
76569
76578
76583
76590
76597
76622
76630
76631
76638
76650
76655
76656
76688
76702
76704
76745
76786
76788
76791
76798
76806
76809
76812
76847
76877
76887
76915
76925
76934
76943
76976
76987
77021
77034
77038
77043
77048
77056
77073
77093
77116
77118
77122
77126
77129
77136
77142
77148
77155
77168
77172
77173
77183
77185
77193
77206
77216
77224
77227
77228
77233
77245
77247
77276
77284
77291
77294
77298
77304
77306
77310
77311
77326
77335
77353
77361
77362
77403
77405
77411
77416
77447
77452
77465
77482
77482
77492
77501
77512
77514
77539
77561
77562
77567
77575
77582
77585
77589
77644
77673
77693
77696
77723
77739
77747
77758
77782
77794
77798
77819
77819
77821
77824
77833
77838
77852
77861
77864
77869
77882
77884
77889
77892
77898
77921
77923
77953
77954
77977
77980
77989
78001
78018
78020
78035
78037
78047
78051
78054
78055
78064
78076
78083
78102
78125
78148
78162
78182
78193
78211
78212
78234
78236
78245
78247
78254
78257
78257
78261
78271
78273
78281
78284
78296
78298
78308
78308
78309
78310
78341
78373
78377
78388
78400
78400
78406
78409
78409
78416
78479
78496
78497
78499
78505
78516
78518
78519
78534
78544
78552
78592
78608
78625
78630
78638
78647
78661
78670
78671
78708
78712
78716
78727
78730
78732
78740
78747
78754
78759
78770
78788
78811
78812
78813
78843
78848
78852
78864
78865
78877
78881
78895
78903
78921
78931
78945
78959
78962
78962
78965
78965
78971
78980
78984
78984
78988
79004
79011
79023
79032
79035
79037
79038
79059
79067
79074
79093
79099
79104
79106
79107
79108
79114
79135
79138
79146
79156
79174
79178
79181
79211
79212
79239
79240
79259
79271
79276
79279
79286
79286
79289
79309
79311
79323
79348
79348
79405
79406
79431
79453
79471
79484
79495
79496
79501
79508
79519
79532
79534
79543
79555
79557
79571
79572
79572
79573
79597
79621
79637
79637
79640
79643
79648
79652
79656
79659
79669
79672
79673
79680
79684
79698
79707
79738
79748
79750
79754
79754
79756
79791
79793
79801
79807
79822
79824
79824
79830
79830
79834
79864
79871
79880
79882
79883
79891
79912
79915
79920
79934
79935
79939
79944
79948
79956
79982
80002
80022
80026
80027
80030
80046
80048
80049
80052
80062
80070
80075
80095
80097
80119
80126
80129
80144
80149
80156
80180
80218
80220
80226
80233
80252
80252
80254
80264
80270
80283
80285
80300
80302
80309
80313
80315
80316
80326
80337
80341
80349
80381
80411
80419
80422
80439
80442
80447
80448
80451
80451
80464
80476
80481
80483
80490
80496
80502
80507
80519
80523
80545
80549
80552
80554
80574
80591
80595
80602
80605
80607
80612
80613
80621
80652
80657
80658
80661
80675
80683
80697
80716
80720
80724
80725
80733
80735
80740
80744
80749
80757
80760
80784
80790
80800
80807
80823
80824
80863
80873
80883
80886
80892
80897
80904
80928
80932
80936
80953
80955
80958
80975
80978
80986
80996
80997
81005
81007
81012
81017
81027
81044
81060
81069
81069
81076
81092
81106
81107
81112
81115
81115
81119
81126
81127
81127
81131
81155
81159
81170
81171
81181
81185
81186
81200
81205
81214
81220
81227
81230
81253
81263
81280
81303
81307
81309
81311
81315
81316
81345
81360
81371
81372
81375
81379
81396
81406
81411
81412
81418
81419
81419
81422
81426
81430
81435
81442
81451
81468
81477
81488
81492
81511
81513
81526
81526
81536
81545
81550
81556
81581
81591
81593
81613
81616
81622
81626
81632
81647
81647
81666
81678
81680
81686
81690
81690
81694
81697
81701
81728
81742
81750
81756
81778
81783
81785
81800
81819
81832
81832
81833
81849
81871
81892
81901
81908
81941
81945
81945
81954
81964
81981
81985
81994
81996
82001
82007
82014
82019
82030
82034
82035
82037
82039
82040
82048
82049
82067
82069
82071
82075
82088
82088
82091
82100
82103
82105
82120
82124
82137
82156
82172
82172
82194
82199
82223
82231
82242
82243
82250
82255
82276
82276
82299
82300
82304
82310
82358
82362
82374
82385
82387
82390
82393
82407
82465
82477
82478
82483
82494
82515
82517
82533
82534
82539
82544
82559
82562
82567
82567
82567
82573
82575
82580
82588
82592
82631
82632
82642
82650
82656
82678
82680
82689
82693
82706
82710
82719
82723
82740
82745
82745
82762
82764
82768
82804
82809
82809
82829
82830
82834
82845
82859
82880
82899
82901
82913
82923
82934
82949
82963
82970
82988
83002
83018
83031
83055
83057
83067
83090
83092
83093
83096
83098
83098
83106
83111
83116
83120
83162
83174
83177
83212
83236
83246
83262
83266
83266
83280
83284
83296
83296
83319
83330
83333
83365
83366
83369
83399
83400
83402
83413
83416
83423
83427
83436
83440
83445
83446
83474
83511
83515
83524
83527
83529
83531
83546
83549
83555
83565
83568
83578
83581
83589
83595
83606
83607
83626
83636
83637
83643
83657
83659
83666
83670
83674
83674
83681
83695
83699
83723
83731
83744
83746
83770
83773
83789
83807
83811
83836
83842
83845
83855
83862
83864
83873
83877
83882
83890
83895
83904
83917
83951
83962
83966
83977
83979
83987
83995
84027
84038
84041
84065
84071
84071
84072
84098
84112
84124
84126
84126
84131
84135
84148
84164
84169
84172
84182
84197
84202
84211
84214
84241
84246
84263
84274
84283
84286
84315
84321
84346
84349
84361
84361
84366
84396
84405
84408
84414
84417
84429
84439
84440
84467
84493
84494
84498
84520
84526
84555
84561
84562
84571
84571
84574
84590
84591
84610
84623
84647
84686
84716
84724
84730
84747
84747
84767
84767
84775
84786
84792
84817
84817
84820
84824
84834
84843
84854
84856
84888
84890
84897
84907
84941
84943
84958
84958
84960
84974
84982
84988
85017
85027
85033
85045
85050
85054
85058
85061
85066
85075
85085
85092
85099
85109
85129
85130
85131
85132
85137
85137
85146
85157
85165
85168
85170
85174
85187
85187
85198
85212
85217
85220
85230
85235
85242
85244
85259
85262
85324
85328
85329
85348
85353
85363
85366
85400
85408
85414
85442
85448
85452
85482
85485
85491
85493
85497
85501
85515
85517
85527
85541
85550
85550
85560
85564
85599
85609
85612
85624
85625
85625
85641
85642
85662
85684
85703
85710
85721
85740
85751
85751
85753
85756
85761
85768
85769
85769
85776
85777
85787
85806
85819
85828
85830
85834
85837
85837
85856
85858
85862
85869
85869
85870
85883
85893
85906
85919
85925
85939
85949
85987
85996
85997
86011
86021
86023
86046
86048
86070
86081
86091
86097
86109
86135
86144
86156
86166
86172
86179
86225
86228
86231
86234
86239
86246
86261
86274
86275
86279
86284
86314
86324
86330
86337
86342
86343
86362
86366
86375
86382
86386
86391
86395
86396
86434
86448
86454
86457
86466
86467
86472
86493
86502
86503
86511
86516
86518
86523
86524
86534
86557
86581
86618
86628
86628
86635
86649
86651
86680
86692
86703
86708
86718
86726
86734
86736
86736
86749
86761
86787
86795
86827
86830
86843
86846
86869
86923
86934
86942
86948
86952
86956
86957
86971
86975
86985
86988
86992
87006
87024
87025
87045
87081
87083
87086
87113
87120
87127
87137
87142
87150
87151
87164
87168
87170
87195
87197
87204
87213
87214
87215
87236
87243
87244
87254
87256
87266
87272
87303
87304
87306
87313
87320
87324
87327
87352
87360
87366
87366
87367
87373
87391
87411
87424
87426
87430
87433
87439
87440
87443
87444
87445
87459
87461
87500
87524
87525
87526
87534
87557
87567
87571
87580
87601
87613
87630
87661
87661
87666
87688
87700
87709
87731
87734
87762
87794
87795
87799
87805
87825
87827
87828
87829
87844
87853
87889
87895
87907
87938
87940
87964
87969
87977
88012
88021
88042
88051
88052
88065
88068
88079
88092
88096
88096
88110
88114
88122
88124
88139
88146
88153
88159
88176
88178
88213
88214
88217
88239
88250
88254
88258
88264
88279
88283
88297
88308
88309
88312
88330
88333
88343
88348
88371
88381
88417
88444
88445
88458
88508
88536
88545
88551
88552
88570
88575
88603
88613
88623
88646
88650
88652
88652
88666
88672
88677
88740
88760
88763
88768
88785
88785
88786
88822
88841
88858
88871
88906
88910
88911
88914
88916
88923
88961
88990
88996
89000
89004
89008
89022
89026
89032
89040
89049
89055
89065
89065
89080
89101
89110
89122
89178
89180
89183
89184
89221
89228
89229
89234
89236
89252
89254
89257
89263
89269
89270
89272
89281
89283
89294
89295
89299
89303
89305
89305
89309
89314
89322
89323
89323
89339
89350
89369
89371
89372
89375
89376
89390
89395
89410
89431
89439
89456
89482
89483
89489
89516
89526
89528
89531
89536
89538
89539
89557
89558
89565
89569
89577
89589
89595
89607
89614
89632
89633
89644
89655
89664
89666
89672
89675
89684
89690
89693
89701
89710
89747
89748
89758
89758
89772
89777
89778
89802
89809
89810
89837
89840
89862
89865
89868
89898
89899
89903
89909
89910
89917
89925
89925
89943
89947
89951
89951
89953
89961
89983
90009
90016
90021
90028
90042
90042
90065
90081
90082
90083
90091
90098
90109
90127
90129
90132
90135
90148
90153
90154
90162
90176
90199
90220
90223
90233
90234
90240
90247
90247
90273
90278
90283
90289
90310
90312
90323
90352
90361
90399
90405
90408
90409
90419
90422
90423
90437
90445
90472
90485
90520
90522
90525
90526
90541
90541
90554
90557
90557
90563
90568
90579
90603
90608
90611
90619
90631
90632
90641
90643
90676
90688
90705
90725
90738
90740
90749
90755
90777
90792
90799
90807
90808
90847
90849
90858
90859
90886
90910
90911
90946
90953
90956
90965
90983
90989
91009
91032
91035
91083
91093
91124
91127
91159
91171
91194
91206
91217
91220
91228
91231
91276
91286
91289
91292
91294
91306
91314
91327
91331
91332
91340
91358
91360
91368
91370
91372
91380
91386
91388
91391
91392
91393
91402
91409
91419
91424
91424
91434
91444
91453
91459
91459
91470
91476
91476
91488
91494
91518
91520
91535
91548
91579
91596
91606
91622
91628
91653
91664
91664
91688
91691
91697
91709
91713
91715
91727
91728
91735
91741
91745
91748
91750
91753
91753
91776
91786
91799
91814
91820
91841
91847
91849
91849
91850
91853
91856
91867
91871
91888
91897
91909
91917
91925
91939
91946
91946
91955
91958
91958
91959
91972
91985
91991
91994
92017
92021
92024
92027
92029
92040
92051
92067
92069
92073
92104
92123
92125
92134
92135
92142
92151
92175
92191
92215
92215
92224
92263
92265
92274
92275
92314
92339
92340
92342
92372
92381
92407
92422
92435
92451
92480
92481
92481
92486
92504
92506
92513
92541
92553
92559
92572
92575
92579
92582
92586
92597
92598
92607
92610
92614
92624
92648
92654
92658
92667
92670
92670
92709
92724
92728
92746
92750
92753
92780
92785
92819
92822
92825
92825
92832
92846
92872
92884
92887
92890
92900
92928
92941
92953
92957
92959
92961
92963
92966
92971
92973
92978
92981
92989
92993
93009
93066
93077
93084
93088
93097
93098
93113
93138
93140
93141
93146
93167
93205
93246
93264
93267
93274
93296
93304
93305
93315
93339
93342
93346
93372
93380
93389
93424
93438
93443
93448
93449
93449
93456
93459
93460
93474
93481
93509
93513
93532
93532
93544
93546
93547
93558
93563
93570
93576
93577
93598
93604
93604
93605
93606
93610
93622
93623
93627
93634
93638
93653
93660
93662
93667
93715
93726
93738
93740
93746
93750
93756
93765
93774
93777
93796
93802
93808
93823
93833
93839
93840
93858
93885
93885
93889
93890
93906
93914
93916
93922
93927
93928
93931
93944
93947
93959
93959
93965
93966
93998
94019
94029
94032
94046
94050
94053
94059
94063
94091
94106
94106
94109
94111
94113
94122
94123
94162
94167
94192
94209
94221
94223
94229
94243
94249
94257
94259
94260
94265
94299
94308
94325
94344
94349
94358
94383
94388
94406
94430
94430
94442
94458
94462
94486
94502
94505
94511
94526
94532
94551
94554
94569
94571
94589
94620
94625
94632
94633
94634
94635
94638
94652
94677
94681
94685
94689
94697
94698
94699
94701
94715
94732
94735
94742
94744
94759
94768
94775
94776
94782
94784
94807
94822
94840
94861
94867
94871
94881
94902
94912
94934
94956
94959
94977
94977
94989
95003
95021
95028
95032
95046
95052
95066
95068
95073
95082
95100
95108
95111
95116
95121
95128
95128
95132
95139
95145
95157
95162
95165
95176
95183
95205
95207
95209
95224
95226
95227
95228
95241
95243
95249
95274
95277
95279
95280
95288
95290
95300
95320
95344
95352
95361
95365
95380
95383
95390
95391
95398
95438
95454
95466
95481
95488
95489
95492
95498
95503
95507
95515
95520
95522
95528
95555
95558
95558
95558
95585
95588
95599
95603
95603
95605
95628
95632
95642
95676
95685
95691
95694
95727
95736
95746
95787
95788
95794
95806
95810
95827
95834
95839
95856
95865
95891
95919
95920
95921
95933
95937
95941
95955
95980
95981
96003
96004
96011
96018
96021
96023
96031
96035
96052
96058
96075
96099
96105
96127
96130
96140
96140
96154
96158
96160
96203
96229
96253
96308
96317
96336
96342
96343
96345
96383
96383
96391
96391
96403
96416
96428
96431
96433
96453
96453
96469
96483
96491
96495
96501
96502
96511
96525
96550
96554
96565
96575
96589
96607
96624
96634
96649
96657
96681
96697
96710
96712
96719
96720
96726
96728
96735
96741
96769
96771
96773
96775
96788
96795
96800
96805
96808
96832
96848
96855
96859
96860
96862
96864
96868
96869
96872
96880
96882
96924
96941
96942
96945
96979
97004
97018
97023
97026
97040
97044
97052
97059
97068
97070
97072
97073
97088
97102
97106
97107
97147
97151
97165
97167
97170
97172
97186
97190
97212
97221
97227
97231
97233
97238
97254
97262
97266
97280
97288
97299
97303
97303
97313
97341
97344
97355
97374
97395
97404
97412
97415
97444
97447
97453
97453
97457
97468
97470
97496
97505
97511
97521
97530
97531
97551
97554
97581
97592
97608
97625
97632
97632
97641
97643
97668
97679
97683
97697
97698
97707
97708
97712
97713
97726
97734
97734
97746
97754
97776
97777
97797
97813
97824
97826
97835
97879
97882
97882
97895
97898
97907
97937
97939
97939
97972
97973
97987
97991
98031
98035
98041
98070
98079
98089
98117
98119
98124
98129
98136
98136
98139
98156
98157
98173
98179
98187
98194
98196
98203
98210
98211
98237
98242
98248
98266
98302
98305
98307
98310
98313
98369
98379
98389
98393
98426
98441
98445
98454
98456
98457
98457
98481
98482
98482
98490
98500
98505
98509
98527
98537
98542
98545
98547
98568
98574
98577
98583
98584
98604
98623
98625
98628
98630
98665
98669
98671
98678
98686
98691
98691
98692
98695
98696
98697
98710
98711
98717
98736
98762
98763
98781
98786
98794
98796
98825
98838
98864
98894
98905
98917
98944
98953
98957
98959
98964
98965
98977
98980
98994
99002
99020
99020
99029
99049
99063
99096
99099
99102
99107
99116
99121
99130
99153
99160
99161
99167
99169
99169
99179
99190
99200
99215
99255
99275
99281
99299
99309
99311
99322
99322
99334
99353
99357
99364
99364
99365
99368
99378
99385
99402
99411
99413
99418
99420
99423
99424
99425
99436
99444
99450
99453
99460
99460
99465
99470
99490
99513
99525
99533
99550
99561
99571
99574
99576
99579
99598
99606
99607
99612
99622
99639
99641
99646
99669
99671
99683
99684
99686
99688
99701
99702
99708
99711
99716
99735
99739
99746
99755
99772
99779
99784
99794
99807
99809
99826
99851
99858
99878
99878
99884
99903
99931
99937
99938
99943
99955
99966
99977
99983
