14
21
21
24
50
53
53
71
74
79
107
139
150
173
187
195
197
197
203
206
211
213
226
231
232
239
243
277
296
306
323
325
331
376
401
402
412
413
414
414
427
471
481
487
490
500
501
528
529
532
549
552
559
560
581
588
605
616
623
629
675
681
685
697
699
705
710
711
714
723
726
749
764
774
805
807
809
837
849
856
863
868
869
873
877
885
897
910
935
955
956
965
1017
1020
1030
1031
1036
1042
1070
1075
1082
1082
1100
1128
1131
1136
1139
1161
1163
1169
1185
1210
1212
1261
1261
1310
1320
1344
1356
1367
1383
1389
1395
1398
1407
1414
1423
1436
1437
1441
1467
1489
1492
1512
1545
1559
1563
1575
1585
1598
1601
1608
1609
1610
1611
1626
1632
1637
1650
1651
1694
1703
1704
1706
1711
1717
1719
1738
1739
1740
1745
1746
1759
1773
1777
1814
1820
1821
1831
1837
1840
1841
1849
1856
1866
1868
1891
1898
1904
1906
1906
1912
1918
1928
1935
1943
1953
1963
1969
1976
1979
1981
1997
2008
2020
2026
2061
2083
2118
2121
2123
2124
2143
2152
2153
2154
2164
2165
2176
2177
2182
2203
2211
2233
2247
2250
2276
2296
2307
2312
2323
2324
2330
2356
2362
2365
2400
2458
2460
2467
2469
2469
2490
2507
2508
2521
2523
2539
2542
2542
2543
2558
2597
2602
2612
2622
2635
2657
2665
2678
2684
2687
2698
2700
2710
2710
2715
2717
2728
2746
2752
2757
2757
2759
2769
2776
2784
2789
2796
2810
2834
2835
2851
2859
2874
2887
2893
2896
2904
2917
2920
2924
2930
2940
2964
2964
2973
2983
2993
3009
3012
3021
3025
3051
3052
3064
3071
3077
3077
3084
3088
3115
3150
3154
3163
3170
3205
3210
3211
3218
3220
3222
3224
3234
3240
3279
3288
3292
3293
3296
3321
3332
3332
3339
3347
3371
3376
3386
3387
3388
3390
3398
3421
3421
3444
3449
3449
3463
3485
3500
3502
3507
3517
3517
3520
3527
3531
3533
3553
3558
3564
3591
3626
3629
3634
3635
3637
3645
3651
3652
3660
3667
3671
3675
3689
3712
3721
3731
3754
3773
3788
3794
3799
3819
3822
3833
3843
3861
3878
3886
3893
3939
3940
3948
3952
3962
3975
3980
3995
4008
4015
4023
4034
4036
4037
4058
4062
4086
4090
4096
4110
4117
4163
4166
4168
4185
4190
4191
4204
4207
4224
4289
4296
4300
4303
4311
4313
4315
4323
4334
4341
4364
4373
4375
4377
4381
4384
4386
4388
4398
4399
4407
4437
4438
4470
4484
4500
4507
4519
4520
4529
4543
4547
4563
4573
4615
4623
4628
4648
4660
4663
4674
4700
4703
4706
4717
4725
4773
4777
4783
4797
4810
4813
4817
4819
4831
4842
4850
4853
4873
4888
4911
4921
4934
4937
4961
4962
4962
4981
4987
4990
5001
5011
5024
5033
5033
5039
5040
5055
5055
5059
5074
5077
5083
5089
5096
5097
5103
5108
5114
5115
5116
5120
5137
5183
5183
5201
5202
5205
5228
5230
5238
5260
5261
5269
5279
5280
5283
5312
5328
5340
5342
5342
5349
5349
5357
5360
5374
5396
5404
5412
5418
5419
5429
5430
5440
5443
5447
5448
5450
5452
5484
5489
5495
5499
5501
5518
5543
5561
5562
5571
5588
5592
5593
5609
5653
5662
5680
5681
5693
5699
5700
5709
5711
5727
5731
5733
5744
5749
5761
5771
5771
5775
5786
5793
5801
5802
5803
5804
5811
5813
5831
5848
5855
5875
5882
5892
5903
5906
5916
5926
5969
5992
6020
6033
6038
6041
6042
6062
6077
6090
6090
6091
6094
6104
6104
6112
6120
6127
6148
6152
6186
6194
6194
6211
6230
6236
6236
6238
6241
6251
6256
6256
6266
6267
6272
6272
6282
6293
6307
6308
6339
6365
6366
6376
6384
6387
6393
6396
6449
6454
6463
6467
6467
6471
6485
6488
6493
6497
6507
6510
6513
6517
6520
6523
6531
6537
6556
6560
6562
6566
6573
6577
6577
6588
6593
6608
6613
6616
6709
6710
6711
6722
6727
6735
6744
6813
6814
6824
6835
6842
6843
6848
6857
6859
6872
6903
6908
6924
6927
6952
6966
7017
7025
7030
7036
7038
7044
7080
7103
7130
7135
7146
7148
7200
7210
7212
7221
7223
7226
7233
7236
7245
7256
7262
7276
7288
7326
7328
7329
7334
7361
7361
7364
7384
7395
7397
7403
7421
7426
7442
7446
7472
7479
7485
7490
7497
7505
7519
7526
7528
7551
7555
7556
7564
7566
7587
7588
7591
7593
7597
7601
7602
7638
7641
7646
7649
7650
7652
7655
7680
7706
7711
7714
7745
7762
7765
7778
7781
7795
7815
7825
7834
7864
7868
7874
7879
7880
7888
7895
7903
7935
7939
7951
7959
7966
7969
7979
7996
8002
8006
8024
8025
8026
8035
8039
8049
8057
8076
8078
8086
8094
8096
8104
8114
8127
8150
8152
8163
8188
8201
8210
8217
8219
8224
8266
8279
8280
8291
8299
8322
8333
8344
8355
8371
8399
8404
8406
8406
8431
8432
8442
8449
8458
8460
8462
8496
8503
8513
8542
8546
8546
8553
8556
8565
8589
8604
8607
8618
8621
8632
8633
8641
8646
8647
8650
8664
8668
8706
8716
8722
8723
8723
8733
8753
8762
8771
8771
8789
8794
8798
8801
8806
8828
8855
8886
8891
8915
8921
8925
8929
8931
8943
8959
8966
8972
8977
8977
8980
8984
8985
9035
9076
9079
9079
9080
9109
9112
9113
9114
9121
9137
9139
9145
9174
9178
9190
9218
9255
9276
9276
9286
9291
9293
9298
9308
9319
9319
9319
9348
9350
9359
9371
9380
9397
9412
9417
9422
9460
9464
9465
9465
9467
9474
9483
9488
9489
9515
9516
9516
9536
9540
9545
9545
9552
9570
9579
9584
9616
9617
9624
9627
9628
9642
9645
9662
9663
9699
9707
9720
9738
9759
9770
9774
9794
9795
9805
9809
9816
9824
9826
9847
9899
9931
9936
9951
9968
9975
10015
10024
10031
10039
10049
10065
10071
10077
10100
10108
10117
10137
10138
10144
10161
10170
10170
10172
10179
10181
10198
10232
10248
10257
10269
10270
10286
10287
10290
10310
10329
10336
10337
10350
10351
10351
10376
10396
10396
10404
10409
10417
10419
10450
10451
10466
10471
10478
10479
10490
10498
10499
10502
10509
10511
10520
10529
10531
10560
10577
10578
10579
10585
10588
10594
10618
10644
10662
10667
10678
10685
10702
10720
10728
10731
10738
10743
10752
10774
10784
10792
10793
10811
10824
10846
10848
10855
10862
10887
10900
10927
10928
10947
10953
10965
10965
10967
11011
11030
11040
11052
11062
11063
11073
11077
11090
11093
11099
11118
11122
11132
11144
11149
11152
11165
11167
11183
11208
11208
11232
11247
11249
11265
11270
11275
11276
11277
11291
11297
11302
11320
11322
11336
11336
11340
11351
11357
11359
11370
11371
11378
11378
11380
11386
11414
11420
11421
11429
11431
11433
11452
11458
11461
11471
11473
11481
11483
11499
11500
11504
11516
11518
11524
11527
11544
11548
11560
11573
11583
11587
11596
11599
11608
11611
11615
11621
11628
11631
11647
11650
11670
11672
11674
11674
11682
11687
11690
11713
11726
11738
11739
11740
11750
11753
11792
11809
11828
11831
11834
11849
11864
11869
11890
11897
11902
11914
11929
11934
11950
11953
11959
11977
11985
12027
12029
12039
12040
12049
12055
12069
12080
12092
12108
12127
12133
12133
12134
12144
12154
12156
12158
12160
12161
12176
12183
12183
12202
12202
12209
12211
12215
12221
12224
12225
12235
12237
12240
12246
12252
12253
12267
12268
12275
12277
12279
12286
12327
12335
12337
12339
12350
12355
12356
12358
12380
12381
12403
12410
12431
12448
12456
12475
12492
12514
12543
12553
12566
12578
12587
12589
12593
12614
12621
12628
12647
12653
12654
12693
12703
12708
12712
12715
12725
12749
12759
12760
12762
12779
12789
12795
12795
12797
12805
12832
12842
12848
12853
12877
12882
12884
12886
12889
12889
12893
12906
12917
12922
12951
12967
12973
12975
12996
13002
13006
13023
13033
13042
13044
13050
13054
13084
13093
13101
13107
13121
13142
13146
13147
13154
13162
13182
13185
13188
13210
13212
13219
13253
13272
13282
13291
13295
13301
13309
13313
13340
13344
13345
13350
13390
13391
13429
13473
13524
13535
13542
13570
13580
13588
13614
13615
13620
13620
13621
13626
13632
13640
13644
13652
13680
13691
13691
13700
13719
13720
13739
13748
13763
13804
13821
13821
13836
13837
13855
13857
13859
13863
13888
13891
13908
13920
13930
13932
13939
13950
13951
13963
13997
14015
14027
14031
14035
14059
14060
14066
14081
14099
14106
14128
14148
14165
14169
14179
14197
14203
14216
14217
14232
14232
14236
14256
14272
14281
14282
14308
14314
14324
14338
14350
14390
14392
14393
14398
14403
14410
14424
14433
14437
14440
14454
14499
14524
14526
14531
14532
14537
14539
14540
14552
14576
14577
14578
14591
14591
14596
14607
14612
14612
14623
14687
14689
14690
14705
14706
14706
14708
14708
14712
14721
14725
14729
14736
14753
14755
14763
14771
14771
14772
14785
14786
14799
14833
14843
14848
14858
14872
14874
14898
14903
14905
14915
14922
14943
14947
14979
14979
14987
14995
15004
15010
15012
15047
15048
15056
15059
15070
15082
15087
15089
15100
15107
15119
15134
15162
15163
15182
15254
15261
15275
15276
15284
15291
15292
15306
15319
15319
15339
15349
15358
15365
15377
15379
15383
15402
15405
15442
15448
15454
15458
15459
15462
15464
15466
15468
15471
15485
15496
15498
15504
15510
15519
15531
15555
15563
15566
15580
15587
15605
15617
15627
15641
15648
15656
15659
15666
15674
15683
15698
15701
15705
15712
15716
15719
15728
15732
15738
15794
15796
15798
15808
15818
15822
15848
15853
15867
15877
15879
15897
15900
15902
15918
15947
15955
15963
15969
15971
15974
15988
15991
16029
16033
16053
16054
16065
16065
16070
16071
16108
16143
16165
16193
16215
16229
16246
16256
16259
16266
16268
16272
16273
16278
16280
16283
16287
16304
16306
16307
16308
16311
16312
16315
16322
16323
16324
16359
16381
16394
16401
16421
16424
16439
16481
16488
16500
16512
16518
16529
16531
16534
16538
16548
16549
16552
16554
16554
16555
16562
16573
16577
16585
16588
16591
16618
16655
16680
16708
16708
16715
16715
16731
16739
16746
16747
16770
16777
16789
16798
16809
16822
16828
16840
16851
16852
16870
16873
16891
16897
16905
16908
16916
16918
16941
16944
16947
16957
16971
16973
16998
17010
17024
17034
17071
17126
17133
17167
17169
17172
17173
17179
17194
17199
17217
17217
17230
17235
17243
17243
17255
17275
17295
17300
17313
17323
17337
17352
17368
17369
17373
17377
17397
17401
17412
17414
17416
17420
17429
17436
17450
17456
17467
17479
17501
17523
17537
17542
17543
17556
17557
17557
17570
17573
17585
17591
17593
17597
17619
17621
17639
17714
17728
17747
17750
17752
17754
17822
17833
17839
17856
17856
17860
17865
17877
17880
17892
17940
17941
17944
17956
17960
17962
17965
17976
17979
17979
17984
18029
18030
18046
18046
18049
18053
18060
18060
18061
18088
18099
18109
18126
18137
18141
18150
18156
18158
18176
18186
18201
18210
18211
18231
18233
18249
18249
18251
18254
18256
18259
18273
18276
18277
18285
18287
18302
18310
18316
18332
18343
18352
18365
18385
18387
18394
18396
18405
18427
18428
18431
18433
18435
18446
18465
18466
18470
18480
18486
18499
18500
18501
18519
18531
18541
18542
18552
18578
18579
18580
18619
18626
18629
18632
18636
18645
18655
18680
18682
18684
18686
18699
18701
18705
18713
18715
18718
18723
18753
18761
18768
18805
18832
18860
18875
18878
18879
18887
18941
18958
18967
18968
18970
18971
18975
18980
18981
18988
19000
19060
19068
19071
19075
19077
19090
19090
19098
19110
19114
19126
19152
19153
19169
19202
19206
19216
19253
19253
19255
19260
19267
19275
19276
19277
19280
19289
19291
19297
19298
19311
19316
19317
19323
19335
19336
19345
19346
19357
19366
19371
19395
19421
19429
19440
19442
19462
19505
19507
19525
19528
19533
19543
19547
19564
19571
19574
19582
19590
19597
19618
19623
19649
19657
19667
19668
19681
19682
19686
19701
19702
19719
19720
19725
19734
19745
19757
19760
19765
19765
19767
19777
19779
19782
19787
19794
19812
19840
19847
19849
19885
19901
19910
19921
19936
19940
19947
19966
19986
19995
20000
20012
20018
20029
20033
20035
20043
20076
20094
20095
20098
20099
20105
20113
20115
20117
20148
20153
20161
20167
20186
20190
20192
20192
20197
20206
20207
20230
20232
20233
20252
20284
20296
20310
20313
20329
20343
20370
20375
20382
20400
20404
20438
20443
20464
20465
20472
20475
20484
20523
20524
20528
20530
20533
20550
20564
20578
20582
20588
20591
20618
20637
20647
20655
20666
20671
20680
20706
20716
20730
20731
20741
20742
20742
20751
20751
20784
20785
20790
20790
20794
20809
20810
20814
20816
20863
20870
20870
20871
20878
20884
20888
20915
20927
20946
20984
20992
20997
20997
20999
21001
21002
21005
21030
21068
21071
21072
21073
21114
21167
21170
21172
21178
21179
21184
21186
21204
21209
21216
21235
21242
21247
21256
21262
21265
21271
21282
21318
21335
21348
21358
21393
21395
21402
21408
21428
21430
21439
21444
21448
21457
21459
21464
21500
21506
21511
21515
21533
21537
21537
21539
21542
21543
21557
21572
21577
21605
21613
21621
21650
21652
21682
21686
21690
21691
21696
21712
21716
21743
21744
21750
21752
21752
21759
21760
21761
21791
21792
21811
21812
21814
21823
21824
21825
21837
21864
21893
21907
21917
21917
21922
21944
21951
21954
21960
21968
21973
22012
22014
22032
22048
22052
22052
22056
22057
22067
22067
22098
22102
22106
22125
22132
22134
22139
22171
22187
22202
22237
22242
22244
22257
22260
22260
22283
22289
22300
22315
22319
22330
22333
22339
22345
22348
22351
22371
22377
22389
22391
22401
22407
22431
22436
22443
22478
22518
22524
22525
22535
22540
22555
22570
22571
22591
22594
22612
22621
22628
22629
22641
22679
22682
22683
22697
22698
22700
22708
22711
22713
22720
22724
22759
22770
22807
22819
22829
22849
22854
22855
22856
22859
22866
22898
22911
22914
22943
22943
22959
22964
22965
22983
22986
22991
22997
23003
23011
23014
23039
23066
23078
23086
23117
23134
23159
23182
23188
23195
23201
23204
23204
23205
23210
23219
23220
23226
23237
23240
23243
23247
23249
23281
23292
23304
23313
23313
23338
23351
23352
23364
23366
23378
23384
23396
23397
23410
23423
23451
23466
23467
23483
23491
23497
23514
23518
23525
23528
23532
23538
23542
23563
23575
23577
23588
23604
23609
23615
23625
23636
23647
23649
23653
23671
23677
23704
23707
23728
23785
23792
23824
23842
23854
23895
23901
23906
23912
23913
23919
23931
23935
23942
23977
24016
24016
24049
24051
24063
24073
24073
24074
24084
24106
24118
24121
24128
24128
24130
24136
24138
24140
24155
24160
24165
24173
24204
24221
24233
24236
24241
24245
24248
24250
24283
24284
24294
24311
24333
24338
24342
24350
24356
24365
24369
24384
24389
24399
24407
24410
24410
24413
24428
24457
24473
24491
24503
24516
24516
24517
24518
24519
24532
24548
24549
24562
24565
24572
24584
24592
24594
24595
24596
24597
24600
24603
24631
24631
24634
24645
24668
24677
24686
24739
24743
24744
24745
24746
24748
24762
24770
24782
24787
24803
24814
24815
24841
24860
24861
24864
24875
24884
24885
24890
24904
24908
24909
24913
24935
24948
24948
24962
24964
24965
24978
24990
25017
25027
25045
25048
25048
25054
25076
25076
25081
25085
25085
25087
25099
25115
25123
25128
25134
25151
25172
25173
25175
25180
25183
25188
25197
25204
25206
25209
25211
25252
25302
25308
25318
25318
25321
25328
25328
25333
25336
25340
25357
25371
25374
25378
25389
25400
25414
25427
25462
25474
25492
25497
25522
25524
25527
25527
25590
25596
25626
25628
25634
25637
25649
25654
25677
25681
25690
25693
25704
25723
25730
25736
25736
25738
25741
25751
25755
25756
25760
25763
25766
25777
25785
25797
25801
25806
25842
25844
25847
25872
25896
25906
25923
25949
25958
25984
25989
25991
26025
26033
26036
26062
26071
26074
26076
26078
26090
26102
26108
26146
26154
26161
26165
26168
26200
26204
26221
26227
26233
26237
26244
26248
26249
26258
26263
26273
26275
26286
26310
26312
26321
26323
26323
26331
26331
26361
26381
26383
26384
26405
26408
26421
26433
26438
26451
26460
26472
26491
26493
26494
26497
26501
26519
26523
26534
26536
26540
26553
26559
26570
26571
26572
26572
26595
26601
26610
26615
26617
26627
26659
26665
26672
26673
26676
26677
26686
26697
26704
26727
26732
26735
26749
26766
26781
26782
26783
26799
26833
26855
26857
26867
26880
26898
26921
26922
26930
26945
26954
26975
27002
27009
27013
27013
27014
27033
27058
27068
27068
27069
27077
27082
27085
27092
27100
27111
27118
27133
27145
27154
27156
27165
27187
27189
27220
27258
27259
27292
27299
27307
27330
27331
27342
27345
27356
27356
27373
27374
27378
27379
27390
27391
27401
27423
27451
27457
27457
27463
27476
27492
27497
27515
27522
27530
27538
27553
27581
27583
27591
27595
27601
27604
27609
27614
27614
27618
27620
27636
27643
27661
27663
27667
27674
27676
27678
27688
27699
27704
27704
27716
27744
27753
27763
27763
27771
27785
27789
27796
27801
27802
27815
27824
27824
27832
27841
27846
27852
27853
27876
27877
27895
27915
27915
27932
27933
27938
27982
27989
27998
27999
28004
28005
28016
28019
28041
28069
28069
28081
28104
28121
28129
28141
28179
28207
28214
28216
28226
28228
28229
28234
28246
28248
28252
28253
28273
28285
28286
28332
28350
28354
28356
28394
28416
28422
28429
28448
28464
28475
28478
28487
28490
28495
28496
28497
28513
28519
28521
28533
28533
28535
28539
28540
28546
28550
28552
28552
28553
28559
28567
28574
28583
28590
28594
28599
28607
28613
28622
28623
28624
28648
28660
28661
28679
28683
28694
28697
28716
28748
28762
28770
28790
28791
28793
28796
28813
28841
28854
28859
28861
28874
28879
28887
28889
28895
28901
28917
28932
28944
28969
29001
29022
29024
29028
29036
29052
29052
29063
29077
29106
29107
29112
29140
29159
29173
29177
29188
29229
29232
29277
29280
29291
29300
29306
29308
29312
29315
29322
29328
29337
29358
29366
29375
29395
29399
29401
29410
29419
29420
29426
29426
29434
29459
29484
29489
29497
29500
29512
29512
29531
29545
29548
29548
29564
29576
29607
29610
29615
29632
29640
29654
29663
29686
29686
29689
29691
29698
29704
29716
29725
29730
29737
29754
29757
29761
29777
29786
29787
29787
29796
29805
29813
29821
29825
29840
29842
29857
29858
29863
29871
29876
29877
29882
29882
29909
29921
29941
29945
29957
29985
29985
30024
30041
30052
30077
30090
30095
30101
30112
30117
30135
30146
30146
30148
30165
30169
30170
30170
30203
30222
30227
30228
30231
30248
30249
30287
30302
30327
30333
30351
30351
30352
30355
30359
30381
30411
30431
30432
30445
30479
30491
30509
30509
30517
30519
30525
30527
30529
30532
30538
30541
30562
30566
30573
30579
30585
30599
30599
30603
30627
30661
30668
30670
30690
30690
30764
30777
30778
30783
30810
30820
30830
30846
30856
30867
30867
30879
30884
30889
30901
30905
30907
30918
30940
30974
30975
30986
30995
31002
31005
31009
31009
31012
31016
31019
31020
31030
31031
31053
31055
31056
31062
31064
31081
31088
31102
31108
31113
31116
31118
31132
31140
31143
31146
31163
31187
31193
31195
31206
31225
31232
31235
31260
31274
31275
31285
31323
31323
31344
31346
31350
31354
31366
31386
31390
31409
31419
31423
31424
31427
31429
31432
31432
31439
31452
31473
31487
31495
31500
31511
31523
31529
31553
31572
31595
31615
31622
31623
31639
31650
31759
31764
31770
31789
31818
31819
31823
31826
31830
31836
31840
31845
31848
31856
31867
31878
31878
31885
31898
31900
31917
31926
31933
31950
31961
31961
31965
31972
31985
31993
32007
32013
32016
32024
32036
32042
32066
32075
32085
32105
32109
32122
32129
32139
32143
32155
32187
32207
32224
32238
32240
32264
32267
32271
32272
32282
32284
32301
32314
32322
32330
32339
32364
32366
32371
32389
32402
32404
32405
32407
32411
32412
32417
32418
32423
32425
32446
32450
32474
32476
32478
32479
32497
32499
32500
32504
32507
32514
32524
32532
32540
32547
32548
32554
32564
32592
32608
32612
32620
32656
32672
32684
32687
32701
32717
32724
32739
32748
32761
32769
32774
32783
32790
32806
32808
32838
32840
32852
32858
32896
32906
32912
32930
32934
32941
32948
32956
32959
32973
32974
33015
33021
33043
33044
33048
33048
33050
33059
33074
33076
33090
33096
33103
33108
33116
33132
33132
33135
33136
33139
33141
33153
33163
33167
33175
33175
33180
33201
33208
33213
33222
33233
33236
33263
33268
33273
33289
33293
33306
33311
33330
33333
33375
33377
33379
33393
33396
33399
33401
33413
33417
33420
33420
33430
33464
33469
33485
33511
33515
33519
33519
33534
33537
33537
33555
33557
33567
33570
33573
33592
33593
33606
33609
33622
33626
33628
33656
33662
33662
33668
33669
33691
33693
33702
33710
33712
33718
33723
33730
33838
33844
33844
33847
33860
33861
33878
33885
33914
33924
33934
33954
33957
33967
33970
33978
33984
33985
33990
33993
34007
34022
34044
34050
34059
34079
34081
34084
34086
34091
34091
34095
34101
34125
34126
34130
34139
34147
34151
34151
34152
34157
34160
34169
34185
34199
34203
34227
34231
34242
34243
34267
34271
34273
34289
34289
34299
34303
34304
34304
34316
34323
34346
34347
34351
34361
34365
34368
34397
34405
34422
34424
34425
34447
34455
34458
34469
34506
34535
34540
34546
34551
34557
34560
34576
34597
34612
34632
34652
34657
34662
34673
34680
34688
34694
34695
34711
34745
34749
34756
34766
34770
34774
34776
34802
34812
34832
34841
34860
34861
34867
34870
34880
34904
34906
34913
34924
34926
34941
34948
34949
34953
34955
34965
34974
34975
34975
35023
35036
35037
35050
35079
35091
35094
35099
35104
35133
35135
35168
35168
35177
35179
35189
35193
35222
35228
35236
35257
35261
35264
35265
35266
35274
35276
35292
35308
35313
35339
35341
35358
35358
35360
35360
35364
35380
35394
35413
35445
35449
35469
35479
35482
35494
35495
35556
35574
35581
35595
35619
35626
35640
35642
35659
35659
35669
35705
35712
35720
35737
35742
35743
35757
35764
35808
35827
35845
35880
35885
35900
35906
35910
35916
35926
35946
35953
35954
35956
35982
35993
36015
36043
36045
36063
36070
36072
36078
36080
36101
36108
36111
36118
36139
36145
36156
36157
36160
36179
36186
36205
36210
36236
36241
36264
36266
36275
36293
36299
36300
36316
36336
36339
36341
36348
36356
36357
36357
36363
36397
36412
36421
36468
36478
36484
36488
36501
36515
36521
36544
36546
36564
36572
36573
36613
36615
36616
36621
36622
36624
36652
36657
36665
36669
36669
36674
36683
36693
36694
36699
36708
36714
36719
36720
36736
36744
36747
36747
36756
36761
36771
36784
36798
36807
36810
36814
36817
36819
36834
36845
36857
36859
36866
36867
36868
36889
36897
36912
36914
36928
36940
36958
36977
36984
36994
37018
37026
37030
37033
37038
37041
37042
37043
37047
37056
37067
37076
37087
37090
37093
37104
37105
37133
37139
37166
37193
37205
37208
37211
37213
37214
37221
37226
37259
37260
37261
37269
37270
37294
37302
37303
37305
37306
37310
37320
37325
37328
37329
37331
37350
37356
37357
37357
37366
37402
37420
37428
37483
37493
37496
37551
37591
37595
37628
37635
37637
37640
37641
37642
37648
37649
37651
37652
37653
37653
37663
37667
37668
37685
37697
37699
37700
37714
37723
37725
37729
37729
37730
37741
37744
37755
37771
37783
37784
37804
37805
37816
37824
37827
37852
37857
37859
37866
37874
37874
37883
37893
37913
37914
37929
37932
37937
37949
37950
37954
37964
37971
37998
38021
38026
38029
38032
38037
38056
38058
38071
38079
38082
38094
38099
38111
38162
38163
38181
38182
38186
38186
38215
38215
38218
38223
38241
38245
38247
38247
38259
38263
38268
38280
38284
38284
38297
38315
38320
38336
38341
38347
38348
38352
38359
38359
38366
38370
38373
38376
38378
38379
38395
38422
38439
38442
38444
38444
38486
38489
38490
38496
38499
38499
38500
38510
38526
38526
38571
38589
38593
38608
38609
38610
38617
38623
38624
38633
38635
38650
38652
38669
38677
38681
38690
38701
38716
38722
38738
38743
38753
38762
38794
38820
38826
38826
38846
38852
38879
38882
38907
38915
38931
38931
38938
38952
38959
38960
38976
38977
38979
38982
38996
39006
39011
39028
39031
39067
39077
39079
39081
39081
39090
39091
39108
39109
39111
39118
39122
39126
39130
39143
39154
39177
39181
39186
39188
39191
39205
39214
39225
39258
39268
39295
39308
39309
39318
39331
39332
39333
39340
39341
39356
39359
39363
39365
39372
39381
39388
39404
39405
39407
39408
39426
39430
39432
39433
39433
39435
39437
39453
39463
39467
39482
39488
39495
39531
39533
39548
39595
39600
39602
39610
39622
39637
39647
39647
39677
39690
39705
39710
39746
39755
39767
39778
39795
39801
39808
39816
39818
39826
39841
39845
39855
39866
39883
39901
39904
39922
39930
39932
39937
39939
39944
39948
39949
39951
39975
39976
39983
40012
40034
40043
40084
40089
40096
40120
40126
40146
40193
40194
40207
40212
40224
40226
40239
40243
40247
40257
40259
40261
40276
40277
40287
40293
40301
40305
40314
40320
40335
40347
40354
40363
40372
40378
40378
40380
40392
40412
40415
40433
40442
40442
40449
40456
40469
40479
40480
40482
40491
40492
40515
40522
40527
40528
40528
40540
40558
40563
40567
40579
40587
40590
40605
40606
40608
40620
40623
40627
40649
40651
40652
40653
40668
40671
40676
40686
40694
40717
40749
40754
40777
40782
40794
40796
40802
40813
40819
40820
40824
40824
40828
40833
40842
40848
40876
40878
40895
40895
40917
40925
40929
40933
40944
40953
40968
40983
40989
40990
41005
41013
41036
41040
41040
41069
41075
41080
41085
41105
41110
41111
41118
41122
41122
41130
41131
41161
41162
41165
41197
41218
41220
41221
41230
41231
41234
41243
41245
41253
41254
41270
41302
41304
41307
41330
41331
41344
41351
41353
41355
41364
41384
41391
41396
41403
41427
41427
41428
41430
41434
41442
41474
41487
41498
41505
41520
41522
41527
41557
41580
41582
41617
41620
41642
41643
41652
41658
41671
41672
41673
41673
41730
41734
41736
41742
41745
41761
41763
41774
41781
41782
41784
41789
41804
41805
41811
41815
41818
41836
41841
41843
41853
41853
41870
41883
41894
41912
41912
41917
41926
41928
41928
41934
41958
41962
41966
41966
41967
42000
42005
42010
42040
42041
42064
42065
42073
42081
42088
42090
42091
42091
42105
42109
42110
42118
42130
42141
42153
42165
42167
42180
42181
42197
42209
42218
42257
42265
42273
42277
42284
42286
42286
42307
42313
42324
42345
42346
42351
42362
42365
42375
42379
42379
42384
42385
42395
42396
42406
42416
42421
42432
42432
42436
42436
42440
42440
42443
42452
42466
42468
42469
42479
42484
42493
42497
42531
42533
42539
42578
42596
42609
42612
42640
42643
42650
42652
42665
42676
42676
42684
42692
42700
42701
42720
42727
42733
42783
42786
42789
42791
42793
42811
42830
42841
42846
42858
42859
42888
42891
42897
42897
42911
42915
42929
42932
42936
42950
42953
42966
42979
43002
43005
43006
43013
43014
43018
43035
43044
43051
43070
43072
43091
43094
43119
43143
43144
43150
43152
43165
43177
43182
43199
43217
43230
43238
43242
43247
43272
43276
43281
43301
43304
43322
43331
43348
43360
43363
43374
43378
43382
43394
43397
43430
43437
43448
43451
43456
43463
43464
43505
43547
43549
43556
43561
43567
43583
43606
43614
43617
43622
43623
43634
43650
43656
43658
43663
43666
43666
43667
43668
43683
43718
43726
43728
43759
43770
43772
43784
43810
43810
43819
43834
43835
43835
43838
43856
43861
43862
43867
43880
43893
43898
43901
43911
43912
43924
43929
43941
43975
43976
43988
44009
44015
44021
44062
44063
44073
44087
44089
44094
44101
44106
44106
44108
44116
44132
44151
44157
44161
44169
44178
44190
44194
44196
44204
44217
44220
44222
44224
44229
44237
44257
44278
44288
44288
44289
44289
44300
44331
44343
44356
44390
44397
44411
44411
44428
44428
44455
44459
44469
44482
44483
44487
44489
44492
44515
44539
44543
44544
44546
44565
44569
44572
44580
44583
44604
44606
44618
44622
44635
44672
44673
44679
44693
44701
44702
44707
44726
44735
44741
44741
44751
44762
44766
44771
44780
44807
44820
44820
44840
44852
44862
44866
44874
44880
44887
44901
44903
44904
44925
44938
44940
44959
44964
44988
44992
44992
45011
45013
45028
45035
45036
45043
45067
45072
45073
45073
45080
45083
45085
45097
45105
45108
45119
45128
45145
45153
45159
45164
45165
45203
45204
45238
45252
45258
45260
45275
45287
45302
45326
45343
45345
45345
45348
45348
45351
45358
45359
45368
45369
45373
45376
45376
45378
45379
45383
45394
45394
45395
45402
45409
45431
45431
45453
45455
45483
45487
45487
45490
45491
45514
45519
45543
45546
45547
45556
45562
45563
45581
45581
45582
45614
45615
45634
45637
45637
45639
45653
45667
45684
45716
45722
45723
45754
45817
45821
45836
45841
45848
45849
45856
45867
45879
45890
45895
45896
45898
45911
45923
45934
45938
45949
45963
45968
45975
45990
46005
46013
46050
46092
46131
46146
46146
46156
46169
46177
46179
46190
46194
46210
46215
46217
46249
46252
46258
46273
46280
46283
46292
46292
46316
46338
46390
46393
46394
46406
46413
46454
46461
46472
46478
46483
46495
46499
46538
46559
46561
46561
46570
46573
46574
46584
46594
46602
46627
46628
46632
46639
46652
46653
46653
46663
46685
46691
46705
46722
46735
46748
46754
46757
46760
46764
46780
46781
46801
46816
46828
46828
46830
46839
46850
46854
46873
46875
46880
46887
46894
46896
46905
46912
46918
46923
46928
46932
46962
46969
46969
46970
46981
47007
47016
47030
47041
47044
47052
47058
47071
47099
47107
47109
47128
47140
47142
47152
47158
47185
47191
47194
47232
47243
47263
47268
47273
47274
47274
47303
47344
47344
47363
47367
47382
47385
47396
47400
47420
47438
47439
47452
47453
47501
47502
47514
47535
47595
47596
47612
47624
47633
47634
47636
47651
47652
47669
47673
47681
47690
47692
47695
47709
47710
47722
47722
47760
47760
47773
47784
47789
47814
47826
47826
47834
47836
47839
47844
47852
47852
47854
47861
47868
47870
47914
47921
47930
47936
47944
47950
47953
48011
48046
48051
48055
48060
48061
48077
48096
48106
48107
48139
48153
48159
48160
48165
48169
48178
48202
48206
48223
48224
48230
48231
48260
48275
48278
48281
48292
48292
48294
48305
48349
48358
48366
48381
48384
48386
48390
48404
48410
48417
48420
48425
48430
48436
48440
48442
48452
48456
48468
48473
48486
48494
48497
48509
48526
48533
48557
48558
48574
48592
48599
48607
48612
48613
48614
48614
48622
48641
48642
48654
48657
48658
48705
48706
48709
48714
48716
48730
48755
48759
48767
48780
48809
48811
48812
48821
48829
48830
48832
48836
48857
48858
48870
48878
48883
48891
48892
48894
48898
48899
48903
48904
48922
48930
48946
48956
48960
48963
49005
49056
49058
49071
49090
49113
49125
49132
49188
49193
49196
49196
49199
49200
49206
49210
49222
49225
49238
49243
49248
49254
49261
49290
49326
49331
49337
49346
49354
49369
49384
49404
49421
49421
49422
49437
49457
49459
49504
49507
49509
49510
49526
49541
49546
49548
49559
49584
49598
49629
49631
49631
49638
49649
49650
49664
49702
49711
49714
49735
49745
49763
49766
49780
49782
49785
49785
49826
49848
49849
49852
49863
49874
49878
49881
49888
49909
49913
49921
49923
49932
49948
49949
49952
49953
49966
49972
49975
49981
49985
50006
50011
50018
50026
50038
50040
50051
50065
50073
50083
50107
50114
50117
50122
50152
50162
50191
50200
50200
50214
50219
50222
50239
50245
50253
50256
50258
50261
50265
50274
50277
50284
50300
50302
50312
50315
50337
50344
50346
50353
50361
50364
50381
50399
50401
50419
50420
50423
50428
50442
50465
50486
50490
50494
50500
50504
50506
50526
50557
50570
50600
50625
50646
50654
50679
50699
50719
50730
50733
50760
50766
50776
50778
50791
50792
50818
50828
50850
50868
50874
50883
50892
50925
50927
50927
50949
50950
50952
50958
50965
50999
51003
51007
51024
51028
51033
51041
51049
51072
51073
51074
51092
51104
51115
51115
51123
51136
51146
51151
51162
51178
51183
51195
51241
51304
51307
51308
51311
51319
51322
51323
51331
51335
51341
51348
51372
51389
51389
51398
51407
51409
51434
51441
51460
51476
51485
51492
51495
51498
51508
51510
51511
51529
51544
51549
51553
51557
51578
51578
51599
51636
51665
51687
51719
51720
51729
51734
51735
51745
51754
51760
51761
51767
51780
51785
51796
51817
51834
51836
51843
51848
51849
51873
51895
51911
51936
51936
51944
51962
51962
51964
51974
51978
51982
51983
51990
51998
52009
52017
52019
52022
52031
52045
52060
52072
52073
52080
52082
52100
52113
52116
52127
52129
52141
52152
52161
52166
52171
52172
52175
52184
52219
52233
52237
52255
52267
52276
52293
52298
52312
52316
52335
52338
52339
52343
52366
52367
52369
52376
52385
52400
52401
52406
52409
52452
52460
52470
52474
52477
52480
52482
52483
52514
52515
52520
52524
52530
52535
52536
52539
52539
52550
52558
52562
52567
52569
52585
52587
52587
52588
52610
52611
52611
52612
52644
52655
52671
52672
52689
52691
52693
52697
52728
52737
52779
52781
52799
52806
52819
52846
52877
52896
52904
52910
52922
52938
52941
52971
52972
52976
53006
53014
53019
53024
53029
53035
53037
53038
53055
53059
53067
53078
53079
53083
53085
53101
53107
53114
53117
53117
53122
53129
53143
53148
53149
53156
53165
53192
53213
53220
53225
53242
53245
53261
53265
53266
53268
53273
53286
53291
53291
53297
53301
53327
53330
53340
53345
53354
53357
53363
53396
53406
53419
53428
53450
53450
53456
53457
53470
53471
53510
53523
53525
53533
53541
53546
53565
53565
53572
53594
53595
53610
53616
53619
53622
53641
53645
53658
53661
53663
53673
53687
53701
53702
53713
53716
53726
53735
53739
53755
53759
53769
53781
53802
53803
53805
53806
53812
53828
53859
53872
53898
53902
53923
53945
53951
53955
53955
53967
53968
53987
53990
53993
54015
54029
54030
54034
54047
54048
54049
54050
54069
54069
54091
54092
54095
54115
54118
54118
54123
54125
54134
54144
54147
54153
54153
54155
54159
54167
54168
54174
54180
54193
54194
54218
54230
54238
54263
54281
54320
54321
54331
54365
54367
54372
54374
54401
54405
54424
54432
54438
54439
54440
54445
54448
54450
54450
54457
54488
54495
54496
54499
54513
54516
54542
54579
54654
54663
54668
54687
54694
54696
54699
54700
54701
54706
54711
54717
54729
54730
54746
54757
54777
54790
54791
54809
54812
54825
54840
54847
54852
54866
54868
54889
54894
54899
54906
54910
54913
54914
54928
54934
54950
54958
54961
54961
54976
54984
54987
54994
55010
55013
55015
55067
55076
55077
55107
55117
55119
55132
55140
55142
55162
55167
55173
55175
55175
55175
55208
55208
55224
55246
55258
55269
55283
55285
55313
55314
55319
55320
55326
55328
55363
55364
55385
55389
55393
55398
55404
55408
55410
55414
55449
55453
55462
55469
55470
55472
55477
55500
55502
55505
55512
55513
55515
55529
55529
55539
55541
55547
55556
55560
55564
55564
55568
55576
55581
55603
55605
55644
55656
55673
55679
55686
55691
55702
55717
55719
55722
55728
55731
55733
55736
55745
55751
55752
55766
55783
55827
55827
55828
55828
55831
55853
55865
55868
55881
55883
55939
55948
55956
55960
55971
55976
55984
55989
55993
56000
56009
56015
56033
56043
56061
56061
56065
56066
56072
56075
56076
56087
56092
56098
56102
56105
56123
56136
56141
56157
56158
56161
56170
56181
56211
56212
56217
56228
56229
56231
56255
56263
56291
56294
56295
56316
56320
56325
56335
56339
56340
56345
56348
56361
56367
56368
56381
56390
56394
56408
56409
56411
56439
56440
56449
56459
56475
56484
56507
56508
56511
56515
56530
56532
56558
56573
56577
56587
56608
56616
56620
56630
56636
56638
56674
56684
56689
56694
56710
56713
56741
56752
56755
56756
56770
56770
56776
56796
56799
56816
56836
56862
56885
56896
56904
56904
56910
56927
56940
56948
56966
56982
56989
56991
56999
57016
57036
57069
57074
57079
57087
57091
57119
57129
57157
57188
57195
57201
57203
57208
57212
57214
57215
57221
57269
57269
57279
57282
57300
57316
57323
57342
57352
57355
57359
57377
57378
57389
57391
57400
57405
57422
57426
57427
57429
57457
57462
57465
57469
57474
57484
57489
57490
57494
57495
57500
57509
57510
57519
57523
57526
57531
57531
57543
57562
57575
57601
57610
57612
57618
57693
57721
57733
57735
57745
57749
57758
57760
57761
57762
57764
57779
57801
57807
57810
57810
57822
57827
57830
57844
57845
57849
57857
57868
57874
57882
57892
57895
57898
57902
57904
57943
57945
57957
57958
57963
57964
57976
57978
58005
58009
58014
58044
58057
58130
58130
58160
58160
58172
58186
58192
58194
58199
58211
58222
58244
58244
58245
58250
58256
58280
58283
58306
58309
58309
58310
58324
58344
58350
58357
58363
58365
58369
58375
58375
58398
58398
58399
58405
58418
58424
58428
58453
58470
58474
58490
58492
58537
58543
58546
58556
58577
58587
58599
58606
58627
58633
58643
58650
58658
58659
58674
58700
58704
58707
58711
58714
58723
58736
58750
58765
58769
58772
58785
58786
58821
58842
58875
58876
58885
58901
58907
58916
58951
58953
58960
58971
58975
58988
59000
59027
59029
59030
59038
59049
59056
59060
59064
59065
59124
59136
59151
59161
59168
59184
59184
59187
59190
59213
59246
59269
59275
59276
59278
59281
59283
59288
59292
59319
59320
59328
59328
59346
59347
59348
59358
59366
59368
59378
59388
59392
59395
59402
59410
59425
59427
59438
59441
59443
59462
59464
59491
59493
59496
59511
59515
59522
59532
59532
59583
59585
59593
59595
59614
59641
59644
59647
59651
59653
59663
59665
59675
59708
59711
59713
59766
59774
59784
59802
59827
59837
59841
59842
59858
59863
59866
59869
59871
59876
59882
59888
59900
59913
59962
59972
59985
59989
60006
60013
60017
60040
60051
60061
60076
60086
60095
60126
60129
60146
60147
60152
60156
60175
60177
60202
60222
60244
60284
60303
60306
60337
60345
60345
60351
60353
60355
60378
60383
60410
60410
60411
60413
60421
60427
60447
60457
60476
60486
60503
60522
60534
60540
60573
60575
60597
60601
60604
60631
60639
60645
60647
60649
60652
60653
60669
60676
60679
60712
60724
60732
60757
60759
60763
60790
60790
60819
60830
60840
60850
60852
60854
60855
60860
60863
60883
60886
60912
60924
60931
60951
60952
60956
60962
60973
60979
60985
60991
61000
61007
61008
61015
61022
61026
61031
61044
61048
61056
61062
61062
61063
61064
61064
61067
61067
61068
61075
61079
61086
61094
61113
61129
61139
61149
61159
61161
61167
61177
61203
61208
61220
61227
61232
61233
61236
61238
61250
61263
61267
61278
61278
61286
61288
61303
61343
61347
61365
61369
61395
61429
61443
61446
61447
61454
61457
61464
61469
61475
61480
61507
61508
61508
61510
61512
61520
61529
61560
61561
61564
61566
61592
61602
61612
61625
61627
61635
61646
61649
61653
61667
61669
61677
61687
61692
61719
61728
61732
61741
61748
61789
61790
61795
61799
61800
61825
61842
61852
61852
61861
61868
61868
61870
61872
61875
61909
61914
61918
61958
61960
61976
61980
61989
62003
62004
62007
62053
62077
62080
62096
62101
62104
62106
62113
62113
62114
62120
62125
62126
62130
62134
62145
62149
62154
62156
62158
62161
62179
62196
62198
62217
62219
62240
62250
62267
62277
62291
62298
62302
62303
62307
62312
62321
62327
62333
62335
62352
62358
62368
62377
62380
62382
62385
62419
62419
62425
62443
62470
62477
62493
62519
62521
62524
62526
62536
62540
62544
62546
62555
62560
62562
62588
62593
62616
62656
62661
62675
62683
62690
62696
62699
62705
62710
62721
62731
62732
62739
62747
62759
62761
62764
62796
62804
62805
62811
62819
62831
62836
62840
62856
62863
62869
62879
62884
62897
62898
62899
62907
62941
62950
62966
62994
63002
63037
63052
63063
63077
63078
63079
63100
63103
63112
63134
63149
63155
63161
63174
63179
63182
63219
63236
63248
63259
63259
63275
63298
63300
63304
63318
63334
63337
63342
63350
63352
63357
63361
63363
63365
63366
63382
63396
63396
63401
63408
63413
63424
63440
63452
63454
63460
63465
63466
63469
63481
63496
63501
63527
63541
63544
63550
63582
63588
63616
63627
63630
63640
63663
63690
63711
63712
63713
63721
63734
63735
63736
63739
63743
63745
63761
63786
63787
63794
63805
63818
63842
63844
63846
63850
63860
63862
63873
63876
63877
63899
63907
63908
63912
63913
63936
63943
63964
63976
63978
64003
64021
64031
64057
64064
64065
64067
64072
64096
64104
64126
64126
64128
64163
64175
64177
64194
64195
64221
64224
64240
64241
64245
64251
64255
64258
64258
64277
64297
64304
64317
64320
64320
64348
64355
64383
64386
64389
64393
64395
64415
64417
64430
64436
64439
64442
64446
64456
64466
64476
64487
64508
64513
64514
64519
64529
64531
64540
64542
64545
64549
64565
64570
64576
64576
64578
64578
64580
64587
64610
64626
64631
64636
64670
64685
64692
64700
64704
64715
64726
64751
64760
64780
64794
64796
64810
64820
64827
64831
64872
64873
64876
64881
64882
64895
64896
64920
64922
64931
64953
64956
64960
64960
64965
64974
64998
65010
65017
65018
65064
65065
65068
65074
65075
65080
65081
65083
65088
65109
65119
65121
65125
65132
65143
65146
65151
65159
65161
65175
65178
65178
65238
65239
65248
65258
65269
65284
65295
65302
65345
65361
65365
65386
65394
65400
65408
65438
65442
65458
65460
65462
65466
65473
65494
65496
65504
65512
65512
65530
65545
65547
65550
65551
65566
65571
65574
65577
65579
65608
65628
65651
65658
65669
65675
65722
65727
65730
65731
65735
65759
65802
65809
65820
65824
65844
65854
65856
65859
65868
65874
65875
65880
65888
65901
65903
65917
65926
65942
65975
65986
66002
66017
66023
66042
66049
66061
66113
66136
66144
66145
66148
66161
66168
66173
66173
66196
66207
66213
66225
66234
66239
66240
66245
66246
66253
66253
66255
66258
66261
66289
66313
66321
66324
66342
66345
66345
66346
66352
66356
66381
66388
66390
66401
66432
66459
66460
66468
66471
66474
66478
66487
66498
66501
66502
66513
66515
66521
66531
66542
66573
66579
66586
66587
66599
66600
66609
66621
66636
66640
66640
66652
66659
66662
66674
66675
66680
66705
66724
66744
66747
66758
66762
66783
66793
66795
66813
66821
66863
66874
66877
66882
66885
66887
66887
66892
66898
66916
66922
66928
66956
66972
66998
67013
67013
67025
67029
67032
67036
67079
67081
67082
67083
67086
67089
67121
67122
67132
67133
67134
67160
67182
67192
67199
67201
67222
67227
67242
67270
67270
67278
67283
67293
67302
67325
67328
67331
67333
67337
67348
67370
67377
67395
67395
67411
67422
67451
67457
67474
67474
67483
67511
67529
67530
67533
67550
67568
67568
67569
67576
67579
67584
67588
67619
67644
67673
67675
67678
67689
67691
67723
67729
67741
67746
67797
67805
67827
67854
67866
67876
67878
67882
67884
67887
67908
67913
67914
67925
67936
67940
67950
67963
67981
67985
67999
68004
68007
68023
68042
68061
68063
68068
68081
68124
68155
68167
68170
68173
68179
68181
68203
68208
68213
68220
68230
68254
68276
68288
68290
68301
68304
68333
68339
68339
68342
68369
68373
68373
68385
68391
68407
68428
68430
68431
68436
68462
68463
68464
68480
68482
68490
68504
68545
68557
68562
68578
68591
68603
68611
68615
68620
68629
68636
68647
68666
68666
68679
68682
68686
68714
68728
68734
68737
68744
68748
68759
68795
68808
68816
68852
68855
68862
68865
68882
68894
68896
68900
68905
68934
68945
68949
68952
68970
69012
69021
69026
69031
69035
69043
69055
69059
69070
69086
69118
69127
69133
69138
69156
69162
69168
69175
69178
69196
69198
69211
69216
69219
69244
69246
69268
69271
69280
69287
69293
69301
69304
69311
69313
69313
69332
69341
69347
69367
69372
69380
69383
69398
69401
69413
69419
69428
69452
69461
69486
69505
69517
69522
69523
69548
69574
69581
69584
69595
69615
69619
69631
69632
69639
69649
69660
69662
69670
69679
69684
69707
69709
69712
69715
69719
69732
69747
69767
69801
69812
69818
69820
69834
69836
69841
69844
69855
69885
69898
69934
69953
69954
69994
70022
70030
70036
70037
70046
70047
70053
70057
70073
70093
70104
70110
70112
70113
70120
70131
70137
70138
70140
70149
70154
70174
70192
70192
70195
70200
70206
70207
70228
70230
70242
70259
70264
70269
70281
70286
70289
70306
70325
70330
70331
70353
70357
70363
70368
70378
70406
70435
70450
70463
70465
70472
70477
70497
70503
70503
70513
70523
70535
70548
70551
70552
70585
70591
70600
70614
70624
70631
70633
70643
70645
70658
70667
70667
70671
70678
70707
70746
70748
70750
70763
70767
70793
70795
70813
70815
70818
70821
70822
70822
70825
70846
70851
70878
70890
70890
70902
70919
70925
70933
70935
70946
70958
70988
70998
71022
71022
71035
71039
71041
71044
71046
71053
71054
71079
71087
71091
71101
71101
71102
71107
71125
71126
71153
71167
71170
71176
71179
71186
71187
71210
71229
71232
71247
71255
71256
71259
71267
71285
71287
71295
71303
71327
71335
71341
71354
71368
71418
71420
71447
71452
71473
71478
71487
71497
71500
71519
71536
71561
71570
71571
71574
71617
71618
71652
71687
71687
71688
71693
71703
71707
71716
71728
71729
71736
71748
71749
71763
71768
71769
71771
71772
71789
71799
71811
71813
71819
71821
71822
71824
71838
71843
71843
71864
71888
71910
71917
71955
71959
71993
72004
72011
72011
72023
72031
72032
72043
72046
72048
72076
72084
72094
72103
72116
72121
72134
72146
72181
72189
72203
72204
72207
72215
72236
72240
72270
72271
72276
72296
72298
72301
72311
72351
72354
72393
72410
72412
72423
72432
72439
72444
72445
72450
72465
72520
72522
72532
72545
72556
72572
72572
72577
72588
72600
72604
72605
72606
72614
72615
72618
72622
72633
72652
72656
72691
72695
72700
72700
72709
72719
72720
72721
72745
72758
72760
72777
72781
72795
72799
72803
72820
72833
72854
72867
72870
72873
72898
72899
72900
72918
72920
72922
72924
72949
72952
72957
72962
72969
72975
72978
73008
73041
73056
73060
73079
73080
73082
73093
73099
73110
73138
73138
73147
73162
73177
73183
73224
73227
73242
73256
73271
73276
73291
73296
73303
73303
73324
73344
73347
73363
73366
73368
73378
73389
73412
73415
73421
73425
73431
73453
73457
73485
73514
73526
73535
73559
73561
73593
73627
73639
73683
73691
73721
73724
73736
73742
73744
73758
73769
73791
73806
73807
73824
73836
73846
73847
73854
73858
73863
73864
73899
73907
73917
73954
73955
73959
73973
73974
74013
74032
74037
74037
74055
74078
74092
74110
74112
74119
74130
74142
74143
74149
74156
74156
74201
74212
74217
74221
74247
74267
74275
74287
74301
74314
74325
74327
74339
74346
74350
74390
74421
74458
74459
74469
74476
74499
74508
74521
74548
74567
74589
74596
74597
74625
74637
74651
74666
74685
74686
74692
74698
74733
74747
74759
74767
74771
74780
74805
74807
74844
74870
74885
74894
74898
74904
74907
74953
74957
74963
74965
74965
74971
74982
74983
74984
74986
74997
75019
75034
75038
75048
75052
75065
75072
75076
75078
75092
75099
75105
75117
75120
75121
75122
75124
75127
75128
75131
75139
75139
75145
75165
75181
75182
75194
75196
75209
75224
75227
75252
75252
75253
75258
75268
75281
75283
75303
75311
75314
75335
75340
75349
75355
75362
75372
75375
75377
75381
75416
75418
75426
75427
75454
75463
75473
75477
75488
75493
75501
75523
75524
75530
75557
75572
75593
75610
75617
75620
75626
75626
75628
75632
75638
75642
75644
75648
75695
75715
75718
75720
75732
75768
75770
75779
75784
75791
75793
75809
75816
75816
75837
75853
75855
75857
75865
75877
75878
75891
75894
75895
75915
75923
75930
75933
75933
75959
75963
75976
75979
75984
76024
76040
76042
76064
76074
76084
76092
76119
76134
76135
76165
76183
76207
76219
76222
76226
76252
76252
76270
76282
76309
76325
76371
76375
76375
76403
76415
76423
76445
76457
76465
76472
76480
76502
76531
76532
76553
76567
76578
76579
76582
76609
76616
76619
76622
76633
76641
76642
76645
76651
76651
76659
76669
76693
76707
76719
76731
76760
76793
76793
76793
76816
76819
76832
76847
76857
76877
76883
76899
76913
76936
76940
76961
76966
76973
76983
76990
76997
77015
77029
77035
77041
77043
77049
77051
77074
77076
77083
77092
77107
77117
77119
77168
77186
77197
77202
77217
77221
77230
77234
77251
77258
77260
77266
77287
77287
77291
77314
77324
77358
77379
77394
77406
77409
77414
77414
77424
77430
77437
77445
77449
77466
77468
77510
77533
77537
77546
77556
77557
77583
77589
77611
77621
77629
77635
77642
77643
77647
77648
77655
77656
77664
77688
77697
77738
77746
77752
77763
77770
77772
77779
77824
77825
77829
77830
77837
77843
77853
77863
77865
77865
77867
77878
77881
77882
77886
77886
77899
77917
77946
77952
77956
77965
77972
77979
77994
78001
78003
78029
78030
78047
78067
78085
78088
78092
78094
78094
78095
78115
78118
78126
78135
78151
78176
78179
78188
78194
78198
78204
78205
78213
78215
78231
78238
78246
78246
78254
78263
78266
78267
78272
78280
78284
78294
78302
78355
78372
78387
78389
78397
78409
78420
78427
78427
78434
78450
78475
78477
78486
78486
78489
78502
78517
78519
78533
78550
78561
78590
78600
78603
78619
78628
78630
78634
78647
78655
78675
78682
78708
78744
78756
78760
78762
78816
78830
78865
78871
78890
78900
78906
78912
78926
78928
78930
78954
78958
78961
78965
78985
79000
79012
79015
79017
79020
79026
79027
79035
79035
79043
79046
79062
79080
79093
79097
79116
79124
79126
79134
79164
79191
79200
79212
79215
79258
79260
79268
79269
79278
79279
79286
79288
79299
79310
79317
79318
79322
79323
79340
79351
79373
79378
79390
79420
79430
79448
79456
79466
79478
79497
79532
79542
79560
79578
79585
79588
79591
79592
79595
79601
79604
79625
79627
79630
79660
79668
79672
79678
79698
79701
79717
79740
79740
79765
79770
79777
79803
79808
79843
79845
79853
79875
79882
79883
79890
79890
79894
79916
79920
79929
79931
79932
79936
79937
79945
79953
79962
79963
79990
79991
80015
80026
80033
80035
80051
80063
80068
80070
80072
80073
80075
80078
80082
80087
80089
80092
80104
80115
80140
80141
80154
80157
80170
80171
80174
80189
80195
80206
80219
80234
80245
80246
80246
80294
80365
80375
80385
80392
80405
80421
80426
80426
80442
80456
80460
80466
80470
80481
80494
80499
80510
80512
80513
80527
80531
80597
80597
80599
80605
80610
80652
80655
80689
80693
80704
80723
80727
80727
80737
80738
80743
80746
80770
80781
80801
80814
80822
80831
80834
80848
80862
80866
80904
80931
80931
80934
80937
80945
80953
80954
80963
80967
80994
81003
81004
81004
81008
81024
81025
81041
81041
81051
81056
81077
81078
81081
81089
81090
81091
81094
81097
81103
81105
81108
81116
81130
81138
81150
81174
81182
81198
81199
81208
81211
81218
81238
81239
81291
81295
81300
81301
81307
81337
81340
81343
81345
81347
81357
81358
81389
81390
81398
81408
81420
81430
81432
81435
81444
81462
81463
81486
81493
81503
81505
81525
81527
81537
81543
81546
81548
81548
81552
81556
81576
81581
81590
81629
81640
81649
81655
81683
81689
81704
81704
81723
81725
81726
81733
81739
81749
81765
81771
81774
81779
81782
81785
81787
81797
81798
81803
81808
81820
81836
81849
81853
81863
81865
81870
81870
81873
81878
81880
81919
81921
81939
81944
81951
81956
81991
82011
82022
82049
82053
82058
82059
82063
82063
82082
82083
82089
82098
82103
82103
82107
82110
82111
82113
82119
82121
82134
82137
82145
82152
82174
82181
82200
82210
82222
82223
82229
82235
82237
82254
82261
82267
82274
82284
82303
82306
82309
82338
82338
82358
82358
82374
82399
82408
82425
82449
82471
82475
82492
82495
82501
82516
82524
82547
82557
82559
82560
82582
82583
82589
82603
82608
82624
82639
82644
82652
82661
82663
82672
82694
82708
82719
82725
82731
82738
82745
82754
82758
82778
82780
82781
82802
82806
82812
82847
82851
82875
82885
82887
82915
82921
82927
82946
82958
82965
82969
82974
82979
82985
82991
83004
83017
83024
83025
83028
83030
83052
83056
83074
83081
83081
83082
83090
83123
83138
83159
83161
83164
83170
83175
83181
83181
83182
83185
83203
83206
83217
83220
83228
83232
83234
83235
83256
83275
83294
83319
83323
83324
83327
83328
83334
83338
83340
83347
83349
83355
83374
83389
83405
83409
83425
83425
83436
83449
83452
83462
83485
83486
83491
83501
83530
83534
83546
83548
83564
83565
83566
83577
83593
83612
83613
83618
83628
83630
83631
83641
83642
83651
83651
83652
83653
83654
83659
83660
83676
83711
83729
83737
83743
83779
83780
83793
83818
83827
83856
83863
83885
83901
83910
83914
83915
83917
83932
83951
83955
83967
83968
83972
83976
83978
83980
83986
83988
83990
83998
84013
84023
84032
84032
84033
84039
84044
84064
84071
84078
84100
84119
84125
84127
84134
84135
84137
84144
84213
84229
84231
84236
84237
84259
84262
84267
84274
84277
84295
84307
84317
84332
84337
84365
84365
84365
84369
84373
84375
84381
84388
84394
84395
84404
84411
84428
84431
84432
84443
84469
84482
84495
84506
84513
84517
84541
84547
84553
84585
84592
84595
84603
84615
84623
84623
84625
84632
84636
84637
84648
84652
84678
84685
84685
84694
84700
84703
84710
84711
84715
84741
84769
84770
84783
84799
84808
84830
84846
84849
84850
84854
84861
84874
84877
84878
84888
84909
84913
84926
84929
84948
84966
84992
85000
85004
85019
85024
85026
85036
85043
85047
85086
85090
85106
85112
85122
85132
85136
85154
85155
85160
85188
85195
85203
85228
85234
85236
85237
85245
85250
85260
85268
85275
85284
85295
85301
85303
85305
85310
85334
85337
85348
85350
85352
85374
85375
85377
85385
85391
85406
85419
85429
85447
85450
85465
85466
85507
85507
85510
85535
85539
85551
85554
85577
85601
85605
85613
85623
85623
85624
85638
85668
85686
85716
85727
85728
85734
85750
85761
85764
85777
85782
85786
85796
85802
85810
85836
85837
85838
85842
85849
85856
85868
85882
85891
85892
85906
85914
85914
85917
85917
85944
85962
85975
85975
85992
86005
86007
86008
86010
86021
86032
86036
86043
86048
86053
86062
86067
86072
86078
86088
86104
86105
86106
86109
86116
86122
86141
86145
86175
86184
86192
86210
86212
86215
86218
86229
86231
86263
86270
86282
86294
86295
86320
86322
86332
86341
86346
86357
86358
86368
86372
86395
86431
86437
86442
86449
86451
86452
86462
86480
86501
86524
86530
86557
86566
86580
86582
86590
86593
86594
86600
86600
86608
86615
86624
86631
86658
86686
86693
86699
86700
86704
86708
86712
86717
86722
86744
86766
86766
86773
86779
86789
86797
86803
86803
86809
86820
86824
86854
86855
86871
86873
86880
86900
86915
86924
86928
86976
86991
86996
87014
87015
87034
87044
87046
87048
87079
87104
87116
87118
87122
87127
87151
87163
87202
87217
87219
87258
87259
87263
87274
87275
87275
87278
87279
87300
87314
87324
87336
87342
87343
87349
87353
87361
87375
87383
87391
87417
87417
87426
87429
87431
87434
87442
87446
87460
87462
87466
87467
87480
87486
87493
87519
87533
87560
87561
87566
87567
87567
87632
87634
87668
87679
87712
87721
87730
87731
87733
87754
87767
87776
87788
87792
87793
87803
87805
87817
87830
87850
87851
87852
87853
87859
87886
87923
87934
87959
87962
87974
87976
87977
87985
87987
87993
87994
88005
88016
88024
88105
88106
88106
88114
88134
88147
88149
88154
88168
88199
88235
88237
88266
88289
88301
88306
88309
88314
88315
88338
88358
88365
88368
88393
88398
88400
88406
88413
88432
88435
88436
88438
88442
88448
88452
88460
88464
88485
88489
88494
88502
88509
88516
88523
88524
88527
88533
88539
88539
88544
88560
88569
88604
88620
88623
88627
88631
88640
88645
88645
88648
88650
88650
88655
88658
88660
88663
88664
88675
88687
88703
88705
88719
88734
88736
88736
88755
88765
88767
88784
88790
88793
88794
88799
88801
88802
88802
88808
88813
88813
88832
88849
88849
88859
88876
88881
88882
88883
88914
88917
88949
88954
88962
88969
88986
88987
88990
88991
89001
89006
89017
89048
89056
89061
89063
89065
89090
89099
89107
89129
89133
89135
89167
89176
89184
89188
89207
89227
89230
89246
89253
89256
89258
89273
89273
89276
89291
89297
89300
89306
89309
89314
89344
89366
89382
89383
89385
89386
89410
89412
89413
89430
89432
89438
89452
89459
89463
89466
89472
89477
89487
89504
89508
89510
89528
89530
89531
89540
89542
89548
89551
89562
89567
89567
89573
89600
89612
89634
89656
89673
89674
89675
89679
89685
89694
89699
89700
89729
89735
89735
89755
89757
89766
89770
89790
89809
89812
89827
89843
89846
89847
89870
89870
89884
89899
89918
89927
89935
89946
89972
89972
89984
89987
89996
90007
90023
90050
90051
90068
90089
90137
90156
90164
90204
90207
90239
90262
90279
90284
90288
90289
90298
90311
90320
90330
90330
90340
90341
90346
90352
90361
90405
90410
90412
90414
90425
90427
90433
90448
90452
90456
90457
90470
90481
90484
90485
90495
90511
90511
90517
90518
90533
90538
90562
90582
90634
90695
90714
90715
90720
90726
90733
90735
90747
90758
90766
90780
90780
90794
90803
90809
90811
90812
90820
90823
90832
90852
90854
90866
90872
90883
90896
90914
90915
90942
90961
90962
90965
90992
90996
91015
91019
91031
91036
91042
91046
91062
91078
91081
91082
91085
91088
91094
91109
91111
91127
91130
91156
91161
91167
91172
91172
91180
91181
91196
91203
91203
91224
91232
91233
91247
91260
91272
91286
91328
91334
91348
91349
91354
91365
91367
91376
91378
91385
91388
91394
91405
91414
91418
91431
91439
91445
91447
91474
91476
91494
91497
91509
91523
91570
91597
91614
91623
91626
91630
91630
91641
91654
91662
91671
91672
91696
91703
91739
91746
91749
91753
91758
91770
91776
91787
91817
91829
91838
91857
91878
91879
91881
91881
91882
91883
91884
91892
91892
91935
91940
91950
91958
92022
92027
92055
92056
92062
92069
92072
92089
92096
92109
92112
92118
92119
92119
92120
92127
92131
92145
92146
92148
92165
92171
92173
92186
92187
92190
92208
92222
92224
92241
92250
92250
92255
92281
92282
92287
92291
92296
92297
92302
92309
92343
92343
92344
92351
92354
92367
92380
92406
92411
92423
92454
92455
92456
92461
92465
92470
92502
92505
92508
92514
92517
92530
92535
92552
92553
92559
92574
92584
92589
92602
92603
92608
92619
92619
92625
92650
92654
92659
92665
92673
92684
92697
92711
92719
92721
92730
92743
92756
92760
92766
92772
92824
92825
92831
92840
92850
92871
92891
92896
92907
92936
92957
92983
92983
92984
92991
93006
93009
93020
93028
93070
93073
93076
93090
93090
93106
93107
93112
93118
93126
93127
93136
93140
93143
93143
93156
93185
93189
93208
93217
93231
93253
93258
93259
93268
93270
93281
93294
93294
93305
93314
93319
93324
93324
93326
93344
93355
93355
93356
93360
93371
93377
93408
93418
93436
93438
93490
93494
93496
93496
93501
93520
93521
93533
93544
93591
93592
93595
93597
93600
93607
93608
93618
93641
93644
93655
93658
93660
93690
93690
93694
93714
93749
93757
93765
93767
93822
93829
93831
93844
93855
93887
93888
93892
93899
93902
93911
93920
93926
93931
93937
93942
93962
93968
93982
93993
94003
94005
94012
94013
94022
94030
94031
94035
94054
94065
94067
94068
94071
94072
94078
94099
94126
94158
94158
94162
94172
94180
94183
94185
94202
94209
94214
94220
94231
94235
94239
94241
94250
94299
94358
94366
94379
94464
94469
94471
94475
94487
94490
94493
94501
94516
94522
94524
94533
94539
94541
94544
94557
94566
94568
94587
94608
94618
94631
94635
94642
94651
94653
94685
94694
94700
94728
94776
94792
94803
94807
94836
94842
94855
94862
94863
94871
94880
94884
94893
94895
94900
94901
94903
94906
94931
94939
94942
94946
94955
94957
94977
94978
94982
95009
95012
95027
95031
95041
95047
95087
95090
95091
95131
95145
95155
95169
95171
95174
95179
95207
95210
95219
95238
95245
95266
95282
95308
95323
95364
95371
95372
95373
95374
95381
95391
95393
95410
95412
95418
95426
95448
95452
95457
95474
95477
95486
95489
95498
95502
95505
95515
95532
95537
95541
95544
95545
95565
95565
95572
95575
95577
95579
95585
95595
95604
95619
95627
95647
95662
95666
95674
95690
95710
95720
95727
95746
95748
95756
95758
95762
95776
95782
95804
95808
95817
95821
95824
95824
95839
95843
95854
95854
95871
95893
95905
95911
95926
95938
95951
95966
95971
95993
95995
96005
96012
96055
96057
96072
96097
96097
96098
96111
96127
96129
96162
96194
96196
96212
96216
96231
96232
96233
96235
96238
96263
96270
96306
96308
96308
96312
96330
96330
96355
96357
96360
96369
96379
96379
96404
96405
96410
96416
96417
96432
96436
96451
96453
96466
96473
96489
96496
96497
96512
96513
96515
96519
96538
96539
96544
96548
96561
96564
96568
96597
96605
96612
96616
96621
96631
96639
96658
96659
96660
96661
96662
96691
96699
96702
96738
96740
96755
96755
96759
96767
96800
96805
96817
96823
96835
96839
96844
96876
96886
96888
96895
96912
96925
96929
96933
96941
96943
96961
96970
96972
96994
96998
97002
97026
97027
97032
97034
97045
97051
97064
97072
97080
97082
97096
97100
97109
97110
97132
97142
97144
97147
97184
97186
97201
97205
97205
97212
97219
97233
97239
97248
97269
97271
97281
97283
97295
97328
97332
97332
97340
97359
97376
97385
97399
97405
97406
97407
97416
97424
97425
97431
97443
97448
97456
97470
97481
97484
97489
97497
97502
97514
97524
97526
97540
97572
97607
97621
97630
97636
97651
97653
97657
97700
97704
97722
97737
97750
97763
97813
97818
97829
97831
97839
97861
97887
97895
97896
97899
97910
97910
97922
97924
97925
97928
97930
97969
97978
97981
97998
98006
98034
98043
98056
98090
98097
98101
98112
98141
98143
98145
98147
98149
98154
98160
98180
98185
98188
98192
98192
98203
98206
98211
98230
98230
98238
98261
98278
98286
98288
98291
98296
98298
98326
98332
98340
98346
98352
98370
98370
98380
98389
98395
98405
98411
98419
98427
98439
98450
98467
98475
98477
98484
98490
98490
98495
98520
98520
98523
98532
98551
98593
98600
98613
98619
98627
98630
98638
98640
98644
98657
98669
98677
98686
98691
98691
98702
98703
98707
98709
98723
98730
98756
98757
98763
98770
98828
98840
98845
98868
98906
98920
98945
98947
98955
98966
98972
98991
98992
99018
99030
99030
99044
99048
99050
99091
99092
99100
99109
99110
99111
99148
99150
99154
99174
99181
99189
99189
99189
99202
99203
99216
99259
99264
99283
99285
99302
99314
99323
99342
99358
99361
99370
99373
99388
99403
99427
99440
99443
99448
99450
99455
99461
99462
99474
99481
99516
99518
99520
99528
99540
99553
99564
99572
99579
99583
99591
99619
99621
99625
99628
99635
99669
99679
99686
99697
99728
99733
99754
99769
99772
99781
99793
99800
99802
99815
99825
99836
99848
99855
99855
99865
99900
99901
99903
99933
99947
99955
99964
99969
99974
99988
