8
8
29
29
38
49
59
88
107
108
111
133
170
173
180
195
206
220
225
226
248
271
274
282
291
294
309
314
344
351
359
359
369
369
370
371
380
392
402
406
409
410
411
412
432
439
447
450
471
479
484
507
542
553
560
569
571
586
591
600
614
615
645
648
656
659
663
664
666
671
677
700
710
714
715
733
735
752
760
760
774
778
786
807
815
816
827
829
833
834
836
846
851
851
853
860
888
890
891
910
920
936
950
977
984
985
1014
1023
1033
1037
1049
1051
1052
1053
1055
1056
1058
1059
1098
1100
1101
1109
1110
1129
1141
1162
1169
1175
1178
1208
1216
1251
1279
1288
1303
1310
1340
1345
1348
1351
1365
1365
1369
1374
1375
1402
1418
1427
1433
1435
1442
1451
1453
1468
1477
1503
1506
1539
1555
1557
1566
1572
1576
1585
1593
1595
1616
1626
1633
1644
1653
1661
1665
1687
1702
1704
1729
1737
1740
1743
1752
1757
1764
1765
1769
1779
1791
1795
1801
1805
1809
1823
1824
1834
1834
1856
1871
1873
1875
1885
1905
1906
1923
1929
1934
1934
1954
1955
1958
1971
1996
2006
2022
2027
2033
2063
2069
2070
2114
2118
2124
2139
2143
2153
2171
2172
2178
2178
2179
2200
2203
2216
2228
2245
2273
2280
2315
2325
2335
2336
2357
2363
2382
2422
2432
2435
2439
2440
2441
2441
2446
2447
2458
2461
2464
2475
2484
2489
2494
2499
2501
2502
2502
2523
2525
2529
2545
2545
2546
2574
2577
2587
2591
2592
2593
2622
2627
2627
2627
2632
2635
2657
2662
2662
2671
2685
2686
2693
2695
2696
2709
2713
2722
2728
2732
2736
2737
2751
2754
2783
2787
2791
2795
2809
2810
2811
2835
2843
2868
2868
2869
2869
2878
2898
2901
2903
2912
2918
2942
2953
2954
2960
2962
2965
2970
2985
3010
3042
3054
3059
3060
3102
3113
3118
3140
3142
3155
3168
3170
3174
3182
3194
3217
3231
3238
3243
3244
3257
3271
3273
3321
3326
3328
3336
3350
3370
3372
3373
3373
3388
3395
3407
3419
3422
3458
3460
3481
3489
3496
3498
3516
3519
3531
3548
3550
3561
3577
3578
3588
3606
3619
3623
3649
3661
3689
3694
3700
3720
3721
3734
3738
3743
3760
3786
3790
3802
3808
3810
3825
3838
3850
3852
3855
3855
3856
3871
3880
3882
3882
3884
3890
3903
3907
3914
3919
3924
3930
3961
3965
3968
3991
3996
4012
4017
4020
4022
4023
4028
4047
4066
4071
4086
4093
4121
4125
4131
4144
4155
4160
4163
4167
4173
4181
4187
4188
4195
4201
4207
4211
4225
4236
4237
4244
4254
4281
4284
4284
4304
4310
4310
4310
4314
4316
4323
4331
4342
4361
4369
4387
4393
4420
4424
4430
4432
4433
4434
4445
4448
4453
4481
4487
4489
4497
4499
4509
4535
4535
4556
4570
4578
4590
4598
4600
4620
4641
4642
4653
4668
4672
4682
4689
4699
4717
4737
4770
4770
4773
4775
4779
4785
4795
4807
4810
4811
4858
4863
4883
4885
4894
4920
4921
4922
4948
4953
4965
4984
4993
5000
5027
5042
5048
5055
5065
5065
5066
5077
5084
5095
5096
5097
5099
5101
5101
5115
5121
5126
5126
5131
5135
5136
5136
5183
5184
5204
5204
5206
5213
5239
5242
5249
5258
5264
5266
5268
5273
5296
5304
5305
5314
5317
5318
5334
5337
5345
5346
5352
5359
5398
5422
5422
5427
5440
5447
5453
5453
5453
5490
5495
5505
5515
5522
5524
5528
5541
5550
5557
5567
5568
5579
5587
5594
5600
5602
5633
5637
5654
5671
5672
5684
5704
5713
5713
5729
5730
5730
5750
5770
5776
5786
5803
5804
5808
5825
5838
5839
5848
5860
5868
5874
5881
5891
5912
5924
5927
5929
5934
5935
5947
5960
5969
5970
5975
5980
5993
6015
6020
6032
6043
6058
6078
6093
6096
6122
6125
6127
6134
6153
6163
6165
6178
6204
6217
6221
6236
6256
6257
6277
6286
6308
6319
6325
6363
6426
6464
6470
6470
6475
6488
6496
6507
6513
6529
6529
6545
6562
6563
6566
6567
6572
6574
6661
6663
6679
6692
6692
6699
6706
6727
6744
6746
6796
6812
6814
6825
6832
6844
6848
6852
6877
6897
6899
6904
6908
6928
6936
6943
6948
6952
6955
6963
6964
6964
6989
6998
7000
7004
7007
7022
7046
7050
7051
7053
7072
7076
7094
7106
7136
7197
7206
7217
7222
7226
7227
7230
7232
7238
7238
7306
7332
7353
7370
7376
7383
7383
7410
7411
7422
7430
7432
7434
7448
7451
7455
7455
7458
7464
7475
7495
7502
7503
7513
7520
7531
7532
7561
7572
7577
7580
7587
7589
7591
7610
7629
7638
7641
7641
7650
7657
7658
7662
7664
7667
7677
7695
7701
7702
7722
7740
7746
7764
7781
7785
7785
7786
7803
7805
7817
7820
7825
7840
7847
7904
7906
7906
7913
7914
7925
7935
7966
7972
7974
7975
7982
7991
8011
8012
8014
8046
8056
8065
8079
8090
8109
8134
8149
8164
8215
8220
8224
8243
8251
8251
8257
8265
8266
8266
8274
8281
8283
8290
8291
8296
8298
8298
8300
8302
8315
8324
8327
8344
8345
8356
8358
8376
8376
8389
8391
8394
8431
8434
8438
8451
8451
8452
8456
8458
8462
8477
8489
8491
8512
8517
8521
8522
8524
8552
8557
8561
8571
8571
8589
8597
8612
8649
8653
8656
8665
8701
8708
8709
8710
8713
8715
8729
8740
8761
8773
8801
8819
8849
8863
8869
8870
8888
8890
8894
8895
8900
8903
8905
8912
8915
8915
8929
8931
8958
8961
8984
8998
9005
9005
9016
9027
9035
9042
9054
9057
9069
9086
9093
9100
9125
9129
9142
9159
9161
9184
9191
9195
9209
9225
9226
9229
9232
9234
9235
9235
9242
9252
9262
9274
9286
9295
9300
9304
9307
9349
9361
9361
9365
9366
9379
9382
9397
9404
9412
9413
9415
9424
9444
9446
9469
9476
9495
9500
9505
9524
9560
9565
9570
9571
9572
9583
9592
9616
9616
9629
9630
9632
9647
9648
9649
9664
9671
9673
9693
9695
9700
9730
9755
9760
9776
9784
9787
9794
9802
9807
9815
9824
9825
9825
9831
9843
9851
9855
9859
9861
9862
9873
9883
9888
9889
9892
9903
9908
9909
9916
9921
9922
9923
9930
9944
9953
9957
9962
9980
9983
9985
10003
10006
10007
10017
10029
10032
10039
10052
10053
10055
10082
10096
10098
10115
10129
10136
10153
10191
10212
10226
10237
10244
10247
10252
10258
10264
10271
10275
10278
10290
10299
10300
10309
10314
10321
10325
10330
10348
10372
10379
10386
10391
10413
10415
10419
10427
10433
10434
10462
10469
10472
10485
10524
10539
10539
10544
10544
10560
10574
10575
10594
10624
10630
10651
10658
10682
10683
10697
10706
10716
10722
10724
10737
10748
10762
10763
10782
10794
10814
10824
10827
10835
10836
10848
10853
10873
10887
10894
10902
10909
10919
10926
10932
10941
10944
10947
10962
10963
10973
10975
11012
11016
11036
11037
11077
11079
11090
11117
11118
11185
11203
11214
11230
11233
11237
11237
11265
11287
11297
11299
11300
11303
11307
11319
11332
11353
11362
11375
11379
11382
11385
11386
11390
11397
11403
11403
11409
11410
11411
11411
11419
11426
11428
11441
11448
11453
11454
11456
11462
11472
11472
11473
11491
11493
11496
11499
11502
11503
11504
11504
11507
11510
11514
11514
11532
11541
11555
11557
11562
11568
11570
11579
11597
11599
11600
11609
11610
11625
11626
11635
11639
11641
11650
11653
11661
11698
11701
11713
11719
11749
11752
11753
11782
11784
11793
11814
11822
11831
11831
11832
11850
11862
11872
11893
11933
11937
11939
11971
11974
11978
12002
12006
12007
12024
12024
12043
12044
12079
12088
12095
12104
12130
12147
12153
12172
12174
12180
12189
12217
12219
12228
12273
12275
12290
12294
12297
12316
12329
12330
12331
12336
12341
12342
12353
12375
12377
12385
12423
12478
12479
12488
12504
12506
12508
12518
12522
12526
12533
12535
12538
12540
12547
12553
12561
12562
12586
12586
12589
12589
12598
12611
12618
12638
12642
12643
12649
12656
12666
12672
12684
12686
12696
12700
12707
12712
12731
12736
12739
12743
12754
12775
12778
12781
12789
12803
12807
12815
12829
12837
12848
12852
12872
12876
12883
12884
12894
12898
12899
12900
12901
12904
12920
12930
12947
12947
12950
12956
12958
12962
12979
12982
13007
13037
13068
13100
13107
13112
13168
13175
13180
13181
13190
13212
13237
13264
13282
13289
13306
13321
13326
13336
13349
13351
13374
13384
13386
13387
13388
13400
13408
13417
13428
13432
13432
13433
13435
13435
13440
13469
13475
13479
13481
13482
13482
13510
13520
13529
13532
13543
13560
13565
13574
13589
13601
13622
13633
13633
13639
13647
13659
13671
13674
13682
13685
13701
13727
13729
13735
13742
13745
13761
13783
13792
13811
13826
13842
13875
13877
13883
13887
13900
13902
13905
13906
13908
13916
13919
13930
13945
13948
13956
13957
13965
13966
13975
13986
13987
14006
14007
14019
14027
14040
14045
14047
14054
14061
14063
14080
14081
14083
14086
14097
14099
14107
14113
14113
14122
14156
14177
14181
14203
14216
14220
14222
14233
14238
14258
14265
14270
14287
14287
14287
14288
14291
14326
14328
14331
14336
14346
14355
14361
14363
14367
14398
14399
14408
14433
14435
14443
14445
14452
14454
14455
14455
14462
14466
14466
14471
14484
14506
14514
14518
14520
14525
14526
14543
14557
14561
14566
14585
14594
14613
14626
14626
14640
14643
14649
14656
14663
14682
14682
14689
14696
14696
14719
14723
14724
14729
14739
14761
14764
14770
14774
14774
14793
14829
14832
14835
14867
14874
14875
14876
14878
14881
14890
14904
14920
14922
14937
14966
14990
14993
14995
15000
15003
15015
15023
15030
15041
15073
15085
15090
15106
15121
15140
15143
15147
15156
15159
15166
15177
15188
15222
15228
15236
15244
15245
15249
15258
15258
15285
15290
15291
15305
15308
15325
15326
15327
15330
15344
15344
15355
15365
15378
15383
15384
15386
15391
15394
15396
15410
15456
15464
15474
15475
15483
15487
15511
15525
15531
15535
15541
15543
15545
15556
15559
15579
15653
15658
15675
15679
15702
15714
15718
15734
15741
15742
15753
15754
15771
15778
15779
15791
15806
15829
15866
15874
15878
15895
15915
15916
15941
15959
15967
15967
15967
15988
16016
16020
16033
16044
16078
16086
16111
16120
16147
16161
16164
16165
16180
16181
16207
16210
16212
16224
16230
16233
16242
16249
16250
16281
16281
16284
16294
16302
16304
16305
16308
16322
16322
16324
16335
16336
16336
16342
16352
16359
16360
16365
16366
16409
16417
16425
16433
16435
16469
16483
16487
16496
16499
16501
16502
16506
16516
16517
16519
16530
16531
16534
16547
16568
16571
16572
16580
16588
16594
16597
16602
16619
16623
16636
16642
16647
16665
16667
16676
16696
16710
16721
16732
16732
16734
16741
16744
16747
16771
16800
16805
16812
16812
16847
16854
16859
16868
16869
16899
16916
16920
16920
16922
16927
16927
16928
16931
16932
16951
16954
16963
16963
16967
16995
17019
17021
17025
17066
17076
17093
17099
17108
17109
17116
17131
17137
17145
17159
17181
17208
17216
17216
17226
17234
17245
17246
17265
17267
17271
17271
17273
17294
17323
17330
17331
17333
17334
17340
17360
17366
17387
17396
17417
17463
17472
17477
17478
17480
17493
17495
17504
17508
17512
17513
17524
17551
17560
17582
17605
17605
17615
17616
17624
17636
17658
17693
17705
17707
17709
17723
17749
17752
17769
17773
17791
17820
17835
17846
17870
17872
17896
17937
17946
17948
17949
17956
17964
17964
17971
17979
17982
17995
17997
18001
18017
18042
18074
18078
18082
18093
18095
18106
18110
18134
18145
18148
18149
18150
18166
18181
18206
18208
18227
18233
18242
18244
18247
18274
18276
18276
18295
18313
18342
18345
18349
18352
18389
18398
18423
18437
18479
18486
18488
18489
18489
18524
18548
18562
18569
18569
18571
18597
18604
18618
18626
18658
18661
18662
18662
18669
18673
18687
18689
18692
18697
18698
18709
18709
18731
18739
18745
18760
18772
18773
18783
18785
18797
18804
18810
18811
18813
18835
18840
18842
18856
18870
18880
18882
18890
18895
18895
18904
18918
18919
18919
18919
18937
18940
18977
18982
18985
18985
18986
18986
19002
19019
19032
19037
19039
19081
19086
19095
19097
19101
19112
19117
19121
19127
19155
19158
19166
19169
19189
19190
19192
19214
19214
19221
19247
19273
19280
19307
19328
19332
19337
19350
19354
19369
19378
19386
19390
19402
19403
19404
19421
19425
19439
19439
19450
19465
19474
19480
19494
19517
19529
19536
19549
19556
19556
19576
19579
19582
19595
19610
19610
19624
19632
19634
19655
19655
19675
19681
19682
19711
19715
19717
19723
19737
19741
19743
19743
19744
19747
19770
19791
19797
19802
19830
19830
19860
19879
19886
19944
19953
19960
19990
19996
20001
20012
20015
20022
20038
20051
20056
20063
20077
20088
20094
20104
20110
20134
20137
20148
20157
20203
20227
20241
20256
20258
20264
20283
20284
20293
20296
20312
20313
20326
20359
20369
20370
20371
20376
20385
20407
20407
20411
20414
20419
20425
20432
20444
20460
20464
20475
20475
20476
20478
20512
20516
20521
20541
20559
20560
20573
20583
20590
20592
20616
20621
20636
20649
20653
20653
20665
20670
20679
20680
20694
20697
20698
20707
20708
20724
20736
20741
20747
20750
20773
20776
20788
20788
20789
20790
20792
20792
20804
20820
20821
20830
20856
20868
20874
20879
20886
20890
20903
20912
20937
20946
20949
20958
20962
20962
20998
21000
21003
21013
21016
21020
21039
21045
21057
21063
21064
21066
21099
21103
21114
21119
21119
21128
21144
21151
21192
21192
21196
21203
21218
21239
21245
21250
21253
21257
21266
21275
21283
21316
21325
21334
21340
21345
21382
21386
21406
21422
21426
21447
21470
21478
21493
21493
21504
21507
21512
21513
21518
21532
21541
21542
21546
21568
21588
21591
21624
21627
21641
21650
21650
21660
21662
21667
21671
21674
21674
21675
21676
21681
21691
21691
21704
21706
21723
21723
21741
21748
21764
21767
21768
21772
21783
21804
21808
21862
21872
21878
21911
21912
21919
21923
21950
21965
21971
21978
21995
21996
22001
22035
22039
22047
22051
22069
22085
22090
22113
22127
22135
22145
22158
22165
22179
22189
22196
22210
22210
22224
22269
22309
22310
22315
22347
22348
22365
22410
22426
22439
22439
22442
22448
22452
22453
22461
22463
22471
22500
22500
22504
22516
22517
22526
22543
22544
22557
22566
22569
22569
22593
22598
22598
22604
22607
22613
22616
22625
22627
22640
22641
22645
22662
22668
22686
22712
22730
22738
22739
22746
22761
22768
22768
22778
22788
22797
22815
22820
22823
22832
22836
22838
22840
22842
22850
22858
22876
22882
22901
22903
22923
22927
22939
22943
22971
22975
22986
23025
23028
23035
23038
23067
23070
23071
23080
23095
23108
23121
23134
23149
23172
23204
23208
23239
23241
23248
23259
23263
23264
23284
23299
23326
23334
23345
23380
23389
23389
23398
23420
23437
23451
23453
23479
23488
23491
23499
23510
23531
23555
23557
23567
23581
23586
23590
23599
23609
23611
23619
23628
23629
23669
23671
23674
23686
23690
23707
23722
23722
23726
23728
23732
23756
23757
23761
23764
23821
23824
23832
23854
23858
23864
23874
23878
23878
23891
23895
23896
23921
23921
23928
23937
23966
23996
24001
24008
24016
24031
24037
24039
24044
24055
24072
24077
24088
24091
24100
24107
24108
24113
24120
24125
24131
24135
24155
24158
24172
24187
24187
24197
24220
24226
24253
24289
24307
24324
24353
24355
24363
24375
24381
24383
24407
24414
24419
24423
24437
24447
24455
24463
24500
24505
24513
24516
24553
24568
24572
24574
24576
24582
24584
24593
24594
24641
24669
24672
24683
24684
24714
24734
24734
24741
24753
24757
24760
24765
24768
24785
24786
24790
24836
24868
24888
24895
24918
24949
24949
24956
24968
24970
24972
24977
24988
24993
25002
25010
25018
25029
25029
25066
25076
25098
25099
25104
25105
25110
25119
25134
25148
25150
25150
25154
25175
25190
25192
25198
25202
25204
25208
25208
25212
25214
25216
25220
25221
25226
25229
25237
25238
25246
25255
25311
25340
25347
25349
25356
25357
25365
25372
25378
25383
25386
25392
25423
25430
25441
25470
25472
25474
25485
25487
25496
25499
25516
25517
25530
25533
25536
25547
25553
25554
25554
25557
25560
25573
25595
25617
25637
25642
25649
25662
25665
25667
25688
25698
25717
25717
25731
25736
25749
25753
25764
25770
25771
25804
25805
25808
25820
25822
25850
25872
25873
25877
25884
25890
25915
25926
25943
25953
25959
25961
25973
25973
25977
25989
25998
26026
26037
26048
26051
26057
26059
26070
26098
26103
26122
26132
26155
26197
26202
26207
26214
26216
26216
26218
26253
26267
26270
26274
26276
26292
26293
26307
26310
26339
26341
26343
26345
26376
26390
26391
26403
26419
26429
26445
26446
26459
26480
26481
26482
26486
26488
26488
26490
26495
26506
26510
26511
26514
26516
26529
26535
26537
26538
26539
26544
26570
26578
26585
26586
26598
26600
26642
26649
26653
26659
26673
26673
26685
26686
26691
26719
26724
26728
26730
26738
26771
26793
26807
26807
26816
26820
26838
26846
26849
26859
26900
26905
26905
26924
26930
27013
27018
27021
27041
27042
27043
27045
27050
27058
27071
27080
27086
27089
27121
27122
27124
27127
27128
27146
27162
27167
27168
27176
27180
27184
27187
27221
27227
27232
27232
27233
27252
27255
27256
27283
27285
27295
27300
27306
27314
27325
27333
27342
27348
27351
27386
27423
27449
27467
27469
27474
27487
27491
27493
27495
27503
27504
27511
27517
27527
27527
27562
27569
27575
27577
27581
27588
27594
27595
27596
27615
27629
27634
27650
27686
27690
27741
27741
27742
27752
27763
27767
27806
27817
27820
27825
27829
27836
27856
27867
27882
27883
27906
27941
27943
27945
27965
28005
28010
28031
28032
28040
28046
28058
28062
28065
28066
28077
28087
28093
28100
28104
28109
28113
28113
28117
28118
28123
28134
28135
28170
28178
28184
28213
28242
28254
28267
28273
28288
28300
28303
28306
28316
28317
28326
28333
28338
28349
28383
28405
28408
28417
28425
28444
28456
28476
28477
28477
28477
28487
28492
28498
28504
28505
28508
28526
28529
28533
28559
28566
28572
28592
28594
28600
28606
28622
28627
28638
28641
28649
28653
28662
28671
28699
28727
28744
28747
28752
28768
28772
28788
28794
28811
28813
28815
28819
28821
28827
28833
28844
28848
28875
28885
28888
28900
28914
28922
28923
28932
28938
28943
28947
28969
28979
28988
29000
29007
29011
29040
29041
29062
29072
29109
29153
29159
29173
29177
29185
29187
29187
29204
29215
29222
29228
29246
29247
29248
29265
29265
29269
29298
29328
29329
29349
29381
29389
29390
29434
29439
29442
29451
29457
29474
29477
29481
29499
29535
29536
29542
29546
29554
29555
29567
29574
29585
29600
29606
29627
29627
29633
29658
29660
29667
29705
29721
29727
29738
29741
29761
29764
29778
29788
29837
29842
29853
29855
29857
29863
29873
29879
29881
29883
29887
29888
29890
29894
29900
29902
29911
29921
29923
29933
29949
29955
29961
29965
29984
29987
30018
30029
30042
30051
30055
30061
30065
30071
30072
30078
30078
30106
30113
30131
30144
30146
30150
30151
30157
30166
30167
30170
30175
30184
30202
30210
30213
30214
30225
30267
30270
30274
30285
30286
30309
30310
30311
30313
30316
30317
30319
30345
30346
30348
30353
30361
30401
30423
30427
30440
30444
30451
30467
30477
30482
30482
30494
30512
30523
30540
30549
30553
30573
30573
30594
30598
30610
30613
30622
30636
30665
30668
30676
30694
30739
30756
30791
30803
30832
30836
30844
30844
30849
30851
30864
30900
30918
30937
30940
30957
30964
30970
30971
30979
30980
30991
30997
31021
31054
31054
31068
31070
31072
31088
31090
31094
31094
31134
31139
31149
31155
31159
31177
31180
31191
31192
31202
31203
31204
31220
31239
31240
31242
31261
31262
31273
31276
31302
31305
31314
31323
31355
31377
31382
31388
31390
31416
31444
31460
31482
31486
31498
31504
31510
31523
31531
31567
31572
31573
31606
31635
31658
31659
31686
31693
31695
31701
31754
31755
31771
31775
31805
31805
31814
31817
31818
31832
31833
31834
31856
31861
31872
31884
31911
31917
31928
31936
31943
31946
31948
31956
31974
31977
31977
31978
31991
32020
32040
32051
32051
32059
32061
32064
32119
32119
32140
32172
32173
32209
32214
32227
32243
32248
32275
32280
32283
32294
32303
32321
32326
32337
32340
32361
32389
32392
32395
32407
32415
32421
32445
32464
32465
32469
32471
32484
32507
32509
32511
32519
32521
32521
32529
32529
32548
32552
32576
32592
32593
32644
32648
32667
32668
32670
32683
32702
32712
32727
32732
32743
32747
32768
32771
32794
32802
32824
32842
32867
32879
32884
32890
32910
32913
32924
32925
32941
32945
32946
32956
32960
32984
32985
32991
33010
33010
33016
33027
33034
33046
33076
33086
33093
33108
33108
33129
33133
33140
33150
33183
33186
33188
33198
33232
33234
33244
33248
33250
33252
33256
33261
33297
33322
33324
33328
33334
33369
33372
33372
33385
33445
33456
33465
33465
33485
33490
33495
33495
33534
33539
33545
33586
33589
33651
33655
33661
33665
33669
33669
33679
33712
33716
33723
33724
33725
33727
33736
33738
33745
33746
33746
33748
33757
33758
33770
33793
33801
33803
33815
33827
33852
33858
33896
33904
33918
33926
33928
33928
33940
33978
34001
34009
34033
34038
34038
34052
34060
34078
34083
34090
34105
34109
34121
34153
34160
34169
34183
34215
34218
34239
34246
34251
34266
34274
34282
34292
34318
34332
34342
34347
34349
34356
34360
34371
34382
34396
34408
34415
34419
34431
34453
34462
34463
34479
34481
34484
34485
34491
34498
34504
34518
34526
34529
34555
34579
34580
34583
34591
34597
34607
34608
34611
34633
34643
34648
34654
34660
34671
34692
34705
34714
34717
34720
34736
34738
34772
34779
34803
34806
34817
34819
34827
34829
34840
34844
34852
34853
34858
34860
34863
34865
34866
34883
34885
34893
34893
34909
34910
34928
34931
34934
34936
34937
34940
34943
34951
34963
34966
34966
34967
34973
34976
34979
34982
34983
34988
34994
35005
35011
35013
35020
35038
35045
35060
35065
35135
35135
35137
35139
35155
35157
35160
35166
35177
35196
35201
35247
35258
35282
35285
35305
35328
35329
35332
35334
35368
35374
35375
35379
35387
35415
35435
35460
35478
35502
35516
35516
35522
35522
35526
35537
35552
35567
35583
35601
35605
35619
35631
35644
35649
35654
35686
35693
35699
35719
35749
35757
35768
35772
35773
35813
35834
35863
35867
35869
35874
35882
35889
35897
35899
35911
35928
35939
35942
35965
35971
35975
35984
35987
36005
36010
36018
36036
36061
36069
36072
36080
36088
36110
36116
36116
36121
36131
36133
36144
36154
36156
36166
36172
36201
36227
36237
36244
36248
36255
36281
36287
36294
36305
36309
36333
36358
36361
36363
36367
36371
36391
36408
36412
36414
36426
36428
36444
36471
36493
36493
36494
36514
36518
36525
36529
36540
36540
36541
36546
36557
36575
36579
36612
36623
36626
36646
36652
36656
36663
36673
36675
36689
36695
36700
36738
36745
36757
36766
36772
36772
36782
36785
36793
36793
36801
36802
36826
36840
36869
36886
36890
36890
36892
36901
36918
36931
36932
36947
36950
36956
36977
36984
36988
36992
36997
37016
37027
37047
37066
37066
37077
37080
37085
37090
37101
37135
37164
37183
37193
37193
37198
37206
37217
37225
37228
37236
37240
37246
37250
37276
37318
37325
37327
37337
37362
37369
37382
37401
37408
37415
37422
37423
37449
37460
37484
37486
37488
37492
37511
37524
37532
37534
37539
37586
37593
37612
37624
37639
37683
37684
37687
37688
37705
37711
37712
37713
37719
37730
37733
37734
37754
37757
37759
37763
37766
37767
37800
37838
37868
37874
37886
37889
37924
37937
37937
37952
37984
37986
37987
37989
37992
38016
38020
38035
38042
38058
38067
38068
38072
38080
38085
38090
38128
38134
38137
38167
38201
38206
38222
38234
38252
38260
38262
38264
38306
38315
38320
38322
38324
38332
38334
38347
38351
38359
38380
38385
38408
38420
38421
38437
38447
38450
38454
38457
38485
38488
38512
38517
38529
38540
38547
38557
38581
38582
38586
38588
38596
38630
38635
38640
38641
38646
38653
38667
38696
38703
38711
38718
38727
38730
38745
38762
38766
38781
38800
38801
38801
38806
38812
38813
38821
38826
38833
38834
38838
38845
38883
38883
38892
38896
38911
38912
38915
38926
38928
38930
38932
38934
38945
38991
39004
39007
39008
39025
39031
39041
39042
39044
39047
39051
39055
39080
39082
39095
39112
39122
39137
39143
39169
39187
39199
39211
39214
39219
39223
39229
39229
39250
39284
39314
39333
39346
39354
39367
39368
39372
39383
39385
39402
39403
39423
39446
39447
39452
39459
39490
39496
39499
39504
39506
39527
39544
39544
39566
39581
39591
39593
39603
39634
39635
39648
39658
39672
39677
39680
39685
39689
39690
39696
39697
39715
39726
39731
39738
39788
39790
39792
39794
39803
39809
39831
39835
39840
39842
39844
39857
39861
39863
39863
39864
39931
39932
39958
39965
39975
39979
39989
39992
40002
40006
40008
40041
40051
40066
40074
40086
40094
40117
40130
40141
40153
40168
40174
40176
40181
40206
40210
40214
40228
40246
40255
40258
40264
40264
40269
40276
40282
40284
40294
40295
40296
40325
40338
40341
40342
40345
40345
40355
40357
40364
40370
40375
40386
40390
40391
40392
40434
40436
40444
40447
40450
40459
40495
40501
40504
40507
40509
40510
40514
40514
40537
40545
40548
40556
40559
40562
40562
40566
40571
40578
40580
40594
40602
40612
40612
40617
40624
40632
40639
40647
40654
40659
40691
40696
40696
40700
40709
40709
40718
40730
40732
40757
40774
40774
40793
40796
40806
40832
40837
40856
40863
40863
40868
40870
40879
40888
40890
40891
40909
40915
40919
40925
40932
40937
40939
40943
40953
40958
40969
41001
41008
41011
41013
41019
41028
41037
41043
41045
41054
41062
41069
41082
41086
41094
41102
41139
41142
41142
41152
41152
41163
41169
41180
41212
41217
41223
41240
41260
41265
41271
41276
41308
41312
41314
41324
41339
41355
41361
41362
41377
41395
41396
41399
41417
41419
41429
41430
41447
41452
41457
41464
41466
41486
41487
41494
41499
41504
41531
41533
41552
41556
41576
41577
41590
41591
41602
41603
41605
41607
41612
41618
41624
41629
41646
41656
41660
41667
41675
41677
41677
41685
41689
41696
41701
41704
41714
41738
41766
41779
41789
41797
41807
41812
41824
41830
41839
41849
41857
41865
41866
41901
41909
41916
41932
41962
41972
41973
41977
41979
41985
41988
41992
41999
42000
42008
42028
42030
42041
42041
42052
42056
42060
42072
42073
42074
42075
42099
42100
42113
42125
42129
42131
42133
42136
42143
42158
42209
42224
42229
42238
42248
42274
42302
42313
42324
42325
42329
42338
42341
42370
42376
42380
42407
42430
42432
42438
42451
42460
42476
42480
42483
42494
42495
42495
42518
42526
42532
42554
42561
42569
42570
42578
42578
42580
42594
42610
42620
42629
42647
42651
42659
42664
42670
42670
42673
42688
42698
42704
42710
42723
42726
42729
42730
42764
42773
42774
42775
42780
42783
42801
42813
42819
42825
42848
42874
42885
42891
42893
42905
42922
42936
42937
42943
42946
42951
42968
42972
43001
43010
43031
43040
43043
43045
43047
43067
43086
43138
43140
43142
43157
43162
43178
43181
43197
43213
43213
43215
43218
43218
43236
43259
43270
43275
43282
43296
43299
43301
43306
43319
43322
43325
43326
43337
43340
43340
43342
43358
43358
43360
43412
43414
43416
43443
43443
43488
43527
43530
43531
43550
43550
43568
43571
43573
43573
43573
43583
43608
43608
43616
43651
43680
43693
43702
43721
43733
43752
43763
43778
43785
43800
43808
43815
43823
43838
43852
43860
43867
43877
43880
43883
43887
43905
43911
43912
43915
43924
43947
43950
43951
43965
43979
43994
44025
44040
44044
44054
44068
44070
44085
44089
44100
44118
44124
44148
44150
44156
44174
44182
44182
44189
44191
44198
44209
44216
44233
44235
44254
44266
44267
44282
44294
44295
44317
44319
44332
44338
44344
44349
44365
44385
44392
44393
44395
44418
44425
44432
44458
44475
44498
44501
44510
44512
44530
44539
44543
44552
44552
44562
44568
44580
44588
44589
44594
44598
44601
44602
44625
44630
44667
44668
44681
44688
44689
44708
44718
44719
44735
44736
44738
44769
44772
44780
44785
44788
44791
44794
44816
44840
44874
44875
44900
44906
44909
44914
44923
44933
44945
44948
44948
44951
44952
44953
44976
44981
44994
44995
45023
45035
45067
45076
45096
45099
45102
45115
45121
45124
45132
45168
45172
45184
45203
45207
45220
45230
45261
45263
45266
45301
45314
45326
45344
45356
45359
45370
45387
45388
45399
45402
45416
45424
45424
45431
45442
45444
45454
45455
45457
45457
45461
45488
45491
45491
45500
45503
45516
45524
45532
45553
45556
45558
45571
45580
45581
45583
45584
45611
45615
45620
45639
45639
45641
45643
45663
45672
45672
45685
45691
45704
45716
45717
45729
45729
45734
45742
45747
45747
45761
45772
45789
45798
45799
45801
45804
45849
45859
45881
45883
45884
45893
45912
45917
45919
45929
45973
45973
45993
46000
46013
46015
46022
46061
46082
46092
46114
46132
46134
46139
46139
46141
46172
46186
46198
46208
46209
46215
46216
46228
46231
46234
46241
46262
46291
46295
46311
46326
46328
46329
46329
46331
46343
46346
46351
46365
46378
46381
46395
46396
46405
46412
46420
46425
46433
46442
46445
46457
46462
46475
46476
46479
46481
46495
46497
46529
46533
46533
46537
46537
46537
46544
46558
46565
46571
46571
46600
46601
46605
46605
46607
46611
46617
46629
46638
46638
46653
46702
46715
46717
46721
46724
46727
46737
46741
46752
46763
46772
46772
46791
46793
46802
46809
46817
46828
46853
46856
46857
46874
46884
46888
46889
46899
46900
46909
46918
46932
46937
46941
46942
46955
46956
46968
46971
47005
47006
47013
47019
47028
47040
47049
47063
47063
47083
47092
47097
47104
47109
47116
47126
47159
47181
47183
47188
47205
47208
47219
47225
47227
47229
47236
47269
47271
47294
47299
47302
47313
47341
47363
47368
47369
47369
47400
47407
47432
47472
47478
47489
47490
47493
47512
47520
47527
47538
47538
47574
47584
47589
47596
47607
47610
47642
47646
47646
47646
47649
47656
47664
47670
47689
47691
47700
47701
47704
47704
47728
47737
47754
47791
47795
47797
47816
47819
47836
47837
47842
47844
47845
47849
47849
47865
47869
47881
47884
47895
47905
47909
47911
47912
47926
47944
47946
47946
47948
47954
47956
47958
47961
47964
47964
47966
47970
47984
47988
47988
47999
48014
48017
48032
48035
48038
48049
48050
48058
48059
48068
48069
48074
48085
48092
48100
48103
48115
48119
48123
48132
48138
48140
48145
48166
48168
48171
48179
48197
48206
48213
48216
48221
48228
48248
48265
48266
48272
48278
48290
48308
48310
48326
48328
48332
48342
48374
48374
48385
48416
48423
48432
48453
48453
48480
48482
48499
48521
48541
48547
48570
48589
48594
48610
48620
48679
48691
48709
48717
48757
48776
48780
48806
48809
48818
48825
48835
48839
48859
48870
48885
48890
48899
48907
48917
48917
48945
48945
48967
48983
48983
49000
49019
49021
49054
49058
49066
49068
49069
49073
49092
49092
49095
49117
49122
49128
49131
49140
49155
49159
49165
49169
49193
49214
49227
49241
49244
49247
49253
49275
49281
49282
49290
49293
49293
49306
49314
49315
49315
49323
49328
49340
49352
49385
49387
49388
49393
49394
49395
49395
49397
49401
49406
49410
49413
49422
49430
49431
49431
49453
49468
49475
49478
49481
49486
49509
49518
49524
49530
49547
49558
49561
49583
49590
49596
49645
49679
49698
49712
49721
49728
49743
49747
49753
49758
49771
49778
49801
49802
49809
49813
49828
49830
49833
49840
49841
49842
49850
49853
49868
49877
49888
49907
49917
49919
49923
49933
49946
49951
49951
49966
49971
49973
49977
49981
49987
49992
50020
50022
50028
50031
50051
50053
50076
50088
50090
50113
50122
50126
50129
50129
50207
50209
50239
50248
50250
50255
50259
50261
50272
50295
50303
50309
50318
50348
50355
50361
50364
50383
50386
50389
50398
50405
50413
50418
50446
50457
50459
50460
50472
50483
50485
50487
50547
50554
50561
50565
50569
50573
50585
50605
50618
50629
50633
50635
50649
50650
50653
50664
50669
50678
50705
50725
50733
50739
50746
50774
50797
50805
50810
50811
50811
50844
50849
50854
50858
50862
50872
50889
50898
50899
50901
50901
50919
50924
50939
50971
50983
51013
51039
51045
51049
51049
51053
51063
51063
51069
51071
51077
51102
51104
51116
51124
51140
51149
51149
51150
51154
51156
51183
51212
51219
51219
51260
51280
51296
51307
51311
51321
51323
51326
51332
51352
51381
51381
51387
51395
51407
51407
51418
51424
51437
51438
51464
51468
51491
51504
51531
51542
51549
51551
51555
51561
51572
51574
51581
51605
51608
51622
51629
51631
51693
51697
51700
51719
51724
51728
51735
51745
51759
51767
51778
51811
51827
51845
51857
51868
51882
51886
51888
51890
51903
51910
51914
51922
51925
51933
51944
51952
51959
51974
51975
51979
51993
52000
52012
52022
52025
52027
52041
52050
52055
52064
52094
52100
52113
52123
52124
52130
52161
52171
52176
52182
52187
52217
52220
52228
52229
52247
52265
52275
52296
52321
52325
52327
52336
52340
52366
52375
52379
52389
52393
52419
52424
52427
52430
52440
52451
52460
52473
52488
52507
52519
52524
52529
52530
52542
52557
52560
52562
52576
52587
52614
52628
52651
52666
52678
52692
52694
52719
52731
52738
52739
52748
52757
52758
52788
52790
52796
52805
52807
52809
52817
52818
52819
52827
52834
52850
52898
52898
52899
52917
52948
53026
53056
53061
53066
53084
53086
53089
53128
53134
53137
53162
53168
53188
53203
53209
53222
53227
53229
53233
53236
53237
53254
53254
53279
53283
53295
53342
53356
53374
53382
53394
53401
53415
53420
53420
53447
53450
53456
53465
53469
53474
53476
53479
53484
53495
53495
53496
53503
53509
53525
53536
53537
53538
53568
53576
53577
53589
53606
53607
53611
53611
53615
53624
53633
53644
53654
53655
53663
53670
53673
53684
53691
53701
53712
53741
53743
53743
53755
53764
53766
53773
53779
53788
53789
53792
53799
53808
53830
53845
53860
53868
53875
53924
53949
53966
53968
53984
53993
54005
54006
54007
54011
54021
54025
54051
54062
54065
54089
54099
54099
54109
54126
54132
54132
54142
54152
54156
54175
54191
54192
54193
54200
54207
54208
54208
54208
54211
54226
54239
54271
54290
54320
54345
54350
54353
54354
54375
54376
54389
54397
54399
54409
54411
54424
54430
54436
54445
54462
54465
54467
54480
54495
54520
54523
54526
54553
54575
54575
54587
54587
54598
54609
54615
54633
54649
54660
54669
54669
54673
54685
54692
54700
54713
54727
54747
54747
54758
54761
54770
54772
54782
54785
54786
54794
54802
54812
54816
54829
54831
54836
54847
54850
54850
54851
54855
54874
54878
54892
54896
54905
54932
54934
54939
54951
54951
55003
55005
55005
55022
55075
55151
55156
55191
55200
55200
55211
55221
55221
55238
55278
55279
55289
55291
55298
55333
55347
55350
55370
55376
55405
55410
55415
55422
55494
55507
55515
55530
55550
55571
55576
55577
55579
55601
55614
55623
55627
55632
55637
55653
55655
55657
55663
55664
55666
55681
55691
55694
55694
55702
55705
55726
55731
55739
55750
55758
55762
55766
55782
55784
55798
55799
55817
55830
55868
55871
55882
55892
55895
55918
55920
55932
55947
55951
55959
55970
55980
55990
56002
56015
56037
56088
56096
56099
56110
56115
56137
56162
56166
56170
56174
56207
56213
56225
56227
56241
56251
56266
56271
56283
56308
56326
56332
56337
56357
56360
56378
56382
56382
56389
56415
56422
56428
56440
56443
56447
56456
56466
56480
56482
56491
56496
56506
56511
56514
56521
56536
56538
56554
56556
56570
56584
56589
56593
56603
56605
56611
56621
56624
56645
56656
56661
56664
56687
56713
56719
56721
56728
56734
56738
56744
56745
56764
56802
56808
56820
56838
56848
56862
56894
56896
56897
56919
56922
56924
56928
56939
56940
56947
56966
56977
56979
56985
56995
56999
57005
57021
57030
57041
57044
57046
57060
57073
57075
57078
57079
57084
57087
57091
57100
57103
57125
57131
57143
57159
57173
57173
57176
57179
57182
57184
57185
57191
57192
57207
57217
57231
57233
57234
57235
57240
57246
57256
57268
57268
57273
57349
57350
57354
57364
57376
57386
57396
57404
57407
57420
57439
57447
57448
57453
57456
57490
57493
57494
57508
57512
57512
57517
57520
57523
57527
57556
57567
57568
57582
57590
57619
57625
57640
57641
57681
57683
57685
57688
57717
57723
57730
57742
57757
57764
57803
57812
57813
57815
57818
57835
57840
57849
57850
57851
57851
57860
57866
57868
57872
57882
57902
57902
57902
57907
57909
57917
57926
57938
57939
57940
57946
57968
57970
57974
57976
57983
57990
57993
57993
58002
58092
58099
58101
58110
58117
58160
58173
58175
58176
58178
58214
58219
58238
58249
58253
58258
58273
58277
58278
58306
58312
58321
58344
58350
58351
58372
58383
58386
58388
58396
58399
58409
58415
58426
58429
58440
58446
58454
58454
58457
58496
58514
58516
58520
58524
58527
58557
58559
58571
58572
58598
58615
58619
58654
58657
58665
58674
58682
58686
58697
58723
58745
58749
58754
58758
58770
58791
58798
58800
58806
58814
58815
58827
58828
58846
58846
58850
58875
58882
58886
58900
58901
58907
58914
58918
58921
58923
58925
58938
58940
58944
58957
58982
58990
58991
58995
58998
59012
59018
59052
59059
59073
59075
59080
59081
59091
59092
59096
59099
59101
59107
59122
59147
59160
59161
59171
59174
59217
59221
59229
59239
59246
59256
59259
59263
59269
59276
59280
59280
59282
59288
59295
59299
59317
59334
59342
59345
59346
59354
59387
59397
59397
59401
59419
59433
59434
59455
59481
59487
59488
59509
59526
59540
59566
59571
59579
59584
59592
59594
59609
59627
59628
59647
59650
59659
59659
59670
59694
59714
59720
59724
59742
59755
59757
59785
59800
59843
59859
59861
59862
59863
59882
59893
59923
59932
59935
59963
59969
59990
59992
60005
60010
60025
60047
60061
60067
60104
60111
60124
60130
60134
60138
60144
60146
60147
60147
60151
60155
60170
60175
60175
60183
60194
60196
60201
60224
60224
60229
60242
60272
60285
60286
60297
60308
60326
60340
60343
60343
60348
60370
60370
60388
60430
60441
60447
60453
60481
60495
60496
60496
60505
60530
60531
60549
60560
60570
60582
60586
60591
60603
60606
60611
60612
60614
60621
60635
60668
60682
60686
60688
60704
60705
60722
60724
60731
60735
60788
60799
60805
60809
60811
60818
60822
60837
60843
60844
60846
60869
60874
60888
60889
60913
60915
60917
60918
60953
60958
60964
60967
60990
60991
61000
61044
61049
61054
61055
61074
61097
61101
61104
61142
61166
61167
61174
61222
61230
61238
61239
61242
61259
61260
61268
61273
61275
61280
61285
61286
61289
61289
61302
61305
61307
61331
61334
61342
61344
61352
61357
61364
61389
61391
61392
61398
61404
61411
61421
61426
61426
61431
61434
61447
61455
61471
61472
61494
61499
61503
61506
61508
61522
61523
61524
61572
61575
61581
61587
61596
61607
61621
61622
61625
61633
61652
61664
61692
61713
61719
61724
61735
61764
61778
61784
61793
61798
61804
61804
61835
61842
61848
61851
61853
61857
61863
61864
61868
61870
61886
61890
61903
61905
61906
61918
61920
61938
61950
61968
61970
62006
62021
62050
62072
62072
62075
62076
62083
62117
62166
62173
62187
62193
62209
62223
62231
62237
62248
62250
62257
62278
62286
62306
62319
62345
62346
62366
62378
62383
62395
62406
62411
62417
62418
62421
62435
62446
62446
62485
62545
62559
62571
62580
62581
62628
62637
62656
62669
62670
62694
62697
62703
62704
62717
62719
62719
62755
62758
62760
62769
62786
62811
62821
62849
62849
62865
62866
62881
62883
62886
62887
62890
62890
62891
62892
62895
62895
62909
62912
62917
62928
62935
62960
62963
62974
62982
62985
62986
62992
63022
63023
63029
63031
63068
63094
63104
63108
63110
63117
63117
63130
63131
63150
63157
63157
63158
63162
63173
63188
63191
63196
63197
63226
63241
63251
63260
63291
63294
63300
63313
63315
63328
63345
63354
63368
63368
63369
63371
63380
63396
63398
63405
63407
63434
63446
63455
63459
63473
63481
63516
63531
63543
63548
63560
63568
63579
63593
63602
63606
63618
63621
63624
63648
63655
63659
63672
63673
63675
63679
63689
63690
63695
63713
63743
63748
63756
63760
63766
63778
63784
63787
63809
63813
63816
63816
63820
63825
63853
63860
63863
63863
63870
63876
63909
63911
63915
63915
63916
63917
63930
63938
63971
63977
63980
63990
63997
64000
64001
64005
64060
64077
64102
64105
64110
64112
64120
64121
64122
64126
64130
64153
64183
64185
64193
64195
64202
64207
64220
64229
64233
64235
64244
64292
64296
64299
64311
64312
64315
64321
64324
64335
64337
64349
64358
64360
64364
64405
64408
64410
64419
64420
64437
64439
64447
64473
64477
64479
64487
64489
64495
64496
64501
64514
64517
64517
64520
64545
64550
64562
64565
64566
64576
64610
64615
64626
64635
64638
64640
64647
64648
64657
64659
64666
64670
64688
64696
64697
64699
64705
64725
64730
64738
64747
64750
64750
64764
64768
64775
64783
64787
64790
64810
64813
64820
64822
64826
64862
64878
64880
64882
64888
64888
64892
64896
64901
64903
64906
64909
64925
64978
64979
64980
64995
65033
65051
65055
65056
65065
65074
65076
65078
65092
65093
65109
65140
65155
65156
65161
65165
65173
65197
65197
65211
65218
65219
65224
65225
65226
65232
65257
65259
65271
65291
65312
65315
65325
65336
65338
65341
65362
65372
65375
65387
65419
65421
65424
65433
65449
65472
65472
65477
65480
65482
65485
65485
65486
65489
65501
65519
65524
65543
65556
65558
65571
65586
65590
65609
65611
65615
65617
65623
65627
65633
65641
65643
65650
65664
65685
65702
65706
65713
65722
65762
65765
65813
65817
65837
65844
65851
65861
65862
65862
65868
65870
65874
65876
65876
65877
65881
65898
65900
65907
65908
65908
65909
65910
65917
65924
65936
65938
65961
65973
65991
65997
65998
66001
66012
66022
66026
66026
66026
66029
66030
66039
66050
66056
66066
66080
66085
66092
66093
66104
66105
66112
66119
66125
66138
66147
66151
66151
66161
66168
66193
66195
66207
66212
66215
66241
66248
66285
66299
66307
66323
66342
66344
66345
66352
66367
66380
66410
66413
66422
66432
66448
66473
66480
66482
66483
66486
66496
66517
66523
66526
66534
66542
66568
66581
66585
66591
66602
66619
66620
66663
66664
66678
66681
66688
66702
66716
66721
66722
66729
66742
66747
66755
66760
66772
66801
66813
66814
66837
66843
66854
66869
66884
66891
66906
66919
66922
66927
66932
66935
66950
66953
66960
66962
66965
66974
67023
67053
67072
67073
67083
67085
67088
67098
67103
67118
67122
67127
67139
67142
67185
67191
67200
67212
67212
67241
67247
67275
67329
67331
67334
67335
67343
67359
67362
67379
67381
67382
67385
67405
67408
67412
67417
67421
67437
67444
67459
67467
67469
67493
67495
67501
67503
67507
67537
67556
67559
67572
67574
67577
67600
67605
67607
67615
67631
67639
67650
67659
67659
67665
67676
67687
67689
67690
67690
67696
67703
67708
67710
67734
67734
67749
67751
67770
67782
67783
67792
67797
67801
67816
67817
67820
67837
67861
67862
67877
67881
67882
67913
67950
67950
67951
67954
67960
67974
68002
68007
68023
68026
68038
68046
68062
68069
68089
68098
68099
68105
68109
68128
68130
68140
68145
68160
68164
68164
68165
68168
68197
68215
68224
68234
68241
68287
68290
68293
68298
68312
68322
68335
68338
68344
68348
68352
68362
68366
68378
68379
68390
68426
68456
68466
68475
68486
68490
68494
68502
68505
68517
68545
68551
68552
68567
68567
68578
68584
68584
68622
68630
68630
68638
68645
68663
68664
68697
68700
68717
68717
68728
68736
68746
68756
68772
68776
68791
68800
68810
68815
68838
68840
68840
68858
68890
68910
68916
68923
68929
68933
68937
68952
68979
68983
68995
69011
69016
69038
69048
69063
69080
69083
69090
69125
69128
69129
69145
69172
69175
69184
69184
69216
69224
69236
69243
69251
69280
69285
69286
69301
69308
69313
69322
69322
69338
69354
69365
69367
69383
69392
69406
69407
69413
69414
69421
69422
69441
69461
69465
69477
69482
69483
69483
69489
69497
69514
69540
69543
69553
69560
69575
69587
69590
69627
69629
69659
69677
69685
69704
69710
69714
69714
69731
69738
69748
69768
69769
69773
69782
69792
69799
69813
69843
69848
69862
69876
69895
69897
69905
69907
69910
69931
69932
69957
69963
69970
69973
69976
69985
69987
69997
70001
70013
70014
70033
70045
70049
70058
70065
70090
70125
70129
70134
70150
70150
70179
70183
70188
70219
70222
70232
70238
70240
70245
70284
70286
70297
70298
70303
70305
70307
70316
70319
70324
70326
70349
70374
70379
70414
70415
70448
70461
70465
70480
70487
70488
70495
70497
70508
70511
70511
70514
70520
70545
70556
70558
70564
70576
70579
70617
70617
70618
70639
70641
70672
70678
70682
70685
70687
70698
70700
70704
70712
70716
70749
70760
70761
70775
70828
70832
70833
70836
70857
70865
70871
70873
70879
70900
70933
70943
70944
70972
70974
70983
71006
71015
71015
71017
71030
71054
71061
71062
71063
71067
71070
71084
71089
71090
71110
71121
71165
71166
71188
71199
71200
71204
71211
71234
71239
71291
71296
71316
71331
71332
71333
71346
71354
71355
71373
71375
71376
71393
71393
71397
71398
71417
71422
71439
71450
71450
71458
71465
71475
71479
71483
71489
71491
71514
71527
71563
71586
71589
71594
71599
71606
71609
71615
71620
71663
71671
71674
71683
71684
71692
71707
71747
71748
71756
71765
71767
71774
71782
71792
71816
71826
71847
71858
71861
71861
71870
71876
71886
71886
71892
71892
71893
71941
71960
71971
71984
71999
72011
72015
72044
72058
72058
72062
72072
72079
72087
72094
72108
72113
72136
72136
72143
72193
72202
72225
72244
72289
72297
72310
72334
72372
72373
72378
72384
72402
72409
72431
72445
72457
72460
72470
72476
72478
72484
72493
72500
72500
72500
72507
72514
72521
72523
72533
72538
72560
72572
72578
72579
72584
72609
72627
72627
72629
72636
72637
72640
72694
72725
72736
72741
72742
72750
72753
72758
72763
72791
72796
72807
72815
72816
72823
72828
72837
72851
72854
72893
72900
72911
72925
72939
72941
72960
72960
72970
72972
72975
72985
72985
72985
73005
73009
73025
73026
73031
73033
73034
73036
73040
73048
73049
73073
73083
73087
73101
73103
73104
73113
73118
73124
73124
73162
73163
73169
73180
73200
73204
73204
73204
73207
73248
73268
73273
73277
73278
73292
73295
73306
73321
73343
73355
73359
73371
73376
73377
73382
73385
73389
73391
73430
73435
73440
73440
73441
73459
73460
73464
73468
73470
73471
73481
73494
73498
73498
73509
73513
73522
73524
73529
73549
73559
73568
73579
73592
73603
73609
73641
73655
73661
73664
73699
73707
73708
73734
73741
73741
73749
73768
73774
73777
73794
73797
73806
73815
73825
73839
73852
73896
73904
73931
73931
73940
73944
73965
73977
73987
73988
73990
74008
74013
74022
74029
74047
74060
74075
74084
74098
74130
74139
74141
74159
74179
74222
74231
74250
74255
74256
74284
74324
74338
74340
74347
74366
74373
74388
74395
74401
74404
74405
74408
74416
74419
74436
74460
74464
74495
74509
74512
74513
74514
74516
74523
74533
74541
74548
74563
74563
74582
74582
74603
74629
74637
74637
74669
74670
74679
74683
74687
74695
74699
74702
74705
74707
74714
74718
74743
74757
74761
74765
74784
74788
74794
74795
74815
74821
74822
74824
74831
74856
74856
74872
74879
74885
74885
74886
74900
74933
74960
74976
74980
74994
75006
75024
75040
75045
75048
75062
75075
75078
75096
75123
75143
75147
75170
75170
75176
75178
75181
75196
75207
75213
75228
75230
75231
75238
75243
75260
75265
75271
75285
75294
75297
75327
75362
75373
75383
75406
75414
75418
75423
75426
75440
75448
75450
75454
75485
75498
75499
75532
75536
75537
75544
75555
75559
75568
75583
75605
75606
75611
75621
75621
75627
75631
75645
75648
75665
75666
75670
75700
75741
75749
75774
75775
75776
75786
75816
75822
75847
75880
75894
75906
75913
75914
75916
75919
75925
75932
75934
75971
75982
75996
76003
76021
76045
76065
76073
76076
76077
76091
76100
76109
76109
76114
76117
76132
76135
76145
76149
76155
76164
76165
76170
76173
76177
76188
76193
76207
76209
76217
76218
76219
76231
76256
76259
76266
76277
76287
76310
76313
76316
76323
76367
76370
76380
76381
76390
76399
76409
76421
76455
76456
76465
76471
76473
76496
76528
76560
76565
76569
76572
76575
76575
76578
76580
76586
76599
76603
76615
76632
76649
76659
76662
76682
76683
76694
76697
76701
76734
76739
76739
76741
76760
76774
76775
76779
76791
76792
76801
76803
76815
76820
76846
76853
76860
76873
76874
76876
76883
76889
76891
76895
76900
76908
76923
76926
76979
77001
77023
77058
77077
77091
77116
77150
77196
77208
77212
77243
77244
77255
77258
77273
77278
77296
77297
77307
77312
77332
77336
77351
77351
77358
77362
77375
77385
77389
77395
77396
77408
77410
77411
77422
77424
77425
77426
77431
77433
77439
77445
77451
77468
77493
77500
77508
77531
77535
77550
77551
77557
77564
77569
77574
77575
77582
77600
77634
77643
77661
77661
77667
77672
77694
77734
77741
77742
77747
77749
77753
77758
77772
77774
77779
77781
77792
77803
77817
77817
77827
77831
77841
77851
77857
77857
77864
77872
77877
77880
77881
77882
77889
77890
77892
77897
77904
77924
77928
77933
77940
77949
77954
77958
77968
77979
78006
78053
78068
78076
78076
78089
78090
78090
78096
78097
78099
78113
78130
78178
78190
78199
78211
78213
78213
78237
78243
78257
78277
78280
78297
78318
78329
78351
78356
78357
78358
78379
78379
78404
78414
78416
78422
78424
78430
78432
78434
78451
78467
78487
78490
78506
78506
78527
78533
78538
78565
78581
78590
78612
78619
78620
78629
78638
78656
78665
78672
78674
78675
78680
78714
78732
78754
78757
78797
78797
78799
78828
78841
78848
78863
78868
78881
78890
78891
78896
78902
78912
78931
78933
78964
78968
78980
78980
79013
79029
79055
79101
79108
79116
79117
79139
79143
79146
79151
79152
79194
79271
79284
79289
79299
79302
79306
79310
79312
79315
79324
79331
79339
79377
79400
79405
79407
79431
79439
79450
79504
79509
79513
79531
79566
79571
79610
79612
79612
79614
79624
79626
79629
79634
79637
79643
79654
79698
79711
79717
79723
79735
79774
79779
79792
79812
79821
79830
79831
79832
79848
79854
79863
79870
79886
79892
79903
79912
79915
79936
79952
79955
79970
79976
79976
79988
79992
79995
80007
80009
80021
80044
80051
80060
80061
80066
80067
80069
80077
80078
80083
80089
80138
80139
80144
80187
80207
80209
80212
80241
80273
80273
80282
80286
80287
80310
80313
80331
80337
80358
80364
80388
80389
80395
80400
80400
80410
80411
80419
80438
80439
80442
80459
80461
80474
80480
80482
80489
80506
80510
80514
80521
80521
80533
80545
80550
80562
80566
80576
80611
80618
80633
80653
80653
80660
80717
80732
80733
80745
80749
80750
80754
80756
80766
80779
80798
80799
80801
80803
80804
80821
80848
80851
80853
80856
80858
80860
80865
80879
80884
80892
80923
80924
80957
80959
80994
80998
81015
81032
81049
81055
81076
81090
81104
81125
81140
81141
81142
81148
81150
81163
81166
81171
81177
81185
81212
81221
81225
81230
81245
81251
81252
81266
81279
81289
81306
81317
81373
81376
81387
81392
81394
81396
81398
81401
81401
81407
81416
81420
81423
81435
81457
81468
81486
81501
81514
81525
81554
81559
81578
81588
81588
81592
81593
81595
81615
81638
81648
81671
81680
81684
81695
81700
81701
81714
81722
81726
81733
81739
81764
81764
81783
81793
81794
81817
81830
81870
81874
81878
81889
81913
81927
81936
81943
81958
81989
81991
82005
82010
82017
82018
82021
82030
82043
82056
82058
82102
82107
82114
82132
82138
82140
82147
82150
82156
82161
82162
82165
82184
82194
82198
82200
82208
82220
82229
82233
82260
82260
82264
82265
82292
82297
82309
82318
82319
82344
82351
82355
82361
82368
82371
82373
82413
82413
82420
82420
82423
82429
82431
82469
82471
82474
82478
82489
82503
82505
82518
82521
82524
82549
82559
82597
82606
82614
82614
82628
82637
82640
82650
82654
82666
82667
82688
82701
82707
82716
82733
82736
82779
82781
82805
82815
82824
82836
82838
82869
82877
82885
82897
82903
82908
82928
82951
82959
82959
82962
82979
82981
82983
82995
82997
82998
83006
83013
83024
83035
83041
83062
83066
83071
83102
83125
83129
83134
83153
83153
83159
83165
83165
83165
83179
83182
83211
83227
83234
83237
83242
83255
83255
83257
83260
83263
83263
83282
83298
83309
83311
83313
83315
83325
83330
83362
83375
83384
83455
83456
83478
83486
83511
83512
83516
83534
83545
83561
83568
83577
83578
83583
83601
83605
83613
83616
83625
83640
83652
83654
83662
83708
83723
83725
83741
83742
83770
83776
83788
83788
83792
83834
83845
83858
83863
83884
83884
83886
83887
83892
83902
83904
83908
83927
83936
83936
83936
83937
83939
83953
83959
83961
83965
83975
83986
83987
83990
83991
83993
83994
83998
84003
84017
84037
84038
84049
84052
84065
84068
84097
84107
84114
84115
84124
84128
84138
84152
84160
84173
84182
84190
84197
84204
84213
84223
84232
84247
84248
84276
84280
84299
84305
84310
84323
84338
84342
84364
84384
84396
84404
84417
84420
84424
84425
84425
84431
84437
84439
84451
84457
84457
84471
84491
84500
84515
84542
84554
84575
84599
84611
84614
84615
84621
84660
84712
84726
84741
84757
84774
84780
84785
84788
84805
84823
84848
84854
84859
84877
84899
84900
84916
84920
84928
84939
84982
85009
85047
85048
85059
85072
85076
85097
85100
85106
85113
85132
85147
85162
85170
85171
85180
85198
85215
85233
85235
85237
85251
85292
85307
85310
85316
85324
85331
85334
85334
85334
85336
85343
85343
85350
85382
85389
85390
85405
85409
85421
85434
85436
85452
85472
85490
85503
85522
85525
85530
85531
85536
85542
85551
85554
85560
85569
85590
85615
85620
85629
85652
85653
85667
85668
85684
85692
85730
85737
85744
85744
85755
85766
85770
85777
85781
85787
85794
85794
85819
85828
85831
85832
85854
85862
85866
85880
85889
85903
85909
85955
85957
85964
85967
85973
85977
85981
85983
85987
85997
86014
86023
86042
86043
86070
86114
86138
86143
86148
86174
86175
86178
86182
86183
86204
86213
86219
86220
86238
86239
86241
86254
86269
86291
86294
86301
86317
86332
86348
86359
86361
86374
86403
86408
86413
86425
86427
86435
86454
86457
86460
86487
86502
86504
86533
86540
86554
86562
86564
86573
86597
86600
86600
86616
86616
86643
86650
86659
86661
86674
86686
86707
86712
86715
86715
86715
86721
86728
86744
86758
86764
86765
86783
86784
86793
86794
86801
86810
86814
86815
86818
86856
86859
86863
86902
86933
86938
86940
86965
86980
86988
87015
87019
87029
87032
87059
87064
87083
87084
87087
87091
87096
87099
87101
87103
87104
87123
87131
87159
87161
87190
87197
87201
87220
87224
87234
87238
87247
87251
87253
87254
87254
87255
87264
87268
87279
87292
87299
87311
87318
87326
87367
87367
87388
87388
87392
87393
87417
87418
87434
87447
87447
87465
87475
87476
87478
87482
87492
87502
87508
87513
87516
87518
87518
87520
87522
87527
87539
87546
87560
87562
87568
87585
87594
87626
87629
87633
87639
87679
87685
87694
87695
87697
87709
87710
87711
87720
87743
87760
87766
87800
87804
87820
87833
87834
87847
87847
87857
87862
87864
87876
87878
87879
87882
87883
87887
87889
87892
87902
87929
87931
87931
87936
87944
87950
87952
87957
87970
88013
88016
88035
88056
88083
88095
88097
88107
88112
88125
88133
88133
88135
88136
88166
88174
88199
88227
88244
88255
88256
88264
88274
88277
88285
88288
88291
88293
88293
88296
88298
88305
88307
88319
88336
88344
88345
88350
88355
88361
88371
88392
88407
88421
88434
88436
88457
88460
88473
88477
88499
88502
88510
88518
88555
88555
88559
88561
88570
88591
88593
88615
88626
88627
88637
88642
88643
88657
88666
88678
88688
88700
88702
88719
88726
88727
88738
88745
88750
88757
88763
88765
88766
88769
88775
88777
88792
88801
88829
88832
88840
88843
88854
88855
88870
88874
88877
88883
88897
88899
88911
88914
88915
88926
88937
88943
88963
88964
88971
89001
89005
89030
89043
89046
89054
89075
89076
89082
89090
89091
89095
89120
89123
89129
89133
89137
89170
89180
89193
89233
89234
89247
89274
89282
89297
89298
89303
89305
89322
89336
89350
89354
89370
89435
89436
89437
89447
89450
89460
89477
89487
89523
89524
89533
89538
89553
89560
89564
89573
89603
89623
89667
89668
89670
89683
89684
89685
89687
89689
89691
89694
89695
89702
89705
89706
89707
89716
89717
89723
89730
89733
89738
89742
89775
89781
89794
89796
89814
89823
89840
89850
89851
89866
89867
89888
89897
89906
89906
89926
89932
89936
89937
89958
89959
89985
90001
90014
90030
90043
90057
90073
90090
90091
90108
90110
90113
90115
90117
90123
90129
90146
90147
90160
90162
90180
90188
90196
90198
90204
90205
90215
90218
90233
90251
90257
90268
90271
90286
90297
90305
90306
90317
90329
90344
90346
90360
90392
90413
90415
90417
90419
90432
90436
90462
90463
90474
90487
90490
90493
90503
90515
90547
90550
90555
90571
90586
90587
90597
90607
90608
90610
90610
90614
90621
90631
90649
90651
90680
90692
90707
90716
90737
90745
90773
90793
90795
90800
90803
90814
90841
90848
90851
90852
90857
90878
90886
90887
90897
90897
90953
90956
90985
90997
91011
91011
91032
91068
91071
91087
91097
91100
91101
91121
91121
91124
91129
91150
91168
91177
91178
91179
91186
91209
91230
91258
91262
91266
91267
91269
91272
91274
91278
91280
91286
91295
91313
91314
91321
91321
91341
91342
91344
91347
91361
91379
91384
91396
91409
91421
91437
91449
91450
91488
91504
91506
91521
91528
91535
91544
91567
91572
91572
91574
91595
91610
91611
91618
91624
91629
91635
91636
91641
91645
91653
91675
91695
91736
91763
91773
91779
91796
91838
91839
91847
91853
91854
91855
91876
91887
91900
91908
91911
91912
91917
91919
91942
91956
91956
91969
91972
91975
91978
91979
91979
91980
91985
91987
91990
92006
92008
92019
92061
92063
92106
92111
92120
92128
92136
92145
92149
92154
92155
92163
92164
92166
92167
92193
92199
92200
92209
92223
92227
92282
92317
92324
92330
92347
92357
92361
92392
92405
92416
92418
92439
92446
92452
92490
92504
92505
92514
92514
92517
92519
92519
92520
92522
92524
92536
92540
92546
92557
92582
92598
92614
92615
92632
92656
92657
92672
92677
92690
92690
92704
92708
92714
92730
92732
92733
92740
92748
92768
92777
92777
92778
92782
92801
92803
92842
92844
92855
92858
92859
92860
92875
92880
92894
92915
92917
92937
92938
92946
92969
92970
92981
92983
92995
92997
93012
93015
93017
93034
93035
93038
93042
93046
93057
93059
93072
93081
93127
93129
93136
93140
93141
93148
93160
93166
93166
93182
93193
93200
93213
93222
93252
93253
93254
93256
93264
93277
93284
93289
93296
93302
93312
93346
93368
93389
93389
93406
93441
93478
93479
93482
93488
93496
93509
93510
93518
93520
93534
93535
93549
93555
93569
93615
93634
93637
93653
93671
93672
93675
93686
93689
93711
93713
93714
93723
93727
93731
93739
93759
93764
93788
93808
93812
93812
93816
93832
93842
93861
93867
93870
93886
93902
93914
93924
93940
93940
93943
93947
93952
93975
93984
94039
94045
94057
94082
94091
94097
94103
94111
94118
94136
94153
94161
94163
94168
94174
94175
94205
94216
94235
94243
94246
94271
94278
94289
94303
94314
94361
94380
94392
94396
94408
94418
94421
94423
94432
94435
94450
94455
94467
94468
94476
94488
94499
94500
94513
94516
94528
94543
94556
94556
94558
94565
94578
94592
94604
94607
94616
94637
94640
94656
94656
94662
94673
94676
94703
94706
94735
94745
94752
94757
94762
94764
94768
94770
94794
94796
94804
94829
94833
94854
94862
94876
94891
94894
94909
94923
94927
94941
94962
94980
95002
95003
95047
95058
95060
95062
95076
95090
95100
95100
95116
95130
95139
95147
95154
95165
95166
95175
95183
95198
95207
95209
95270
95271
95275
95278
95285
95295
95311
95322
95324
95340
95357
95357
95362
95367
95370
95372
95373
95373
95380
95393
95394
95394
95398
95410
95418
95425
95427
95429
95436
95437
95443
95464
95465
95485
95506
95516
95554
95579
95596
95600
95612
95622
95625
95626
95632
95633
95636
95641
95669
95694
95697
95710
95716
95717
95722
95722
95727
95728
95742
95772
95788
95793
95798
95800
95827
95827
95828
95832
95842
95843
95848
95853
95857
95860
95860
95861
95885
95895
95912
95914
95916
95920
95923
95940
95960
95962
95983
95991
96017
96019
96041
96059
96080
96094
96101
96102
96109
96121
96129
96140
96144
96151
96151
96153
96173
96174
96201
96203
96208
96232
96243
96267
96268
96279
96282
96293
96300
96302
96303
96309
96311
96317
96337
96368
96372
96374
96389
96406
96428
96458
96474
96480
96488
96507
96513
96525
96527
96545
96549
96556
96558
96566
96569
96577
96580
96610
96616
96622
96634
96648
96658
96665
96665
96673
96697
96714
96719
96723
96729
96734
96751
96752
96762
96762
96780
96791
96822
96826
96827
96838
96862
96871
96873
96887
96900
96908
96912
96922
96930
96943
96947
96964
96977
96982
96989
96991
96999
97013
97025
97029
97056
97063
97064
97077
97091
97095
97131
97139
97145
97149
97174
97181
97182
97184
97187
97200
97204
97211
97245
97253
97254
97267
97271
97282
97284
97299
97304
97318
97321
97324
97329
97337
97364
97377
97398
97434
97436
97465
97466
97470
97487
97500
97504
97507
97516
97517
97520
97532
97542
97545
97557
97565
97569
97570
97580
97601
97603
97634
97637
97652
97659
97660
97687
97696
97706
97710
97721
97729
97738
97748
97750
97770
97788
97825
97870
97912
97919
97938
97943
97947
97959
97966
97982
97984
97996
97997
98004
98008
98036
98043
98044
98052
98058
98065
98077
98089
98098
98121
98122
98149
98154
98158
98171
98171
98202
98222
98223
98238
98238
98254
98255
98290
98290
98299
98303
98306
98310
98317
98332
98335
98336
98338
98346
98348
98357
98367
98383
98397
98401
98406
98407
98424
98435
98458
98462
98465
98476
98499
98507
98519
98527
98545
98577
98607
98607
98611
98618
98640
98646
98658
98674
98680
98684
98700
98707
98729
98731
98735
98739
98747
98762
98788
98791
98807
98814
98822
98850
98857
98859
98880
98919
98929
98946
98981
99013
99024
99029
99030
99036
99049
99070
99071
99073
99079
99079
99083
99087
99118
99121
99133
99136
99138
99138
99143
99147
99147
99153
99175
99191
99196
99214
99217
99222
99235
99239
99245
99250
99262
99263
99264
99267
99277
99285
99289
99296
99300
99327
99327
99330
99331
99332
99349
99351
99368
99376
99380
99385
99397
99420
99420
99424
99424
99427
99472
99476
99482
99486
99532
99540
99544
99561
99562
99564
99582
99610
99619
99635
99652
99666
99667
99679
99688
99691
99706
99712
99728
99733
99736
99743
99755
99769
99772
99798
99807
99817
99834
99835
99843
99856
99859
99859
99860
99883
99886
99907
99916
99934
99959
99962
99973
99975
99984
99992
