9
10
61
72
76
110
112
125
132
134
149
150
157
161
163
164
173
177
180
180
182
186
200
207
229
230
248
253
262
267
270
283
288
293
302
305
322
327
333
344
350
362
368
402
417
426
433
436
436
452
469
476
479
481
482
496
502
525
529
530
536
543
545
555
568
570
598
622
628
653
664
674
702
703
713
716
726
738
755
758
771
783
786
789
791
793
810
812
824
834
844
853
861
871
893
906
911
927
938
951
958
981
986
987
994
995
1003
1014
1020
1020
1034
1035
1036
1045
1046
1051
1055
1057
1060
1067
1072
1075
1109
1116
1118
1119
1121
1125
1133
1141
1145
1161
1172
1173
1177
1177
1180
1181
1189
1204
1204
1205
1227
1227
1257
1276
1301
1307
1310
1318
1324
1340
1345
1347
1354
1382
1398
1406
1415
1415
1426
1428
1441
1480
1509
1531
1539
1545
1551
1556
1557
1566
1575
1576
1582
1590
1591
1601
1601
1602
1619
1666
1668
1697
1718
1722
1739
1742
1747
1750
1752
1778
1792
1799
1799
1811
1815
1828
1868
1876
1933
1962
1996
2001
2006
2015
2018
2025
2041
2042
2046
2063
2073
2081
2082
2134
2145
2154
2167
2189
2196
2204
2218
2220
2234
2235
2242
2248
2257
2258
2259
2272
2302
2306
2324
2332
2369
2399
2406
2429
2455
2459
2463
2467
2474
2476
2480
2507
2526
2538
2544
2553
2555
2558
2562
2563
2566
2580
2581
2584
2585
2589
2594
2599
2604
2619
2629
2630
2642
2652
2657
2663
2679
2686
2691
2711
2715
2722
2725
2731
2736
2743
2755
2763
2770
2772
2776
2786
2787
2833
2865
2870
2894
2912
2929
2931
2934
2936
2944
2946
2955
2955
2961
2969
2971
2972
2975
2977
2983
2985
3001
3004
3017
3024
3026
3028
3042
3048
3061
3067
3069
3087
3108
3116
3140
3145
3148
3151
3172
3192
3192
3193
3194
3212
3218
3235
3236
3237
3240
3259
3281
3286
3298
3326
3328
3330
3352
3356
3356
3366
3372
3375
3388
3403
3466
3480
3495
3496
3505
3513
3539
3549
3551
3552
3575
3583
3585
3588
3592
3623
3637
3664
3665
3681
3684
3684
3691
3701
3706
3713
3717
3720
3732
3746
3769
3773
3797
3804
3807
3822
3832
3832
3832
3835
3837
3854
3888
3889
3893
3916
3924
3931
3936
3950
3965
3967
3976
3979
3984
3985
3997
4004
4020
4025
4027
4029
4035
4044
4047
4056
4060
4071
4078
4099
4099
4112
4123
4143
4144
4151
4185
4210
4214
4220
4220
4221
4238
4238
4246
4257
4259
4286
4291
4296
4300
4304
4311
4312
4327
4328
4335
4354
4360
4361
4364
4393
4394
4398
4411
4413
4444
4473
4487
4504
4520
4526
4535
4538
4538
4545
4547
4560
4563
4587
4601
4622
4624
4628
4630
4643
4659
4667
4677
4682
4684
4687
4703
4708
4711
4754
4755
4773
4781
4781
4792
4794
4798
4803
4808
4830
4837
4839
4842
4865
4875
4900
4906
4936
4937
4959
4979
4996
5018
5020
5036
5039
5060
5078
5081
5099
5099
5105
5107
5107
5122
5136
5149
5149
5153
5161
5163
5172
5175
5190
5207
5215
5225
5225
5244
5247
5269
5284
5290
5333
5341
5347
5356
5360
5368
5384
5406
5407
5409
5443
5448
5464
5485
5495
5495
5500
5507
5517
5527
5550
5552
5562
5569
5570
5573
5578
5623
5625
5633
5636
5641
5651
5656
5668
5694
5694
5701
5717
5719
5720
5731
5768
5770
5825
5840
5863
5872
5880
5885
5890
5905
5930
5933
5936
5936
5958
5964
5977
5977
5980
5981
5994
5994
5996
6017
6022
6024
6037
6042
6052
6063
6082
6084
6096
6101
6115
6126
6133
6165
6171
6189
6190
6198
6200
6203
6227
6228
6232
6233
6234
6247
6272
6277
6281
6294
6296
6298
6301
6302
6312
6313
6315
6336
6339
6340
6345
6361
6363
6369
6371
6379
6386
6387
6415
6428
6442
6444
6456
6481
6496
6519
6524
6525
6540
6547
6558
6577
6578
6593
6605
6633
6643
6663
6669
6671
6679
6701
6702
6704
6719
6738
6744
6762
6775
6789
6790
6795
6817
6817
6830
6833
6847
6857
6880
6882
6886
6917
6919
6931
6934
6944
6945
6946
6948
6948
6953
6954
6970
6973
6976
6983
6984
6992
7009
7021
7022
7032
7042
7049
7054
7060
7066
7080
7104
7117
7137
7171
7176
7180
7181
7194
7210
7215
7224
7227
7248
7266
7277
7281
7292
7303
7311
7334
7345
7366
7368
7382
7385
7396
7402
7443
7450
7452
7454
7457
7459
7487
7494
7522
7534
7534
7539
7541
7583
7596
7601
7618
7640
7648
7657
7658
7659
7661
7669
7671
7684
7700
7712
7715
7725
7730
7730
7761
7776
7787
7790
7791
7797
7800
7802
7809
7825
7829
7830
7831
7843
7850
7856
7862
7890
7891
7894
7925
7927
7946
7951
7955
7961
7975
7976
7979
7981
7984
7997
7999
8007
8021
8027
8036
8039
8039
8047
8049
8067
8077
8083
8084
8127
8127
8128
8165
8180
8223
8234
8247
8258
8262
8262
8269
8273
8283
8288
8297
8298
8311
8316
8339
8351
8386
8391
8399
8400
8404
8407
8410
8414
8421
8433
8446
8451
8456
8460
8483
8513
8520
8528
8530
8536
8556
8557
8563
8565
8570
8581
8581
8584
8607
8613
8619
8623
8626
8654
8656
8664
8668
8698
8703
8713
8718
8724
8729
8748
8752
8764
8765
8773
8778
8790
8797
8816
8817
8825
8849
8855
8868
8877
8880
8908
8915
8922
8929
8938
8948
8956
8966
8966
8975
8983
8991
9014
9017
9026
9026
9044
9047
9050
9054
9062
9075
9078
9111
9112
9114
9125
9162
9170
9174
9177
9195
9202
9204
9214
9231
9238
9252
9253
9258
9273
9277
9281
9281
9303
9305
9311
9327
9328
9335
9337
9337
9349
9353
9357
9365
9370
9395
9413
9420
9423
9439
9443
9447
9465
9469
9485
9489
9508
9512
9519
9523
9525
9529
9531
9534
9536
9572
9577
9595
9601
9611
9618
9621
9628
9649
9651
9662
9667
9668
9675
9683
9686
9690
9692
9702
9706
9712
9733
9748
9764
9765
9767
9790
9794
9798
9837
9847
9855
9880
9903
9923
9950
9968
9982
9993
9995
10041
10043
10045
10053
10065
10073
10078
10080
10101
10118
10128
10133
10148
10152
10163
10169
10170
10187
10197
10204
10208
10210
10211
10212
10236
10248
10274
10284
10285
10293
10324
10328
10342
10350
10350
10360
10382
10384
10390
10415
10424
10438
10460
10471
10500
10533
10537
10537
10549
10552
10565
10588
10597
10597
10615
10621
10646
10663
10666
10682
10709
10716
10724
10729
10730
10746
10748
10762
10771
10774
10775
10782
10785
10791
10794
10822
10825
10826
10828
10842
10848
10854
10856
10857
10859
10860
10863
10868
10871
10871
10882
10886
10895
10901
10906
10909
10911
10917
10925
10927
10929
10965
10973
10975
10977
10979
10982
11006
11007
11026
11028
11046
11058
11099
11118
11120
11137
11152
11179
11196
11211
11216
11217
11224
11253
11280
11288
11292
11296
11298
11303
11305
11339
11345
11367
11375
11401
11406
11421
11421
11424
11429
11444
11455
11489
11501
11517
11531
11534
11544
11562
11577
11579
11584
11613
11631
11669
11679
11686
11692
11697
11717
11721
11729
11734
11753
11755
11758
11759
11769
11797
11820
11822
11825
11842
11852
11861
11864
11868
11870
11888
11891
11895
11896
11899
11900
11931
11933
11938
11949
11961
11976
11983
11990
12005
12010
12012
12037
12039
12056
12061
12063
12068
12071
12074
12075
12078
12078
12084
12095
12112
12118
12121
12130
12147
12181
12217
12242
12245
12265
12297
12318
12320
12323
12333
12341
12394
12407
12410
12411
12418
12420
12423
12429
12444
12455
12492
12495
12497
12500
12503
12514
12517
12522
12535
12535
12553
12579
12589
12593
12606
12609
12623
12625
12630
12638
12651
12672
12675
12677
12679
12683
12696
12700
12713
12720
12725
12732
12735
12739
12756
12788
12789
12822
12833
12839
12858
12860
12873
12877
12888
12894
12903
12940
12945
12977
12979
12981
12983
12995
13022
13031
13035
13042
13043
13075
13082
13085
13088
13094
13101
13102
13106
13150
13155
13188
13199
13200
13210
13238
13263
13292
13301
13302
13312
13362
13374
13385
13399
13403
13429
13434
13447
13453
13466
13470
13477
13484
13503
13516
13522
13524
13560
13582
13584
13584
13585
13593
13606
13638
13685
13695
13700
13701
13704
13710
13718
13731
13734
13738
13742
13743
13750
13770
13786
13794
13795
13821
13826
13829
13834
13840
13847
13857
13868
13871
13872
13875
13896
13898
13913
13916
13922
13922
13926
13937
13942
13947
13947
13953
13956
13993
14003
14009
14014
14021
14022
14023
14027
14028
14030
14047
14050
14071
14082
14099
14112
14114
14131
14137
14144
14150
14166
14169
14197
14214
14222
14242
14262
14269
14270
14279
14302
14316
14327
14329
14331
14332
14349
14364
14378
14389
14390
14403
14418
14420
14432
14435
14443
14443
14446
14457
14459
14474
14496
14500
14502
14511
14514
14515
14525
14526
14527
14544
14544
14548
14553
14555
14569
14597
14617
14638
14658
14693
14697
14717
14719
14723
14723
14732
14746
14747
14752
14757
14763
14818
14827
14831
14834
14840
14841
14846
14869
14872
14874
14888
14893
14907
14912
14924
14939
14955
14959
14972
14988
15004
15021
15022
15036
15049
15080
15089
15107
15113
15128
15131
15148
15158
15167
15171
15184
15188
15195
15198
15207
15214
15214
15215
15217
15220
15229
15239
15256
15257
15261
15285
15290
15299
15315
15317
15320
15328
15331
15341
15376
15385
15389
15395
15464
15467
15468
15485
15486
15494
15530
15553
15563
15566
15579
15585
15596
15601
15604
15609
15614
15625
15631
15655
15672
15681
15693
15709
15717
15718
15751
15756
15772
15779
15799
15806
15810
15835
15844
15852
15858
15864
15872
15872
15873
15874
15874
15877
15879
15887
15895
15897
15898
15904
15914
15928
15938
15949
15958
15961
15964
15982
15993
16006
16009
16022
16037
16050
16089
16097
16097
16097
16098
16115
16129
16137
16138
16138
16147
16153
16161
16163
16178
16178
16187
16196
16206
16227
16227
16239
16271
16275
16298
16303
16328
16330
16331
16335
16346
16348
16352
16364
16365
16377
16407
16413
16420
16424
16464
16473
16483
16489
16489
16494
16504
16513
16515
16521
16561
16580
16585
16596
16625
16629
16634
16635
16638
16642
16656
16670
16670
16685
16695
16707
16728
16737
16756
16756
16761
16770
16771
16778
16827
16829
16834
16834
16839
16854
16866
16880
16881
16890
16891
16892
16893
16894
16908
16913
16934
16938
16954
16958
16990
16996
17012
17017
17023
17023
17026
17031
17034
17039
17041
17046
17048
17051
17056
17064
17080
17087
17092
17093
17094
17101
17115
17120
17126
17133
17136
17144
17148
17159
17160
17161
17172
17173
17175
17198
17199
17202
17205
17225
17229
17238
17251
17262
17278
17282
17286
17289
17292
17301
17306
17310
17312
17314
17320
17320
17337
17348
17351
17351
17358
17377
17392
17396
17402
17411
17425
17428
17455
17457
17460
17471
17481
17481
17504
17535
17535
17548
17555
17559
17569
17583
17603
17621
17656
17659
17661
17683
17701
17723
17723
17729
17756
17761
17765
17767
17782
17786
17792
17795
17804
17810
17833
17835
17846
17859
17864
17864
17866
17867
17874
17876
17893
17899
17906
18010
18019
18021
18051
18059
18068
18081
18107
18122
18123
18140
18146
18150
18160
18164
18168
18169
18178
18185
18208
18218
18223
18232
18233
18256
18258
18291
18292
18297
18321
18341
18355
18362
18371
18376
18382
18385
18415
18422
18426
18426
18433
18445
18447
18451
18457
18470
18474
18489
18493
18495
18495
18498
18510
18523
18527
18534
18546
18554
18557
18602
18610
18613
18616
18652
18663
18664
18673
18678
18687
18699
18708
18709
18711
18740
18740
18750
18752
18756
18765
18768
18777
18788
18818
18823
18835
18875
18883
18887
18888
18891
18921
18941
18957
18957
18970
18978
19003
19028
19041
19044
19045
19051
19066
19105
19119
19135
19138
19143
19148
19151
19164
19180
19188
19202
19204
19210
19220
19225
19240
19242
19247
19294
19301
19301
19305
19320
19323
19346
19372
19376
19398
19399
19410
19418
19439
19440
19449
19452
19458
19464
19486
19488
19514
19521
19523
19529
19532
19533
19536
19541
19546
19553
19554
19556
19570
19586
19589
19602
19616
19630
19657
19662
19665
19687
19698
19702
19710
19723
19729
19740
19744
19781
19797
19805
19810
19817
19823
19825
19870
19873
19879
19882
19889
19895
19896
19900
19912
19920
19928
19930
19939
19948
19948
19988
20002
20014
20017
20027
20027
20051
20051
20060
20065
20065
20067
20069
20069
20072
20076
20092
20096
20112
20144
20144
20164
20177
20194
20197
20199
20203
20209
20213
20226
20232
20243
20259
20260
20277
20278
20289
20295
20300
20311
20313
20319
20320
20323
20326
20359
20382
20389
20390
20395
20400
20403
20424
20453
20453
20468
20474
20486
20488
20489
20497
20506
20507
20510
20512
20518
20528
20543
20544
20557
20562
20574
20577
20579
20586
20606
20609
20613
20619
20622
20631
20643
20658
20685
20689
20690
20701
20748
20755
20764
20772
20785
20791
20800
20842
20843
20853
20854
20859
20871
20875
20875
20875
20877
20882
20894
20936
20942
20959
20968
20969
20976
20980
20988
20992
21006
21014
21019
21020
21041
21046
21054
21066
21083
21109
21126
21142
21149
21156
21156
21171
21211
21228
21249
21258
21288
21306
21310
21325
21338
21338
21346
21346
21356
21375
21391
21401
21404
21409
21415
21423
21425
21441
21443
21450
21470
21472
21473
21479
21481
21490
21494
21496
21502
21506
21510
21513
21538
21539
21539
21545
21547
21574
21587
21600
21605
21612
21619
21619
21630
21634
21642
21647
21667
21675
21690
21698
21699
21710
21715
21734
21738
21755
21771
21776
21783
21789
21793
21800
21805
21827
21871
21871
21881
21885
21886
21927
21950
21953
21998
22011
22022
22029
22067
22078
22079
22079
22080
22080
22090
22100
22113
22116
22116
22145
22155
22156
22164
22168
22205
22214
22226
22228
22236
22237
22247
22248
22256
22265
22265
22275
22303
22319
22350
22351
22357
22365
22373
22378
22379
22380
22420
22433
22462
22475
22487
22498
22499
22511
22518
22521
22525
22528
22530
22537
22539
22582
22589
22591
22600
22609
22617
22624
22633
22673
22678
22683
22685
22688
22702
22716
22731
22734
22735
22735
22743
22748
22748
22752
22759
22765
22773
22775
22781
22802
22808
22811
22812
22816
22841
22847
22850
22895
22904
22908
22910
22925
22927
22933
22934
22941
22941
22942
22953
22962
22970
22970
22985
22985
22988
22988
22998
23001
23020
23023
23023
23030
23035
23036
23051
23066
23080
23082
23083
23144
23158
23165
23181
23182
23188
23194
23217
23222
23230
23234
23259
23278
23284
23287
23300
23313
23327
23341
23362
23373
23381
23394
23397
23400
23401
23404
23413
23414
23447
23473
23477
23478
23487
23513
23516
23545
23555
23565
23566
23592
23598
23600
23611
23617
23619
23624
23627
23633
23633
23636
23655
23656
23670
23702
23720
23737
23739
23751
23752
23759
23769
23783
23827
23834
23838
23848
23854
23862
23869
23874
23874
23879
23895
23913
23926
23932
23944
23947
23977
23983
23996
24001
24023
24023
24030
24042
24051
24059
24065
24080
24087
24092
24112
24123
24149
24151
24171
24189
24190
24206
24209
24215
24226
24234
24245
24262
24284
24294
24300
24331
24333
24362
24377
24397
24428
24429
24448
24451
24465
24488
24501
24503
24519
24531
24536
24538
24539
24549
24553
24557
24570
24581
24623
24629
24643
24656
24657
24657
24670
24673
24676
24689
24719
24723
24741
24742
24742
24754
24779
24792
24795
24803
24808
24808
24810
24812
24827
24831
24846
24857
24876
24894
24904
24930
24936
24955
24970
24974
24976
24988
25014
25022
25036
25049
25063
25063
25085
25087
25090
25094
25098
25100
25117
25125
25139
25149
25150
25155
25172
25178
25182
25190
25218
25221
25230
25251
25252
25297
25304
25307
25307
25311
25319
25323
25368
25368
25380
25387
25402
25406
25416
25419
25457
25458
25476
25480
25503
25518
25528
25533
25539
25551
25577
25578
25589
25592
25595
25597
25600
25606
25611
25636
25644
25648
25673
25690
25692
25701
25711
25712
25726
25732
25740
25741
25742
25748
25762
25769
25772
25782
25819
25822
25835
25861
25862
25865
25913
25919
25919
25940
25949
25955
25958
25966
25978
25988
26007
26009
26035
26043
26046
26066
26071
26086
26095
26098
26110
26112
26143
26151
26159
26178
26188
26189
26190
26198
26199
26205
26229
26233
26247
26258
26258
26266
26269
26271
26272
26272
26274
26284
26284
26288
26288
26329
26355
26363
26369
26387
26407
26419
26420
26421
26424
26440
26451
26474
26483
26485
26486
26492
26497
26505
26511
26519
26539
26549
26568
26568
26617
26618
26624
26646
26650
26655
26662
26681
26683
26686
26690
26695
26718
26720
26720
26726
26748
26754
26755
26791
26808
26811
26815
26828
26829
26838
26840
26871
26881
26899
26935
26956
26958
26977
26980
26993
27039
27042
27050
27051
27060
27065
27076
27088
27119
27121
27134
27173
27182
27199
27210
27235
27240
27240
27251
27260
27265
27269
27270
27272
27277
27283
27292
27293
27305
27308
27311
27318
27338
27347
27356
27372
27390
27405
27414
27423
27430
27435
27453
27456
27457
27492
27511
27516
27519
27553
27554
27558
27563
27571
27582
27596
27607
27609
27627
27630
27631
27643
27654
27656
27662
27692
27704
27719
27738
27746
27758
27768
27771
27772
27773
27774
27776
27795
27800
27801
27807
27817
27819
27840
27855
27874
27891
27891
27907
27907
27917
27924
27925
27929
27932
27938
27966
27967
27988
27995
28034
28084
28088
28095
28100
28121
28133
28138
28142
28144
28180
28184
28186
28192
28209
28214
28223
28226
28227
28245
28250
28258
28309
28322
28336
28340
28352
28355
28359
28362
28369
28374
28395
28396
28396
28439
28459
28466
28471
28481
28489
28489
28498
28498
28509
28519
28528
28530
28539
28584
28585
28585
28590
28609
28618
28626
28661
28663
28666
28690
28693
28705
28707
28708
28714
28721
28723
28743
28771
28777
28783
28810
28816
28822
28830
28833
28833
28854
28884
28906
28917
28918
28925
28933
28938
28942
28947
28958
28963
28968
28978
28999
29023
29027
29034
29043
29049
29073
29075
29081
29083
29092
29093
29095
29102
29108
29114
29127
29132
29139
29143
29180
29181
29184
29184
29188
29197
29197
29198
29201
29208
29214
29226
29232
29233
29235
29237
29238
29256
29267
29277
29278
29288
29289
29291
29339
29349
29350
29370
29373
29376
29386
29397
29405
29413
29429
29436
29437
29461
29463
29464
29475
29481
29510
29513
29517
29528
29532
29538
29541
29545
29549
29553
29560
29590
29598
29602
29608
29610
29633
29645
29674
29696
29715
29731
29734
29736
29752
29766
29775
29775
29783
29798
29801
29837
29837
29840
29843
29866
29894
29903
29913
29929
29940
29944
29945
29964
29977
29984
30004
30013
30016
30024
30027
30030
30037
30037
30040
30050
30053
30072
30073
30074
30084
30102
30110
30114
30117
30135
30139
30155
30160
30177
30185
30201
30202
30217
30230
30241
30243
30259
30277
30278
30281
30281
30283
30283
30292
30292
30295
30303
30304
30311
30314
30315
30321
30345
30346
30363
30371
30373
30409
30416
30425
30442
30452
30458
30458
30460
30475
30476
30496
30510
30522
30553
30557
30558
30563
30569
30593
30596
30608
30640
30645
30651
30655
30677
30677
30718
30725
30729
30736
30737
30742
30749
30750
30768
30783
30792
30811
30831
30837
30842
30846
30870
30876
30880
30883
30885
30888
30894
30898
30927
30939
30956
30958
30969
30988
30988
31004
31011
31013
31013
31034
31039
31043
31054
31060
31064
31077
31088
31100
31102
31107
31138
31148
31149
31156
31161
31162
31169
31171
31172
31173
31177
31194
31204
31205
31209
31223
31230
31249
31252
31287
31291
31307
31312
31340
31359
31366
31375
31404
31413
31435
31442
31451
31470
31485
31486
31499
31549
31566
31585
31586
31586
31594
31624
31673
31680
31726
31744
31783
31789
31800
31808
31822
31826
31832
31833
31834
31845
31847
31852
31853
31870
31880
31887
31888
31893
31897
31906
31911
31925
31928
31931
31933
31938
31941
31947
31961
31973
31978
31988
32008
32023
32029
32037
32041
32055
32063
32066
32068
32073
32083
32085
32092
32103
32105
32111
32113
32117
32125
32160
32165
32188
32194
32194
32207
32212
32227
32239
32240
32242
32274
32288
32290
32296
32308
32312
32321
32351
32363
32364
32376
32391
32416
32419
32421
32450
32450
32456
32461
32463
32489
32499
32502
32506
32510
32520
32564
32594
32599
32606
32621
32646
32648
32661
32677
32704
32705
32708
32711
32733
32752
32765
32775
32785
32787
32791
32825
32830
32831
32840
32848
32874
32887
32911
32923
32925
32927
32943
32949
32950
32957
32957
32961
32964
32985
32986
32992
32993
33002
33013
33021
33022
33033
33033
33065
33079
33093
33098
33105
33141
33155
33170
33175
33181
33183
33190
33194
33204
33224
33224
33232
33238
33289
33304
33315
33322
33326
33327
33343
33344
33353
33358
33358
33359
33364
33375
33384
33384
33392
33399
33439
33441
33451
33453
33459
33459
33464
33467
33481
33482
33485
33492
33497
33498
33529
33572
33597
33601
33610
33612
33620
33620
33621
33626
33626
33626
33627
33629
33653
33673
33678
33701
33712
33714
33719
33731
33738
33740
33774
33821
33826
33845
33859
33868
33874
33877
33888
33896
33898
33900
33937
33946
33953
33965
33965
33992
34001
34005
34020
34063
34072
34080
34093
34099
34120
34126
34127
34132
34147
34160
34162
34174
34177
34185
34187
34195
34200
34206
34210
34213
34216
34217
34221
34228
34228
34246
34279
34313
34318
34319
34331
34357
34371
34382
34385
34387
34408
34411
34414
34423
34430
34437
34437
34459
34469
34472
34488
34491
34496
34537
34567
34568
34585
34589
34592
34600
34606
34637
34638
34639
34653
34672
34677
34681
34685
34704
34709
34722
34730
34737
34745
34755
34777
34777
34787
34789
34803
34803
34815
34833
34835
34858
34868
34883
34895
34897
34897
34901
34904
34904
34932
34956
34969
34974
35003
35015
35028
35031
35051
35051
35057
35066
35075
35097
35130
35139
35151
35174
35188
35188
35192
35230
35237
35240
35248
35257
35262
35277
35279
35310
35317
35324
35339
35344
35349
35355
35356
35373
35377
35381
35382
35408
35416
35419
35433
35449
35461
35464
35466
35479
35486
35492
35509
35534
35542
35562
35564
35571
35616
35626
35628
35635
35640
35649
35655
35665
35674
35679
35681
35693
35710
35730
35734
35735
35736
35770
35788
35794
35805
35806
35809
35818
35844
35856
35864
35869
35874
35875
35899
35902
35903
35909
35913
35927
35931
35934
35938
35940
35942
35956
35982
36027
36048
36076
36084
36086
36087
36091
36091
36107
36117
36150
36151
36161
36168
36181
36182
36185
36193
36204
36206
36219
36222
36222
36249
36252
36252
36253
36257
36260
36273
36275
36289
36341
36342
36344
36359
36373
36406
36430
36435
36440
36443
36448
36461
36462
36479
36488
36493
36498
36499
36504
36521
36522
36524
36546
36548
36549
36552
36552
36592
36604
36607
36620
36621
36633
36637
36637
36637
36637
36648
36653
36654
36666
36667
36670
36684
36693
36702
36707
36708
36718
36722
36722
36741
36765
36806
36823
36839
36841
36843
36845
36873
36882
36889
36906
36914
36917
36936
36941
36944
36948
36966
36969
36971
36971
36995
36996
36998
37004
37004
37012
37025
37042
37050
37094
37095
37097
37097
37099
37100
37103
37107
37109
37114
37132
37142
37146
37164
37173
37175
37175
37180
37194
37196
37201
37218
37219
37243
37248
37259
37261
37263
37272
37277
37282
37289
37296
37301
37313
37332
37346
37358
37362
37389
37414
37429
37431
37442
37445
37449
37458
37462
37462
37472
37475
37492
37511
37551
37552
37562
37569
37576
37578
37579
37598
37615
37627
37628
37651
37658
37660
37704
37711
37717
37723
37748
37750
37766
37790
37791
37793
37808
37827
37828
37845
37856
37870
37881
37907
37912
37930
37933
37948
37958
37973
37990
38013
38019
38036
38049
38054
38054
38066
38076
38090
38099
38108
38129
38140
38149
38163
38165
38167
38170
38172
38175
38188
38194
38229
38235
38240
38247
38247
38248
38256
38264
38306
38325
38327
38336
38352
38353
38355
38357
38373
38373
38375
38391
38398
38401
38429
38435
38435
38440
38450
38457
38459
38464
38479
38488
38494
38518
38520
38533
38534
38539
38539
38561
38581
38582
38583
38604
38613
38616
38618
38636
38639
38659
38670
38717
38723
38734
38739
38746
38770
38785
38787
38790
38812
38818
38820
38824
38828
38843
38851
38855
38856
38859
38871
38889
38900
38901
38913
38925
38941
38949
38959
38963
38964
38982
38985
39007
39014
39016
39022
39032
39034
39052
39061
39067
39080
39087
39098
39105
39116
39128
39134
39144
39153
39168
39170
39172
39177
39182
39193
39194
39209
39215
39220
39240
39260
39266
39271
39290
39296
39299
39302
39307
39320
39339
39340
39345
39347
39349
39385
39386
39402
39405
39415
39420
39424
39429
39436
39453
39479
39526
39527
39541
39541
39545
39551
39555
39564
39564
39575
39576
39579
39620
39625
39643
39653
39675
39693
39699
39702
39736
39744
39777
39783
39786
39788
39796
39800
39800
39805
39821
39826
39838
39839
39843
39856
39856
39882
39894
39934
39948
39951
39961
39963
39993
39997
40001
40002
40008
40034
40035
40035
40038
40053
40058
40068
40078
40086
40094
40098
40104
40107
40115
40124
40132
40142
40156
40171
40178
40187
40190
40201
40202
40216
40226
40226
40238
40242
40252
40255
40265
40283
40287
40292
40330
40335
40337
40343
40348
40352
40353
40358
40381
40386
40387
40393
40400
40410
40410
40426
40435
40437
40459
40471
40484
40485
40505
40521
40530
40549
40556
40595
40601
40601
40606
40606
40612
40612
40615
40621
40635
40641
40646
40658
40660
40667
40672
40673
40684
40715
40728
40728
40737
40746
40754
40757
40795
40815
40818
40820
40857
40864
40865
40878
40897
40915
40942
40967
40969
40970
40995
41002
41016
41023
41027
41044
41047
41049
41049
41068
41068
41071
41071
41079
41094
41105
41116
41122
41127
41143
41150
41152
41167
41168
41168
41175
41177
41194
41216
41221
41222
41230
41238
41252
41263
41271
41280
41287
41291
41301
41306
41308
41310
41317
41320
41322
41340
41341
41342
41353
41355
41367
41370
41375
41399
41430
41456
41456
41461
41472
41474
41491
41522
41529
41535
41551
41573
41599
41599
41604
41619
41644
41645
41651
41665
41674
41682
41682
41687
41699
41700
41717
41719
41736
41740
41741
41749
41750
41753
41759
41759
41769
41781
41785
41839
41878
41894
41897
41926
41931
41944
41949
41953
41956
41993
41995
42001
42005
42009
42021
42023
42025
42026
42034
42039
42039
42039
42045
42071
42082
42085
42101
42120
42123
42127
42134
42134
42139
42143
42144
42145
42153
42164
42166
42175
42201
42224
42231
42245
42249
42269
42277
42291
42302
42314
42322
42322
42325
42339
42341
42380
42387
42394
42396
42404
42415
42429
42458
42466
42468
42474
42477
42486
42489
42514
42526
42533
42544
42549
42553
42553
42564
42565
42568
42569
42610
42616
42625
42634
42643
42655
42657
42663
42667
42671
42677
42685
42694
42699
42705
42709
42711
42718
42719
42724
42730
42736
42740
42769
42775
42789
42803
42804
42810
42817
42822
42822
42868
42879
42880
42887
42889
42890
42892
42892
42919
42973
42988
42993
42996
42997
43005
43025
43088
43090
43104
43111
43115
43132
43140
43173
43175
43213
43216
43218
43225
43240
43250
43252
43259
43261
43275
43277
43284
43317
43341
43352
43380
43382
43387
43411
43412
43417
43418
43428
43434
43444
43448
43450
43457
43458
43458
43463
43474
43475
43477
43484
43491
43496
43499
43501
43512
43521
43529
43539
43567
43576
43590
43590
43593
43599
43617
43619
43620
43624
43627
43628
43630
43638
43642
43646
43674
43687
43691
43696
43696
43700
43710
43719
43735
43748
43757
43761
43770
43778
43808
43825
43825
43825
43833
43833
43836
43838
43842
43846
43857
43877
43882
43916
43922
43926
43934
43936
43941
43944
43949
43953
43966
43994
44000
44005
44011
44011
44030
44043
44045
44053
44055
44064
44069
44083
44090
44094
44104
44110
44119
44124
44132
44154
44167
44181
44182
44194
44207
44229
44234
44238
44242
44248
44248
44265
44277
44293
44295
44315
44328
44332
44334
44357
44365
44383
44385
44397
44409
44430
44458
44459
44470
44497
44498
44508
44529
44538
44543
44543
44566
44570
44580
44583
44589
44590
44591
44607
44607
44611
44616
44631
44634
44650
44670
44673
44687
44725
44731
44738
44759
44763
44783
44784
44804
44829
44829
44834
44835
44850
44851
44860
44863
44871
44912
44924
44930
44945
44946
44951
44958
44966
44968
44970
44978
44982
44985
44989
44989
45008
45010
45013
45017
45019
45035
45036
45047
45050
45055
45059
45064
45099
45111
45120
45131
45136
45181
45183
45200
45216
45223
45234
45239
45251
45262
45271
45276
45283
45292
45295
45313
45317
45354
45370
45381
45383
45388
45392
45397
45412
45438
45445
45468
45469
45476
45505
45505
45519
45540
45541
45557
45562
45571
45584
45589
45613
45619
45621
45627
45644
45649
45658
45667
45667
45672
45684
45703
45722
45741
45756
45763
45765
45793
45795
45798
45834
45835
45890
45897
45898
45899
45911
45930
45932
45936
45937
45940
45942
45944
45952
45973
45992
46025
46037
46044
46069
46076
46082
46086
46089
46099
46105
46134
46137
46137
46139
46144
46146
46156
46163
46193
46202
46209
46212
46213
46214
46219
46219
46225
46232
46236
46242
46249
46265
46265
46269
46272
46277
46282
46291
46316
46322
46333
46342
46357
46364
46372
46382
46383
46400
46402
46418
46422
46431
46449
46454
46468
46497
46517
46549
46555
46559
46579
46613
46621
46644
46652
46655
46662
46687
46696
46698
46712
46712
46715
46733
46739
46745
46747
46762
46768
46784
46785
46787
46796
46819
46820
46827
46839
46846
46873
46883
46898
46941
46982
46991
46994
46999
47010
47016
47038
47052
47062
47069
47071
47073
47075
47083
47085
47102
47105
47113
47114
47147
47147
47149
47178
47183
47185
47196
47225
47249
47265
47269
47273
47276
47286
47294
47294
47305
47313
47313
47322
47332
47334
47339
47344
47344
47346
47370
47377
47388
47406
47423
47423
47425
47430
47437
47459
47486
47499
47512
47527
47532
47543
47543
47544
47556
47574
47597
47604
47617
47646
47665
47675
47683
47695
47698
47699
47706
47725
47726
47731
47740
47793
47799
47822
47825
47828
47840
47841
47859
47862
47862
47885
47888
47910
47910
47910
47956
47976
48012
48018
48026
48038
48050
48054
48059
48074
48076
48077
48097
48114
48138
48152
48158
48164
48172
48192
48209
48210
48244
48245
48253
48256
48287
48294
48305
48310
48391
48395
48396
48396
48398
48417
48418
48427
48430
48435
48445
48497
48515
48516
48527
48537
48544
48553
48563
48564
48584
48593
48598
48612
48614
48616
48618
48622
48654
48677
48690
48690
48691
48697
48718
48724
48738
48760
48763
48779
48780
48783
48812
48824
48845
48848
48866
48876
48883
48883
48885
48906
48906
48913
48923
48924
48925
48936
48939
48942
48944
48945
48957
48962
48971
48971
48982
48997
49002
49003
49011
49022
49026
49028
49037
49057
49064
49067
49071
49077
49079
49084
49118
49130
49131
49145
49161
49172
49186
49187
49204
49225
49225
49228
49238
49246
49308
49312
49319
49324
49344
49363
49364
49366
49381
49385
49388
49392
49403
49421
49435
49447
49453
49458
49475
49479
49487
49501
49505
49514
49519
49541
49547
49549
49562
49563
49566
49566
49570
49586
49595
49602
49614
49625
49629
49643
49683
49685
49689
49706
49754
49755
49758
49772
49779
49785
49796
49797
49810
49825
49831
49833
49836
49860
49870
49877
49903
49904
49904
49916
49929
49936
49955
49957
49967
49971
49983
50001
50006
50012
50022
50024
50024
50045
50048
50049
50050
50055
50067
50077
50085
50086
50091
50100
50105
50107
50108
50110
50124
50135
50139
50147
50149
50168
50186
50217
50228
50229
50230
50241
50246
50247
50277
50279
50281
50286
50305
50314
50326
50328
50344
50347
50351
50359
50370
50393
50423
50428
50437
50444
50459
50466
50482
50508
50509
50510
50535
50550
50563
50575
50595
50597
50599
50603
50619
50632
50638
50653
50667
50671
50700
50714
50736
50738
50742
50751
50763
50796
50813
50815
50816
50843
50878
50898
50905
50908
50940
50942
50944
50948
50967
50974
50978
51030
51032
51032
51038
51054
51063
51068
51069
51075
51081
51084
51084
51089
51090
51099
51100
51122
51125
51126
51128
51157
51158
51170
51174
51187
51195
51199
51207
51229
51251
51287
51296
51298
51299
51306
51311
51312
51325
51335
51341
51346
51353
51396
51397
51405
51405
51419
51425
51426
51433
51437
51453
51469
51473
51477
51498
51505
51507
51521
51527
51545
51550
51563
51572
51580
51613
51614
51617
51620
51631
51677
51683
51691
51708
51710
51711
51712
51726
51729
51747
51749
51755
51762
51766
51766
51772
51799
51809
51817
51819
51820
51828
51830
51835
51838
51853
51875
51888
51907
51909
51929
51934
51949
51955
51957
51964
51970
51981
51982
51984
51984
51987
51997
51999
52003
52005
52020
52031
52039
52061
52062
52064
52090
52096
52104
52111
52120
52142
52143
52192
52192
52194
52204
52215
52216
52218
52229
52251
52280
52284
52303
52321
52328
52384
52388
52392
52395
52416
52434
52451
52463
52466
52479
52480
52495
52500
52512
52528
52528
52548
52549
52602
52611
52622
52623
52638
52676
52692
52700
52711
52715
52727
52730
52746
52800
52809
52816
52819
52821
52822
52825
52832
52840
52848
52861
52861
52869
52873
52886
52890
52903
52922
52929
52941
52950
52955
52956
52965
52998
53003
53033
53040
53053
53055
53061
53067
53069
53081
53110
53117
53135
53137
53147
53185
53197
53206
53211
53230
53251
53268
53271
53298
53302
53304
53309
53358
53362
53370
53372
53375
53393
53396
53416
53426
53427
53437
53440
53445
53446
53465
53477
53481
53482
53484
53486
53508
53512
53526
53556
53564
53579
53585
53585
53602
53636
53646
53651
53651
53681
53684
53693
53704
53712
53712
53714
53768
53779
53781
53786
53814
53821
53824
53838
53844
53856
53866
53869
53873
53874
53890
53899
53901
53903
53908
53916
53917
53927
53937
53946
53949
53949
53965
53967
53987
53989
54005
54008
54021
54036
54039
54057
54064
54067
54071
54072
54101
54124
54128
54128
54151
54155
54172
54180
54186
54218
54235
54235
54240
54242
54257
54260
54274
54276
54278
54286
54297
54298
54300
54328
54339
54344
54349
54362
54376
54391
54407
54417
54422
54441
54442
54450
54451
54452
54454
54466
54469
54494
54503
54507
54517
54519
54522
54535
54556
54585
54589
54607
54614
54631
54663
54666
54679
54683
54692
54694
54695
54695
54696
54697
54702
54719
54725
54726
54743
54750
54751
54752
54754
54763
54763
54769
54783
54787
54796
54798
54806
54809
54816
54818
54832
54863
54874
54890
54901
54901
54909
54914
54940
54941
54955
54964
54981
55002
55016
55030
55034
55086
55100
55106
55107
55117
55127
55128
55138
55151
55160
55161
55163
55164
55165
55165
55166
55170
55177
55195
55213
55215
55223
55227
55228
55232
55253
55289
55298
55318
55322
55335
55341
55342
55349
55363
55368
55373
55374
55386
55386
55393
55405
55416
55437
55437
55505
55517
55517
55526
55535
55552
55570
55578
55585
55586
55591
55609
55626
55632
55635
55639
55649
55658
55659
55665
55691
55698
55708
55714
55717
55731
55746
55749
55767
55772
55778
55788
55793
55804
55819
55819
55832
55842
55855
55861
55865
55866
55874
55877
55889
55896
55897
55902
55919
55924
55948
55956
55963
55969
55972
55985
56014
56035
56048
56061
56068
56076
56083
56098
56099
56099
56121
56141
56145
56147
56158
56166
56171
56177
56191
56198
56217
56223
56231
56237
56239
56243
56245
56246
56281
56293
56297
56305
56310
56312
56315
56334
56347
56378
56382
56385
56394
56396
56437
56447
56452
56458
56459
56464
56467
56488
56490
56506
56520
56523
56527
56529
56535
56583
56584
56609
56625
56625
56630
56636
56651
56653
56660
56704
56715
56723
56736
56744
56745
56769
56782
56785
56795
56801
56817
56818
56822
56822
56825
56831
56857
56859
56869
56882
56886
56897
56897
56901
56905
56912
56935
56938
56943
56954
56956
56958
56963
56990
57013
57018
57033
57057
57080
57092
57100
57117
57136
57143
57144
57178
57193
57195
57205
57214
57220
57228
57229
57231
57232
57238
57245
57255
57257
57265
57270
57271
57286
57293
57346
57371
57387
57388
57389
57392
57401
57408
57413
57421
57423
57438
57444
57463
57464
57470
57472
57483
57494
57501
57513
57518
57549
57560
57576
57580
57582
57583
57584
57586
57599
57609
57636
57645
57662
57663
57682
57697
57704
57717
57717
57720
57730
57743
57746
57764
57767
57769
57788
57791
57801
57807
57809
57817
57819
57835
57840
57858
57867
57870
57872
57875
57876
57888
57900
57923
57939
57940
57949
57960
57971
57978
57992
57993
58005
58006
58018
58025
58051
58055
58064
58086
58092
58101
58136
58162
58169
58187
58188
58202
58216
58256
58259
58264
58277
58282
58336
58345
58351
58355
58368
58368
58381
58396
58419
58434
58435
58453
58455
58462
58478
58488
58508
58512
58512
58517
58526
58529
58530
58533
58536
58557
58571
58580
58581
58581
58581
58591
58602
58623
58635
58649
58659
58675
58681
58685
58688
58689
58699
58702
58710
58725
58732
58733
58753
58756
58759
58773
58776
58809
58826
58836
58849
58855
58855
58866
58881
58887
58890
58892
58922
58923
58925
58935
58952
58957
59020
59020
59026
59069
59069
59073
59088
59104
59106
59121
59135
59136
59153
59164
59168
59172
59176
59181
59197
59203
59235
59239
59240
59246
59269
59275
59280
59281
59291
59295
59298
59351
59366
59379
59389
59403
59416
59432
59434
59456
59465
59472
59475
59481
59481
59525
59530
59545
59545
59559
59582
59589
59593
59641
59653
59696
59700
59713
59734
59758
59764
59772
59796
59801
59821
59837
59843
59846
59851
59867
59870
59871
59876
59876
59876
59895
59930
59933
59934
59936
59945
59948
59957
59968
59970
59982
59986
59988
60003
60012
60015
60020
60046
60074
60095
60095
60119
60141
60146
60150
60150
60177
60177
60185
60200
60207
60210
60217
60220
60233
60234
60247
60252
60253
60262
60266
60275
60288
60290
60306
60315
60323
60323
60329
60336
60362
60367
60415
60431
60436
60462
60463
60463
60472
60500
60524
60532
60535
60541
60548
60563
60567
60572
60582
60588
60611
60638
60640
60645
60650
60658
60658
60675
60683
60687
60689
60694
60715
60736
60761
60777
60779
60783
60790
60792
60793
60796
60797
60797
60799
60814
60835
60841
60872
60893
60902
60911
60914
60939
60939
60964
60973
60976
60978
60986
60996
61012
61013
61049
61056
61087
61131
61140
61163
61164
61183
61189
61195
61217
61238
61269
61282
61287
61299
61305
61316
61330
61332
61332
61343
61351
61368
61370
61378
61384
61390
61403
61418
61428
61431
61438
61443
61450
61452
61456
61459
61477
61500
61507
61509
61513
61567
61571
61575
61599
61618
61629
61630
61631
61646
61683
61725
61732
61737
61738
61741
61770
61770
61780
61799
61800
61801
61807
61810
61835
61852
61865
61865
61871
61882
61906
61918
61918
61923
61948
61957
61970
61973
61981
61982
61984
62007
62017
62017
62020
62024
62025
62026
62032
62039
62040
62058
62062
62063
62082
62095
62098
62148
62162
62190
62194
62199
62208
62212
62214
62272
62285
62293
62297
62333
62334
62337
62351
62370
62374
62378
62380
62387
62390
62390
62392
62393
62395
62398
62404
62409
62421
62432
62439
62452
62453
62470
62471
62473
62482
62486
62487
62508
62511
62533
62558
62582
62584
62585
62603
62609
62621
62642
62644
62664
62681
62688
62695
62746
62758
62759
62764
62772
62792
62800
62806
62825
62829
62834
62837
62881
62894
62902
62907
62933
62933
62946
62946
62951
62966
62968
62981
62986
62995
63002
63002
63022
63026
63030
63057
63058
63065
63067
63079
63089
63128
63175
63181
63182
63186
63191
63193
63194
63202
63226
63231
63238
63241
63250
63269
63271
63272
63282
63293
63294
63295
63300
63301
63301
63318
63328
63334
63339
63379
63384
63385
63400
63402
63417
63429
63440
63453
63458
63460
63482
63483
63494
63499
63506
63507
63521
63526
63540
63551
63559
63575
63578
63578
63583
63599
63607
63615
63624
63633
63634
63667
63671
63674
63702
63706
63713
63729
63742
63752
63759
63764
63776
63780
63795
63797
63798
63802
63805
63806
63809
63810
63813
63817
63847
63854
63857
63858
63918
63927
63931
63931
63933
63939
63996
64002
64018
64040
64042
64081
64083
64096
64125
64130
64143
64162
64163
64164
64168
64170
64217
64218
64226
64250
64261
64263
64270
64283
64299
64316
64320
64326
64348
64356
64357
64372
64427
64442
64450
64453
64460
64465
64474
64491
64508
64509
64513
64530
64532
64534
64538
64562
64581
64608
64616
64623
64653
64660
64675
64683
64694
64699
64703
64708
64756
64786
64790
64791
64800
64806
64813
64815
64833
64840
64870
64872
64882
64892
64905
64910
64916
64973
64978
64988
65005
65007
65008
65011
65014
65030
65033
65049
65049
65051
65051
65053
65054
65110
65129
65155
65167
65169
65195
65196
65196
65198
65207
65211
65214
65222
65247
65278
65284
65284
65304
65321
65322
65353
65369
65385
65405
65416
65420
65423
65444
65470
65482
65482
65485
65502
65505
65508
65524
65528
65533
65547
65562
65564
65569
65574
65577
65577
65595
65597
65611
65614
65620
65620
65652
65671
65673
65678
65680
65684
65709
65729
65741
65742
65756
65775
65783
65784
65801
65822
65829
65833
65851
65866
65876
65882
65886
65891
65897
65897
65898
65908
65918
65921
65933
65937
65942
65946
65946
65952
66004
66012
66014
66027
66041
66053
66079
66082
66084
66087
66095
66118
66119
66127
66175
66175
66183
66191
66212
66227
66229
66239
66248
66258
66260
66260
66264
66269
66272
66282
66285
66301
66313
66317
66318
66319
66331
66354
66363
66363
66384
66390
66408
66408
66411
66421
66440
66450
66453
66499
66502
66503
66506
66506
66506
66510
66514
66517
66535
66551
66558
66561
66561
66587
66606
66610
66613
66634
66671
66696
66736
66739
66750
66775
66782
66810
66847
66896
66897
66911
66916
66919
66923
66932
66942
66943
66958
66971
66973
66985
66993
67000
67015
67016
67026
67028
67035
67037
67072
67121
67124
67124
67174
67174
67187
67200
67213
67215
67261
67262
67266
67268
67273
67290
67296
67318
67319
67319
67330
67346
67383
67391
67396
67400
67412
67422
67455
67460
67479
67482
67486
67499
67506
67513
67514
67526
67534
67543
67544
67561
67563
67567
67570
67574
67586
67613
67616
67620
67679
67698
67699
67748
67750
67757
67759
67765
67770
67799
67800
67815
67819
67831
67833
67840
67842
67853
67865
67874
67874
67876
67881
67889
67895
67898
67900
67922
67922
67929
67929
67936
67938
67954
67957
67959
67992
68004
68025
68037
68038
68044
68050
68063
68069
68073
68080
68087
68088
68107
68111
68126
68137
68144
68174
68175
68176
68177
68177
68211
68227
68246
68254
68264
68277
68277
68278
68303
68312
68315
68326
68327
68348
68364
68386
68387
68419
68420
68425
68425
68427
68427
68430
68446
68451
68459
68459
68471
68477
68488
68488
68493
68496
68501
68501
68518
68540
68540
68545
68548
68576
68577
68579
68594
68644
68650
68668
68669
68679
68682
68691
68694
68736
68759
68760
68779
68780
68798
68809
68813
68822
68822
68826
68842
68874
68887
68893
68909
68915
68920
68929
68950
68951
68959
68960
68966
68978
68987
68989
68994
68999
69006
69023
69024
69024
69031
69039
69052
69057
69057
69064
69064
69070
69073
69089
69094
69102
69106
69126
69131
69131
69138
69168
69187
69190
69194
69224
69236
69260
69261
69267
69270
69279
69295
69297
69305
69307
69323
69327
69339
69348
69368
69383
69388
69401
69405
69408
69420
69424
69445
69446
69447
69452
69470
69483
69484
69517
69528
69569
69581
69612
69615
69629
69634
69638
69650
69653
69673
69692
69696
69697
69702
69704
69705
69708
69709
69720
69721
69724
69729
69735
69738
69751
69752
69755
69758
69761
69770
69770
69771
69782
69789
69816
69818
69824
69830
69842
69851
69867
69872
69881
69904
69908
69913
69914
69923
69955
69991
70014
70041
70092
70094
70113
70114
70169
70188
70192
70204
70204
70206
70213
70215
70226
70227
70229
70238
70256
70261
70271
70279
70305
70319
70329
70331
70335
70337
70337
70338
70346
70356
70414
70418
70435
70438
70443
70452
70483
70510
70511
70519
70527
70531
70547
70548
70549
70553
70557
70568
70597
70648
70648
70655
70661
70663
70668
70671
70679
70691
70706
70708
70721
70731
70741
70750
70752
70753
70755
70758
70762
70777
70780
70782
70788
70830
70836
70847
70854
70858
70861
70865
70871
70872
70887
70894
70906
70912
70912
70923
70931
70932
70936
70941
70946
70947
70956
70958
70960
70964
70970
70977
70988
70991
70996
70998
71002
71002
71006
71024
71025
71043
71052
71060
71061
71090
71090
71099
71108
71114
71128
71133
71133
71146
71149
71152
71156
71156
71156
71162
71181
71188
71189
71200
71202
71204
71236
71240
71251
71253
71257
71274
71275
71280
71287
71289
71302
71318
71326
71330
71333
71348
71348
71374
71384
71387
71410
71410
71424
71431
71438
71438
71444
71452
71453
71480
71494
71499
71536
71547
71565
71591
71597
71604
71621
71632
71643
71658
71659
71660
71662
71663
71665
71666
71668
71671
71692
71694
71696
71710
71725
71728
71768
71768
71782
71788
71809
71880
71892
71897
71907
71912
71941
71946
71950
71952
71957
71961
71963
71973
71976
71980
71990
72021
72056
72075
72077
72078
72079
72083
72091
72092
72095
72106
72116
72116
72118
72122
72123
72137
72141
72148
72154
72154
72162
72169
72191
72214
72222
72230
72231
72244
72245
72267
72276
72277
72286
72290
72294
72297
72299
72303
72333
72344
72350
72376
72397
72402
72415
72428
72437
72442
72442
72471
72482
72489
72497
72500
72505
72509
72528
72532
72539
72554
72573
72590
72590
72590
72618
72619
72621
72646
72655
72658
72670
72671
72692
72709
72718
72754
72780
72801
72802
72808
72817
72819
72820
72837
72850
72857
72867
72868
72872
72882
72883
72883
72902
72904
72910
72917
72925
72942
72947
72976
72978
73001
73011
73014
73024
73029
73038
73060
73070
73076
73105
73123
73124
73126
73143
73167
73169
73170
73175
73205
73232
73235
73246
73264
73294
73301
73321
73324
73331
73392
73403
73404
73416
73421
73435
73438
73441
73443
73447
73452
73466
73477
73496
73500
73506
73517
73521
73521
73531
73540
73545
73545
73548
73571
73580
73586
73590
73594
73599
73607
73629
73648
73658
73669
73670
73674
73688
73694
73702
73731
73735
73739
73758
73766
73769
73797
73825
73827
73851
73891
73898
73903
73904
73906
73936
73958
73962
73973
73979
73985
73994
74008
74009
74035
74051
74066
74098
74102
74109
74116
74118
74125
74140
74151
74205
74208
74224
74238
74246
74248
74249
74255
74278
74329
74374
74387
74409
74422
74436
74438
74460
74472
74475
74485
74512
74530
74544
74544
74564
74565
74574
74585
74585
74606
74611
74643
74643
74651
74657
74662
74685
74701
74705
74707
74714
74715
74722
74729
74735
74782
74782
74787
74806
74811
74828
74854
74857
74860
74861
74879
74915
74923
74929
74940
74946
74949
74950
74950
74951
74953
74962
74985
74987
74988
75012
75020
75050
75071
75077
75081
75093
75093
75094
75104
75105
75112
75141
75141
75178
75179
75197
75198
75231
75236
75266
75266
75267
75269
75278
75281
75284
75288
75292
75300
75311
75324
75330
75337
75338
75347
75362
75363
75383
75418
75423
75448
75453
75460
75490
75499
75500
75506
75507
75541
75556
75563
75565
75568
75573
75579
75580
75600
75621
75628
75630
75632
75636
75638
75657
75666
75692
75693
75713
75722
75742
75748
75764
75765
75768
75782
75783
75822
75837
75848
75868
75876
75881
75887
75899
75918
75918
75923
75942
75944
75951
75960
75997
75999
76010
76011
76011
76038
76055
76056
76079
76093
76100
76123
76132
76148
76148
76171
76174
76183
76191
76202
76208
76230
76245
76249
76252
76254
76261
76270
76283
76318
76346
76349
76353
76358
76374
76398
76401
76409
76413
76421
76423
76447
76449
76453
76468
76474
76485
76487
76514
76517
76524
76535
76540
76563
76580
76623
76629
76634
76639
76642
76648
76659
76671
76691
76734
76740
76746
76760
76769
76770
76771
76779
76787
76798
76798
76804
76807
76839
76857
76872
76876
76880
76882
76908
76918
76919
76928
76929
76934
76937
76942
76953
76964
76965
76975
76976
76998
77009
77022
77024
77033
77043
77055
77076
77080
77089
77097
77120
77149
77164
77176
77176
77182
77214
77225
77229
77230
77232
77240
77240
77252
77258
77276
77296
77307
77315
77316
77319
77339
77353
77353
77368
77391
77393
77397
77404
77438
77472
77487
77487
77501
77507
77512
77513
77528
77535
77537
77541
77559
77561
77577
77582
77605
77607
77623
77671
77677
77685
77691
77693
77710
77723
77738
77738
77741
77762
77765
77790
77802
77808
77809
77824
77833
77837
77840
77842
77882
77888
77891
77898
77904
77906
77938
77942
77949
77976
77978
77990
77993
77998
78000
78015
78043
78044
78045
78053
78078
78101
78143
78146
78147
78154
78155
78178
78186
78190
78199
78202
78212
78225
78231
78259
78260
78265
78269
78303
78305
78307
78325
78325
78336
78341
78347
78349
78350
78352
78361
78362
78408
78430
78445
78448
78451
78462
78471
78471
78477
78495
78498
78516
78519
78525
78529
78542
78544
78548
78559
78559
78562
78563
78594
78615
78622
78622
78630
78646
78646
78653
78658
78674
78689
78704
78705
78706
78725
78729
78738
78742
78743
78748
78774
78781
78784
78789
78800
78811
78814
78821
78858
78869
78872
78893
78901
78909
78912
78926
78952
78956
78970
78971
78972
78978
79016
79022
79028
79042
79043
79045
79052
79052
79071
79079
79128
79132
79149
79165
79185
79198
79199
79204
79208
79226
79235
79242
79250
79263
79266
79267
79271
79272
79273
79278
79295
79298
79310
79321
79326
79330
79333
79333
79333
79335
79336
79338
79349
79381
79383
79383
79384
79393
79402
79405
79412
79413
79414
79415
79428
79500
79501
79503
79526
79546
79548
79550
79554
79573
79574
79580
79582
79587
79591
79604
79604
79609
79614
79638
79644
79649
79658
79676
79682
79685
79691
79702
79714
79719
79737
79737
79738
79767
79775
79814
79823
79841
79843
79845
79848
79850
79864
79882
79921
79924
79958
79971
79994
80002
80016
80027
80037
80055
80063
80064
80071
80076
80083
80099
80100
80121
80122
80133
80139
80161
80171
80175
80192
80201
80202
80202
80218
80219
80236
80236
80237
80264
80268
80273
80283
80287
80287
80297
80318
80337
80340
80341
80350
80374
80376
80378
80379
80384
80409
80416
80438
80461
80463
80465
80471
80475
80479
80503
80508
80514
80524
80528
80535
80539
80552
80553
80562
80563
80572
80577
80580
80587
80588
80603
80614
80638
80640
80643
80644
80681
80681
80682
80682
80697
80704
80716
80723
80728
80757
80763
80773
80805
80805
80810
80819
80823
80842
80859
80891
80898
80904
80921
80927
80938
80955
80959
80964
80967
80968
80977
80977
80982
80995
81014
81019
81022
81026
81031
81036
81036
81036
81037
81042
81044
81046
81054
81068
81087
81090
81091
81093
81111
81118
81149
81163
81169
81170
81174
81188
81189
81194
81196
81199
81220
81230
81235
81262
81271
81298
81305
81308
81318
81336
81339
81377
81390
81391
81395
81400
81407
81430
81432
81434
81435
81452
81466
81491
81505
81520
81523
81546
81553
81573
81573
81573
81583
81601
81607
81608
81625
81627
81654
81695
81703
81725
81729
81733
81752
81757
81765
81773
81784
81787
81789
81794
81794
81796
81801
81807
81813
81826
81830
81834
81842
81847
81867
81868
81882
81895
81896
81900
81904
81930
81932
81933
81940
81940
81960
81962
81984
82008
82014
82026
82030
82040
82045
82045
82057
82061
82083
82085
82085
82090
82094
82109
82125
82135
82138
82140
82148
82169
82179
82184
82187
82189
82200
82203
82230
82232
82242
82251
82255
82262
82264
82270
82272
82277
82283
82285
82296
82303
82321
82330
82338
82341
82344
82352
82391
82427
82430
82468
82472
82480
82485
82489
82503
82503
82526
82543
82548
82550
82558
82560
82561
82572
82581
82585
82609
82644
82663
82674
82682
82719
82731
82735
82761
82771
82779
82810
82822
82829
82868
82871
82878
82879
82881
82885
82894
82904
82924
82929
82963
82963
82982
82984
82993
82999
83025
83032
83068
83081
83093
83119
83151
83157
83171
83180
83192
83220
83225
83229
83256
83273
83274
83285
83288
83300
83312
83321
83330
83349
83354
83355
83359
83374
83383
83398
83407
83415
83435
83438
83442
83450
83468
83468
83482
83486
83487
83526
83529
83538
83540
83562
83563
83567
83569
83578
83588
83595
83601
83604
83604
83636
83637
83652
83692
83703
83713
83715
83718
83719
83721
83725
83736
83738
83740
83743
83743
83752
83764
83770
83787
83789
83791
83810
83817
83843
83844
83847
83854
83873
83874
83876
83879
83881
83907
83920
83921
83930
83958
83961
83967
83974
83990
83997
84010
84015
84033
84076
84080
84087
84132
84141
84145
84150
84170
84175
84178
84196
84197
84233
84238
84260
84261
84277
84281
84283
84319
84319
84324
84345
84348
84356
84365
84385
84390
84403
84424
84432
84432
84452
84467
84479
84481
84487
84489
84491
84499
84502
84517
84519
84525
84580
84606
84628
84650
84663
84672
84687
84690
84691
84698
84707
84719
84726
84730
84746
84748
84758
84764
84765
84766
84767
84770
84774
84801
84806
84810
84811
84816
84819
84826
84835
84835
84849
84851
84861
84876
84888
84901
84928
84939
84945
84952
84975
84980
84994
85000
85013
85022
85034
85036
85049
85086
85090
85099
85103
85116
85118
85123
85131
85133
85143
85158
85161
85179
85181
85185
85192
85202
85213
85221
85232
85241
85248
85251
85297
85308
85334
85335
85338
85365
85373
85376
85378
85380
85381
85404
85405
85422
85431
85435
85437
85469
85470
85477
85478
85480
85482
85484
85489
85509
85542
85558
85577
85584
85606
85616
85621
85624
85637
85645
85662
85669
85698
85726
85746
85751
85763
85771
85786
85801
85803
85817
85818
85828
85860
85866
85876
85943
85947
85952
85964
85972
85980
85986
85992
86002
86017
86017
86026
86031
86040
86062
86100
86108
86111
86111
86156
86178
86183
86204
86218
86221
86224
86234
86235
86243
86244
86275
86276
86276
86278
86279
86303
86303
86321
86323
86324
86326
86344
86347
86347
86376
86381
86388
86401
86410
86415
86437
86445
86448
86463
86472
86477
86526
86530
86540
86553
86556
86569
86578
86598
86600
86600
86602
86603
86631
86634
86637
86642
86678
86686
86693
86700
86706
86719
86724
86728
86732
86749
86755
86763
86771
86774
86785
86791
86799
86803
86810
86827
86832
86834
86855
86866
86887
86891
86905
86908
86909
86915
86918
86919
86936
86946
86960
86962
87003
87015
87017
87018
87021
87028
87028
87050
87053
87057
87077
87077
87078
87102
87104
87137
87155
87177
87191
87199
87203
87203
87206
87216
87219
87242
87245
87248
87257
87260
87262
87264
87266
87280
87283
87284
87288
87289
87290
87299
87304
87327
87364
87377
87387
87388
87393
87402
87408
87425
87440
87442
87454
87456
87457
87460
87460
87478
87479
87480
87482
87490
87494
87500
87512
87518
87525
87535
87570
87571
87576
87580
87604
87619
87621
87660
87668
87677
87691
87694
87703
87704
87709
87769
87771
87774
87776
87786
87798
87854
87855
87861
87861
87862
87873
87879
87906
87915
87917
87923
87940
87944
87944
87949
87955
87976
87984
88017
88018
88031
88039
88053
88081
88098
88125
88126
88135
88144
88155
88158
88158
88164
88168
88185
88190
88208
88214
88222
88230
88251
88252
88253
88274
88295
88304
88317
88328
88332
88351
88357
88373
88376
88378
88387
88390
88398
88403
88407
88412
88413
88414
88423
88427
88429
88436
88445
88462
88463
88476
88479
88484
88486
88494
88499
88505
88516
88541
88550
88553
88554
88555
88570
88572
88582
88583
88594
88615
88641
88651
88652
88653
88655
88659
88665
88675
88682
88703
88714
88715
88721
88724
88727
88733
88742
88743
88744
88755
88760
88789
88800
88809
88812
88816
88817
88852
88853
88858
88858
88867
88886
88886
88887
88900
88919
88923
88926
88947
88960
88962
88968
88972
88972
88979
88984
88986
88991
89006
89013
89013
89022
89023
89026
89031
89038
89045
89072
89077
89081
89092
89094
89101
89121
89131
89140
89142
89149
89154
89157
89158
89167
89170
89171
89179
89191
89214
89225
89234
89237
89244
89247
89257
89263
89271
89297
89310
89336
89337
89371
89374
89395
89413
89417
89419
89426
89426
89442
89442
89453
89454
89467
89472
89479
89490
89498
89506
89515
89540
89546
89562
89573
89574
89576
89596
89598
89598
89617
89629
89630
89637
89638
89638
89648
89651
89656
89658
89665
89667
89680
89695
89697
89699
89705
89713
89723
89739
89772
89774
89780
89780
89781
89789
89789
89792
89793
89797
89802
89808
89812
89822
89826
89842
89844
89862
89874
89888
89896
89902
89920
89963
89976
89978
89983
89985
89985
90007
90016
90036
90037
90038
90045
90060
90060
90167
90169
90180
90182
90188
90204
90209
90221
90221
90222
90227
90234
90236
90236
90237
90256
90258
90266
90268
90293
90293
90299
90302
90309
90315
90322
90323
90327
90333
90347
90357
90359
90373
90386
90398
90406
90411
90421
90443
90445
90457
90462
90473
90474
90493
90493
90496
90505
90507
90509
90512
90513
90521
90522
90522
90527
90530
90535
90536
90537
90538
90546
90553
90575
90591
90599
90605
90607
90609
90639
90639
90650
90655
90666
90670
90671
90687
90696
90697
90717
90724
90735
90736
90779
90782
90795
90798
90801
90814
90822
90828
90835
90839
90852
90863
90881
90882
90899
90900
90921
90943
90946
90954
90959
90976
90981
90997
91020
91021
91022
91034
91051
91051
91065
91073
91083
91118
91121
91121
91125
91125
91134
91168
91169
91172
91176
91178
91190
91192
91196
91198
91217
91243
91256
91265
91267
91271
91277
91294
91307
91318
91328
91352
91373
91383
91398
91415
91467
91480
91486
91492
91508
91509
91518
91537
91541
91550
91570
91588
91602
91603
91615
91615
91631
91636
91642
91655
91669
91669
91681
91690
91698
91715
91716
91723
91729
91731
91784
91793
91793
91795
91798
91806
91814
91822
91825
91829
91846
91847
91849
91855
91867
91877
91906
91911
91913
91945
91952
91953
91953
91959
91965
91982
92001
92001
92020
92026
92051
92054
92062
92063
92063
92105
92106
92113
92118
92118
92128
92134
92134
92156
92158
92163
92163
92193
92202
92213
92219
92220
92246
92247
92247
92263
92269
92296
92300
92308
92317
92323
92327
92332
92334
92334
92341
92342
92345
92358
92372
92374
92386
92394
92426
92465
92507
92508
92524
92554
92557
92561
92562
92566
92567
92578
92598
92602
92603
92605
92606
92613
92614
92621
92622
92635
92640
92641
92668
92682
92682
92697
92727
92729
92733
92743
92757
92768
92776
92793
92812
92824
92838
92866
92873
92875
92886
92889
92928
92930
92932
92936
92949
92953
92972
92979
92980
92981
92986
92987
92987
93001
93007
93010
93048
93079
93099
93108
93114
93123
93123
93124
93145
93149
93152
93163
93175
93185
93204
93205
93212
93213
93271
93294
93304
93310
93318
93325
93326
93328
93333
93341
93344
93348
93351
93364
93365
93367
93378
93407
93413
93415
93419
93422
93422
93425
93427
93502
93503
93523
93531
93535
93591
93613
93618
93621
93621
93624
93626
93631
93634
93636
93640
93642
93644
93649
93653
93656
93656
93658
93680
93704
93704
93715
93718
93719
93721
93721
93726
93726
93728
93731
93745
93766
93771
93782
93785
93792
93793
93800
93805
93823
93836
93840
93864
93871
93872
93883
93887
93909
93930
93945
93951
93959
93966
93981
94001
94005
94014
94026
94040
94047
94060
94065
94067
94071
94089
94097
94121
94130
94140
94144
94148
94149
94150
94151
94170
94175
94180
94191
94196
94210
94213
94240
94241
94245
94254
94258
94273
94300
94306
94317
94351
94361
94363
94370
94377
94387
94414
94423
94424
94425
94430
94433
94442
94470
94479
94480
94498
94502
94526
94527
94551
94556
94558
94574
94580
94584
94588
94589
94592
94622
94643
94699
94705
94710
94711
94723
94727
94729
94746
94765
94783
94847
94850
94854
94858
94863
94880
94883
94893
94896
94897
94898
94911
94921
94937
94938
94961
94968
94997
95000
95003
95046
95080
95083
95084
95091
95092
95108
95108
95110
95116
95119
95154
95156
95159
95163
95167
95179
95180
95188
95197
95200
95207
95225
95238
95240
95281
95290
95293
95303
95309
95311
95328
95332
95337
95349
95355
95381
95389
95397
95398
95415
95418
95423
95426
95448
95451
95454
95457
95459
95460
95468
95480
95486
95490
95501
95513
95521
95555
95556
95563
95566
95575
95575
95578
95586
95604
95614
95632
95643
95651
95658
95658
95670
95673
95679
95684
95686
95691
95714
95715
95718
95719
95720
95735
95740
95758
95760
95760
95769
95773
95788
95798
95801
95854
95854
95859
95863
95863
95878
95885
95888
95894
95896
95900
95904
95907
95907
95929
95933
95946
95955
95956
95971
95997
96000
96003
96005
96036
96050
96050
96050
96063
96068
96077
96100
96104
96128
96136
96140
96148
96161
96170
96179
96223
96230
96233
96238
96240
96243
96266
96277
96277
96288
96293
96312
96327
96338
96341
96353
96353
96354
96360
96361
96364
96435
96442
96468
96468
96471
96487
96509
96511
96515
96516
96520
96544
96545
96557
96557
96559
96578
96581
96671
96673
96681
96700
96701
96711
96713
96721
96727
96733
96747
96749
96782
96785
96793
96798
96809
96810
96811
96813
96828
96832
96840
96843
96856
96858
96891
96913
96920
96926
96927
96933
96940
96944
96946
96962
96968
96972
96977
96989
97000
97012
97039
97053
97079
97084
97086
97110
97121
97125
97132
97146
97147
97155
97169
97174
97175
97181
97189
97206
97218
97223
97243
97260
97278
97293
97316
97329
97338
97341
97344
97358
97360
97414
97439
97441
97443
97452
97465
97468
97471
97476
97486
97489
97527
97559
97572
97575
97580
97583
97584
97600
97619
97621
97644
97654
97676
97686
97705
97719
97724
97726
97728
97734
97734
97744
97748
97752
97824
97829
97834
97835
97849
97861
97862
97865
97866
97882
97895
97919
97928
97936
97956
97963
97976
97977
97984
97992
98005
98007
98009
98009
98015
98025
98039
98046
98051
98058
98062
98065
98099
98118
98120
98158
98187
98209
98214
98216
98226
98255
98257
98281
98287
98288
98301
98319
98327
98349
98353
98356
98378
98386
98438
98460
98483
98530
98534
98557
98583
98587
98590
98592
98600
98603
98604
98608
98613
98622
98656
98666
98673
98674
98676
98679
98724
98733
98734
98740
98761
98768
98778
98784
98809
98813
98847
98848
98869
98901
98901
98901
98903
98912
98929
98940
98943
98966
98976
98978
98985
98991
98998
99012
99046
99091
99104
99113
99137
99152
99153
99156
99164
99165
99176
99183
99188
99199
99203
99229
99244
99260
99272
99278
99297
99305
99310
99313
99323
99337
99340
99371
99407
99419
99445
99445
99464
99464
99470
99477
99478
99508
99511
99514
99517
99520
99539
99556
99558
99572
99574
99578
99582
99595
99612
99614
99624
99625
99632
99635
99650
99654
99659
99683
99691
99692
99694
99709
99714
99716
99740
99749
99750
99758
99769
99786
99790
99795
99807
99813
99827
99838
99850
99860
99861
99865
99872
99873
99905
99918
99929
99929
99946
99949
99987
99987
99992
