14
20
23
26
50
54
67
84
100
114
120
121
125
128
130
153
159
163
178
186
194
213
234
244
275
279
289
291
305
312
319
322
322
323
340
364
382
385
389
399
404
408
422
427
453
455
468
496
501
504
509
511
513
540
543
550
565
605
605
611
618
638
639
644
647
652
653
656
666
698
719
721
721
732
742
744
752
757
760
764
764
780
784
790
790
791
797
816
834
837
840
850
851
858
866
879
891
893
894
896
909
911
918
926
947
949
955
986
989
990
990
1017
1018
1019
1022
1039
1040
1046
1053
1062
1067
1083
1087
1102
1118
1119
1151
1157
1166
1177
1177
1180
1194
1197
1205
1216
1232
1238
1241
1243
1248
1261
1264
1273
1312
1318
1342
1345
1357
1357
1393
1402
1417
1431
1442
1442
1446
1457
1490
1496
1498
1511
1512
1515
1516
1526
1528
1549
1549
1559
1561
1563
1567
1613
1626
1627
1651
1655
1687
1701
1723
1743
1745
1780
1790
1799
1813
1833
1853
1857
1857
1863
1866
1867
1882
1883
1889
1902
1913
1914
1915
1929
1936
1937
1942
1951
1956
2003
2007
2017
2025
2061
2082
2082
2104
2120
2128
2133
2133
2134
2147
2147
2158
2173
2186
2199
2200
2228
2228
2243
2244
2253
2268
2274
2281
2284
2289
2312
2330
2333
2344
2347
2348
2349
2353
2354
2357
2362
2394
2399
2405
2414
2415
2423
2434
2439
2444
2457
2472
2477
2483
2486
2496
2497
2498
2501
2501
2515
2520
2526
2537
2550
2556
2575
2589
2600
2601
2610
2615
2637
2672
2676
2678
2687
2691
2699
2712
2724
2725
2743
2803
2827
2830
2845
2846
2856
2867
2902
2903
2908
2916
2917
2942
2944
2948
2950
2956
2962
2981
2983
2991
2997
3006
3018
3036
3044
3053
3055
3055
3060
3071
3082
3082
3088
3090
3109
3116
3120
3123
3153
3162
3165
3174
3178
3183
3194
3233
3243
3261
3299
3318
3323
3337
3341
3344
3392
3402
3418
3419
3421
3424
3427
3428
3429
3441
3447
3448
3463
3476
3486
3497
3503
3510
3520
3525
3544
3562
3565
3570
3595
3602
3605
3612
3615
3640
3647
3652
3658
3660
3663
3667
3672
3691
3708
3720
3722
3739
3754
3755
3761
3762
3772
3775
3776
3799
3816
3818
3842
3843
3849
3852
3862
3869
3874
3874
3883
3886
3888
3899
3909
3929
3929
3944
3947
3958
3960
3966
3992
3996
4010
4012
4036
4043
4044
4058
4077
4079
4083
4083
4087
4091
4120
4126
4128
4133
4138
4145
4148
4178
4183
4190
4196
4252
4253
4255
4264
4305
4333
4336
4339
4351
4353
4373
4380
4385
4385
4386
4390
4394
4394
4416
4418
4465
4481
4497
4497
4502
4513
4518
4531
4532
4549
4566
4571
4575
4586
4587
4617
4627
4639
4645
4659
4670
4680
4685
4691
4692
4708
4720
4738
4749
4787
4796
4836
4838
4849
4850
4860
4870
4871
4875
4881
4886
4887
4897
4901
4902
4909
4909
4929
4937
4945
4985
4992
5001
5002
5012
5032
5036
5037
5039
5041
5047
5068
5071
5078
5084
5084
5087
5089
5089
5113
5119
5130
5139
5183
5201
5207
5208
5209
5213
5222
5237
5241
5247
5298
5299
5304
5322
5341
5350
5353
5367
5381
5404
5426
5431
5441
5444
5454
5463
5466
5473
5480
5483
5501
5508
5515
5522
5523
5525
5532
5537
5541
5550
5554
5577
5582
5599
5600
5605
5642
5650
5653
5720
5724
5731
5741
5741
5756
5787
5788
5795
5805
5814
5829
5829
5829
5838
5856
5857
5857
5869
5879
5886
5902
5922
5925
5935
5951
5957
5959
5959
5962
5963
5966
5971
5988
5996
6035
6037
6044
6046
6049
6061
6067
6068
6073
6082
6098
6106
6109
6111
6128
6150
6160
6165
6217
6218
6224
6227
6250
6251
6255
6256
6267
6275
6285
6286
6300
6311
6319
6321
6341
6346
6355
6365
6371
6373
6376
6377
6379
6389
6392
6411
6413
6423
6432
6440
6443
6446
6467
6468
6471
6475
6499
6503
6514
6532
6554
6577
6598
6605
6627
6642
6649
6649
6657
6664
6689
6693
6694
6745
6759
6769
6775
6775
6778
6801
6809
6824
6833
6835
6876
6892
6894
6915
6917
6928
6937
6953
6987
7015
7039
7040
7043
7050
7054
7068
7076
7078
7102
7108
7116
7123
7131
7134
7153
7161
7164
7168
7195
7195
7197
7204
7223
7239
7246
7268
7288
7298
7301
7304
7309
7368
7381
7402
7404
7422
7435
7441
7448
7449
7468
7494
7506
7506
7507
7514
7533
7539
7553
7556
7559
7564
7571
7575
7587
7589
7599
7602
7602
7611
7613
7615
7627
7634
7645
7649
7649
7653
7659
7662
7672
7700
7718
7727
7739
7753
7755
7757
7758
7760
7801
7816
7822
7829
7853
7856
7862
7867
7867
7868
7871
7876
7930
7936
7940
7942
7944
7948
7951
7956
7958
7961
7976
7991
8016
8018
8021
8032
8043
8050
8053
8060
8076
8088
8096
8103
8122
8132
8138
8149
8155
8160
8161
8172
8179
8181
8192
8195
8215
8218
8227
8238
8247
8248
8256
8268
8269
8277
8303
8305
8306
8312
8314
8315
8348
8355
8366
8387
8397
8405
8414
8431
8438
8443
8445
8453
8457
8465
8467
8497
8498
8503
8508
8545
8549
8572
8582
8584
8584
8586
8587
8592
8623
8650
8651
8663
8674
8685
8689
8708
8718
8720
8738
8751
8752
8759
8763
8764
8781
8790
8800
8805
8808
8808
8818
8826
8829
8837
8838
8841
8852
8872
8925
8929
8951
8951
8954
8956
8966
8967
8979
8981
8999
9008
9024
9024
9044
9047
9048
9053
9057
9062
9076
9091
9095
9096
9096
9103
9118
9133
9136
9141
9145
9145
9155
9157
9174
9201
9205
9207
9227
9229
9243
9254
9271
9274
9285
9312
9313
9314
9315
9330
9339
9350
9356
9366
9377
9378
9404
9412
9416
9426
9432
9451
9456
9468
9473
9487
9489
9504
9508
9520
9526
9553
9562
9595
9619
9627
9630
9637
9670
9670
9675
9688
9700
9710
9724
9726
9762
9774
9805
9828
9829
9835
9836
9838
9838
9853
9865
9865
9876
9880
9887
9896
9900
9915
9935
9960
9968
9969
9969
9988
9997
10003
10020
10028
10033
10036
10038
10040
10043
10057
10061
10086
10087
10103
10112
10120
10129
10154
10155
10156
10169
10180
10194
10195
10202
10218
10236
10238
10245
10255
10263
10271
10294
10296
10296
10315
10335
10337
10359
10360
10363
10372
10379
10380
10382
10386
10388
10402
10403
10409
10415
10416
10425
10427
10441
10468
10469
10470
10479
10481
10481
10483
10491
10500
10534
10535
10540
10542
10544
10553
10561
10582
10589
10601
10605
10615
10620
10655
10659
10671
10699
10715
10716
10719
10725
10731
10735
10746
10747
10755
10777
10780
10781
10790
10795
10815
10818
10821
10850
10862
10870
10878
10879
10882
10893
10909
10915
10923
10935
10954
10958
10963
10986
10993
11003
11006
11009
11012
11016
11021
11032
11037
11037
11042
11042
11046
11054
11074
11097
11104
11126
11136
11137
11167
11186
11205
11207
11233
11234
11241
11283
11302
11311
11320
11324
11327
11330
11337
11359
11361
11374
11381
11382
11382
11385
11386
11388
11390
11408
11411
11433
11434
11456
11457
11472
11476
11481
11505
11513
11517
11523
11524
11551
11554
11562
11563
11565
11570
11580
11619
11624
11637
11669
11670
11674
11682
11683
11692
11697
11707
11722
11727
11731
11735
11757
11763
11782
11785
11793
11795
11798
11813
11816
11820
11823
11837
11840
11842
11845
11846
11850
11862
11862
11867
11881
11883
11893
11906
11911
11931
11933
11940
11958
11965
11969
11973
11974
11976
11981
11986
12015
12019
12048
12050
12058
12063
12070
12072
12075
12082
12089
12100
12102
12104
12109
12131
12142
12194
12224
12232
12257
12278
12280
12287
12287
12288
12305
12345
12350
12375
12404
12412
12423
12423
12435
12468
12469
12471
12484
12490
12492
12492
12495
12498
12504
12521
12528
12536
12549
12551
12557
12565
12567
12574
12592
12595
12609
12640
12643
12649
12653
12654
12676
12680
12707
12713
12716
12716
12727
12743
12768
12780
12785
12786
12793
12810
12821
12835
12835
12863
12892
12937
12939
12941
12943
12946
12948
12951
12959
12962
12971
13006
13008
13009
13021
13035
13042
13047
13049
13061
13067
13067
13078
13090
13102
13106
13134
13134
13145
13154
13157
13160
13166
13184
13188
13188
13193
13202
13208
13236
13236
13243
13246
13248
13253
13269
13276
13277
13292
13295
13326
13333
13343
13344
13351
13356
13366
13383
13387
13404
13410
13421
13428
13429
13436
13443
13449
13451
13481
13488
13519
13527
13532
13532
13541
13541
13564
13568
13577
13577
13587
13593
13603
13613
13617
13623
13625
13630
13633
13636
13638
13639
13640
13657
13657
13658
13667
13693
13695
13696
13701
13710
13721
13745
13749
13751
13753
13768
13773
13776
13778
13781
13782
13790
13794
13795
13796
13797
13805
13822
13823
13831
13834
13838
13902
13915
13920
13929
13952
13953
13970
13994
14019
14029
14051
14055
14063
14068
14077
14078
14086
14102
14116
14119
14131
14142
14162
14164
14172
14175
14184
14198
14199
14222
14233
14237
14263
14266
14271
14282
14304
14307
14315
14327
14335
14335
14371
14379
14385
14390
14401
14457
14484
14497
14500
14504
14514
14522
14527
14528
14550
14559
14566
14567
14578
14602
14606
14613
14625
14630
14634
14665
14676
14682
14684
14687
14691
14693
14706
14742
14757
14764
14764
14794
14797
14806
14845
14850
14860
14861
14864
14872
14873
14879
14887
14921
14932
14938
14938
14939
14941
14948
15002
15002
15006
15013
15018
15022
15029
15039
15043
15059
15069
15085
15087
15098
15103
15103
15106
15128
15149
15157
15159
15172
15189
15197
15212
15219
15235
15242
15248
15307
15312
15320
15342
15344
15369
15378
15397
15397
15400
15400
15415
15441
15443
15465
15477
15485
15497
15507
15513
15526
15529
15541
15543
15607
15610
15615
15631
15643
15647
15650
15651
15656
15659
15671
15688
15712
15725
15734
15736
15755
15757
15758
15768
15775
15811
15817
15821
15827
15831
15847
15855
15858
15874
15887
15888
15896
15918
15924
15934
15948
15959
15962
15985
16005
16036
16043
16079
16084
16092
16097
16104
16106
16109
16112
16120
16143
16147
16160
16161
16161
16181
16190
16195
16198
16209
16214
16219
16235
16237
16247
16251
16253
16268
16274
16275
16276
16302
16308
16336
16350
16376
16404
16420
16449
16456
16483
16493
16496
16508
16520
16536
16539
16551
16564
16581
16581
16592
16598
16598
16613
16618
16622
16636
16647
16653
16657
16666
16669
16686
16691
16695
16709
16729
16730
16731
16765
16775
16777
16788
16800
16801
16802
16815
16824
16826
16826
16828
16842
16842
16843
16850
16871
16874
16875
16909
16912
16926
16937
16955
16957
16972
16976
16981
16983
16993
16994
17001
17014
17020
17021
17026
17028
17028
17038
17061
17066
17067
17098
17099
17099
17113
17117
17146
17160
17167
17173
17173
17177
17198
17224
17236
17237
17238
17239
17247
17255
17287
17297
17309
17321
17335
17337
17345
17364
17372
17386
17394
17415
17426
17445
17449
17458
17462
17491
17498
17508
17511
17521
17527
17536
17549
17570
17572
17575
17575
17577
17604
17613
17614
17623
17629
17636
17645
17647
17659
17662
17667
17706
17746
17761
17766
17770
17789
17802
17806
17820
17835
17841
17857
17879
17885
17885
17886
17905
17909
17919
17926
17951
17962
17968
17973
17983
18000
18017
18020
18026
18038
18042
18062
18085
18085
18127
18132
18138
18144
18145
18146
18152
18156
18167
18177
18185
18189
18204
18207
18216
18221
18232
18233
18234
18235
18238
18241
18245
18246
18247
18249
18249
18258
18270
18284
18284
18304
18306
18313
18319
18344
18354
18354
18355
18355
18373
18374
18388
18389
18392
18393
18401
18413
18425
18443
18447
18458
18463
18463
18466
18497
18501
18513
18524
18532
18552
18564
18565
18585
18589
18613
18624
18624
18633
18636
18642
18646
18646
18653
18654
18718
18721
18723
18723
18736
18736
18738
18748
18786
18788
18794
18825
18826
18828
18863
18882
18886
18893
18902
18905
18914
18934
18953
18955
18957
18981
18995
18998
18998
19000
19008
19016
19021
19033
19043
19043
19046
19073
19075
19078
19081
19082
19095
19095
19098
19100
19108
19120
19121
19158
19170
19203
19248
19252
19273
19282
19284
19298
19301
19301
19313
19319
19322
19332
19341
19355
19358
19367
19385
19391
19392
19405
19416
19424
19426
19428
19438
19484
19490
19494
19503
19515
19517
19517
19518
19520
19543
19551
19552
19557
19604
19610
19616
19626
19633
19651
19651
19662
19675
19680
19706
19709
19709
19739
19744
19765
19770
19770
19779
19812
19820
19821
19826
19831
19835
19838
19839
19848
19864
19865
19880
19902
19923
19928
19929
19931
19953
19956
19959
19972
19975
19981
19991
19998
20002
20012
20018
20040
20048
20055
20062
20071
20075
20077
20094
20100
20144
20148
20218
20224
20227
20231
20235
20250
20265
20265
20288
20289
20292
20292
20296
20296
20311
20314
20336
20351
20362
20369
20374
20379
20385
20402
20405
20426
20452
20463
20473
20485
20487
20511
20542
20543
20550
20555
20562
20563
20565
20572
20601
20605
20625
20633
20645
20648
20669
20675
20688
20693
20698
20707
20712
20741
20757
20757
20762
20766
20777
20781
20791
20793
20805
20812
20843
20854
20855
20857
20879
20880
20892
20928
20929
20929
20947
20950
20955
20980
20987
20990
20993
21029
21040
21053
21058
21059
21069
21079
21088
21097
21123
21129
21147
21150
21158
21169
21194
21206
21215
21217
21218
21220
21229
21261
21269
21270
21277
21286
21298
21307
21323
21346
21349
21390
21391
21392
21392
21400
21407
21423
21436
21443
21448
21451
21458
21463
21470
21487
21493
21504
21515
21526
21545
21551
21556
21565
21572
21573
21603
21608
21623
21626
21627
21629
21633
21641
21641
21642
21643
21644
21678
21681
21682
21690
21695
21715
21718
21727
21730
21733
21736
21737
21754
21759
21762
21783
21790
21798
21799
21819
21826
21838
21853
21860
21867
21872
21877
21890
21921
21921
21924
21927
21931
21937
21960
21966
21971
21971
21988
22006
22023
22028
22032
22033
22034
22047
22051
22052
22055
22063
22065
22067
22071
22080
22091
22103
22125
22135
22136
22141
22159
22179
22182
22194
22220
22230
22231
22238
22257
22259
22260
22264
22271
22280
22284
22321
22323
22327
22357
22363
22363
22368
22374
22403
22403
22416
22421
22432
22436
22438
22448
22472
22474
22484
22507
22510
22515
22569
22574
22616
22629
22636
22639
22640
22641
22646
22648
22655
22675
22678
22699
22708
22719
22722
22748
22763
22766
22768
22772
22797
22804
22804
22824
22871
22872
22874
22900
22930
22952
22953
22958
22981
22999
23025
23050
23052
23074
23084
23086
23088
23100
23105
23117
23135
23152
23152
23174
23176
23185
23211
23217
23218
23221
23221
23222
23224
23225
23242
23257
23263
23269
23280
23281
23299
23303
23312
23324
23328
23331
23332
23332
23340
23351
23365
23366
23396
23409
23413
23427
23439
23468
23473
23478
23499
23509
23515
23520
23522
23535
23542
23544
23545
23564
23588
23599
23630
23662
23662
23665
23673
23685
23691
23705
23706
23713
23720
23735
23750
23753
23767
23769
23771
23797
23802
23804
23842
23844
23849
23856
23865
23865
23883
23897
23899
23902
23927
23939
23948
23949
23951
23956
23956
23983
23993
24000
24000
24006
24059
24071
24081
24089
24105
24108
24129
24165
24182
24199
24222
24239
24242
24256
24290
24312
24316
24321
24322
24348
24349
24356
24358
24370
24383
24406
24407
24416
24438
24443
24452
24459
24475
24489
24490
24496
24517
24526
24537
24548
24569
24575
24584
24591
24592
24594
24595
24603
24632
24653
24658
24661
24673
24685
24701
24708
24720
24722
24724
24764
24774
24776
24799
24803
24818
24840
24843
24850
24870
24877
24890
24924
24927
24959
24983
24984
24984
24988
25001
25001
25007
25016
25018
25029
25035
25057
25074
25093
25098
25104
25133
25149
25150
25157
25162
25167
25194
25211
25213
25214
25216
25220
25228
25236
25244
25273
25276
25282
25288
25293
25312
25332
25363
25393
25421
25439
25448
25459
25473
25476
25478
25482
25510
25513
25519
25523
25546
25560
25584
25591
25598
25611
25615
25624
25631
25653
25656
25665
25666
25705
25712
25744
25750
25752
25752
25756
25760
25789
25800
25824
25827
25830
25840
25857
25861
25871
25875
25882
25890
25891
25892
25897
25905
25916
25921
25922
25939
25952
25955
25958
25964
25970
25988
25995
25997
26002
26002
26006
26032
26051
26051
26079
26093
26122
26126
26151
26168
26171
26176
26177
26190
26207
26207
26225
26240
26257
26279
26292
26293
26308
26308
26325
26339
26343
26367
26373
26373
26394
26396
26402
26404
26407
26414
26419
26432
26433
26435
26446
26447
26464
26465
26487
26497
26514
26524
26534
26536
26541
26552
26583
26588
26590
26607
26616
26625
26663
26664
26665
26669
26670
26672
26672
26673
26675
26706
26708
26735
26737
26756
26769
26781
26784
26793
26814
26823
26825
26838
26866
26875
26892
26894
26902
26904
26907
26921
26923
26939
26945
26948
26949
26956
26959
26961
26963
26965
26972
26985
26990
26993
26996
27000
27027
27030
27039
27050
27058
27061
27065
27089
27092
27098
27106
27123
27125
27135
27142
27148
27164
27171
27180
27180
27181
27184
27194
27200
27201
27203
27216
27218
27224
27229
27230
27236
27237
27253
27255
27260
27262
27267
27290
27296
27298
27307
27309
27314
27328
27331
27337
27344
27358
27362
27366
27372
27374
27382
27389
27390
27404
27448
27460
27483
27498
27521
27531
27534
27559
27567
27572
27572
27603
27613
27623
27624
27636
27639
27658
27672
27706
27714
27735
27795
27801
27807
27812
27818
27851
27872
27878
27884
27897
27898
27899
27903
27925
27931
27951
27951
27953
27967
27980
27982
27997
28015
28034
28035
28046
28048
28055
28063
28066
28070
28072
28075
28084
28096
28141
28151
28182
28191
28192
28194
28206
28211
28219
28238
28254
28259
28292
28292
28317
28324
28325
28331
28332
28337
28350
28355
28363
28366
28375
28386
28393
28397
28399
28410
28426
28446
28458
28509
28514
28517
28521
28521
28536
28548
28550
28561
28567
28574
28595
28603
28604
28605
28618
28623
28630
28636
28636
28643
28643
28665
28681
28698
28707
28709
28718
28722
28724
28727
28733
28787
28816
28817
28829
28835
28836
28841
28857
28864
28865
28874
28892
28893
28900
28904
28914
28915
28925
28933
28938
28942
28950
28962
28973
28978
28983
29009
29050
29055
29065
29066
29068
29071
29071
29082
29085
29088
29091
29103
29144
29146
29150
29158
29172
29177
29183
29199
29212
29245
29252
29293
29296
29297
29303
29305
29311
29317
29343
29346
29362
29363
29378
29385
29390
29391
29418
29435
29436
29439
29449
29455
29456
29474
29475
29491
29494
29496
29529
29542
29552
29554
29554
29564
29577
29578
29587
29607
29610
29622
29629
29631
29645
29678
29683
29686
29688
29689
29694
29714
29726
29728
29748
29756
29758
29761
29776
29780
29790
29793
29797
29850
29851
29857
29857
29879
29885
29901
29909
29921
29929
29929
29950
29953
29960
29961
29963
29964
29983
29985
29990
29998
30004
30018
30018
30028
30044
30052
30054
30056
30064
30080
30080
30086
30088
30098
30102
30122
30126
30126
30131
30145
30170
30174
30187
30195
30204
30218
30245
30277
30278
30291
30304
30307
30325
30360
30360
30369
30370
30409
30415
30420
30444
30447
30462
30464
30472
30494
30500
30501
30501
30507
30509
30512
30514
30529
30542
30554
30555
30555
30556
30576
30584
30589
30591
30605
30627
30633
30636
30637
30653
30672
30679
30684
30686
30691
30691
30706
30717
30742
30745
30745
30746
30751
30780
30782
30784
30787
30805
30817
30836
30846
30862
30868
30895
30927
30928
30933
30936
30972
30973
30976
30985
30999
31002
31012
31013
31028
31028
31049
31058
31060
31070
31080
31082
31099
31106
31108
31109
31115
31116
31117
31127
31134
31137
31166
31173
31178
31185
31187
31187
31191
31200
31204
31212
31219
31234
31238
31242
31245
31255
31270
31280
31291
31299
31325
31328
31328
31337
31347
31359
31371
31373
31415
31416
31422
31427
31445
31471
31476
31477
31478
31488
31504
31511
31519
31529
31533
31535
31540
31541
31546
31550
31593
31596
31611
31617
31627
31637
31643
31652
31658
31689
31693
31702
31703
31724
31727
31749
31752
31755
31757
31764
31778
31782
31828
31913
31927
31958
31970
31983
31985
31986
32000
32001
32002
32006
32013
32023
32042
32068
32074
32080
32081
32104
32107
32121
32139
32144
32144
32194
32213
32215
32220
32232
32248
32250
32252
32254
32257
32263
32267
32268
32286
32295
32312
32313
32332
32341
32345
32358
32431
32432
32434
32436
32453
32461
32461
32488
32490
32498
32504
32510
32524
32577
32578
32579
32583
32584
32587
32589
32603
32637
32637
32639
32642
32648
32654
32654
32657
32676
32679
32684
32684
32690
32703
32709
32729
32752
32764
32769
32784
32794
32807
32810
32817
32828
32831
32835
32845
32849
32902
32904
32928
32931
32934
32938
32955
32976
32978
32989
32995
32995
32999
33005
33006
33013
33021
33041
33044
33066
33067
33075
33086
33126
33136
33159
33159
33162
33164
33180
33196
33201
33230
33242
33251
33253
33256
33280
33309
33312
33350
33357
33360
33363
33377
33381
33394
33394
33396
33397
33399
33407
33408
33423
33429
33483
33488
33491
33500
33509
33519
33527
33529
33553
33557
33564
33583
33599
33612
33612
33618
33619
33619
33620
33620
33625
33626
33659
33676
33679
33684
33689
33709
33710
33719
33733
33744
33761
33764
33771
33775
33781
33783
33804
33821
33829
33834
33853
33881
33884
33893
33894
33895
33896
33906
33908
33912
33917
33918
33934
33950
33972
33973
33988
33997
34017
34053
34074
34097
34113
34119
34121
34169
34179
34183
34190
34203
34206
34224
34224
34236
34243
34243
34254
34256
34263
34264
34264
34272
34272
34297
34300
34321
34329
34339
34347
34356
34374
34395
34404
34440
34445
34450
34453
34459
34473
34480
34500
34505
34506
34514
34516
34517
34522
34536
34541
34542
34544
34556
34558
34575
34576
34602
34604
34610
34612
34641
34643
34645
34663
34668
34685
34689
34690
34695
34699
34710
34714
34721
34725
34737
34738
34740
34744
34760
34775
34776
34802
34802
34810
34811
34813
34817
34819
34821
34832
34834
34856
34860
34866
34866
34873
34890
34890
34912
34919
34939
34940
34946
34946
34960
34962
34967
34987
34988
35001
35003
35027
35040
35041
35042
35045
35046
35046
35054
35061
35076
35092
35099
35104
35114
35155
35156
35159
35160
35161
35187
35188
35206
35230
35233
35252
35255
35256
35259
35283
35300
35302
35310
35327
35332
35340
35344
35353
35373
35374
35376
35379
35382
35392
35394
35397
35413
35438
35445
35452
35453
35461
35500
35523
35538
35538
35538
35542
35546
35555
35559
35564
35588
35594
35601
35616
35629
35645
35655
35656
35677
35688
35701
35705
35713
35715
35745
35746
35762
35765
35777
35796
35800
35812
35813
35813
35822
35842
35842
35845
35854
35873
35889
35894
35895
35907
35910
35915
35916
35933
35970
35971
35976
35990
36067
36069
36070
36075
36097
36115
36133
36139
36148
36158
36206
36208
36213
36221
36226
36248
36250
36255
36259
36292
36293
36297
36309
36325
36327
36327
36328
36333
36348
36354
36380
36394
36405
36408
36421
36438
36441
36444
36446
36472
36477
36479
36495
36501
36512
36513
36519
36534
36538
36539
36543
36544
36565
36577
36596
36602
36610
36616
36645
36652
36654
36658
36665
36666
36669
36671
36696
36701
36707
36717
36719
36720
36727
36750
36752
36783
36793
36809
36813
36822
36831
36832
36834
36838
36848
36848
36849
36853
36854
36860
36867
36870
36882
36910
36918
36944
36951
36952
36970
36970
36970
36981
36990
37004
37012
37019
37020
37030
37033
37035
37042
37052
37052
37053
37059
37059
37064
37067
37070
37074
37077
37088
37101
37155
37176
37183
37186
37198
37201
37201
37211
37233
37236
37236
37237
37243
37248
37250
37262
37276
37281
37285
37287
37287
37294
37300
37303
37307
37348
37351
37356
37368
37369
37373
37378
37382
37382
37395
37395
37400
37407
37414
37438
37444
37444
37452
37461
37462
37464
37478
37478
37492
37509
37535
37560
37568
37576
37581
37591
37592
37624
37637
37646
37653
37657
37658
37667
37678
37686
37695
37703
37725
37740
37748
37773
37779
37781
37804
37805
37814
37848
37850
37868
37876
37883
37884
37934
37970
37971
37979
37986
38015
38021
38023
38029
38058
38086
38115
38131
38131
38137
38140
38154
38170
38172
38173
38189
38193
38197
38202
38205
38212
38224
38239
38249
38279
38288
38289
38294
38296
38297
38307
38312
38314
38373
38382
38394
38400
38404
38412
38416
38451
38452
38453
38461
38462
38472
38498
38499
38505
38542
38546
38553
38554
38554
38567
38569
38572
38574
38576
38579
38584
38594
38597
38618
38619
38623
38628
38652
38654
38658
38663
38677
38692
38707
38712
38713
38719
38737
38754
38781
38809
38829
38839
38840
38847
38853
38884
38886
38907
38955
38970
39006
39015
39021
39025
39035
39055
39067
39069
39077
39084
39095
39097
39100
39133
39140
39145
39152
39186
39195
39202
39207
39212
39221
39238
39242
39251
39253
39271
39272
39274
39277
39278
39287
39300
39301
39327
39328
39344
39359
39364
39368
39370
39377
39389
39402
39410
39423
39424
39428
39444
39444
39466
39469
39478
39479
39480
39485
39493
39509
39518
39523
39529
39533
39534
39534
39558
39572
39572
39591
39602
39614
39620
39624
39631
39633
39634
39645
39651
39657
39665
39677
39684
39688
39701
39702
39704
39716
39717
39723
39726
39731
39734
39761
39772
39780
39784
39818
39820
39825
39832
39856
39856
39864
39872
39896
39898
39911
39928
39928
39931
39932
39936
39939
39954
39955
39974
39985
39986
39990
40016
40046
40047
40052
40055
40071
40081
40089
40092
40110
40112
40113
40124
40131
40133
40140
40148
40153
40162
40183
40212
40237
40249
40253
40258
40260
40262
40267
40297
40297
40298
40308
40314
40326
40335
40371
40376
40413
40425
40427
40436
40444
40456
40466
40472
40473
40473
40501
40511
40530
40531
40546
40567
40576
40577
40577
40582
40585
40611
40635
40637
40638
40671
40688
40720
40736
40770
40789
40795
40844
40858
40868
40872
40883
40915
40918
40950
40961
40983
40993
41002
41011
41030
41034
41039
41068
41072
41079
41092
41104
41126
41143
41160
41160
41161
41162
41163
41166
41186
41195
41198
41200
41240
41244
41245
41258
41284
41306
41325
41354
41355
41372
41377
41391
41403
41405
41419
41427
41435
41478
41480
41489
41496
41512
41518
41520
41521
41524
41526
41568
41591
41598
41599
41611
41640
41660
41666
41710
41717
41721
41725
41749
41749
41751
41758
41758
41763
41764
41771
41792
41793
41795
41797
41805
41827
41829
41842
41853
41866
41880
41924
41948
41951
41955
42002
42020
42034
42057
42080
42082
42105
42106
42122
42124
42127
42127
42132
42132
42137
42151
42168
42179
42195
42206
42207
42208
42211
42222
42252
42271
42272
42285
42289
42301
42306
42322
42327
42329
42350
42356
42358
42371
42375
42383
42384
42419
42432
42437
42468
42477
42514
42524
42532
42548
42560
42576
42577
42588
42589
42593
42596
42601
42611
42619
42624
42636
42643
42645
42649
42656
42681
42690
42710
42726
42727
42784
42793
42799
42813
42820
42826
42827
42827
42830
42844
42858
42863
42869
42878
42885
42891
42903
42906
42916
42921
42925
42930
42948
42969
42970
42972
42973
42979
42983
42987
42998
43002
43006
43023
43028
43029
43032
43032
43033
43039
43049
43050
43053
43059
43064
43064
43068
43083
43084
43094
43116
43138
43139
43142
43146
43166
43174
43193
43197
43209
43211
43213
43231
43231
43233
43248
43256
43268
43282
43284
43286
43291
43295
43296
43297
43297
43307
43333
43340
43342
43360
43362
43364
43388
43390
43433
43439
43457
43522
43528
43535
43541
43546
43548
43556
43560
43589
43612
43613
43622
43626
43654
43666
43667
43695
43704
43717
43724
43724
43730
43732
43739
43749
43760
43760
43766
43767
43772
43779
43793
43801
43803
43812
43816
43824
43838
43847
43849
43864
43868
43869
43897
43941
43948
43949
43951
43974
43993
44005
44017
44026
44042
44054
44064
44069
44074
44106
44112
44129
44167
44182
44185
44237
44242
44259
44262
44280
44283
44292
44303
44304
44322
44325
44329
44332
44360
44387
44392
44409
44418
44426
44433
44433
44437
44445
44447
44448
44450
44461
44465
44474
44479
44525
44528
44532
44551
44584
44588
44589
44601
44606
44610
44617
44618
44621
44638
44660
44660
44665
44674
44688
44732
44748
44789
44794
44802
44808
44827
44865
44877
44878
44894
44903
44908
44911
44933
44942
44957
44962
44993
45014
45016
45016
45027
45027
45029
45051
45062
45068
45073
45085
45089
45090
45112
45115
45118
45125
45125
45126
45130
45132
45136
45142
45145
45151
45152
45173
45206
45216
45217
45221
45233
45241
45280
45302
45302
45312
45320
45329
45330
45352
45355
45371
45378
45379
45379
45379
45382
45385
45399
45400
45428
45441
45451
45471
45477
45488
45489
45520
45522
45536
45539
45577
45587
45588
45590
45611
45615
45626
45626
45632
45655
45656
45658
45660
45676
45694
45705
45719
45721
45732
45752
45788
45813
45837
45845
45847
45891
45898
45931
45946
45947
45963
45979
45984
45994
46006
46031
46034
46042
46049
46052
46054
46059
46062
46073
46076
46082
46088
46110
46113
46118
46122
46124
46124
46134
46168
46181
46190
46212
46213
46217
46219
46240
46247
46251
46283
46295
46300
46341
46344
46352
46377
46387
46402
46409
46428
46432
46437
46451
46467
46491
46505
46506
46508
46513
46513
46535
46540
46560
46576
46579
46585
46592
46635
46640
46640
46653
46668
46672
46677
46683
46684
46701
46708
46710
46711
46714
46715
46752
46762
46765
46777
46783
46785
46792
46792
46795
46800
46810
46824
46834
46837
46841
46845
46856
46861
46870
46876
46876
46897
46901
46915
46916
46921
46925
46941
46946
46956
46964
46972
46975
46979
46982
46986
46991
47018
47021
47030
47062
47081
47108
47125
47132
47178
47183
47193
47195
47202
47210
47215
47221
47225
47231
47238
47254
47273
47291
47300
47303
47329
47342
47354
47360
47376
47377
47414
47430
47431
47439
47469
47472
47484
47490
47501
47525
47574
47580
47601
47601
47611
47612
47614
47617
47632
47658
47659
47732
47735
47766
47780
47789
47801
47807
47818
47827
47832
47838
47839
47844
47853
47855
47859
47887
47905
47947
47966
47967
47993
48003
48021
48030
48032
48042
48049
48052
48063
48072
48074
48080
48085
48089
48093
48095
48106
48109
48126
48138
48144
48156
48184
48184
48186
48187
48198
48231
48245
48255
48262
48281
48288
48295
48317
48342
48360
48365
48372
48380
48387
48396
48413
48417
48424
48445
48454
48465
48470
48475
48480
48482
48486
48497
48501
48505
48506
48509
48514
48517
48517
48536
48538
48551
48573
48583
48595
48603
48604
48606
48626
48630
48643
48645
48669
48677
48687
48692
48692
48730
48747
48749
48756
48759
48772
48788
48820
48857
48884
48892
48899
48912
48930
48930
48945
48956
48961
48962
48968
48970
48988
49023
49024
49034
49041
49043
49053
49054
49056
49058
49060
49080
49096
49109
49112
49112
49115
49131
49140
49145
49150
49153
49154
49180
49181
49189
49189
49190
49209
49213
49255
49298
49302
49309
49313
49314
49328
49330
49348
49363
49373
49390
49405
49417
49423
49436
49440
49444
49445
49445
49450
49457
49460
49482
49492
49497
49541
49565
49576
49578
49580
49620
49629
49636
49646
49648
49653
49670
49679
49683
49697
49713
49713
49715
49721
49727
49730
49759
49762
49769
49773
49779
49789
49792
49810
49819
49821
49841
49888
49897
49898
49905
49932
49951
49964
49995
50002
50019
50033
50040
50040
50041
50046
50050
50064
50074
50099
50127
50133
50137
50148
50168
50186
50188
50227
50250
50287
50297
50312
50330
50360
50364
50369
50372
50382
50392
50407
50412
50413
50419
50423
50426
50431
50460
50475
50475
50483
50501
50505
50536
50573
50577
50583
50592
50597
50602
50615
50637
50640
50656
50660
50662
50670
50681
50687
50687
50689
50698
50714
50741
50752
50758
50762
50768
50782
50788
50798
50800
50805
50807
50814
50815
50838
50841
50867
50876
50880
50881
50889
50899
50907
50918
50920
50925
50928
50934
50937
50949
50971
51007
51008
51011
51029
51053
51059
51074
51098
51106
51110
51120
51139
51151
51156
51162
51163
51167
51169
51174
51195
51195
51205
51205
51212
51212
51221
51233
51236
51247
51258
51266
51272
51285
51290
51295
51296
51335
51345
51357
51364
51365
51378
51417
51423
51423
51440
51455
51458
51468
51470
51475
51479
51483
51494
51513
51526
51531
51548
51555
51563
51584
51585
51585
51586
51591
51596
51608
51609
51622
51624
51628
51629
51636
51639
51662
51669
51674
51702
51712
51722
51723
51735
51736
51737
51741
51741
51752
51755
51759
51775
51785
51800
51804
51810
51833
51844
51857
51865
51887
51894
51903
51909
51911
51942
51948
51948
51955
51958
51961
51962
51974
51988
51997
52009
52028
52034
52039
52059
52062
52092
52092
52097
52102
52136
52141
52142
52145
52164
52167
52176
52194
52221
52242
52287
52288
52295
52305
52306
52311
52316
52317
52334
52336
52338
52340
52340
52348
52372
52373
52382
52384
52395
52405
52419
52463
52465
52471
52473
52479
52489
52490
52494
52515
52520
52521
52523
52525
52541
52578
52584
52605
52620
52620
52629
52634
52649
52653
52654
52654
52672
52697
52725
52738
52744
52745
52749
52752
52779
52788
52799
52807
52812
52812
52814
52815
52822
52823
52828
52833
52835
52837
52869
52891
52912
52925
52941
52951
52959
52971
52975
52983
52993
52995
52997
53005
53010
53015
53028
53037
53037
53042
53048
53053
53057
53066
53070
53088
53101
53107
53111
53124
53131
53148
53155
53171
53186
53189
53196
53207
53215
53218
53227
53240
53252
53261
53263
53267
53270
53271
53276
53288
53289
53299
53309
53321
53340
53348
53371
53381
53387
53394
53407
53412
53412
53433
53438
53445
53450
53452
53456
53463
53466
53481
53527
53541
53553
53560
53580
53586
53601
53625
53636
53639
53661
53664
53673
53675
53694
53695
53695
53699
53717
53726
53733
53762
53772
53779
53796
53799
53804
53821
53826
53833
53852
53855
53855
53858
53871
53875
53877
53890
53916
53921
53935
53938
53941
53952
53952
53969
53975
53995
53998
53999
54012
54013
54017
54040
54061
54063
54075
54091
54099
54104
54105
54107
54114
54118
54127
54127
54128
54128
54141
54159
54187
54188
54197
54202
54207
54209
54240
54261
54281
54283
54289
54299
54317
54326
54328
54364
54370
54382
54385
54410
54419
54421
54444
54447
54448
54449
54454
54455
54467
54482
54510
54552
54555
54561
54563
54578
54588
54592
54612
54623
54624
54646
54660
54661
54703
54710
54711
54731
54744
54751
54788
54804
54808
54827
54850
54867
54881
54883
54885
54890
54948
54955
54977
54984
54993
54997
54998
55005
55008
55008
55016
55016
55026
55034
55034
55044
55060
55072
55088
55100
55106
55108
55120
55126
55130
55141
55143
55159
55199
55216
55221
55224
55265
55272
55284
55289
55307
55322
55324
55325
55330
55335
55343
55345
55348
55351
55357
55372
55380
55380
55383
55397
55399
55401
55411
55412
55449
55457
55461
55482
55482
55483
55527
55534
55546
55560
55586
55620
55620
55642
55660
55674
55679
55684
55688
55697
55698
55699
55699
55701
55717
55718
55724
55739
55758
55790
55809
55812
55818
55829
55837
55868
55905
55940
55957
55975
55975
55978
55988
56012
56025
56034
56042
56044
56047
56049
56055
56056
56060
56069
56078
56103
56116
56149
56172
56176
56199
56209
56237
56241
56267
56271
56278
56283
56284
56288
56291
56303
56319
56319
56328
56389
56390
56418
56424
56447
56457
56471
56474
56481
56490
56494
56520
56526
56530
56531
56550
56558
56563
56564
56567
56577
56578
56578
56586
56587
56588
56606
56606
56606
56612
56616
56624
56635
56644
56651
56653
56657
56662
56663
56666
56667
56669
56669
56671
56673
56721
56725
56726
56733
56737
56757
56770
56772
56790
56790
56795
56796
56796
56804
56805
56827
56827
56836
56839
56856
56859
56877
56877
56912
56951
56953
56966
56971
56971
56977
56981
56991
57000
57017
57023
57026
57030
57036
57059
57085
57095
57120
57125
57127
57131
57141
57148
57166
57168
57174
57194
57199
57215
57221
57221
57222
57230
57245
57289
57321
57323
57323
57339
57344
57348
57352
57358
57361
57366
57391
57392
57427
57437
57439
57469
57476
57480
57484
57485
57492
57511
57513
57533
57560
57561
57583
57589
57599
57609
57612
57630
57634
57647
57651
57669
57669
57671
57672
57683
57726
57728
57736
57737
57764
57782
57794
57796
57800
57814
57838
57842
57846
57867
57872
57882
57883
57886
57886
57889
57909
57916
57923
57924
57942
57962
57974
57978
58009
58009
58016
58027
58047
58048
58064
58076
58081
58087
58111
58118
58149
58150
58161
58165
58179
58182
58183
58186
58201
58207
58214
58222
58242
58250
58256
58257
58260
58262
58268
58291
58294
58315
58316
58322
58326
58330
58333
58339
58347
58357
58366
58379
58384
58396
58419
58420
58434
58467
58467
58477
58480
58506
58513
58515
58527
58552
58558
58558
58561
58605
58628
58642
58655
58657
58663
58664
58673
58691
58697
58702
58713
58735
58736
58738
58742
58756
58759
58763
58780
58782
58786
58792
58794
58794
58796
58801
58806
58812
58812
58834
58861
58861
58866
58875
58892
58892
58913
58914
58918
58947
58953
58955
58972
58974
58986
58992
58998
59007
59017
59020
59023
59028
59032
59038
59052
59062
59062
59062
59076
59083
59094
59103
59114
59120
59144
59154
59157
59161
59208
59213
59215
59230
59234
59235
59252
59255
59261
59272
59276
59288
59302
59305
59323
59328
59339
59340
59341
59350
59355
59370
59378
59410
59411
59411
59434
59444
59465
59465
59489
59492
59497
59500
59506
59533
59537
59569
59574
59576
59584
59589
59590
59599
59604
59629
59629
59634
59657
59663
59689
59691
59693
59697
59698
59703
59718
59736
59754
59783
59792
59796
59801
59813
59817
59843
59844
59877
59882
59896
59913
59921
59949
59966
59968
59971
59974
59979
59988
60014
60015
60036
60052
60053
60068
60069
60071
60077
60083
60086
60091
60096
60105
60119
60137
60144
60148
60150
60154
60155
60161
60169
60186
60191
60204
60211
60238
60241
60241
60247
60249
60259
60261
60267
60272
60275
60280
60302
60303
60309
60319
60329
60331
60331
60338
60366
60370
60388
60388
60398
60401
60420
60433
60433
60435
60437
60452
60480
60481
60488
60502
60510
60511
60516
60516
60521
60531
60537
60552
60566
60575
60584
60587
60593
60599
60602
60610
60617
60647
60712
60732
60735
60736
60739
60743
60744
60744
60768
60773
60789
60797
60801
60806
60813
60852
60863
60868
60870
60873
60876
60902
60916
60919
60920
60922
60928
60943
60944
60950
60956
60965
60981
60984
61000
61018
61021
61025
61026
61027
61066
61070
61093
61117
61119
61129
61142
61150
61157
61159
61163
61164
61165
61191
61193
61205
61210
61247
61249
61277
61288
61294
61303
61312
61322
61339
61345
61349
61370
61399
61402
61404
61404
61435
61451
61456
61462
61463
61477
61480
61481
61494
61500
61504
61506
61517
61527
61529
61532
61548
61562
61573
61626
61633
61635
61640
61646
61657
61708
61717
61745
61765
61780
61792
61806
61815
61819
61823
61827
61833
61846
61852
61855
61870
61871
61879
61880
61901
61919
61924
61928
61936
61951
61954
61976
61985
61993
62010
62026
62041
62064
62069
62085
62095
62096
62109
62116
62117
62174
62199
62205
62205
62212
62217
62245
62246
62256
62270
62277
62290
62303
62317
62325
62325
62333
62336
62345
62356
62368
62382
62389
62389
62397
62408
62410
62420
62423
62429
62462
62495
62496
62506
62511
62517
62536
62540
62555
62560
62562
62572
62580
62583
62599
62611
62624
62625
62638
62639
62652
62654
62659
62663
62664
62675
62678
62684
62688
62689
62703
62710
62710
62715
62720
62731
62736
62747
62759
62777
62778
62789
62799
62803
62805
62810
62827
62846
62853
62859
62870
62877
62889
62894
62902
62905
62925
62932
62933
62934
62946
62949
62954
62974
62990
62996
63000
63004
63006
63018
63024
63029
63039
63047
63052
63069
63074
63080
63081
63097
63100
63100
63130
63132
63162
63184
63195
63199
63215
63218
63232
63233
63233
63242
63261
63271
63276
63278
63296
63302
63308
63308
63315
63321
63322
63326
63345
63352
63355
63356
63357
63359
63362
63383
63388
63389
63403
63408
63415
63429
63433
63434
63446
63460
63486
63500
63502
63503
63535
63537
63540
63541
63564
63567
63570
63575
63575
63595
63605
63623
63638
63639
63644
63649
63651
63654
63655
63662
63662
63675
63685
63690
63718
63719
63728
63745
63754
63759
63789
63798
63801
63830
63832
63836
63856
63866
63871
63873
63874
63880
63889
63907
63926
63926
63927
63927
63949
63951
63964
63964
63982
64002
64023
64034
64039
64046
64054
64055
64060
64091
64099
64102
64108
64122
64140
64141
64144
64151
64155
64156
64165
64171
64171
64177
64178
64179
64192
64200
64207
64221
64227
64243
64256
64263
64264
64266
64289
64294
64306
64315
64320
64325
64327
64339
64346
64350
64352
64372
64378
64382
64383
64385
64388
64406
64409
64410
64416
64439
64445
64486
64502
64503
64506
64512
64522
64530
64541
64546
64572
64591
64619
64620
64625
64653
64668
64673
64674
64689
64691
64696
64711
64717
64720
64720
64739
64755
64756
64758
64766
64779
64785
64795
64815
64817
64825
64837
64858
64863
64866
64868
64876
64885
64893
64905
64910
64912
64927
64938
64967
64967
64987
64987
64989
64995
65005
65009
65023
65026
65048
65053
65060
65061
65070
65084
65085
65086
65090
65106
65111
65117
65121
65122
65125
65143
65158
65159
65161
65166
65189
65196
65199
65199
65207
65213
65221
65234
65239
65241
65249
65256
65260
65260
65262
65274
65293
65309
65313
65322
65332
65334
65344
65349
65354
65363
65372
65398
65399
65420
65424
65433
65434
65438
65441
65465
65479
65517
65522
65531
65536
65541
65559
65568
65594
65621
65631
65647
65656
65667
65684
65685
65697
65698
65703
65711
65712
65742
65742
65753
65773
65774
65805
65808
65812
65823
65846
65863
65871
65878
65890
65898
65907
65907
65909
65926
65930
65971
65971
65976
65986
65988
65999
66001
66027
66028
66032
66034
66036
66047
66053
66058
66101
66114
66125
66126
66140
66144
66162
66162
66169
66189
66202
66217
66248
66250
66267
66273
66283
66291
66307
66307
66314
66319
66343
66348
66358
66377
66381
66381
66386
66420
66445
66449
66468
66470
66486
66506
66516
66524
66528
66537
66539
66539
66540
66554
66566
66571
66575
66581
66592
66593
66594
66604
66606
66617
66621
66657
66668
66690
66695
66700
66704
66721
66754
66791
66800
66821
66827
66833
66835
66855
66872
66872
66879
66891
66896
66900
66923
66941
66946
66976
66994
66998
67021
67031
67035
67053
67061
67067
67086
67103
67106
67109
67111
67115
67123
67137
67171
67172
67184
67189
67222
67230
67230
67292
67297
67301
67302
67313
67322
67331
67334
67342
67348
67350
67354
67359
67360
67362
67365
67367
67387
67389
67392
67411
67431
67435
67437
67456
67459
67463
67469
67478
67480
67483
67494
67505
67507
67508
67510
67513
67513
67515
67516
67537
67542
67548
67550
67555
67576
67581
67585
67597
67603
67611
67617
67622
67674
67681
67681
67686
67700
67705
67729
67731
67740
67742
67745
67764
67787
67807
67815
67823
67824
67828
67836
67870
67880
67885
67903
67907
67911
67913
67917
67927
67956
67960
67970
67973
67976
67984
67996
68010
68021
68025
68033
68035
68046
68048
68064
68064
68085
68085
68100
68128
68154
68159
68186
68200
68206
68208
68212
68235
68239
68247
68255
68256
68277
68296
68305
68314
68326
68332
68337
68354
68362
68363
68365
68381
68385
68395
68400
68403
68410
68422
68429
68431
68436
68451
68454
68473
68478
68481
68481
68513
68524
68526
68533
68534
68554
68554
68558
68563
68563
68569
68574
68576
68580
68603
68611
68621
68626
68639
68639
68652
68654
68660
68663
68689
68695
68705
68713
68761
68775
68789
68798
68800
68826
68848
68862
68864
68879
68884
68884
68887
68892
68896
68912
68922
68933
68938
68972
68974
68975
68985
68986
68999
69017
69022
69030
69040
69046
69051
69057
69066
69071
69091
69119
69138
69138
69139
69150
69153
69156
69160
69169
69169
69171
69174
69177
69195
69200
69205
69207
69211
69218
69220
69245
69245
69247
69261
69269
69290
69296
69309
69311
69327
69330
69338
69347
69349
69364
69366
69371
69375
69391
69396
69397
69397
69422
69424
69462
69470
69484
69502
69532
69570
69575
69581
69581
69617
69619
69627
69629
69636
69648
69673
69678
69696
69699
69712
69728
69729
69731
69739
69746
69749
69749
69752
69752
69802
69803
69806
69808
69809
69818
69826
69870
69883
69890
69910
69913
69914
69923
69943
69944
69945
69956
69959
69978
69986
69993
69995
69999
70009
70011
70023
70038
70047
70055
70058
70058
70076
70079
70091
70093
70095
70100
70110
70123
70129
70129
70132
70135
70146
70148
70150
70167
70173
70176
70185
70186
70208
70222
70233
70236
70259
70276
70276
70279
70281
70306
70309
70317
70317
70321
70341
70348
70353
70355
70359
70362
70369
70377
70378
70378
70395
70406
70408
70410
70466
70471
70495
70498
70500
70511
70531
70567
70590
70599
70602
70646
70654
70654
70673
70678
70691
70702
70713
70733
70737
70756
70763
70769
70779
70798
70802
70805
70818
70824
70835
70838
70853
70855
70858
70866
70873
70911
70921
70925
70931
70976
70989
70993
71001
71005
71008
71028
71057
71063
71075
71080
71087
71087
71087
71102
71108
71131
71171
71172
71211
71222
71225
71237
71251
71265
71307
71312
71321
71330
71345
71354
71368
71403
71406
71409
71410
71441
71454
71479
71481
71483
71504
71506
71513
71519
71540
71546
71557
71563
71564
71581
71586
71591
71594
71607
71611
71614
71626
71634
71645
71648
71650
71654
71659
71670
71671
71685
71690
71703
71706
71716
71734
71746
71747
71748
71757
71758
71759
71759
71774
71776
71781
71787
71794
71816
71829
71844
71868
71875
71882
71892
71897
71898
71934
71938
71945
71957
71959
71982
71988
71991
71995
72003
72029
72048
72048
72054
72061
72083
72095
72098
72102
72133
72147
72185
72203
72205
72222
72239
72240
72254
72272
72273
72285
72312
72321
72322
72333
72337
72356
72375
72403
72403
72409
72411
72419
72427
72432
72437
72445
72455
72457
72468
72487
72490
72495
72499
72504
72525
72551
72558
72574
72583
72586
72642
72666
72667
72678
72689
72715
72715
72726
72727
72738
72740
72790
72809
72821
72828
72830
72835
72836
72846
72847
72848
72858
72864
72866
72871
72902
72906
72914
72927
72936
72967
72998
73004
73005
73016
73037
73039
73056
73066
73069
73085
73091
73095
73098
73105
73106
73117
73118
73118
73132
73135
73138
73151
73156
73159
73159
73161
73174
73178
73181
73187
73192
73197
73216
73216
73222
73223
73242
73246
73299
73326
73350
73354
73368
73372
73374
73375
73388
73397
73397
73404
73406
73413
73418
73436
73441
73441
73466
73466
73473
73477
73488
73494
73504
73544
73549
73551
73563
73570
73581
73606
73609
73610
73611
73612
73613
73615
73650
73663
73670
73675
73677
73682
73690
73705
73706
73711
73711
73721
73724
73730
73732
73742
73752
73754
73757
73771
73795
73797
73798
73815
73818
73823
73835
73850
73852
73862
73867
73888
73911
73914
73916
73931
73941
73943
73962
73964
73971
73985
73994
73994
73999
74012
74012
74029
74053
74059
74060
74074
74086
74087
74090
74093
74114
74117
74127
74131
74133
74133
74135
74137
74169
74174
74175
74182
74183
74185
74192
74213
74227
74236
74239
74294
74310
74310
74312
74319
74319
74320
74325
74329
74333
74335
74375
74376
74381
74382
74392
74398
74409
74409
74419
74423
74427
74441
74452
74459
74478
74483
74484
74512
74539
74548
74596
74608
74618
74619
74620
74639
74673
74679
74698
74707
74710
74733
74736
74763
74766
74771
74773
74776
74812
74837
74868
74869
74884
74898
74900
74900
74901
74903
74903
74913
74926
74927
74927
74935
74935
74955
74973
74973
74982
75001
75004
75004
75006
75020
75022
75022
75025
75044
75055
75060
75072
75084
75087
75088
75090
75091
75100
75111
75114
75120
75125
75125
75155
75172
75186
75195
75205
75211
75212
75236
75241
75244
75254
75257
75258
75271
75274
75293
75298
75307
75307
75317
75354
75360
75379
75380
75391
75393
75402
75415
75440
75459
75477
75483
75489
75493
75500
75500
75511
75542
75543
75544
75552
75553
75556
75576
75596
75618
75635
75638
75672
75677
75682
75683
75688
75713
75735
75753
75754
75759
75771
75778
75802
75815
75824
75825
75832
75850
75858
75867
75874
75876
75880
75898
75898
75906
75932
75950
75951
75958
75959
75988
75989
76001
76008
76018
76021
76025
76027
76028
76029
76031
76036
76043
76047
76049
76051
76060
76068
76080
76096
76111
76139
76143
76151
76158
76169
76172
76177
76187
76198
76207
76209
76216
76233
76235
76240
76246
76275
76289
76310
76316
76322
76326
76351
76359
76374
76375
76403
76414
76417
76425
76433
76433
76434
76452
76452
76473
76506
76508
76515
76523
76541
76555
76582
76590
76596
76600
76605
76610
76629
76648
76659
76660
76675
76684
76685
76689
76706
76723
76734
76737
76745
76753
76758
76773
76786
76787
76787
76787
76799
76812
76812
76815
76822
76839
76856
76863
76871
76886
76892
76900
76900
76909
76944
76958
76964
76968
76972
76994
76999
77007
77009
77030
77044
77049
77095
77104
77113
77134
77137
77144
77173
77181
77181
77199
77200
77210
77237
77250
77270
77274
77283
77292
77296
77298
77324
77331
77333
77341
77364
77366
77386
77391
77393
77420
77455
77459
77469
77476
77484
77495
77521
77528
77541
77542
77557
77558
77591
77593
77594
77596
77596
77615
77617
77619
77627
77662
77664
77666
77672
77678
77681
77696
77702
77706
77712
77714
77718
77743
77748
77759
77765
77770
77770
77805
77806
77816
77818
77827
77835
77835
77878
77885
77889
77893
77900
77917
77932
77933
77935
77944
77953
77967
77997
77999
78001
78016
78061
78081
78088
78116
78125
78127
78127
78131
78138
78142
78144
78145
78152
78180
78185
78185
78200
78200
78204
78207
78230
78231
78250
78254
78256
78257
78261
78263
78265
78274
78285
78297
78301
78312
78345
78348
78353
78357
78361
78366
78367
78382
78399
78401
78401
78424
78432
78435
78438
78449
78477
78483
78485
78497
78515
78527
78540
78540
78547
78555
78557
78559
78563
78577
78590
78592
78592
78593
78594
78601
78617
78655
78655
78666
78669
78696
78700
78718
78726
78726
78727
78743
78754
78775
78797
78804
78830
78842
78852
78856
78867
78886
78888
78893
78898
78924
78929
78941
78943
78948
78949
78961
78970
78973
78981
78986
78990
78996
78998
79001
79042
79052
79061
79063
79082
79091
79109
79152
79153
79161
79163
79165
79179
79196
79200
79205
79217
79223
79236
79245
79252
79260
79268
79271
79277
79277
79297
79307
79311
79314
79319
79320
79332
79342
79364
79384
79387
79387
79396
79401
79403
79413
79418
79418
79424
79424
79428
79437
79441
79487
79496
79526
79537
79545
79557
79563
79576
79589
79605
79606
79612
79625
79630
79654
79661
79676
79723
79727
79729
79748
79749
79770
79777
79789
79791
79796
79842
79847
79856
79869
79881
79891
79899
79923
79965
79977
79979
79990
80010
80017
80018
80032
80037
80038
80038
80051
80058
80066
80067
80093
80130
80131
80158
80172
80201
80237
80287
80301
80304
80325
80328
80346
80351
80365
80367
80376
80406
80414
80415
80424
80424
80433
80447
80459
80467
80473
80486
80487
80491
80492
80503
80503
80506
80528
80563
80595
80596
80596
80597
80597
80599
80602
80604
80613
80618
80620
80621
80626
80641
80660
80661
80664
80709
80713
80714
80716
80730
80734
80734
80745
80746
80757
80759
80773
80805
80807
80808
80810
80816
80818
80827
80844
80845
80864
80897
80901
80906
80916
80950
80952
80955
80983
80989
81007
81013
81017
81021
81024
81027
81035
81042
81047
81067
81080
81092
81116
81116
81117
81118
81124
81129
81130
81145
81145
81176
81189
81191
81196
81210
81219
81226
81232
81242
81247
81267
81269
81269
81272
81279
81283
81296
81318
81344
81347
81350
81354
81358
81362
81379
81414
81418
81419
81465
81484
81491
81495
81499
81509
81514
81531
81535
81544
81554
81555
81573
81582
81584
81584
81594
81605
81615
81625
81640
81642
81642
81661
81662
81691
81699
81702
81711
81713
81730
81786
81803
81817
81818
81857
81859
81863
81864
81874
81874
81875
81877
81881
81881
81882
81889
81900
81905
81905
81906
81932
81935
81957
81961
81965
81984
81996
81999
82015
82017
82026
82070
82073
82092
82098
82118
82122
82124
82124
82129
82134
82143
82147
82148
82149
82185
82195
82198
82209
82223
82231
82242
82250
82260
82272
82279
82317
82320
82364
82365
82366
82381
82398
82402
82409
82414
82438
82449
82451
82452
82453
82457
82465
82511
82527
82552
82563
82576
82594
82599
82605
82621
82622
82667
82669
82675
82696
82715
82718
82720
82722
82724
82753
82767
82767
82774
82788
82797
82798
82807
82808
82852
82861
82865
82878
82899
82900
82901
82917
82927
82935
82940
82957
82977
82980
82989
82999
83017
83017
83048
83054
83081
83084
83115
83116
83131
83138
83145
83160
83162
83165
83180
83183
83187
83213
83214
83229
83234
83250
83251
83258
83261
83272
83281
83302
83309
83310
83312
83318
83319
83332
83390
83392
83416
83417
83417
83430
83433
83439
83478
83480
83513
83518
83528
83542
83583
83587
83595
83596
83611
83624
83639
83646
83648
83665
83666
83673
83676
83688
83713
83729
83735
83740
83754
83766
83798
83825
83827
83832
83837
83839
83841
83853
83872
83875
83877
83878
83878
83884
83892
83894
83907
83910
83943
83944
83948
83967
83989
83990
84000
84008
84012
84019
84026
84030
84030
84035
84036
84041
84044
84047
84075
84082
84111
84133
84140
84142
84153
84169
84176
84185
84188
84203
84207
84221
84235
84243
84244
84256
84267
84269
84296
84298
84307
84316
84327
84329
84335
84354
84357
84360
84371
84391
84405
84406
84417
84421
84431
84441
84443
84469
84472
84477
84486
84493
84493
84510
84514
84518
84525
84533
84556
84563
84563
84578
84585
84592
84600
84601
84606
84608
84624
84626
84629
84647
84657
84668
84687
84713
84721
84724
84742
84749
84750
84802
84811
84812
84813
84816
84816
84822
84823
84835
84837
84840
84848
84860
84866
84875
84882
84883
84890
84904
84906
84911
84913
84934
84935
84936
84937
84939
84941
84942
84957
84968
84975
85030
85033
85034
85040
85056
85062
85088
85089
85090
85091
85101
85112
85115
85120
85133
85141
85143
85147
85167
85173
85180
85187
85187
85203
85206
85211
85217
85238
85243
85249
85253
85253
85253
85258
85289
85295
85319
85319
85330
85332
85338
85341
85349
85379
85384
85400
85402
85404
85422
85439
85444
85490
85502
85509
85512
85522
85529
85547
85548
85559
85575
85579
85580
85600
85603
85604
85607
85619
85620
85626
85626
85629
85630
85630
85648
85649
85671
85687
85691
85700
85701
85706
85714
85725
85744
85747
85751
85780
85804
85805
85812
85839
85852
85860
85868
85870
85882
85890
85924
85961
85964
85980
85980
85982
85986
86005
86010
86028
86044
86064
86068
86071
86072
86072
86075
86075
86084
86086
86102
86111
86112
86154
86155
86173
86176
86180
86193
86195
86213
86217
86251
86259
86269
86271
86273
86276
86291
86298
86300
86309
86330
86334
86340
86341
86369
86370
86388
86391
86407
86410
86420
86425
86434
86444
86457
86460
86478
86480
86491
86504
86506
86525
86535
86546
86555
86562
86595
86604
86612
86627
86673
86676
86688
86695
86710
86711
86711
86716
86729
86743
86753
86753
86763
86764
86768
86790
86800
86807
86838
86842
86844
86886
86905
86908
86911
86918
86946
86954
86962
86963
86965
86991
87018
87018
87020
87025
87048
87051
87054
87058
87073
87087
87092
87097
87101
87103
87106
87112
87115
87123
87123
87128
87139
87146
87148
87153
87162
87175
87186
87193
87219
87220
87230
87233
87258
87261
87271
87272
87277
87290
87291
87314
87324
87332
87341
87349
87354
87361
87402
87428
87447
87450
87451
87468
87480
87483
87488
87495
87497
87522
87523
87557
87558
87570
87573
87580
87581
87584
87589
87590
87600
87628
87642
87662
87665
87674
87680
87684
87686
87688
87696
87716
87726
87732
87734
87738
87752
87773
87775
87797
87799
87810
87853
87854
87855
87887
87900
87900
87901
87920
87920
87924
87938
87951
87953
87967
87969
87971
87986
87999
88005
88020
88029
88037
88041
88042
88044
88049
88055
88064
88073
88075
88080
88098
88101
88102
88135
88140
88140
88149
88189
88197
88213
88214
88215
88235
88247
88265
88267
88292
88323
88325
88330
88333
88342
88343
88344
88356
88358
88361
88369
88390
88409
88429
88438
88447
88457
88459
88482
88485
88487
88497
88497
88511
88520
88521
88543
88566
88572
88588
88597
88610
88621
88623
88628
88646
88656
88673
88677
88683
88692
88692
88696
88704
88712
88726
88736
88748
88762
88782
88834
88836
88847
88857
88880
88882
88895
88901
88912
88916
88921
88921
88925
88946
88960
88965
88971
88971
88972
88975
89023
89057
89058
89065
89069
89091
89096
89108
89109
89142
89151
89193
89197
89198
89199
89209
89214
89224
89230
89239
89257
89262
89269
89283
89287
89290
89293
89300
89311
89317
89330
89333
89352
89362
89401
89417
89464
89473
89473
89476
89483
89491
89510
89515
89527
89555
89560
89562
89564
89570
89572
89573
89586
89600
89648
89657
89660
89676
89677
89682
89698
89739
89757
89759
89773
89777
89786
89789
89791
89796
89805
89809
89811
89828
89833
89844
89848
89866
89872
89872
89882
89888
89898
89902
89941
89953
89959
89961
89973
89986
89996
90001
90004
90004
90008
90014
90049
90118
90125
90153
90189
90192
90211
90212
90213
90223
90224
90229
90245
90248
90268
90273
90283
90304
90314
90315
90316
90316
90316
90322
90325
90331
90338
90361
90376
90377
90378
90378
90424
90442
90446
90495
90505
90506
90531
90545
90571
90581
90582
90583
90583
90596
90597
90624
90631
90699
90703
90714
90715
90719
90720
90720
90721
90723
90745
90770
90819
90821
90834
90856
90867
90872
90876
90893
90893
90904
90908
90959
90963
90974
90995
91001
91006
91028
91028
91039
91047
91055
91055
91056
91097
91098
91109
91117
91146
91156
91166
91173
91226
91243
91248
91248
91271
91273
91277
91278
91287
91295
91301
91302
91304
91308
91352
91359
91378
91409
91421
91431
91459
91512
91529
91529
91545
91548
91574
91604
91605
91631
91636
91636
91665
91681
91682
91682
91685
91703
91710
91718
91722
91736
91736
91751
91764
91772
91772
91790
91794
91802
91806
91821
91828
91838
91839
91849
91855
91860
91863
91872
91882
91900
91905
91924
91928
91987
92001
92004
92026
92061
92077
92078
92089
92093
92096
92099
92103
92109
92137
92138
92174
92177
92182
92184
92186
92191
92192
92230
92233
92245
92259
92264
92283
92291
92299
92309
92310
92311
92316
92319
92335
92340
92368
92380
92413
92421
92446
92449
92468
92476
92479
92508
92530
92544
92569
92591
92611
92616
92626
92665
92673
92674
92680
92690
92696
92702
92705
92708
92709
92750
92777
92780
92787
92793
92795
92800
92808
92815
92819
92827
92844
92849
92850
92858
92874
92883
92884
92891
92893
92893
92896
92913
92914
92919
92926
92928
92949
92961
92965
92969
92975
92980
92991
92996
92997
93017
93024
93032
93056
93073
93083
93094
93116
93143
93156
93172
93178
93199
93202
93207
93218
93238
93240
93248
93260
93275
93277
93280
93311
93316
93318
93343
93350
93363
93386
93388
93399
93414
93414
93470
93474
93486
93501
93504
93505
93544
93553
93559
93564
93584
93595
93603
93609
93614
93614
93623
93623
93652
93667
93671
93671
93671
93676
93678
93708
93713
93722
93723
93741
93749
93762
93767
93770
93776
93810
93811
93844
93877
93887
93889
93891
93891
93899
93902
93907
93909
93915
93918
93932
93936
93947
93958
93959
93960
93962
93963
93967
93987
93993
94008
94011
94018
94026
94042
94043
94049
94052
94066
94084
94093
94096
94105
94119
94135
94142
94153
94158
94159
94165
94196
94219
94238
94248
94252
94264
94272
94277
94283
94289
94292
94298
94335
94338
94339
94366
94369
94376
94378
94397
94418
94423
94425
94447
94462
94473
94483
94490
94504
94508
94525
94527
94532
94535
94536
94539
94539
94547
94563
94591
94607
94610
94640
94655
94660
94664
94669
94680
94682
94700
94701
94702
94723
94735
94740
94746
94749
94750
94772
94792
94793
94798
94806
94812
94813
94815
94822
94831
94831
94850
94856
94857
94860
94861
94868
94881
94883
94890
94891
94904
94904
94949
94953
94955
94961
94966
94977
94978
94979
94979
94981
94997
95029
95042
95053
95055
95089
95096
95123
95134
95137
95139
95145
95165
95205
95208
95215
95228
95238
95243
95243
95245
95254
95255
95257
95258
95262
95274
95282
95291
95294
95306
95307
95324
95324
95331
95337
95347
95349
95369
95380
95387
95399
95421
95435
95440
95460
95469
95502
95514
95517
95531
95552
95552
95590
95590
95619
95621
95642
95652
95658
95671
95679
95694
95706
95714
95719
95726
95751
95771
95784
95786
95791
95811
95825
95846
95867
95868
95877
95882
95883
95888
95920
95935
95951
95959
95964
95971
95972
95975
95983
95998
96003
96004
96004
96018
96020
96050
96074
96083
96085
96085
96126
96182
96187
96202
96212
96241
96246
96262
96287
96290
96352
96387
96393
96396
96403
96421
96437
96446
96461
96467
96483
96516
96524
96534
96564
96570
96575
96576
96580
96584
96602
96609
96628
96654
96680
96702
96724
96728
96728
96733
96737
96749
96776
96785
96808
96816
96820
96832
96841
96844
96856
96883
96886
96917
96933
96944
96962
96971
96973
96980
96983
96996
97026
97031
97036
97039
97045
97048
97055
97071
97086
97119
97122
97123
97134
97143
97153
97153
97173
97175
97199
97209
97215
97219
97230
97233
97233
97240
97241
97258
97266
97305
97308
97339
97339
97340
97352
97357
97367
97372
97384
97390
97392
97413
97455
97461
97465
97476
97495
97516
97519
97527
97535
97546
97550
97565
97578
97580
97581
97601
97603
97612
97621
97625
97643
97646
97654
97667
97669
97747
97786
97787
97798
97798
97799
97800
97844
97858
97859
97876
97882
97898
97929
97938
97967
97972
97973
97980
97981
97985
98024
98043
98048
98056
98101
98119
98125
98132
98155
98157
98157
98168
98171
98204
98210
98230
98235
98247
98250
98273
98301
98342
98343
98358
98365
98403
98404
98433
98433
98434
98438
98440
98442
98450
98456
98495
98503
98504
98506
98512
98525
98525
98532
98541
98544
98566
98605
98616
98631
98640
98657
98658
98663
98665
98691
98705
98712
98730
98735
98796
98801
98811
98861
98862
98863
98870
98870
98884
98893
98897
98909
98911
98915
98940
98960
98977
98988
99001
99013
99013
99032
99038
99044
99048
99056
99075
99077
99088
99091
99128
99138
99163
99206
99211
99225
99231
99239
99240
99263
99264
99277
99278
99281
99286
99295
99310
99312
99314
99323
99358
99358
99368
99375
99376
99386
99401
99408
99416
99428
99460
99467
99469
99469
99474
99491
99496
99508
99519
99524
99578
99611
99617
99663
99666
99669
99678
99679
99683
99686
99687
99698
99699
99703
99710
99724
99743
99757
99773
99775
99790
99799
99806
99820
99820
99823
99823
99831
99845
99875
99875
99888
99906
99907
99928
99941
99942
99948
99966
99981
99988
99989
99992
99994
