5
23
50
52
59
68
79
95
109
118
118
124
125
129
141
142
142
153
271
283
290
301
303
309
317
326
326
327
329
331
334
370
385
394
417
427
427
431
443
453
463
464
466
482
487
492
496
510
523
525
533
550
555
562
564
576
578
590
604
620
650
658
665
673
682
688
697
713
731
748
764
764
765
776
779
818
830
835
837
842
847
856
895
896
909
925
946
960
1022
1024
1032
1064
1067
1085
1098
1111
1123
1155
1158
1168
1174
1185
1211
1221
1245
1248
1256
1257
1267
1277
1291
1293
1295
1305
1315
1317
1360
1363
1381
1397
1398
1402
1406
1412
1421
1421
1432
1438
1454
1468
1469
1494
1495
1505
1515
1534
1543
1545
1556
1561
1567
1580
1582
1583
1597
1618
1627
1641
1656
1680
1682
1713
1715
1739
1761
1777
1785
1810
1816
1820
1826
1831
1832
1835
1842
1866
1874
1880
1888
1910
1914
1928
1928
1936
1942
1961
1962
1984
2005
2019
2021
2032
2053
2089
2094
2105
2107
2134
2144
2147
2155
2204
2215
2227
2231
2251
2257
2308
2318
2328
2345
2376
2389
2397
2404
2416
2418
2444
2482
2496
2499
2512
2529
2530
2558
2586
2594
2604
2620
2622
2633
2639
2649
2656
2694
2697
2699
2703
2717
2756
2767
2779
2791
2791
2811
2829
2835
2837
2856
2865
2872
2889
2899
2917
2920
2931
2933
2934
2937
2940
2940
2947
2966
3002
3017
3052
3053
3054
3086
3093
3107
3109
3110
3129
3131
3137
3156
3164
3165
3167
3175
3176
3196
3214
3243
3254
3264
3285
3303
3316
3321
3327
3334
3338
3359
3365
3366
3369
3383
3388
3393
3395
3445
3450
3457
3475
3488
3497
3500
3507
3511
3511
3516
3522
3526
3527
3534
3559
3578
3593
3595
3628
3654
3667
3669
3670
3701
3705
3709
3719
3721
3721
3728
3729
3731
3741
3745
3750
3771
3781
3786
3791
3801
3803
3811
3813
3843
3844
3848
3881
3890
3892
3896
3904
3913
3920
3933
3934
3935
3937
3956
3974
3976
3982
3983
3985
3991
3993
3996
4006
4006
4020
4026
4030
4037
4040
4056
4057
4063
4076
4088
4099
4099
4102
4115
4136
4161
4188
4190
4208
4209
4214
4218
4219
4225
4234
4243
4245
4263
4280
4288
4316
4345
4356
4369
4392
4397
4402
4407
4410
4410
4426
4427
4437
4444
4445
4450
4452
4453
4455
4503
4515
4523
4557
4561
4581
4590
4604
4604
4653
4654
4681
4686
4707
4718
4735
4737
4743
4748
4761
4770
4773
4784
4792
4793
4803
4813
4819
4824
4824
4828
4835
4846
4852
4862
4869
4886
4891
4911
4925
4934
4934
4955
4963
4998
5019
5039
5041
5043
5049
5051
5067
5074
5078
5081
5088
5091
5106
5135
5147
5148
5154
5164
5168
5170
5178
5181
5187
5197
5199
5201
5235
5236
5241
5242
5270
5281
5312
5329
5330
5340
5346
5362
5365
5374
5396
5398
5415
5419
5420
5421
5444
5446
5450
5464
5468
5484
5485
5489
5491
5498
5502
5521
5525
5548
5586
5592
5601
5620
5631
5631
5645
5658
5680
5691
5702
5706
5709
5710
5714
5727
5742
5743
5751
5761
5767
5772
5776
5779
5780
5781
5783
5786
5791
5819
5843
5854
5856
5857
5859
5871
5895
5918
5937
5965
5966
5982
6004
6006
6010
6020
6034
6067
6074
6083
6085
6088
6090
6116
6129
6132
6146
6149
6155
6160
6162
6177
6179
6182
6205
6215
6219
6237
6248
6255
6275
6278
6285
6285
6303
6303
6337
6347
6349
6358
6359
6362
6400
6409
6426
6436
6442
6460
6473
6489
6491
6491
6498
6503
6508
6520
6528
6541
6541
6558
6563
6572
6578
6587
6588
6604
6613
6614
6650
6663
6673
6673
6680
6684
6711
6724
6727
6730
6741
6764
6781
6791
6817
6825
6832
6832
6856
6863
6871
6909
6912
6914
6929
6936
6942
6961
6991
6998
7005
7006
7015
7015
7016
7035
7037
7065
7079
7079
7079
7085
7086
7098
7111
7115
7122
7151
7161
7169
7170
7170
7188
7195
7199
7201
7258
7270
7279
7289
7297
7297
7305
7313
7331
7362
7368
7373
7451
7452
7462
7463
7463
7469
7474
7474
7475
7499
7503
7521
7525
7535
7537
7544
7563
7579
7607
7617
7635
7638
7642
7651
7656
7664
7694
7702
7703
7722
7722
7730
7732
7761
7771
7774
7777
7800
7805
7806
7821
7823
7827
7827
7829
7841
7858
7859
7864
7865
7908
7912
7947
7954
7982
8007
8026
8026
8028
8033
8038
8039
8076
8080
8084
8086
8088
8100
8108
8112
8117
8126
8127
8135
8138
8143
8145
8151
8153
8154
8157
8170
8172
8183
8184
8197
8200
8205
8208
8208
8211
8220
8238
8240
8241
8242
8245
8248
8261
8282
8284
8311
8319
8340
8341
8342
8358
8363
8380
8383
8402
8406
8418
8424
8432
8465
8483
8487
8488
8492
8493
8507
8520
8531
8534
8537
8538
8538
8564
8568
8579
8595
8601
8601
8617
8620
8624
8625
8631
8651
8660
8666
8667
8669
8692
8698
8705
8706
8706
8709
8727
8752
8757
8780
8783
8791
8794
8811
8817
8819
8824
8824
8862
8869
8876
8883
8907
8933
8939
8971
8999
9002
9015
9020
9020
9024
9027
9036
9043
9044
9063
9063
9075
9086
9088
9097
9101
9102
9108
9126
9151
9180
9200
9211
9220
9223
9231
9238
9263
9270
9271
9275
9286
9292
9349
9349
9350
9363
9383
9388
9394
9400
9403
9409
9410
9462
9468
9470
9486
9507
9523
9537
9538
9539
9549
9565
9572
9572
9585
9592
9635
9639
9643
9652
9660
9683
9702
9706
9718
9722
9728
9752
9759
9760
9773
9779
9784
9798
9801
9813
9819
9822
9833
9837
9839
9840
9844
9845
9874
9892
9894
9939
9943
9949
9949
9952
9960
9961
9962
9973
9975
9993
10000
10011
10019
10020
10039
10050
10055
10065
10074
10084
10090
10095
10099
10111
10113
10114
10124
10131
10138
10148
10153
10167
10182
10220
10229
10229
10248
10251
10257
10258
10281
10293
10301
10303
10303
10357
10361
10364
10369
10370
10376
10380
10384
10384
10402
10404
10439
10440
10442
10472
10477
10483
10483
10488
10510
10519
10520
10520
10522
10527
10533
10533
10540
10544
10557
10562
10564
10568
10606
10616
10634
10637
10671
10676
10682
10698
10704
10708
10716
10724
10749
10761
10767
10774
10813
10833
10834
10848
10862
10876
10893
10900
10908
10926
10933
10939
10940
10944
10976
10989
10989
11009
11019
11037
11045
11060
11061
11065
11065
11071
11072
11078
11086
11087
11090
11094
11104
11153
11172
11180
11201
11210
11231
11237
11258
11269
11277
11278
11290
11300
11309
11312
11313
11339
11346
11349
11356
11369
11398
11400
11402
11409
11419
11424
11445
11445
11448
11449
11453
11465
11468
11480
11485
11485
11500
11506
11516
11522
11550
11550
11558
11559
11571
11574
11575
11580
11597
11600
11606
11614
11629
11644
11649
11655
11656
11658
11659
11668
11682
11690
11690
11690
11710
11716
11718
11723
11724
11745
11750
11750
11752
11765
11767
11774
11779
11808
11816
11819
11824
11831
11855
11858
11860
11865
11885
11886
11905
11905
11906
11908
11914
11917
11925
11926
11947
11956
11969
11983
11985
11986
11991
11993
12004
12010
12024
12029
12053
12058
12061
12071
12079
12087
12087
12120
12124
12139
12151
12175
12185
12194
12196
12210
12227
12238
12275
12295
12297
12299
12325
12327
12329
12334
12344
12345
12361
12371
12373
12385
12413
12417
12428
12440
12447
12465
12481
12485
12489
12508
12509
12511
12519
12532
12565
12568
12596
12598
12605
12618
12619
12630
12631
12633
12642
12647
12660
12664
12676
12693
12694
12695
12710
12716
12728
12748
12751
12755
12759
12769
12769
12771
12787
12788
12805
12822
12862
12863
12867
12871
12892
12922
12924
12966
12981
12987
12989
13000
13005
13017
13029
13030
13048
13049
13050
13060
13073
13076
13077
13086
13088
13088
13101
13135
13142
13150
13175
13177
13194
13215
13229
13244
13248
13252
13258
13259
13266
13270
13273
13285
13288
13301
13301
13308
13337
13342
13370
13380
13383
13391
13393
13395
13404
13416
13421
13435
13437
13448
13462
13462
13466
13492
13509
13516
13528
13530
13532
13551
13586
13589
13591
13603
13627
13633
13639
13646
13655
13659
13668
13690
13704
13713
13721
13729
13732
13746
13781
13792
13793
13799
13800
13814
13815
13816
13819
13824
13824
13849
13872
13875
13890
13897
13898
13907
13913
13931
13939
13940
13947
13949
13949
13950
13954
13957
13957
13959
13963
13983
13998
14002
14018
14025
14026
14043
14048
14069
14069
14092
14093
14097
14110
14139
14159
14160
14163
14168
14191
14222
14234
14237
14250
14256
14260
14269
14274
14283
14293
14297
14312
14326
14354
14392
14399
14413
14441
14441
14451
14457
14471
14480
14489
14529
14535
14547
14550
14568
14569
14571
14571
14588
14589
14594
14596
14601
14605
14607
14607
14631
14638
14651
14666
14671
14685
14690
14707
14716
14720
14729
14744
14747
14770
14770
14771
14772
14773
14796
14801
14822
14831
14833
14835
14849
14854
14871
14905
14908
14908
14908
14917
14920
14933
14943
14944
14948
14949
14960
14961
14966
14966
14972
14973
15007
15012
15042
15047
15054
15058
15078
15085
15089
15097
15100
15152
15153
15154
15157
15162
15165
15168
15192
15199
15204
15207
15225
15235
15240
15250
15255
15277
15283
15292
15299
15302
15312
15314
15331
15335
15338
15349
15355
15359
15359
15360
15369
15386
15391
15406
15412
15440
15446
15451
15452
15455
15456
15462
15465
15476
15478
15485
15500
15501
15507
15522
15526
15537
15544
15544
15573
15577
15577
15594
15597
15600
15603
15619
15625
15630
15639
15643
15643
15646
15648
15656
15664
15678
15685
15695
15696
15699
15703
15706
15706
15708
15725
15731
15745
15748
15748
15784
15787
15791
15797
15819
15822
15823
15826
15834
15836
15854
15861
15893
15896
15908
15911
15915
15929
15966
15972
15976
15992
16002
16003
16010
16011
16011
16015
16021
16028
16033
16052
16055
16059
16062
16069
16083
16085
16095
16102
16116
16124
16135
16146
16146
16152
16175
16194
16201
16207
16210
16214
16217
16221
16227
16235
16247
16248
16265
16269
16278
16286
16298
16311
16313
16322
16325
16342
16349
16353
16365
16381
16381
16395
16406
16412
16427
16437
16447
16476
16482
16485
16525
16534
16534
16535
16537
16542
16543
16544
16544
16548
16561
16567
16568
16579
16616
16617
16619
16636
16650
16664
16666
16667
16677
16705
16710
16728
16734
16738
16739
16764
16769
16774
16793
16827
16836
16836
16864
16864
16865
16868
16874
16881
16882
16904
16908
16926
16930
16938
16940
16941
16966
16967
16967
16974
16979
16980
16982
16998
17005
17019
17019
17035
17058
17089
17095
17101
17104
17105
17115
17125
17167
17175
17176
17180
17181
17184
17186
17194
17198
17200
17201
17224
17227
17241
17246
17254
17270
17288
17292
17304
17314
17315
17318
17324
17353
17367
17373
17383
17384
17397
17409
17417
17435
17442
17445
17448
17460
17478
17487
17499
17509
17509
17517
17529
17539
17540
17548
17561
17561
17570
17617
17626
17640
17647
17647
17652
17654
17668
17675
17678
17681
17696
17696
17702
17706
17713
17736
17751
17766
17794
17797
17809
17815
17815
17823
17851
17852
17854
17873
17875
17884
17892
17906
17977
17998
18001
18009
18017
18023
18032
18033
18038
18042
18048
18059
18081
18086
18086
18107
18122
18122
18138
18152
18167
18173
18182
18185
18196
18220
18227
18228
18234
18242
18250
18251
18257
18288
18297
18301
18304
18313
18322
18327
18338
18343
18350
18355
18356
18360
18385
18399
18405
18424
18436
18438
18441
18444
18450
18452
18466
18466
18468
18471
18481
18499
18501
18515
18521
18526
18527
18533
18545
18546
18553
18558
18593
18597
18621
18625
18629
18645
18652
18672
18685
18699
18706
18712
18715
18719
18722
18726
18727
18739
18753
18755
18757
18790
18804
18810
18813
18817
18824
18857
18857
18868
18869
18870
18929
18941
18948
18954
18962
18981
18988
18998
19003
19011
19037
19060
19065
19078
19125
19129
19130
19154
19155
19171
19173
19175
19187
19201
19202
19217
19220
19224
19225
19241
19251
19274
19276
19281
19282
19285
19297
19300
19309
19313
19323
19323
19327
19337
19341
19376
19376
19380
19393
19394
19395
19408
19425
19445
19457
19466
19480
19503
19511
19533
19534
19540
19553
19575
19577
19580
19581
19587
19596
19641
19652
19653
19670
19672
19676
19686
19695
19696
19697
19703
19727
19734
19743
19749
19756
19756
19763
19792
19808
19832
19845
19845
19848
19854
19856
19857
19879
19910
19914
19934
19949
19955
19971
19976
19978
19987
19987
19989
19991
19991
20023
20031
20049
20049
20052
20053
20070
20078
20084
20105
20107
20109
20121
20126
20127
20136
20137
20138
20158
20177
20188
20189
20197
20206
20214
20222
20232
20234
20237
20254
20284
20291
20293
20307
20315
20317
20317
20321
20338
20343
20351
20354
20356
20358
20361
20364
20365
20378
20378
20381
20417
20421
20422
20428
20438
20471
20474
20483
20489
20491
20506
20508
20510
20520
20522
20540
20554
20556
20556
20562
20565
20577
20585
20587
20592
20603
20626
20639
20654
20661
20663
20672
20672
20681
20688
20730
20732
20734
20739
20745
20749
20761
20788
20790
20798
20804
20814
20824
20828
20837
20850
20856
20868
20873
20873
20876
20890
20890
20891
20898
20899
20904
20923
20925
20942
20942
20968
20976
20981
20982
20987
20989
20996
21003
21008
21029
21039
21053
21058
21060
21063
21074
21076
21091
21116
21139
21143
21144
21146
21177
21178
21181
21185
21202
21211
21233
21246
21256
21257
21263
21282
21302
21314
21319
21325
21332
21338
21397
21399
21412
21426
21431
21443
21457
21457
21461
21511
21512
21514
21518
21522
21527
21530
21530
21536
21547
21548
21549
21554
21614
21647
21675
21686
21712
21720
21721
21736
21743
21753
21763
21797
21825
21830
21848
21855
21861
21866
21893
21896
21904
21907
21920
21937
21938
21983
21984
22007
22016
22021
22022
22039
22065
22087
22087
22090
22110
22117
22122
22135
22145
22149
22150
22155
22158
22161
22176
22200
22222
22247
22258
22260
22293
22303
22312
22316
22323
22331
22333
22340
22363
22374
22381
22384
22387
22389
22412
22413
22416
22420
22446
22446
22450
22452
22461
22462
22472
22477
22482
22497
22498
22511
22525
22526
22528
22566
22573
22575
22576
22581
22593
22620
22642
22644
22655
22663
22668
22668
22670
22683
22699
22702
22713
22720
22720
22722
22722
22726
22730
22732
22733
22763
22764
22781
22785
22788
22809
22810
22814
22815
22832
22860
22864
22873
22876
22878
22895
22898
22904
22911
22915
22916
22918
22931
22940
22940
22953
22966
22967
23005
23028
23043
23047
23057
23082
23086
23110
23130
23140
23144
23158
23174
23185
23189
23208
23219
23241
23259
23261
23274
23286
23293
23313
23315
23315
23328
23340
23362
23362
23368
23373
23382
23390
23401
23411
23424
23439
23449
23464
23476
23477
23478
23483
23492
23501
23511
23564
23576
23582
23583
23591
23606
23609
23609
23611
23645
23651
23659
23679
23687
23689
23689
23703
23704
23707
23719
23731
23735
23738
23742
23744
23753
23797
23798
23817
23818
23824
23827
23833
23853
23875
23877
23883
23890
23894
23909
23916
23948
23956
23962
23962
23966
23992
24069
24074
24092
24121
24123
24127
24127
24143
24143
24165
24174
24175
24188
24220
24237
24277
24279
24286
24306
24314
24319
24328
24332
24334
24342
24352
24355
24362
24370
24375
24382
24392
24393
24410
24421
24425
24444
24456
24468
24478
24486
24496
24503
24507
24507
24510
24514
24519
24537
24561
24564
24570
24582
24583
24590
24603
24612
24618
24625
24625
24632
24634
24678
24680
24687
24687
24688
24718
24724
24724
24726
24733
24737
24753
24760
24780
24791
24798
24821
24825
24829
24839
24840
24848
24867
24878
24900
24905
24905
24919
24937
24947
24959
24990
24990
24998
24999
25002
25020
25030
25034
25035
25040
25040
25047
25049
25051
25076
25077
25078
25079
25092
25105
25118
25122
25128
25131
25142
25192
25193
25197
25198
25210
25219
25222
25242
25261
25272
25280
25286
25286
25292
25298
25308
25324
25330
25335
25403
25405
25408
25413
25428
25446
25460
25464
25467
25475
25492
25495
25496
25499
25507
25510
25520
25556
25563
25570
25593
25593
25594
25596
25608
25610
25626
25632
25634
25641
25644
25650
25652
25668
25687
25699
25714
25732
25748
25749
25754
25755
25755
25786
25786
25790
25791
25803
25816
25818
25820
25838
25854
25857
25880
25883
25894
25896
25902
25909
25914
25918
25919
25929
25936
25963
25966
25977
25978
26005
26031
26054
26057
26076
26084
26087
26092
26103
26128
26158
26182
26188
26195
26226
26228
26229
26232
26273
26278
26279
26298
26303
26322
26328
26340
26353
26372
26387
26410
26413
26424
26425
26444
26453
26459
26470
26523
26527
26527
26540
26557
26604
26611
26631
26644
26646
26650
26657
26664
26665
26692
26725
26729
26732
26735
26741
26747
26750
26754
26771
26790
26799
26833
26848
26850
26873
26879
26887
26887
26888
26894
26918
26919
26926
26942
26944
26961
26963
26972
26979
26983
26987
26991
27001
27011
27019
27037
27045
27076
27090
27101
27104
27109
27158
27162
27164
27167
27250
27256
27260
27278
27279
27299
27306
27308
27315
27320
27329
27358
27376
27401
27407
27437
27444
27447
27467
27481
27494
27551
27573
27596
27596
27612
27624
27626
27647
27657
27657
27663
27668
27681
27689
27714
27723
27744
27744
27756
27757
27761
27771
27809
27817
27840
27843
27872
27873
27874
27880
27881
27892
27925
27934
27937
27939
27959
27981
27995
27999
28004
28006
28024
28028
28039
28048
28050
28050
28052
28056
28062
28065
28082
28086
28103
28115
28131
28137
28138
28146
28174
28188
28202
28212
28222
28224
28239
28243
28244
28247
28249
28249
28249
28255
28259
28272
28283
28304
28306
28316
28323
28355
28362
28369
28371
28378
28424
28451
28462
28469
28477
28497
28504
28505
28508
28508
28513
28520
28529
28532
28535
28554
28567
28570
28575
28582
28592
28595
28642
28669
28670
28673
28686
28709
28720
28777
28810
28813
28822
28825
28828
28862
28865
28872
28875
28876
28877
28898
28903
28903
28917
28919
28920
28929
28930
28962
28964
28975
28979
28988
28996
29004
29012
29018
29035
29047
29050
29054
29063
29086
29116
29127
29130
29142
29161
29177
29191
29191
29208
29220
29226
29228
29232
29239
29242
29261
29268
29269
29270
29277
29283
29291
29291
29298
29319
29320
29322
29330
29332
29333
29338
29340
29345
29347
29364
29374
29391
29403
29404
29406
29417
29433
29443
29444
29459
29461
29471
29489
29502
29505
29508
29510
29514
29516
29529
29547
29556
29567
29574
29594
29602
29607
29616
29621
29625
29649
29664
29665
29680
29695
29705
29710
29713
29717
29721
29722
29729
29735
29736
29746
29751
29753
29764
29781
29783
29798
29804
29815
29818
29827
29833
29846
29855
29864
29876
29894
29895
29898
29898
29904
29926
29929
29930
29946
29956
29967
29969
29984
29988
30002
30005
30013
30049
30062
30068
30076
30079
30085
30093
30116
30126
30129
30148
30163
30172
30182
30195
30202
30208
30247
30254
30268
30270
30276
30289
30308
30331
30357
30359
30364
30374
30375
30407
30415
30424
30440
30442
30443
30450
30451
30462
30474
30482
30485
30495
30497
30510
30524
30532
30564
30570
30581
30583
30610
30644
30662
30664
30678
30692
30716
30721
30722
30760
30779
30796
30797
30804
30809
30827
30834
30839
30847
30852
30885
30895
30905
30914
30918
30942
30947
30957
30960
30968
30978
30978
30990
31005
31014
31047
31056
31078
31091
31094
31096
31097
31097
31102
31108
31125
31129
31137
31146
31161
31167
31201
31202
31203
31212
31216
31218
31226
31227
31294
31305
31311
31313
31319
31320
31321
31329
31330
31359
31369
31370
31384
31401
31416
31425
31445
31461
31489
31510
31521
31522
31535
31540
31543
31546
31547
31556
31563
31579
31594
31620
31622
31624
31634
31668
31678
31679
31683
31688
31688
31694
31695
31707
31722
31735
31740
31746
31751
31752
31758
31763
31781
31786
31798
31799
31803
31806
31815
31816
31836
31850
31858
31865
31886
31890
31899
31911
31926
31934
31935
31938
31958
31964
31967
31974
32010
32016
32025
32028
32046
32052
32054
32061
32079
32088
32090
32124
32127
32131
32187
32208
32212
32234
32248
32282
32299
32303
32303
32306
32306
32315
32331
32334
32339
32350
32367
32374
32400
32402
32411
32414
32418
32421
32421
32431
32441
32450
32450
32461
32488
32514
32520
32520
32522
32525
32539
32546
32549
32557
32559
32570
32578
32588
32598
32601
32610
32610
32622
32631
32647
32649
32660
32669
32687
32702
32715
32719
32719
32724
32727
32736
32740
32746
32749
32762
32765
32783
32784
32793
32798
32804
32807
32820
32827
32844
32859
32863
32878
32890
32894
32897
32911
32920
32958
32961
32965
32967
32986
32989
32995
32999
33000
33004
33012
33019
33020
33036
33041
33056
33058
33078
33078
33094
33104
33109
33112
33121
33122
33123
33136
33141
33175
33199
33205
33213
33228
33230
33243
33245
33245
33247
33254
33264
33316
33355
33366
33378
33379
33379
33382
33387
33388
33392
33395
33404
33406
33418
33447
33458
33458
33495
33499
33499
33501
33508
33526
33536
33537
33550
33552
33554
33555
33586
33607
33611
33633
33637
33638
33663
33668
33681
33683
33688
33698
33706
33711
33711
33723
33725
33726
33740
33760
33766
33780
33790
33805
33806
33806
33809
33809
33821
33821
33822
33828
33831
33842
33853
33864
33873
33876
33896
33898
33900
33904
33905
33907
33908
33908
33915
33919
33919
33926
33931
33934
33950
33950
33961
33971
33977
33979
33985
33987
33990
33996
34016
34022
34023
34028
34032
34062
34068
34077
34077
34081
34105
34118
34135
34138
34140
34144
34165
34177
34180
34181
34190
34203
34205
34215
34216
34232
34252
34258
34269
34272
34297
34301
34306
34307
34308
34318
34321
34333
34363
34371
34372
34398
34400
34408
34408
34435
34441
34444
34463
34480
34482
34483
34491
34506
34509
34522
34524
34526
34527
34528
34547
34553
34570
34570
34580
34617
34618
34622
34653
34681
34682
34684
34694
34710
34711
34714
34721
34721
34724
34729
34733
34734
34735
34753
34762
34799
34800
34835
34837
34838
34840
34850
34854
34881
34883
34884
34888
34889
34891
34902
34915
34924
34941
34948
34957
34960
34962
34975
34992
35009
35079
35081
35087
35091
35093
35107
35114
35127
35136
35138
35139
35140
35153
35155
35166
35176
35178
35184
35188
35190
35212
35221
35229
35250
35260
35305
35332
35347
35350
35351
35353
35366
35366
35398
35402
35407
35422
35427
35428
35429
35442
35465
35486
35495
35506
35537
35558
35573
35574
35579
35642
35646
35687
35692
35699
35705
35705
35709
35709
35717
35732
35735
35749
35750
35767
35791
35813
35813
35825
35831
35842
35851
35863
35863
35878
35893
35909
35915
35921
35928
35941
35943
35966
35984
35986
35987
35988
35994
36003
36009
36012
36022
36023
36044
36053
36058
36060
36067
36067
36068
36072
36084
36092
36103
36118
36120
36139
36148
36150
36160
36186
36186
36192
36196
36197
36213
36228
36231
36249
36250
36255
36258
36260
36260
36273
36289
36291
36299
36310
36338
36339
36339
36351
36360
36364
36365
36367
36431
36452
36454
36470
36477
36482
36493
36507
36513
36519
36532
36532
36538
36544
36546
36548
36556
36569
36577
36584
36584
36606
36659
36659
36679
36690
36701
36707
36720
36744
36746
36748
36750
36752
36753
36794
36797
36800
36800
36801
36805
36856
36862
36866
36872
36875
36921
36921
36924
36942
36954
36965
36976
36995
36996
37004
37011
37015
37017
37038
37046
37054
37075
37077
37080
37088
37098
37108
37110
37114
37121
37128
37165
37185
37187
37198
37221
37222
37232
37251
37255
37257
37257
37267
37278
37279
37307
37307
37314
37329
37333
37347
37361
37365
37390
37399
37399
37400
37402
37419
37450
37452
37460
37471
37491
37506
37522
37535
37542
37549
37552
37562
37583
37595
37600
37602
37610
37612
37617
37621
37626
37627
37633
37654
37656
37669
37673
37693
37693
37714
37716
37724
37739
37742
37747
37789
37796
37799
37805
37819
37826
37827
37839
37841
37842
37849
37849
37858
37870
37870
37876
37907
37921
37929
37937
37940
37949
37956
37968
37970
37978
37997
38001
38006
38014
38018
38024
38025
38037
38040
38058
38065
38067
38091
38097
38105
38119
38124
38137
38146
38158
38227
38235
38240
38265
38270
38278
38279
38286
38289
38299
38303
38307
38335
38346
38381
38387
38387
38393
38403
38409
38437
38438
38466
38475
38479
38479
38488
38512
38519
38520
38527
38539
38564
38568
38570
38575
38580
38606
38612
38615
38630
38636
38638
38638
38645
38649
38650
38652
38653
38656
38661
38669
38673
38697
38707
38717
38732
38739
38758
38763
38769
38794
38805
38806
38841
38851
38852
38868
38871
38871
38911
38922
38925
38932
38939
38942
38966
38972
38976
38984
38987
39000
39011
39017
39021
39023
39031
39036
39040
39044
39063
39067
39110
39111
39135
39136
39152
39205
39240
39245
39249
39278
39287
39289
39301
39313
39316
39325
39329
39337
39340
39345
39355
39358
39359
39361
39373
39379
39384
39384
39386
39387
39387
39390
39397
39410
39413
39433
39444
39464
39476
39483
39496
39531
39547
39557
39575
39580
39604
39613
39616
39654
39687
39734
39740
39748
39761
39763
39801
39807
39810
39815
39821
39828
39835
39853
39863
39865
39869
39874
39876
39879
39879
39881
39884
39885
39911
39917
39919
39931
39953
39969
39971
39983
39986
39994
39994
40002
40007
40031
40044
40046
40062
40062
40080
40096
40131
40140
40145
40149
40155
40161
40164
40188
40216
40229
40251
40263
40293
40309
40318
40328
40328
40332
40343
40350
40352
40358
40360
40372
40386
40387
40387
40411
40412
40419
40427
40445
40450
40473
40484
40504
40536
40548
40563
40565
40577
40577
40592
40599
40638
40640
40642
40645
40655
40682
40684
40686
40688
40693
40702
40708
40712
40724
40739
40751
40754
40759
40765
40773
40780
40783
40787
40788
40789
40794
40794
40796
40797
40798
40806
40821
40828
40830
40842
40858
40890
40893
40909
40914
40929
40940
40963
40972
40983
40987
40989
40998
41019
41040
41047
41084
41106
41108
41130
41150
41166
41167
41168
41168
41222
41254
41262
41263
41280
41303
41307
41308
41315
41320
41326
41341
41345
41364
41401
41404
41405
41406
41408
41426
41464
41468
41477
41505
41515
41526
41544
41552
41579
41598
41616
41626
41630
41634
41636
41637
41641
41641
41644
41647
41650
41673
41680
41701
41710
41718
41720
41741
41741
41759
41759
41761
41765
41773
41774
41791
41799
41812
41819
41857
41866
41874
41885
41891
41905
41914
41915
41925
41928
41959
41967
41984
41989
42004
42010
42022
42037
42039
42046
42057
42068
42091
42095
42097
42134
42149
42152
42169
42207
42210
42211
42238
42242
42247
42249
42258
42268
42277
42291
42296
42298
42322
42345
42355
42378
42391
42396
42415
42450
42452
42463
42466
42485
42485
42486
42511
42512
42517
42520
42536
42546
42551
42558
42632
42649
42661
42661
42667
42667
42673
42696
42701
42727
42737
42739
42754
42800
42815
42816
42837
42859
42862
42872
42875
42879
42883
42886
42888
42893
42905
42909
42948
42957
42964
42967
42969
42969
42982
42988
43000
43000
43013
43027
43028
43044
43059
43063
43067
43079
43083
43090
43115
43126
43129
43132
43150
43165
43174
43176
43177
43183
43209
43215
43224
43228
43246
43272
43307
43338
43340
43352
43362
43365
43368
43371
43371
43382
43384
43422
43430
43462
43469
43472
43489
43514
43527
43527
43533
43538
43556
43574
43576
43585
43586
43588
43595
43601
43605
43620
43621
43626
43627
43632
43643
43649
43650
43651
43674
43678
43693
43699
43701
43709
43715
43718
43724
43726
43729
43747
43754
43755
43760
43765
43787
43819
43822
43825
43835
43848
43867
43876
43887
43887
43905
43911
43915
43930
43937
43947
43953
43973
43980
43986
43991
43993
44001
44003
44004
44036
44051
44053
44064
44071
44083
44101
44125
44131
44144
44151
44168
44169
44172
44173
44189
44201
44202
44205
44206
44214
44231
44239
44242
44249
44257
44274
44280
44281
44282
44292
44324
44335
44335
44360
44360
44365
44377
44384
44397
44426
44429
44441
44452
44452
44452
44459
44483
44494
44495
44498
44502
44506
44509
44515
44518
44530
44536
44546
44552
44569
44571
44574
44582
44596
44603
44617
44618
44651
44661
44665
44665
44694
44707
44711
44719
44719
44721
44721
44726
44740
44740
44746
44764
44811
44822
44825
44829
44848
44860
44863
44863
44876
44897
44903
44905
44909
44920
44920
44933
44935
44938
44976
44984
44988
44989
44991
44998
44998
45006
45014
45018
45047
45061
45065
45075
45085
45086
45099
45100
45107
45116
45131
45141
45151
45161
45166
45171
45175
45184
45184
45188
45191
45232
45242
45242
45246
45246
45251
45257
45259
45271
45273
45285
45294
45296
45302
45303
45305
45310
45311
45313
45323
45323
45342
45350
45367
45395
45396
45405
45407
45413
45420
45428
45429
45430
45444
45447
45473
45477
45494
45495
45495
45521
45538
45543
45543
45545
45568
45578
45582
45585
45609
45627
45632
45648
45650
45662
45672
45679
45723
45726
45728
45747
45747
45755
45768
45776
45776
45780
45791
45798
45836
45855
45865
45871
45874
45875
45884
45889
45894
45896
45905
45909
45916
45921
45932
45933
45942
45943
45953
45954
45962
45972
46012
46020
46036
46038
46045
46052
46054
46064
46065
46069
46088
46148
46153
46176
46183
46248
46264
46283
46285
46298
46300
46310
46316
46316
46333
46334
46343
46343
46345
46358
46369
46376
46399
46408
46422
46423
46425
46428
46432
46435
46453
46459
46466
46487
46491
46497
46499
46502
46517
46544
46546
46553
46560
46569
46571
46584
46600
46602
46624
46628
46635
46644
46646
46665
46670
46670
46671
46682
46698
46701
46706
46717
46739
46741
46751
46752
46773
46786
46790
46793
46799
46800
46830
46837
46837
46850
46853
46857
46876
46878
46879
46890
46892
46899
46906
46906
46921
46977
46991
46991
46994
46997
47027
47031
47056
47070
47077
47084
47089
47106
47113
47131
47135
47139
47142
47160
47168
47169
47175
47183
47189
47199
47209
47247
47253
47258
47260
47262
47272
47283
47286
47295
47306
47317
47356
47363
47365
47383
47385
47412
47420
47422
47433
47434
47444
47455
47480
47491
47517
47519
47519
47531
47551
47559
47567
47568
47573
47605
47626
47641
47647
47650
47659
47667
47677
47703
47729
47744
47762
47766
47771
47798
47812
47815
47816
47829
47829
47831
47839
47839
47848
47859
47859
47869
47886
47908
47916
47916
47922
47923
47926
47934
47942
47972
47974
47976
48022
48025
48033
48042
48050
48054
48056
48065
48079
48084
48142
48148
48153
48171
48172
48182
48186
48187
48201
48206
48210
48216
48217
48237
48238
48245
48253
48255
48260
48261
48266
48272
48275
48277
48290
48312
48366
48376
48391
48394
48402
48403
48408
48434
48447
48450
48455
48457
48462
48470
48477
48491
48491
48505
48508
48529
48530
48531
48535
48543
48545
48545
48550
48554
48554
48555
48561
48567
48575
48587
48589
48591
48592
48613
48627
48631
48651
48657
48659
48665
48678
48682
48688
48690
48696
48709
48714
48734
48736
48738
48741
48743
48765
48771
48776
48777
48784
48794
48799
48806
48811
48813
48813
48823
48849
48853
48856
48879
48892
48926
48954
48956
48970
48972
48973
48977
48978
48989
48997
49023
49030
49049
49054
49061
49092
49095
49138
49144
49157
49163
49165
49175
49180
49183
49184
49210
49219
49223
49231
49241
49246
49257
49260
49269
49305
49319
49333
49333
49365
49367
49382
49387
49393
49399
49401
49404
49427
49432
49443
49449
49453
49460
49471
49471
49472
49480
49492
49493
49523
49525
49526
49533
49555
49564
49572
49577
49590
49591
49605
49634
49662
49672
49685
49697
49704
49713
49719
49720
49723
49725
49733
49735
49747
49770
49793
49793
49796
49800
49801
49808
49827
49834
49846
49851
49890
49900
49909
49915
49932
49942
49982
49994
50001
50001
50002
50005
50006
50030
50042
50047
50071
50074
50088
50089
50091
50149
50149
50150
50166
50196
50201
50208
50210
50218
50219
50222
50233
50249
50256
50264
50280
50305
50318
50322
50327
50387
50398
50399
50440
50446
50447
50476
50502
50516
50518
50521
50538
50542
50544
50549
50573
50585
50596
50600
50602
50617
50618
50618
50630
50641
50650
50654
50680
50680
50685
50698
50704
50735
50773
50777
50795
50798
50814
50817
50829
50843
50847
50864
50871
50881
50888
50906
50906
50908
50923
50928
50945
50966
50966
50977
50978
50986
50999
51032
51033
51037
51037
51062
51070
51071
51074
51076
51094
51122
51137
51151
51156
51160
51176
51191
51203
51208
51232
51239
51246
51268
51268
51277
51281
51287
51294
51324
51331
51333
51336
51347
51359
51363
51366
51377
51380
51381
51381
51386
51393
51393
51400
51421
51428
51428
51439
51441
51442
51458
51474
51477
51481
51482
51498
51509
51523
51527
51531
51533
51538
51547
51588
51613
51615
51625
51625
51626
51634
51641
51644
51647
51686
51688
51711
51731
51733
51739
51745
51767
51783
51790
51792
51829
51831
51845
51859
51882
51891
51907
51910
51929
51950
51971
51985
51990
51994
52015
52024
52033
52074
52081
52105
52106
52110
52123
52128
52139
52142
52153
52160
52168
52176
52195
52200
52225
52228
52252
52258
52261
52269
52275
52277
52278
52281
52285
52297
52300
52307
52307
52311
52313
52315
52320
52329
52343
52351
52368
52370
52373
52377
52386
52391
52407
52411
52424
52430
52448
52460
52475
52475
52479
52480
52488
52490
52504
52511
52514
52514
52515
52533
52553
52571
52603
52607
52614
52617
52636
52661
52665
52670
52680
52716
52731
52736
52750
52753
52778
52823
52824
52828
52830
52833
52846
52853
52874
52884
52942
52948
52954
52966
52976
52978
52988
52990
53001
53033
53039
53059
53085
53087
53087
53098
53105
53121
53123
53124
53151
53152
53155
53167
53176
53181
53182
53223
53228
53230
53230
53233
53239
53255
53267
53288
53294
53301
53310
53313
53320
53325
53327
53327
53350
53351
53357
53377
53383
53385
53391
53420
53428
53432
53449
53452
53453
53454
53465
53466
53495
53500
53501
53502
53508
53516
53524
53549
53559
53569
53571
53576
53579
53579
53583
53584
53590
53597
53599
53600
53606
53620
53636
53638
53666
53675
53697
53698
53701
53703
53709
53721
53728
53739
53745
53762
53767
53776
53792
53793
53811
53815
53830
53841
53846
53861
53861
53864
53891
53891
53907
53913
53927
53930
53933
53934
53964
53965
53970
53983
53984
54005
54011
54042
54043
54044
54047
54056
54056
54065
54068
54073
54081
54085
54110
54125
54128
54128
54145
54153
54158
54184
54185
54193
54209
54213
54215
54246
54249
54249
54263
54264
54282
54285
54303
54307
54314
54321
54344
54346
54347
54348
54371
54373
54386
54393
54424
54430
54437
54446
54449
54462
54476
54487
54489
54492
54507
54510
54528
54533
54538
54541
54544
54558
54559
54576
54591
54611
54613
54622
54637
54643
54647
54648
54676
54678
54688
54690
54699
54715
54715
54719
54721
54778
54781
54793
54798
54799
54809
54819
54820
54860
54877
54902
54906
54914
54925
54959
54963
54964
54966
54993
55004
55021
55021
55037
55065
55072
55078
55085
55099
55105
55106
55107
55109
55120
55150
55179
55184
55211
55211
55216
55220
55235
55264
55274
55288
55292
55306
55314
55315
55316
55325
55334
55342
55343
55347
55358
55358
55366
55374
55383
55388
55405
55406
55420
55435
55459
55467
55475
55477
55482
55492
55496
55497
55500
55501
55526
55529
55555
55560
55560
55560
55562
55580
55592
55597
55603
55619
55633
55673
55676
55683
55709
55709
55709
55720
55727
55733
55733
55747
55749
55758
55763
55764
55772
55788
55798
55813
55819
55826
55881
55893
55894
55902
55917
55936
55954
55956
55964
55969
55985
56012
56014
56023
56033
56040
56040
56055
56058
56074
56092
56101
56118
56121
56124
56156
56164
56175
56181
56195
56203
56205
56212
56231
56242
56252
56253
56262
56270
56305
56318
56322
56334
56351
56356
56384
56395
56400
56401
56406
56410
56450
56450
56462
56488
56488
56493
56498
56511
56519
56530
56533
56539
56541
56541
56541
56563
56582
56591
56597
56613
56622
56640
56641
56645
56657
56657
56662
56668
56694
56705
56716
56724
56736
56755
56781
56785
56814
56830
56830
56833
56841
56844
56846
56854
56854
56857
56858
56863
56873
56884
56895
56903
56907
56917
56924
56929
56944
56957
56972
56994
56998
57012
57035
57041
57046
57047
57054
57069
57081
57092
57106
57107
57120
57135
57144
57148
57165
57178
57183
57224
57228
57234
57244
57260
57260
57276
57279
57280
57299
57304
57329
57336
57340
57351
57359
57363
57377
57381
57384
57389
57395
57399
57410
57418
57433
57439
57441
57462
57466
57466
57495
57513
57515
57524
57526
57528
57548
57548
57554
57557
57562
57570
57579
57581
57598
57606
57606
57609
57640
57650
57673
57693
57755
57771
57772
57798
57802
57804
57806
57814
57815
57821
57838
57846
57859
57898
57926
57938
57947
57968
57971
57983
57985
57985
58001
58005
58008
58018
58022
58025
58034
58059
58063
58064
58079
58111
58137
58169
58190
58197
58213
58217
58219
58222
58229
58231
58238
58252
58259
58269
58295
58333
58338
58347
58352
58352
58360
58372
58373
58382
58388
58390
58395
58405
58406
58406
58410
58423
58427
58456
58456
58461
58475
58477
58480
58484
58484
58556
58567
58571
58579
58592
58597
58620
58625
58629
58637
58638
58644
58650
58651
58651
58671
58677
58679
58684
58687
58689
58723
58731
58731
58737
58767
58768
58769
58776
58777
58792
58800
58804
58825
58828
58831
58851
58852
58860
58861
58864
58878
58925
58933
58939
58942
58957
58962
58971
58979
58992
58993
59041
59045
59048
59064
59072
59092
59098
59109
59122
59126
59133
59140
59141
59146
59147
59151
59161
59203
59221
59259
59261
59277
59281
59285
59288
59296
59302
59303
59328
59330
59359
59362
59363
59366
59369
59381
59407
59419
59432
59434
59448
59452
59452
59461
59481
59483
59488
59514
59517
59518
59532
59542
59584
59596
59616
59622
59640
59676
59678
59679
59681
59707
59709
59720
59725
59741
59742
59744
59751
59756
59767
59794
59803
59808
59824
59827
59834
59837
59867
59880
59890
59892
59895
59899
59899
59910
59933
59973
59982
60000
60003
60007
60009
60010
60014
60017
60029
60031
60036
60043
60061
60072
60077
60085
60109
60113
60115
60119
60126
60141
60147
60177
60185
60188
60195
60201
60222
60228
60230
60242
60257
60259
60260
60262
60264
60281
60290
60294
60315
60346
60359
60378
60384
60401
60417
60427
60436
60445
60461
60483
60491
60517
60519
60522
60547
60556
60560
60568
60587
60613
60614
60631
60649
60651
60652
60697
60701
60705
60712
60715
60724
60777
60777
60786
60793
60795
60800
60814
60821
60832
60848
60850
60866
60891
60893
60895
60899
60900
60914
60918
60924
60930
60936
60943
60943
60949
60950
60953
60964
60969
60978
60986
60991
61008
61009
61014
61016
61030
61043
61044
61048
61050
61066
61072
61076
61087
61090
61108
61128
61129
61137
61141
61145
61156
61157
61167
61177
61205
61211
61218
61221
61238
61244
61245
61254
61255
61262
61280
61317
61318
61339
61343
61351
61375
61401
61407
61424
61427
61427
61452
61453
61459
61470
61487
61494
61501
61515
61537
61546
61548
61582
61607
61612
61618
61620
61620
61630
61631
61635
61636
61642
61654
61670
61678
61688
61694
61704
61715
61716
61723
61741
61744
61751
61762
61779
61782
61789
61820
61828
61854
61855
61859
61866
61874
61882
61884
61886
61889
61892
61902
61908
61940
61941
61951
61958
61963
61970
61970
61972
61980
61989
61993
61993
62025
62035
62039
62044
62051
62056
62062
62072
62079
62086
62093
62105
62111
62113
62119
62123
62157
62158
62161
62239
62248
62254
62259
62268
62271
62272
62287
62291
62303
62328
62332
62352
62359
62369
62375
62376
62378
62393
62393
62401
62402
62405
62409
62431
62432
62453
62455
62460
62487
62508
62523
62528
62528
62550
62570
62576
62580
62590
62597
62601
62603
62605
62615
62639
62644
62653
62655
62680
62680
62696
62702
62703
62715
62717
62721
62723
62725
62740
62743
62749
62782
62789
62799
62804
62804
62817
62831
62849
62852
62866
62876
62885
62907
62908
62924
62925
62926
62930
62931
62949
62955
62956
62962
63000
63004
63014
63018
63019
63030
63036
63045
63059
63087
63088
63099
63103
63114
63131
63151
63157
63159
63162
63165
63166
63196
63217
63224
63224
63225
63233
63233
63242
63252
63256
63338
63352
63363
63366
63415
63423
63425
63435
63465
63471
63485
63495
63510
63523
63536
63549
63567
63570
63575
63577
63582
63583
63613
63632
63653
63655
63656
63657
63660
63671
63674
63679
63680
63709
63756
63757
63773
63789
63797
63801
63809
63831
63839
63842
63851
63860
63863
63864
63867
63870
63873
63889
63908
63918
63946
63959
63961
63966
63971
63980
64006
64007
64016
64026
64029
64035
64040
64045
64047
64049
64054
64061
64084
64085
64095
64096
64116
64118
64143
64174
64180
64187
64195
64200
64223
64280
64292
64300
64305
64308
64317
64317
64319
64324
64330
64336
64339
64344
64356
64357
64365
64368
64371
64380
64382
64398
64400
64403
64412
64416
64417
64423
64429
64439
64449
64465
64473
64475
64486
64516
64523
64527
64527
64527
64532
64564
64573
64608
64612
64616
64618
64619
64624
64627
64632
64634
64647
64653
64656
64662
64666
64671
64677
64705
64712
64736
64743
64744
64779
64784
64785
64793
64809
64809
64854
64863
64869
64875
64889
64903
64906
64907
64912
64926
64935
64938
64947
64948
64964
64978
64980
64988
64996
65014
65065
65069
65072
65083
65085
65108
65108
65112
65123
65141
65142
65172
65177
65179
65190
65191
65194
65199
65203
65209
65230
65231
65242
65252
65253
65257
65261
65263
65267
65296
65310
65316
65331
65380
65391
65415
65422
65466
65472
65485
65497
65517
65563
65572
65572
65573
65586
65589
65609
65642
65644
65667
65670
65679
65705
65706
65724
65738
65746
65746
65748
65776
65781
65810
65823
65834
65856
65857
65861
65863
65864
65880
65882
65891
65901
65906
65910
65913
65919
65919
65931
65941
65952
65960
65960
65965
65973
65976
65977
65986
65990
65990
65990
65999
66008
66020
66064
66085
66103
66125
66128
66148
66198
66201
66214
66223
66224
66232
66235
66242
66254
66260
66270
66271
66281
66302
66318
66324
66349
66357
66363
66368
66383
66411
66432
66446
66446
66454
66462
66467
66473
66505
66519
66528
66542
66552
66554
66566
66571
66577
66578
66579
66584
66605
66628
66630
66633
66640
66649
66663
66678
66678
66683
66690
66708
66711
66713
66717
66744
66750
66754
66755
66763
66765
66782
66784
66785
66791
66796
66797
66800
66805
66826
66849
66849
66862
66876
66894
66896
66898
66902
66931
66936
66943
66948
66958
66962
66968
66979
66988
66993
66994
67013
67016
67017
67024
67044
67044
67075
67080
67100
67101
67117
67125
67138
67138
67152
67161
67199
67202
67203
67206
67215
67219
67233
67243
67262
67267
67269
67288
67304
67308
67318
67325
67343
67356
67368
67371
67397
67399
67400
67406
67409
67426
67434
67434
67449
67457
67464
67480
67501
67512
67516
67522
67525
67529
67541
67556
67563
67568
67573
67574
67595
67606
67613
67616
67622
67629
67648
67650
67653
67655
67664
67672
67673
67676
67678
67679
67695
67696
67722
67741
67742
67749
67760
67762
67769
67796
67801
67822
67824
67829
67835
67840
67884
67886
67888
67891
67897
67903
67914
67925
67929
67941
67952
67966
67969
67979
67988
68000
68067
68081
68104
68116
68124
68126
68127
68147
68181
68204
68223
68231
68236
68241
68245
68248
68251
68252
68255
68258
68258
68287
68293
68294
68304
68325
68340
68351
68352
68357
68365
68402
68409
68409
68411
68412
68415
68424
68443
68447
68460
68476
68496
68499
68500
68504
68531
68536
68540
68548
68551
68561
68566
68576
68583
68585
68586
68605
68605
68606
68608
68617
68628
68628
68655
68667
68677
68693
68716
68730
68731
68733
68739
68744
68753
68764
68772
68800
68814
68817
68817
68826
68833
68841
68842
68851
68865
68879
68899
68901
68912
68933
68954
68957
68957
68981
68986
69011
69069
69075
69076
69078
69086
69087
69103
69113
69114
69115
69120
69137
69150
69181
69188
69203
69223
69227
69240
69253
69259
69262
69267
69276
69282
69288
69297
69302
69332
69334
69345
69355
69372
69372
69392
69395
69423
69425
69428
69456
69457
69467
69488
69495
69537
69545
69586
69600
69618
69623
69626
69634
69635
69646
69655
69658
69661
69663
69682
69710
69711
69714
69717
69718
69746
69747
69756
69768
69791
69792
69794
69795
69822
69829
69870
69874
69897
69911
69928
69941
69944
69969
69976
69986
70002
70022
70054
70070
70070
70113
70117
70120
70130
70154
70162
70172
70181
70185
70200
70200
70203
70209
70214
70222
70231
70236
70242
70245
70257
70271
70276
70283
70285
70303
70326
70327
70328
70335
70336
70351
70352
70364
70376
70396
70412
70420
70423
70429
70443
70458
70463
70471
70475
70485
70495
70521
70533
70542
70552
70557
70563
70570
70573
70574
70591
70596
70618
70637
70652
70676
70695
70696
70729
70733
70734
70743
70746
70756
70758
70770
70788
70796
70824
70837
70838
70857
70861
70873
70911
70913
70915
70916
70919
70922
70945
70966
70997
70999
71010
71027
71028
71050
71062
71069
71093
71100
71107
71125
71137
71139
71154
71183
71192
71193
71207
71217
71219
71222
71223
71223
71237
71237
71244
71248
71267
71274
71279
71289
71322
71343
71349
71350
71362
71367
71383
71385
71393
71395
71399
71403
71405
71409
71443
71460
71476
71495
71509
71530
71534
71548
71559
71582
71583
71587
71592
71634
71636
71656
71663
71694
71711
71739
71744
71754
71756
71762
71771
71771
71773
71784
71806
71807
71811
71819
71824
71830
71834
71837
71860
71861
71862
71865
71865
71874
71874
71877
71878
71880
71888
71898
71904
71927
71937
71945
71953
71957
71968
71969
71980
71990
71995
72006
72027
72028
72028
72036
72040
72044
72045
72117
72117
72124
72158
72160
72181
72212
72212
72229
72232
72232
72234
72238
72246
72250
72270
72273
72282
72295
72300
72309
72311
72315
72328
72341
72348
72374
72388
72422
72428
72439
72441
72492
72512
72517
72539
72539
72545
72555
72560
72580
72582
72585
72594
72623
72625
72630
72632
72644
72647
72650
72651
72654
72659
72662
72677
72680
72696
72701
72706
72712
72719
72747
72756
72765
72781
72785
72790
72852
72863
72870
72871
72874
72880
72890
72900
72905
72906
72916
72924
72927
72931
72958
72974
72983
72991
72993
72996
73003
73050
73068
73073
73079
73082
73083
73092
73143
73178
73184
73197
73209
73216
73225
73230
73254
73261
73265
73303
73304
73305
73334
73341
73346
73371
73382
73391
73431
73454
73460
73474
73474
73475
73490
73503
73540
73546
73548
73549
73568
73584
73586
73587
73590
73594
73595
73616
73622
73632
73633
73651
73682
73690
73692
73731
73738
73743
73748
73759
73763
73772
73792
73807
73814
73822
73823
73825
73828
73831
73847
73860
73874
73875
73888
73889
73906
73911
73916
73930
73930
73931
73941
73947
73966
73980
73990
73992
73994
73995
74013
74024
74032
74043
74047
74048
74052
74057
74067
74069
74094
74104
74108
74150
74152
74159
74164
74170
74183
74190
74212
74227
74238
74250
74255
74265
74308
74308
74311
74314
74328
74335
74343
74344
74360
74365
74366
74381
74382
74404
74407
74445
74467
74472
74498
74501
74501
74514
74518
74521
74523
74527
74543
74558
74558
74568
74568
74582
74591
74606
74610
74624
74625
74647
74647
74655
74677
74710
74711
74715
74718
74731
74749
74754
74769
74819
74826
74831
74845
74856
74859
74864
74874
74878
74887
74888
74896
74912
74928
74935
74942
74942
74949
74962
74997
75012
75034
75036
75036
75044
75046
75059
75062
75067
75075
75084
75085
75091
75102
75106
75107
75110
75110
75113
75132
75132
75138
75138
75139
75149
75157
75176
75196
75213
75227
75235
75255
75257
75316
75327
75333
75344
75345
75356
75359
75363
75367
75369
75383
75385
75393
75420
75425
75425
75445
75466
75469
75470
75472
75476
75483
75487
75490
75500
75503
75505
75528
75544
75548
75606
75609
75610
75628
75638
75639
75644
75654
75656
75659
75668
75670
75683
75685
75717
75741
75742
75758
75777
75796
75800
75811
75832
75832
75833
75834
75840
75852
75864
75869
75869
75888
75898
75906
75921
75937
75938
75944
75967
75982
76008
76008
76014
76071
76124
76130
76138
76203
76213
76233
76234
76238
76254
76258
76277
76289
76299
76302
76305
76309
76312
76312
76326
76343
76352
76367
76373
76378
76392
76396
76405
76432
76442
76449
76458
76483
76516
76527
76533
76536
76538
76539
76555
76569
76582
76585
76599
76606
76632
76643
76655
76667
76667
76670
76673
76679
76718
76733
76743
76760
76766
76781
76800
76814
76844
76846
76849
76855
76856
76858
76869
76881
76882
76883
76891
76895
76901
76920
76926
76945
76981
76983
77000
77027
77034
77060
77061
77065
77082
77091
77129
77141
77147
77178
77178
77178
77195
77197
77206
77226
77226
77231
77233
77242
77266
77284
77296
77299
77302
77349
77382
77386
77393
77393
77416
77424
77428
77430
77435
77438
77450
77466
77473
77477
77480
77480
77483
77483
77483
77512
77516
77520
77531
77535
77536
77561
77576
77593
77597
77598
77619
77642
77644
77646
77652
77661
77682
77684
77689
77698
77708
77720
77725
77739
77763
77772
77773
77780
77802
77833
77840
77844
77849
77854
77856
77860
77870
77878
77879
77884
77889
77897
77899
77905
77906
77928
77936
77958
77977
77995
78015
78023
78040
78044
78047
78054
78074
78080
78093
78097
78104
78108
78113
78124
78150
78181
78186
78208
78231
78256
78263
78270
78271
78271
78275
78301
78315
78316
78325
78331
78336
78337
78339
78340
78346
78347
78355
78360
78364
78365
78380
78382
78382
78394
78399
78451
78455
78455
78471
78473
78480
78505
78508
78519
78521
78532
78540
78541
78543
78551
78556
78571
78614
78636
78639
78644
78649
78662
78675
78675
78690
78692
78712
78732
78741
78751
78767
78768
78789
78799
78807
78816
78817
78846
78853
78856
78859
78859
78865
78870
78874
78876
78876
78881
78888
78896
78904
78908
78922
78928
78932
78939
79007
79007
79020
79031
79061
79068
79085
79126
79127
79127
79133
79143
79150
79155
79157
79159
79162
79166
79220
79224
79230
79238
79245
79251
79263
79264
79280
79290
79298
79304
79307
79333
79346
79348
79354
79360
79370
79384
79389
79397
79404
79406
79415
79423
79429
79430
79445
79481
79494
79497
79510
79526
79536
79537
79537
79554
79558
79580
79590
79590
79593
79595
79599
79602
79609
79614
79619
79620
79627
79646
79656
79656
79663
79676
79688
79709
79711
79737
79738
79745
79746
79748
79750
79750
79756
79772
79777
79786
79799
79816
79823
79827
79854
79881
79897
79902
79915
79919
79950
79961
79964
79965
80000
80010
80022
80033
80037
80047
80047
80071
80071
80109
80120
80140
80157
80161
80161
80169
80202
80208
80212
80230
80230
80233
80242
80301
80307
80312
80342
80343
80348
80383
80392
80394
80411
80426
80431
80457
80467
80498
80510
80521
80549
80563
80567
80567
80616
80619
80626
80631
80632
80634
80637
80672
80676
80687
80688
80700
80702
80703
80710
80716
80717
80724
80728
80734
80742
80746
80773
80803
80816
80828
80829
80835
80845
80863
80919
80926
80935
80939
80959
80963
80985
81014
81026
81035
81047
81047
81058
81067
81081
81086
81087
81098
81131
81143
81151
81155
81170
81186
81198
81200
81209
81236
81239
81274
81276
81296
81311
81313
81327
81362
81364
81365
81374
81412
81426
81442
81442
81474
81476
81476
81477
81479
81482
81482
81488
81489
81491
81495
81496
81496
81503
81530
81549
81551
81571
81589
81603
81607
81624
81625
81662
81669
81671
81684
81691
81693
81694
81704
81707
81709
81715
81719
81721
81723
81741
81792
81808
81809
81812
81828
81833
81838
81846
81850
81860
81860
81861
81887
81888
81893
81894
81902
81902
81915
81918
81927
81936
81943
81955
81960
81961
81967
81970
81981
82011
82015
82021
82030
82046
82064
82072
82095
82102
82106
82112
82122
82127
82132
82138
82156
82171
82172
82174
82179
82192
82206
82229
82234
82234
82236
82247
82251
82261
82294
82306
82307
82320
82336
82348
82353
82360
82383
82400
82412
82422
82434
82438
82443
82465
82467
82491
82513
82531
82554
82554
82558
82559
82559
82560
82562
82567
82574
82594
82598
82600
82615
82627
82630
82633
82640
82645
82657
82660
82666
82677
82683
82702
82706
82737
82740
82746
82771
82774
82789
82790
82791
82802
82804
82811
82832
82840
82844
82845
82851
82851
82852
82865
82876
82889
82890
82917
82919
82929
82930
82932
82979
82981
83001
83016
83029
83035
83041
83048
83067
83067
83071
83071
83074
83077
83079
83086
83095
83131
83146
83154
83163
83170
83180
83190
83196
83204
83214
83216
83219
83222
83223
83228
83234
83255
83259
83265
83278
83283
83308
83345
83351
83359
83369
83410
83410
83452
83465
83468
83471
83487
83495
83513
83514
83516
83518
83522
83562
83562
83565
83571
83572
83637
83659
83667
83677
83677
83725
83737
83783
83784
83786
83791
83801
83803
83812
83817
83819
83832
83885
83890
83909
83910
83913
83918
83927
83930
83953
83962
83978
83984
83990
83994
83997
83998
84000
84015
84021
84024
84037
84049
84058
84063
84075
84077
84087
84087
84106
84109
84110
84141
84147
84149
84150
84158
84159
84170
84175
84186
84188
84193
84212
84227
84238
84306
84307
84319
84342
84348
84359
84373
84387
84405
84407
84409
84412
84414
84427
84428
84454
84460
84470
84477
84479
84491
84509
84517
84528
84530
84530
84546
84547
84565
84568
84574
84587
84590
84607
84627
84629
84647
84651
84682
84687
84701
84708
84729
84737
84742
84742
84742
84752
84757
84792
84815
84819
84822
84829
84833
84845
84850
84852
84865
84865
84869
84882
84884
84890
84901
84913
84958
84981
84988
84996
85020
85026
85029
85043
85058
85066
85091
85091
85093
85115
85138
85148
85163
85172
85174
85177
85178
85180
85191
85192
85197
85205
85214
85215
85216
85234
85244
85245
85247
85251
85252
85253
85287
85295
85309
85310
85313
85318
85323
85342
85366
85368
85383
85388
85400
85403
85407
85425
85453
85459
85466
85488
85490
85504
85506
85519
85532
85547
85548
85554
85558
85573
85588
85590
85597
85602
85606
85617
85633
85636
85636
85652
85659
85682
85683
85688
85689
85694
85698
85700
85719
85725
85742
85753
85762
85767
85767
85776
85780
85780
85784
85789
85799
85818
85830
85834
85860
85863
85875
85892
85897
85900
85907
85914
85915
85936
85940
85945
85967
85976
85987
85996
86003
86036
86042
86055
86062
86081
86088
86090
86093
86093
86100
86118
86129
86135
86165
86167
86193
86196
86223
86240
86246
86250
86251
86251
86252
86264
86275
86290
86299
86311
86320
86320
86320
86327
86346
86347
86356
86360
86360
86374
86375
86378
86381
86388
86391
86411
86432
86464
86465
86484
86489
86530
86536
86552
86553
86563
86568
86569
86582
86584
86585
86586
86593
86619
86628
86640
86641
86644
86652
86679
86680
86681
86690
86691
86694
86696
86701
86718
86718
86738
86751
86754
86754
86791
86792
86794
86803
86810
86823
86834
86837
86848
86850
86879
86889
86898
86915
86916
86931
86934
86940
86946
86958
86968
86971
86973
86987
87011
87016
87018
87022
87029
87040
87042
87055
87055
87062
87062
87075
87078
87089
87090
87096
87109
87128
87132
87140
87143
87147
87152
87154
87168
87212
87225
87240
87281
87285
87291
87299
87309
87318
87332
87345
87351
87352
87353
87353
87364
87386
87397
87419
87420
87424
87478
87488
87489
87492
87500
87502
87531
87541
87550
87557
87558
87560
87571
87571
87573
87574
87575
87592
87624
87625
87632
87635
87640
87648
87655
87662
87670
87698
87703
87706
87721
87727
87734
87738
87759
87772
87788
87790
87795
87802
87806
87809
87813
87824
87845
87847
87889
87896
87905
87909
87912
87934
87940
87947
87960
87966
87977
87980
87989
88002
88034
88041
88053
88054
88063
88072
88077
88089
88103
88105
88113
88127
88130
88136
88139
88142
88161
88174
88180
88181
88204
88218
88229
88251
88257
88264
88276
88279
88279
88297
88318
88320
88323
88329
88333
88340
88350
88372
88374
88377
88390
88395
88404
88411
88434
88439
88472
88475
88485
88503
88521
88525
88532
88562
88571
88572
88580
88632
88665
88715
88729
88731
88734
88757
88758
88768
88785
88790
88793
88796
88797
88818
88823
88830
88837
88839
88840
88845
88848
88854
88864
88888
88892
88897
88911
88920
88926
88940
88961
88972
88978
88993
88996
89000
89003
89015
89039
89047
89059
89062
89072
89077
89081
89085
89090
89105
89110
89123
89175
89224
89245
89256
89258
89261
89262
89296
89303
89313
89335
89359
89373
89381
89382
89403
89414
89414
89430
89438
89444
89451
89456
89462
89478
89479
89480
89481
89496
89497
89497
89502
89522
89523
89526
89526
89528
89538
89540
89543
89554
89557
89573
89576
89577
89593
89611
89616
89618
89626
89637
89638
89669
89672
89694
89697
89714
89719
89722
89729
89738
89748
89757
89764
89766
89778
89779
89782
89782
89782
89783
89788
89788
89804
89805
89811
89814
89819
89829
89834
89848
89857
89927
89946
89956
89972
89988
89999
90011
90029
90031
90039
90063
90070
90094
90097
90099
90107
90125
90138
90146
90154
90165
90174
90179
90183
90196
90199
90200
90204
90204
90206
90207
90209
90228
90234
90243
90246
90259
90292
90293
90311
90317
90326
90331
90338
90348
90353
90356
90374
90378
90379
90386
90391
90395
90396
90443
90447
90451
90456
90461
90469
90481
90500
90507
90532
90554
90572
90584
90600
90631
90633
90642
90645
90677
90704
90705
90724
90743
90761
90798
90807
90809
90841
90850
90857
90869
90885
90893
90896
90898
90907
90920
90929
90950
90952
90977
90989
91003
91014
91017
91019
91025
91036
91042
91050
91058
91065
91080
91095
91098
91103
91119
91123
91141
91144
91146
91147
91172
91188
91195
91197
91210
91228
91264
91265
91271
91278
91284
91291
91302
91304
91316
91319
91333
91345
91350
91357
91365
91383
91387
91412
91425
91426
91435
91443
91465
91471
91483
91484
91507
91510
91513
91532
91565
91638
91647
91650
91656
91658
91662
91666
91670
91671
91672
91672
91673
91685
91689
91701
91701
91708
91738
91771
91771
91781
91782
91785
91793
91797
91799
91811
91812
91813
91816
91825
91835
91844
91908
91913
91926
91945
91955
91964
91971
91971
91986
91993
92004
92012
92021
92044
92060
92073
92077
92084
92088
92097
92103
92135
92141
92142
92149
92152
92161
92164
92171
92217
92225
92231
92234
92236
92246
92249
92265
92267
92279
92290
92299
92303
92317
92335
92341
92342
92347
92353
92357
92358
92358
92359
92380
92390
92397
92408
92434
92459
92463
92475
92477
92489
92498
92501
92516
92518
92569
92590
92634
92637
92646
92653
92675
92682
92687
92694
92706
92722
92723
92731
92762
92770
92770
92772
92798
92808
92810
92829
92832
92845
92855
92860
92867
92873
92876
92884
92893
92895
92905
92927
92930
92984
92996
93014
93016
93018
93023
93025
93030
93037
93039
93056
93073
93084
93086
93096
93105
93120
93155
93157
93163
93186
93186
93198
93224
93248
93258
93268
93273
93274
93277
93278
93282
93285
93297
93305
93306
93309
93316
93319
93341
93357
93371
93377
93381
93402
93403
93432
93437
93459
93470
93474
93475
93479
93492
93500
93502
93507
93522
93525
93535
93536
93553
93556
93562
93565
93597
93604
93611
93617
93644
93656
93658
93659
93666
93681
93687
93699
93705
93706
93729
93731
93733
93737
93757
93761
93765
93771
93778
93784
93803
93812
93813
93838
93839
93839
93851
93874
93912
93928
93937
93952
93969
93974
93975
93981
93995
94002
94002
94010
94036
94053
94064
94079
94094
94110
94110
94114
94127
94131
94135
94138
94144
94144
94154
94160
94177
94184
94191
94200
94204
94206
94212
94214
94226
94249
94258
94266
94269
94273
94274
94290
94290
94296
94300
94309
94309
94331
94352
94353
94357
94363
94372
94386
94392
94404
94415
94416
94418
94427
94431
94432
94445
94448
94448
94450
94490
94491
94512
94514
94516
94523
94527
94529
94540
94541
94544
94546
94568
94595
94607
94615
94619
94620
94643
94648
94653
94654
94661
94708
94714
94747
94755
94769
94771
94778
94783
94784
94797
94810
94833
94841
94858
94876
94903
94906
94916
94919
94920
94921
94926
94948
94953
94956
94981
94993
94993
95020
95020
95021
95038
95044
95064
95066
95073
95080
95082
95091
95095
95107
95150
95153
95177
95181
95203
95204
95243
95247
95251
95259
95267
95270
95282
95286
95319
95326
95345
95350
95350
95360
95367
95382
95395
95406
95414
95415
95442
95447
95449
95455
95463
95485
95492
95494
95508
95508
95517
95519
95531
95533
95538
95553
95556
95565
95576
95592
95597
95645
95651
95658
95661
95664
95674
95690
95695
95700
95702
95725
95734
95742
95749
95752
95780
95784
95789
95801
95804
95814
95823
95828
95832
95835
95840
95848
95855
95857
95871
95874
95876
95876
95898
95947
95947
95951
95952
95978
96000
96047
96058
96080
96090
96091
96092
96117
96128
96139
96150
96170
96175
96175
96186
96190
96197
96210
96227
96230
96230
96255
96255
96256
96256
96265
96268
96270
96278
96279
96287
96287
96290
96291
96293
96293
96299
96300
96310
96333
96362
96386
96398
96408
96412
96420
96424
96432
96438
96455
96457
96467
96502
96507
96522
96529
96554
96577
96593
96594
96597
96602
96609
96618
96620
96633
96662
96665
96675
96698
96704
96717
96740
96745
96752
96794
96805
96821
96822
96841
96848
96852
96896
96903
96910
96910
96930
96949
96959
96969
96985
97001
97004
97012
97020
97031
97036
97039
97042
97051
97051
97071
97072
97091
97091
97093
97099
97099
97102
97105
97107
97112
97113
97119
97149
97151
97161
97162
97164
97166
97167
97180
97205
97207
97209
97210
97231
97253
97257
97270
97295
97312
97341
97356
97376
97391
97400
97441
97443
97444
97448
97467
97509
97512
97527
97545
97553
97556
97558
97563
97576
97588
97588
97591
97591
97606
97607
97624
97651
97651
97657
97681
97703
97712
97720
97731
97752
97783
97809
97814
97816
97856
97859
97861
97872
97878
97880
97895
97900
97922
97934
97942
97980
97986
98009
98014
98028
98047
98055
98066
98067
98068
98074
98081
98087
98132
98136
98144
98151
98174
98179
98192
98197
98216
98218
98218
98231
98263
98282
98290
98296
98298
98304
98315
98320
98324
98325
98334
98334
98343
98380
98402
98402
98405
98475
98485
98488
98492
98493
98505
98505
98526
98545
98556
98558
98562
98563
98570
98596
98596
98604
98616
98619
98621
98634
98667
98668
98673
98679
98694
98698
98700
98742
98745
98749
98778
98781
98801
98812
98842
98865
98888
98891
98920
98944
98951
98957
98972
98988
98992
98993
99003
99012
99014
99014
99028
99037
99057
99064
99067
99073
99076
99106
99109
99130
99149
99161
99175
99176
99182
99185
99199
99205
99209
99228
99230
99244
99259
99293
99321
99321
99328
99337
99364
99377
99382
99408
99411
99416
99421
99442
99459
99459
99469
99480
99480
99495
99496
99508
99509
99511
99514
99541
99542
99542
99559
99560
99572
99620
99627
99634
99635
99643
99661
99665
99681
99690
99694
99694
99708
99717
99728
99731
99739
99745
99749
99753
99758
99767
99771
99788
99802
99807
99813
99815
99838
99859
99876
99882
99895
99899
99904
99907
99910
99910
99918
99920
99921
99927
99938
99949
99950
99959
99981
99987
99987
