18
30
37
49
66
74
78
81
86
89
94
95
101
110
114
119
134
136
154
157
169
174
177
183
185
185
187
191
220
228
259
275
294
316
327
336
345
359
395
399
425
432
441
442
442
459
470
481
487
492
493
514
525
561
581
592
607
607
621
622
646
655
658
668
672
681
691
700
749
782
796
799
828
847
854
867
867
870
934
977
980
983
994
997
1003
1003
1005
1042
1058
1067
1081
1085
1089
1090
1093
1101
1111
1113
1124
1126
1127
1132
1163
1183
1192
1193
1197
1202
1210
1210
1211
1227
1238
1241
1251
1260
1261
1305
1336
1342
1349
1350
1351
1352
1366
1367
1387
1410
1411
1425
1460
1478
1484
1490
1495
1497
1503
1513
1521
1530
1543
1543
1562
1572
1576
1578
1592
1601
1606
1606
1612
1616
1619
1630
1630
1643
1647
1667
1703
1704
1723
1732
1735
1736
1779
1809
1812
1818
1830
1841
1846
1847
1870
1911
1913
1930
1944
1947
1951
1954
1959
1962
1964
1970
1971
1987
2003
2024
2032
2036
2038
2056
2060
2060
2061
2068
2068
2074
2085
2104
2107
2116
2119
2122
2140
2143
2154
2176
2201
2215
2225
2243
2250
2259
2266
2271
2274
2282
2307
2308
2311
2327
2339
2341
2343
2346
2348
2350
2353
2368
2369
2371
2375
2415
2427
2431
2431
2442
2444
2445
2449
2474
2477
2491
2495
2498
2501
2511
2527
2527
2549
2569
2576
2578
2583
2591
2601
2623
2634
2648
2672
2677
2678
2684
2688
2689
2706
2726
2726
2738
2739
2807
2811
2815
2832
2835
2837
2838
2863
2871
2896
2899
2900
2900
2913
2913
2925
2930
2943
2953
2955
2955
2974
2982
2986
3005
3022
3039
3044
3047
3075
3083
3123
3131
3135
3143
3165
3176
3184
3190
3198
3215
3222
3230
3233
3235
3257
3266
3271
3273
3280
3282
3283
3304
3307
3312
3343
3343
3376
3377
3400
3439
3446
3452
3461
3482
3486
3493
3494
3500
3514
3523
3531
3537
3540
3544
3550
3569
3582
3588
3602
3612
3616
3633
3668
3675
3682
3688
3691
3707
3713
3713
3715
3729
3737
3739
3740
3751
3751
3758
3760
3761
3768
3782
3788
3788
3799
3804
3814
3824
3833
3849
3863
3878
3896
3916
3933
3935
3947
3949
3950
3960
3963
3968
3992
4013
4015
4019
4024
4030
4038
4047
4062
4072
4098
4104
4107
4108
4111
4113
4123
4126
4133
4144
4150
4158
4158
4172
4189
4189
4201
4209
4209
4225
4239
4257
4257
4263
4316
4328
4350
4357
4362
4367
4374
4383
4409
4423
4426
4429
4469
4475
4481
4490
4493
4498
4515
4516
4517
4523
4547
4554
4562
4564
4582
4598
4611
4620
4624
4632
4632
4634
4637
4648
4676
4687
4694
4697
4697
4704
4721
4751
4758
4773
4787
4789
4797
4815
4820
4823
4825
4827
4829
4851
4862
4894
4896
4911
4957
4970
4982
4986
4986
4997
5002
5033
5052
5061
5066
5073
5146
5147
5162
5168
5170
5174
5178
5188
5189
5199
5206
5239
5249
5254
5262
5272
5286
5301
5313
5335
5341
5343
5352
5353
5355
5383
5398
5398
5399
5406
5410
5423
5424
5437
5446
5450
5468
5469
5473
5482
5489
5496
5515
5518
5525
5526
5534
5539
5550
5559
5565
5566
5581
5586
5595
5600
5610
5613
5615
5621
5638
5698
5713
5716
5748
5767
5778
5779
5785
5786
5809
5809
5827
5856
5862
5879
5880
5882
5885
5887
5893
5904
5923
5928
5961
5979
5982
5990
6002
6009
6012
6016
6019
6035
6044
6103
6113
6146
6153
6168
6188
6191
6217
6226
6236
6260
6266
6275
6291
6295
6301
6328
6382
6383
6391
6394
6397
6399
6399
6412
6419
6441
6443
6446
6460
6464
6470
6486
6491
6498
6500
6507
6508
6534
6547
6548
6554
6562
6566
6578
6582
6584
6590
6594
6597
6604
6634
6638
6646
6652
6667
6680
6685
6691
6702
6714
6724
6727
6751
6770
6772
6785
6788
6795
6796
6797
6802
6822
6841
6868
6872
6878
6881
6891
6893
6904
6907
6908
6909
6947
6971
6979
6981
6985
6987
6992
6999
7022
7028
7046
7046
7051
7067
7077
7077
7078
7086
7091
7105
7106
7108
7113
7125
7138
7152
7156
7165
7180
7189
7205
7227
7231
7250
7250
7251
7256
7279
7306
7312
7312
7322
7326
7328
7334
7343
7344
7347
7353
7385
7404
7404
7404
7406
7407
7418
7428
7428
7431
7436
7437
7446
7446
7447
7451
7460
7465
7473
7491
7493
7526
7533
7534
7551
7554
7555
7567
7580
7586
7593
7600
7623
7626
7638
7652
7663
7664
7664
7672
7672
7676
7684
7692
7718
7728
7737
7758
7760
7782
7804
7810
7811
7821
7836
7841
7844
7870
7875
7875
7879
7884
7898
7904
7912
7914
7922
7938
7940
7947
7976
8012
8026
8047
8058
8060
8070
8095
8098
8112
8116
8131
8140
8150
8173
8178
8180
8186
8191
8203
8213
8233
8248
8250
8259
8265
8269
8273
8296
8299
8304
8307
8317
8320
8329
8329
8331
8340
8354
8369
8369
8398
8398
8417
8418
8421
8470
8476
8487
8515
8518
8521
8534
8540
8562
8563
8566
8568
8588
8599
8613
8616
8631
8633
8642
8644
8646
8665
8673
8686
8713
8718
8727
8738
8740
8743
8754
8762
8765
8767
8780
8780
8789
8795
8797
8810
8811
8816
8822
8831
8840
8843
8848
8854
8907
8909
8912
8915
8921
8932
8966
8972
8973
8981
9005
9006
9007
9011
9012
9014
9019
9021
9027
9031
9038
9039
9043
9048
9050
9058
9061
9066
9070
9100
9101
9111
9130
9132
9137
9140
9141
9141
9167
9171
9173
9183
9188
9190
9195
9205
9219
9225
9225
9231
9266
9269
9270
9280
9314
9316
9327
9328
9340
9351
9358
9362
9366
9368
9368
9373
9376
9408
9409
9414
9420
9420
9423
9427
9428
9436
9464
9486
9505
9506
9510
9517
9536
9554
9562
9567
9576
9583
9584
9595
9597
9625
9639
9648
9648
9650
9656
9661
9661
9661
9662
9676
9685
9688
9698
9709
9715
9716
9719
9720
9728
9730
9745
9762
9767
9778
9789
9804
9806
9807
9823
9827
9830
9831
9855
9861
9864
9871
9874
9883
9905
9908
9922
9942
9958
9963
9965
9974
9976
9988
9998
10007
10008
10045
10064
10069
10078
10091
10091
10113
10123
10142
10163
10167
10182
10198
10200
10205
10205
10209
10222
10227
10227
10233
10234
10250
10252
10261
10265
10268
10269
10334
10340
10365
10369
10426
10434
10447
10451
10453
10453
10454
10455
10455
10457
10499
10500
10500
10516
10536
10539
10560
10576
10584
10597
10598
10604
10610
10619
10630
10631
10650
10690
10710
10718
10721
10754
10758
10759
10765
10775
10786
10794
10798
10807
10813
10820
10823
10833
10849
10849
10861
10878
10901
10915
10934
10936
10938
10945
10975
10985
10995
10996
11000
11004
11006
11025
11029
11036
11038
11044
11055
11065
11068
11070
11075
11075
11076
11080
11086
11089
11098
11103
11119
11131
11148
11175
11180
11181
11218
11227
11233
11234
11310
11333
11336
11361
11374
11376
11382
11395
11403
11417
11436
11436
11443
11451
11453
11454
11456
11473
11476
11493
11499
11517
11527
11529
11536
11542
11554
11556
11570
11577
11585
11599
11620
11628
11634
11635
11642
11644
11671
11671
11675
11675
11682
11685
11706
11716
11717
11723
11744
11749
11754
11761
11763
11768
11774
11775
11775
11775
11778
11779
11786
11787
11797
11797
11803
11804
11806
11819
11823
11839
11846
11855
11860
11891
11902
11904
11916
11918
11927
11927
11935
11937
11938
11950
11954
11961
11966
11968
11970
11998
12005
12009
12015
12028
12033
12043
12077
12125
12150
12151
12162
12166
12175
12182
12191
12227
12230
12250
12267
12270
12273
12280
12289
12319
12322
12329
12331
12334
12340
12341
12348
12359
12378
12392
12411
12417
12423
12424
12439
12446
12454
12481
12496
12501
12515
12524
12528
12539
12543
12549
12560
12564
12569
12574
12584
12587
12618
12625
12640
12646
12649
12651
12658
12668
12672
12685
12686
12698
12706
12734
12740
12802
12803
12813
12825
12830
12847
12851
12859
12878
12895
12898
12902
12908
12914
12918
12921
12924
12942
12958
12964
12972
12977
12993
13007
13037
13037
13041
13071
13091
13110
13116
13139
13147
13147
13150
13159
13159
13166
13198
13203
13209
13215
13219
13220
13251
13308
13308
13312
13318
13319
13362
13400
13405
13411
13440
13449
13449
13454
13462
13476
13519
13546
13571
13573
13576
13577
13580
13581
13585
13586
13587
13594
13606
13612
13634
13635
13637
13650
13656
13664
13681
13694
13694
13703
13718
13722
13734
13736
13740
13742
13751
13765
13766
13769
13783
13803
13803
13813
13833
13857
13869
13876
13881
13886
13891
13896
13902
13908
13933
13941
13971
13977
13995
14011
14012
14029
14031
14048
14056
14060
14066
14093
14102
14103
14112
14128
14148
14166
14168
14171
14174
14177
14216
14225
14232
14244
14258
14261
14281
14292
14319
14326
14342
14346
14368
14384
14411
14439
14443
14446
14450
14461
14471
14477
14491
14491
14507
14530
14531
14538
14554
14565
14567
14568
14577
14602
14603
14605
14610
14617
14618
14621
14621
14622
14667
14676
14677
14679
14681
14682
14709
14716
14717
14731
14757
14757
14759
14759
14766
14769
14783
14788
14801
14807
14819
14821
14824
14825
14826
14833
14835
14845
14846
14859
14871
14879
14890
14897
14921
14943
14959
14998
15002
15002
15023
15023
15044
15059
15072
15074
15086
15089
15089
15094
15108
15114
15115
15118
15127
15134
15154
15157
15179
15186
15186
15196
15199
15203
15209
15213
15233
15240
15261
15261
15275
15314
15318
15321
15323
15334
15338
15346
15356
15391
15406
15423
15439
15442
15470
15486
15497
15504
15532
15534
15535
15552
15555
15556
15558
15566
15567
15568
15579
15584
15611
15614
15614
15624
15625
15634
15648
15667
15673
15685
15688
15688
15692
15706
15720
15736
15739
15747
15751
15758
15761
15765
15771
15777
15784
15814
15834
15840
15850
15853
15861
15871
15873
15874
15874
15883
15888
15928
15938
15962
15975
15982
16007
16015
16050
16063
16077
16079
16088
16092
16109
16110
16151
16161
16162
16177
16181
16187
16203
16215
16242
16243
16243
16257
16259
16265
16280
16299
16304
16305
16313
16323
16332
16352
16353
16354
16368
16376
16381
16386
16389
16391
16397
16414
16422
16436
16437
16467
16490
16503
16507
16526
16539
16541
16546
16557
16575
16577
16582
16589
16595
16597
16611
16639
16641
16650
16656
16656
16666
16674
16689
16694
16713
16748
16756
16771
16777
16778
16785
16822
16827
16836
16843
16843
16851
16857
16857
16870
16910
16925
16929
16949
16960
16965
16967
16971
16973
16976
16984
16990
16995
17013
17015
17022
17054
17063
17068
17072
17073
17075
17078
17079
17098
17103
17111
17111
17112
17113
17117
17128
17139
17149
17162
17165
17173
17174
17179
17197
17207
17236
17238
17247
17248
17270
17294
17295
17318
17329
17361
17376
17381
17385
17408
17410
17435
17471
17479
17482
17487
17520
17539
17551
17558
17560
17561
17573
17574
17576
17578
17587
17589
17597
17603
17607
17618
17619
17623
17634
17658
17669
17672
17680
17680
17691
17693
17703
17724
17733
17738
17743
17753
17755
17758
17778
17778
17785
17794
17821
17824
17828
17842
17843
17851
17876
17880
17895
17906
17910
17916
17938
17954
17977
18017
18036
18039
18045
18052
18058
18065
18070
18095
18101
18101
18103
18104
18114
18127
18138
18163
18167
18197
18214
18229
18247
18249
18255
18260
18263
18267
18280
18294
18299
18314
18318
18321
18324
18327
18333
18340
18343
18346
18389
18405
18412
18421
18453
18464
18474
18486
18496
18504
18520
18578
18580
18623
18643
18650
18652
18658
18663
18664
18667
18685
18686
18697
18706
18708
18711
18750
18761
18783
18788
18788
18790
18808
18812
18813
18825
18825
18833
18851
18856
18858
18861
18872
18873
18885
18885
18896
18906
18930
18938
18962
18967
18967
18974
18983
18990
18992
19002
19027
19071
19088
19104
19105
19109
19118
19120
19124
19157
19168
19178
19209
19234
19244
19258
19275
19279
19280
19297
19305
19322
19330
19338
19340
19395
19401
19403
19403
19404
19404
19419
19436
19440
19451
19460
19497
19505
19511
19514
19538
19553
19561
19569
19573
19574
19574
19575
19582
19592
19608
19611
19626
19640
19659
19667
19690
19708
19708
19726
19735
19745
19764
19781
19818
19821
19823
19843
19859
19877
19881
19897
19904
19907
19917
19922
19940
19950
19973
20005
20009
20036
20042
20051
20053
20069
20090
20096
20110
20132
20165
20185
20206
20210
20215
20219
20219
20244
20250
20261
20264
20282
20284
20290
20301
20312
20313
20314
20317
20323
20342
20352
20356
20356
20382
20385
20396
20397
20400
20401
20409
20422
20445
20454
20479
20482
20484
20493
20498
20500
20506
20516
20528
20530
20531
20546
20548
20565
20573
20580
20616
20638
20656
20668
20675
20680
20681
20701
20737
20758
20769
20771
20772
20773
20774
20781
20781
20792
20795
20805
20813
20837
20843
20846
20851
20879
20881
20913
20920
20932
20934
20961
20963
20981
20981
20983
20987
20995
21090
21093
21111
21127
21130
21137
21149
21154
21156
21162
21171
21178
21185
21187
21187
21203
21209
21213
21235
21256
21265
21271
21313
21315
21319
21321
21324
21365
21393
21399
21409
21411
21424
21425
21430
21442
21456
21463
21463
21465
21466
21467
21479
21479
21486
21488
21492
21493
21515
21518
21539
21541
21565
21596
21623
21645
21656
21658
21668
21675
21678
21699
21704
21704
21709
21722
21725
21729
21730
21740
21741
21751
21775
21776
21787
21794
21797
21801
21803
21805
21811
21819
21825
21827
21838
21845
21859
21870
21912
21919
21930
21931
21939
21963
21975
21986
21988
21989
21994
21994
22004
22005
22027
22036
22037
22037
22039
22064
22075
22100
22110
22123
22133
22134
22147
22149
22155
22164
22166
22169
22186
22191
22198
22199
22215
22222
22228
22242
22261
22277
22308
22339
22340
22348
22355
22360
22364
22367
22369
22372
22395
22418
22421
22421
22425
22439
22446
22451
22455
22463
22464
22470
22470
22493
22493
22517
22523
22523
22524
22541
22545
22570
22576
22579
22587
22594
22600
22605
22607
22639
22649
22655
22664
22669
22669
22676
22694
22703
22707
22719
22736
22743
22765
22773
22776
22776
22777
22780
22783
22796
22801
22815
22827
22852
22868
22878
22884
22886
22897
22918
22927
22943
22943
22957
22958
22970
22970
22996
22998
23003
23008
23015
23026
23035
23059
23082
23084
23096
23100
23113
23119
23122
23149
23152
23162
23165
23170
23179
23209
23220
23227
23237
23262
23270
23273
23276
23284
23289
23331
23352
23359
23359
23361
23370
23372
23383
23404
23420
23425
23433
23453
23456
23459
23470
23489
23494
23500
23503
23509
23532
23539
23549
23553
23564
23566
23572
23577
23587
23589
23615
23645
23648
23651
23664
23667
23667
23673
23676
23678
23690
23704
23709
23721
23721
23724
23733
23741
23762
23763
23768
23774
23775
23798
23799
23804
23831
23844
23877
23877
23885
23893
23905
23925
23933
23948
23948
23957
23972
23981
23988
23999
24007
24010
24014
24021
24056
24063
24064
24093
24104
24113
24114
24122
24124
24130
24139
24146
24161
24167
24171
24203
24211
24234
24260
24263
24268
24271
24271
24279
24297
24308
24321
24323
24327
24328
24342
24353
24359
24388
24388
24397
24411
24433
24434
24436
24466
24500
24512
24514
24535
24549
24550
24564
24566
24569
24569
24591
24593
24612
24624
24688
24693
24710
24722
24736
24744
24746
24762
24785
24805
24820
24824
24849
24849
24870
24896
24911
24912
24936
24942
24954
24955
24977
24978
24979
25013
25018
25022
25041
25045
25045
25047
25052
25058
25067
25082
25088
25117
25126
25137
25164
25170
25175
25179
25186
25195
25210
25213
25213
25221
25233
25242
25247
25249
25253
25254
25256
25286
25290
25304
25320
25340
25373
25382
25392
25396
25400
25404
25420
25424
25438
25446
25448
25488
25495
25500
25518
25531
25535
25539
25555
25580
25591
25600
25605
25605
25605
25615
25628
25635
25655
25656
25675
25679
25683
25693
25698
25720
25727
25736
25737
25740
25741
25757
25762
25766
25773
25778
25783
25783
25785
25791
25800
25809
25809
25818
25837
25837
25839
25849
25863
25867
25872
25891
25902
25907
25915
25923
25923
25939
25944
25944
25947
25953
25972
25977
25990
26019
26021
26085
26094
26104
26116
26138
26149
26154
26167
26202
26210
26213
26223
26224
26233
26241
26242
26264
26280
26291
26292
26310
26337
26337
26342
26344
26346
26347
26357
26359
26361
26371
26389
26399
26414
26419
26426
26444
26458
26515
26522
26530
26536
26548
26552
26555
26568
26568
26590
26605
26605
26623
26633
26653
26660
26665
26675
26688
26689
26706
26719
26745
26786
26801
26811
26820
26823
26834
26837
26838
26842
26850
26856
26880
26894
26901
26902
26914
26928
26934
26940
26949
26963
26966
26972
26976
26977
26979
26983
26989
27021
27037
27068
27100
27113
27117
27121
27122
27129
27149
27175
27188
27211
27215
27233
27285
27297
27313
27324
27347
27351
27354
27402
27403
27404
27405
27408
27417
27426
27428
27458
27458
27467
27482
27486
27499
27517
27556
27587
27594
27597
27646
27652
27658
27687
27687
27687
27693
27696
27699
27706
27708
27724
27724
27726
27743
27752
27752
27757
27759
27769
27769
27779
27788
27789
27805
27809
27818
27821
27835
27841
27863
27886
27900
27929
27931
27934
27940
27948
27950
27951
27971
27973
27976
28008
28020
28023
28061
28070
28070
28111
28125
28169
28171
28177
28189
28192
28194
28206
28209
28235
28273
28275
28284
28306
28329
28329
28359
28372
28386
28396
28409
28412
28423
28426
28431
28482
28491
28503
28526
28530
28531
28552
28559
28569
28575
28595
28604
28605
28621
28654
28656
28659
28660
28683
28688
28701
28704
28707
28709
28736
28739
28753
28754
28781
28790
28798
28805
28826
28826
28828
28835
28845
28857
28868
28885
28898
28911
28921
28925
28929
28931
28942
28946
28951
28964
28983
28997
28997
29000
29003
29006
29008
29041
29052
29057
29074
29080
29085
29105
29126
29134
29137
29140
29144
29147
29183
29189
29221
29232
29243
29248
29250
29267
29281
29284
29298
29307
29310
29323
29327
29343
29364
29379
29389
29394
29409
29413
29415
29431
29436
29455
29456
29467
29467
29473
29476
29480
29488
29522
29526
29531
29549
29575
29578
29611
29632
29636
29650
29654
29656
29656
29673
29674
29680
29682
29684
29686
29699
29720
29733
29734
29739
29766
29767
29779
29779
29788
29789
29791
29796
29800
29812
29812
29837
29862
29862
29882
29883
29888
29904
29919
29941
29947
29971
29973
29980
29990
30015
30029
30032
30037
30042
30043
30063
30071
30092
30092
30105
30122
30124
30130
30144
30149
30150
30150
30151
30154
30183
30191
30203
30209
30222
30226
30226
30243
30293
30299
30310
30325
30333
30335
30343
30354
30358
30361
30369
30372
30391
30395
30395
30415
30420
30440
30472
30477
30487
30498
30503
30505
30510
30551
30559
30563
30574
30589
30589
30603
30611
30637
30662
30663
30670
30681
30697
30707
30712
30747
30750
30755
30773
30790
30791
30824
30828
30852
30857
30867
30872
30880
30894
30908
30942
30943
30958
31006
31007
31018
31028
31035
31046
31048
31057
31076
31077
31098
31101
31104
31131
31133
31145
31146
31149
31155
31158
31167
31168
31208
31219
31230
31231
31258
31266
31266
31269
31276
31282
31283
31283
31292
31307
31324
31334
31340
31346
31349
31357
31373
31393
31404
31415
31420
31422
31423
31433
31440
31444
31453
31465
31469
31471
31474
31527
31529
31535
31561
31570
31571
31572
31584
31598
31601
31633
31640
31648
31666
31681
31681
31701
31717
31737
31737
31739
31742
31752
31755
31761
31791
31796
31804
31806
31807
31835
31836
31838
31864
31874
31877
31887
31895
31898
31900
31931
31937
31944
31951
31978
31983
31987
32013
32043
32048
32048
32054
32069
32078
32095
32096
32097
32099
32100
32124
32125
32158
32169
32177
32178
32178
32189
32194
32198
32203
32204
32231
32241
32246
32249
32271
32277
32290
32294
32295
32299
32306
32308
32308
32312
32316
32339
32342
32350
32365
32370
32378
32389
32415
32428
32428
32432
32432
32444
32446
32450
32454
32463
32481
32483
32492
32495
32496
32503
32513
32515
32519
32522
32526
32531
32535
32544
32576
32591
32603
32620
32644
32645
32648
32648
32658
32666
32682
32683
32683
32688
32696
32706
32725
32731
32735
32739
32749
32788
32795
32796
32799
32832
32835
32844
32852
32864
32866
32872
32875
32888
32896
32907
32911
32917
32917
32921
32940
32953
32967
32978
32984
32993
33002
33009
33015
33018
33032
33033
33035
33051
33053
33056
33065
33090
33093
33101
33138
33139
33142
33158
33170
33202
33218
33231
33234
33240
33243
33249
33251
33256
33256
33273
33278
33286
33294
33301
33313
33317
33326
33332
33338
33350
33352
33364
33372
33377
33381
33391
33396
33402
33402
33407
33412
33414
33429
33471
33484
33507
33520
33531
33539
33546
33571
33577
33586
33587
33604
33610
33611
33638
33640
33645
33657
33666
33670
33705
33720
33748
33752
33755
33761
33764
33766
33799
33800
33808
33815
33819
33821
33859
33872
33891
33898
33904
33914
33937
33968
33976
33986
33999
34004
34006
34009
34009
34017
34041
34046
34052
34057
34072
34092
34102
34115
34120
34122
34126
34126
34150
34176
34184
34207
34222
34234
34261
34275
34301
34345
34353
34360
34363
34375
34382
34393
34414
34421
34421
34430
34431
34445
34461
34464
34467
34468
34474
34476
34480
34503
34510
34517
34546
34562
34563
34568
34578
34579
34581
34582
34624
34639
34651
34685
34692
34698
34700
34702
34706
34709
34716
34732
34743
34771
34777
34783
34784
34799
34806
34808
34813
34814
34825
34825
34825
34831
34838
34842
34847
34859
34876
34880
34881
34899
34900
34925
34993
34994
35020
35026
35056
35061
35069
35072
35079
35081
35089
35109
35114
35120
35122
35139
35173
35177
35185
35188
35214
35215
35218
35223
35228
35237
35252
35256
35261
35262
35263
35268
35278
35285
35321
35322
35340
35343
35346
35366
35386
35391
35404
35405
35405
35431
35442
35442
35473
35479
35492
35494
35498
35512
35528
35567
35584
35591
35592
35600
35611
35623
35632
35654
35665
35674
35680
35680
35686
35689
35701
35704
35721
35725
35739
35781
35792
35796
35796
35799
35807
35807
35807
35810
35824
35837
35850
35859
35860
35874
35878
35881
35885
35893
35910
35911
35918
35918
35943
35948
35950
35973
35984
36006
36016
36030
36032
36045
36059
36073
36074
36076
36077
36089
36097
36115
36120
36131
36135
36149
36160
36176
36194
36199
36203
36224
36227
36227
36232
36237
36309
36333
36334
36337
36338
36360
36366
36369
36370
36375
36384
36402
36411
36432
36446
36447
36449
36455
36462
36463
36481
36489
36494
36503
36528
36528
36541
36569
36571
36573
36576
36579
36599
36612
36624
36636
36639
36652
36654
36655
36667
36697
36702
36710
36734
36736
36736
36748
36750
36754
36769
36769
36774
36782
36787
36790
36800
36801
36824
36829
36838
36852
36864
36889
36900
36905
36920
36922
36948
36961
36965
36990
37002
37004
37012
37013
37016
37025
37036
37040
37044
37083
37085
37089
37094
37098
37103
37111
37111
37121
37125
37126
37127
37135
37146
37158
37164
37177
37189
37218
37230
37258
37260
37265
37272
37275
37281
37289
37305
37316
37317
37355
37357
37368
37370
37370
37377
37414
37416
37420
37434
37436
37449
37453
37475
37492
37509
37523
37530
37531
37540
37543
37544
37563
37563
37564
37580
37590
37606
37618
37619
37623
37630
37645
37652
37665
37666
37676
37681
37684
37705
37712
37725
37728
37729
37730
37741
37743
37746
37746
37749
37777
37785
37795
37818
37829
37832
37841
37851
37867
37877
37897
37904
37916
37917
37942
37963
37965
37966
37973
37980
37981
37992
38004
38012
38026
38027
38056
38072
38077
38100
38109
38121
38127
38133
38137
38151
38154
38155
38170
38173
38183
38195
38198
38225
38230
38243
38264
38276
38279
38282
38310
38327
38327
38335
38357
38373
38386
38397
38401
38445
38452
38465
38472
38486
38489
38491
38501
38504
38515
38523
38525
38535
38539
38561
38562
38569
38570
38576
38577
38580
38610
38622
38631
38681
38686
38695
38697
38702
38705
38705
38718
38721
38732
38753
38755
38762
38776
38779
38795
38800
38808
38834
38839
38839
38846
38850
38870
38874
38874
38879
38879
38905
38915
38968
38988
38997
39001
39003
39004
39022
39024
39043
39058
39068
39069
39069
39080
39114
39117
39137
39139
39168
39177
39186
39204
39209
39222
39228
39233
39241
39253
39255
39260
39261
39263
39275
39298
39300
39310
39312
39317
39335
39353
39362
39382
39394
39417
39419
39425
39428
39429
39443
39489
39499
39502
39505
39528
39529
39531
39550
39558
39558
39565
39569
39571
39582
39592
39602
39603
39604
39633
39644
39715
39727
39728
39729
39735
39740
39744
39747
39761
39779
39797
39802
39818
39822
39834
39837
39840
39845
39856
39861
39862
39862
39862
39873
39876
39907
39926
39929
39931
39936
39944
39953
39960
39963
39964
39968
39969
39971
39997
40002
40031
40031
40032
40038
40042
40048
40057
40088
40107
40114
40118
40119
40126
40142
40142
40147
40161
40166
40169
40178
40185
40215
40220
40236
40244
40246
40257
40264
40271
40284
40319
40321
40329
40340
40354
40369
40372
40373
40377
40386
40393
40401
40411
40427
40445
40450
40453
40474
40486
40492
40493
40494
40502
40522
40530
40532
40539
40545
40554
40570
40590
40622
40626
40632
40651
40654
40662
40682
40740
40749
40751
40753
40769
40775
40807
40820
40825
40869
40931
40948
40958
41005
41016
41016
41028
41039
41039
41041
41050
41059
41068
41090
41103
41111
41113
41117
41125
41132
41151
41165
41189
41194
41202
41204
41205
41211
41246
41249
41250
41268
41269
41275
41277
41284
41285
41287
41294
41303
41311
41324
41338
41351
41351
41370
41376
41377
41383
41387
41427
41449
41476
41485
41488
41491
41510
41524
41527
41527
41538
41556
41566
41567
41597
41605
41609
41620
41629
41647
41660
41672
41697
41702
41725
41726
41728
41739
41750
41772
41775
41788
41804
41815
41818
41823
41831
41870
41873
41882
41924
41929
41935
41938
41962
41992
42000
42008
42020
42021
42023
42035
42041
42041
42051
42052
42063
42108
42119
42125
42144
42145
42181
42206
42207
42217
42229
42231
42258
42269
42271
42302
42309
42327
42327
42345
42348
42353
42384
42398
42401
42424
42427
42431
42436
42444
42458
42464
42480
42486
42496
42527
42530
42531
42535
42550
42552
42564
42588
42593
42600
42602
42627
42630
42643
42646
42676
42678
42692
42695
42749
42756
42762
42775
42796
42800
42836
42848
42859
42864
42875
42888
42902
42935
42939
42939
42940
42945
42950
42955
42978
42981
42982
42986
42986
42991
42994
43007
43011
43026
43030
43046
43053
43054
43055
43077
43088
43089
43091
43092
43107
43114
43127
43138
43155
43155
43166
43166
43193
43197
43236
43241
43246
43251
43254
43270
43271
43275
43298
43303
43325
43348
43368
43382
43385
43390
43407
43409
43410
43412
43424
43439
43450
43453
43455
43491
43508
43541
43544
43547
43551
43561
43581
43591
43601
43602
43603
43604
43605
43616
43637
43642
43647
43660
43661
43664
43673
43676
43677
43706
43715
43715
43719
43724
43750
43755
43759
43767
43770
43773
43777
43791
43815
43826
43854
43885
43886
43912
43915
43930
43943
43949
43951
43956
43957
43991
43994
43997
43998
44002
44003
44010
44042
44050
44061
44073
44074
44085
44085
44094
44095
44116
44125
44140
44141
44162
44186
44189
44192
44203
44204
44210
44230
44270
44270
44288
44295
44322
44326
44331
44334
44335
44344
44356
44363
44379
44393
44419
44424
44427
44428
44444
44468
44474
44480
44490
44498
44505
44508
44509
44509
44520
44529
44544
44544
44548
44563
44574
44587
44595
44605
44607
44608
44609
44620
44622
44643
44645
44656
44659
44695
44701
44711
44719
44731
44733
44734
44747
44748
44765
44774
44786
44812
44814
44816
44826
44835
44841
44860
44872
44874
44891
44893
44899
44919
44920
44920
44932
44939
44955
44956
44983
44991
44991
45020
45020
45024
45032
45034
45035
45049
45069
45072
45075
45077
45097
45115
45124
45125
45127
45130
45137
45145
45152
45157
45159
45161
45196
45200
45201
45204
45209
45210
45211
45239
45243
45250
45263
45265
45266
45266
45270
45274
45295
45304
45313
45351
45352
45354
45355
45367
45387
45391
45404
45405
45422
45428
45429
45435
45455
45458
45465
45473
45492
45494
45503
45511
45526
45530
45533
45572
45578
45578
45600
45600
45601
45645
45657
45658
45687
45708
45718
45723
45724
45764
45771
45773
45792
45796
45796
45800
45821
45835
45844
45846
45873
45882
45883
45885
45888
45892
45895
45903
45906
45911
45917
45921
45943
45944
45958
45958
45969
45970
45981
45998
46011
46012
46014
46027
46040
46057
46060
46061
46065
46066
46073
46076
46082
46090
46096
46106
46122
46144
46181
46199
46236
46254
46255
46262
46293
46311
46320
46326
46330
46341
46345
46356
46367
46369
46378
46379
46408
46412
46447
46499
46525
46527
46542
46544
46565
46597
46617
46628
46637
46637
46644
46644
46645
46673
46682
46684
46686
46700
46751
46758
46763
46769
46770
46777
46785
46803
46808
46835
46861
46867
46870
46881
46901
46905
46909
46920
46928
46931
46948
46957
46972
46981
46983
46984
46988
47000
47000
47006
47012
47020
47050
47088
47096
47104
47112
47116
47118
47119
47121
47135
47157
47164
47166
47175
47182
47187
47205
47229
47241
47250
47261
47270
47275
47329
47336
47338
47353
47353
47360
47363
47364
47368
47379
47383
47392
47395
47395
47399
47413
47421
47431
47436
47436
47437
47438
47438
47446
47473
47477
47481
47482
47484
47504
47515
47524
47529
47529
47539
47543
47556
47556
47574
47576
47579
47582
47590
47591
47595
47596
47599
47608
47624
47627
47640
47648
47652
47665
47680
47702
47704
47708
47715
47747
47753
47760
47767
47768
47788
47808
47821
47835
47843
47856
47864
47888
47909
47926
47946
47950
47959
47960
47970
47991
48004
48023
48034
48034
48041
48041
48043
48044
48049
48063
48063
48065
48077
48080
48085
48090
48104
48120
48123
48136
48185
48193
48207
48208
48208
48219
48228
48239
48259
48264
48269
48269
48273
48283
48296
48298
48303
48306
48324
48331
48338
48349
48357
48381
48399
48416
48434
48439
48442
48458
48461
48464
48466
48474
48500
48504
48516
48522
48544
48549
48553
48588
48588
48590
48602
48604
48611
48615
48618
48623
48630
48648
48668
48672
48677
48689
48692
48702
48702
48703
48709
48715
48715
48727
48728
48730
48731
48732
48739
48782
48794
48806
48807
48814
48840
48858
48877
48910
48910
48912
48919
48925
48932
48956
48968
48972
48975
48977
48988
49003
49020
49032
49036
49037
49038
49044
49053
49070
49082
49095
49095
49099
49101
49122
49133
49138
49139
49143
49163
49175
49189
49197
49201
49208
49216
49218
49247
49265
49268
49277
49322
49326
49334
49339
49347
49352
49391
49404
49416
49418
49424
49424
49429
49443
49446
49448
49455
49461
49462
49464
49470
49477
49481
49486
49499
49501
49503
49506
49506
49510
49512
49522
49522
49524
49527
49533
49534
49535
49539
49556
49563
49579
49618
49644
49666
49667
49670
49686
49687
49696
49705
49711
49713
49715
49725
49742
49752
49755
49762
49762
49765
49767
49788
49798
49808
49811
49815
49823
49824
49827
49833
49841
49845
49850
49886
49896
49897
49932
49951
49960
49971
49982
49989
49990
49993
49995
50002
50009
50033
50035
50039
50043
50048
50082
50085
50092
50124
50130
50152
50168
50173
50178
50205
50206
50216
50218
50248
50253
50267
50269
50279
50297
50330
50341
50354
50371
50389
50415
50416
50438
50449
50473
50494
50516
50546
50570
50573
50581
50583
50586
50589
50594
50598
50598
50600
50644
50646
50658
50661
50671
50680
50691
50710
50722
50744
50753
50758
50767
50775
50777
50792
50805
50832
50835
50861
50862
50866
50870
50870
50873
50909
50916
50935
50942
50953
50959
50973
50974
50977
51004
51009
51010
51033
51073
51091
51102
51114
51117
51119
51125
51130
51134
51135
51141
51143
51156
51163
51170
51170
51191
51191
51195
51205
51223
51236
51237
51238
51242
51245
51254
51261
51312
51322
51323
51330
51341
51346
51375
51392
51409
51419
51422
51432
51433
51436
51438
51445
51459
51479
51493
51499
51501
51506
51514
51520
51528
51537
51539
51554
51562
51569
51580
51592
51596
51598
51599
51611
51627
51629
51630
51646
51648
51656
51664
51681
51684
51698
51702
51702
51717
51734
51734
51734
51737
51740
51743
51754
51755
51771
51771
51777
51784
51819
51833
51833
51838
51839
51847
51852
51853
51870
51881
51885
51889
51906
51919
51921
51947
51951
51957
51968
51992
51998
52009
52019
52020
52030
52035
52041
52051
52059
52067
52077
52079
52084
52089
52098
52108
52118
52129
52136
52141
52142
52155
52163
52163
52163
52187
52195
52196
52197
52204
52208
52214
52219
52231
52235
52238
52239
52241
52256
52259
52263
52282
52284
52291
52317
52348
52372
52382
52392
52401
52419
52453
52476
52491
52504
52525
52535
52549
52550
52554
52559
52574
52589
52596
52612
52640
52661
52664
52669
52671
52673
52683
52692
52706
52728
52733
52741
52744
52752
52759
52762
52790
52792
52800
52812
52817
52825
52831
52833
52841
52842
52844
52860
52875
52884
52889
52902
52906
52910
52922
52931
52934
52942
52944
52948
52953
52954
52955
52974
52984
52992
53000
53030
53033
53040
53045
53090
53103
53121
53133
53135
53173
53174
53175
53186
53187
53192
53221
53224
53228
53233
53239
53246
53249
53257
53276
53285
53293
53309
53346
53423
53428
53428
53450
53466
53469
53472
53495
53496
53508
53516
53533
53535
53539
53548
53550
53579
53614
53631
53641
53652
53669
53688
53689
53692
53700
53724
53731
53742
53745
53760
53776
53806
53824
53829
53833
53835
53842
53868
53868
53897
53904
53922
53928
53929
53930
53948
53978
53983
53995
53998
54000
54024
54027
54029
54041
54048
54061
54067
54069
54073
54083
54088
54101
54101
54103
54105
54119
54119
54119
54121
54132
54162
54163
54163
54163
54166
54198
54201
54215
54221
54237
54240
54259
54265
54267
54268
54271
54274
54306
54309
54342
54346
54355
54358
54375
54408
54436
54437
54458
54461
54464
54464
54469
54476
54482
54509
54513
54518
54525
54544
54548
54560
54567
54572
54575
54599
54602
54613
54614
54618
54622
54627
54650
54653
54673
54680
54685
54690
54691
54694
54697
54705
54709
54712
54737
54742
54746
54748
54749
54756
54772
54784
54806
54810
54816
54831
54850
54852
54882
54935
54947
54951
54952
54952
54953
54989
54990
55001
55010
55013
55016
55032
55033
55036
55047
55050
55073
55077
55080
55085
55085
55092
55093
55094
55106
55107
55123
55160
55160
55172
55180
55192
55199
55208
55214
55215
55257
55261
55265
55274
55282
55291
55312
55315
55326
55330
55336
55339
55348
55351
55356
55376
55377
55377
55378
55381
55382
55383
55383
55395
55442
55458
55462
55475
55490
55501
55519
55523
55538
55550
55551
55578
55579
55581
55587
55593
55594
55600
55625
55633
55633
55641
55647
55663
55663
55668
55675
55687
55695
55702
55706
55726
55729
55739
55761
55765
55768
55783
55785
55789
55794
55835
55846
55855
55871
55883
55890
55905
55915
55916
55926
55927
55942
55942
55949
55955
55957
55957
55974
55979
56023
56036
56058
56066
56068
56069
56073
56115
56117
56135
56145
56162
56166
56172
56178
56190
56211
56224
56235
56237
56246
56250
56278
56291
56301
56317
56326
56329
56330
56332
56348
56350
56364
56371
56378
56390
56395
56397
56436
56439
56455
56458
56477
56486
56487
56521
56533
56534
56553
56567
56568
56574
56575
56578
56585
56596
56638
56643
56653
56656
56662
56693
56700
56715
56720
56720
56721
56721
56727
56739
56739
56742
56795
56807
56816
56827
56828
56834
56836
56857
56865
56866
56910
56910
56915
56918
56924
56926
56944
56952
56973
56983
57008
57010
57023
57041
57048
57048
57064
57079
57087
57103
57133
57135
57153
57154
57154
57155
57157
57170
57182
57184
57184
57187
57188
57214
57226
57229
57232
57241
57246
57261
57266
57275
57282
57310
57322
57331
57352
57353
57360
57363
57377
57389
57425
57433
57443
57457
57467
57472
57480
57481
57532
57534
57536
57553
57556
57567
57568
57571
57576
57578
57579
57585
57591
57592
57607
57611
57612
57623
57631
57631
57642
57649
57661
57676
57693
57695
57708
57709
57712
57712
57726
57747
57748
57751
57774
57774
57790
57797
57807
57829
57831
57858
57867
57869
57869
57878
57879
57880
57899
57912
57958
57986
57993
57996
58006
58007
58009
58014
58033
58035
58035
58039
58039
58058
58067
58117
58121
58130
58139
58163
58164
58170
58227
58251
58254
58281
58285
58321
58356
58379
58384
58394
58395
58420
58421
58437
58440
58441
58444
58455
58461
58464
58478
58481
58504
58507
58510
58515
58520
58524
58525
58526
58539
58539
58541
58557
58561
58580
58587
58602
58619
58637
58652
58652
58653
58681
58695
58712
58749
58759
58762
58762
58778
58780
58781
58785
58792
58798
58812
58819
58834
58834
58838
58844
58846
58852
58866
58884
58898
58913
58923
58924
58962
58963
58985
59000
59000
59012
59016
59024
59025
59027
59037
59047
59058
59060
59063
59077
59100
59114
59121
59122
59156
59169
59183
59186
59189
59190
59194
59195
59217
59220
59228
59233
59245
59263
59280
59289
59295
59298
59301
59301
59307
59322
59327
59332
59345
59360
59363
59364
59377
59382
59392
59405
59407
59409
59415
59424
59424
59442
59454
59473
59473
59477
59478
59495
59496
59514
59519
59530
59537
59547
59552
59578
59589
59599
59599
59610
59611
59614
59640
59652
59666
59682
59687
59690
59691
59699
59704
59710
59723
59772
59778
59782
59794
59805
59824
59827
59832
59838
59839
59868
59869
59881
59885
59886
59900
59902
59907
59917
59920
59926
59928
59941
59948
59959
59979
59982
59996
60009
60018
60038
60045
60056
60085
60091
60113
60115
60119
60128
60176
60183
60183
60184
60187
60193
60221
60240
60262
60281
60283
60292
60297
60300
60322
60331
60371
60379
60411
60415
60431
60449
60465
60465
60469
60476
60496
60502
60532
60534
60534
60546
60574
60579
60581
60581
60596
60616
60620
60644
60651
60658
60659
60670
60673
60681
60691
60692
60716
60718
60722
60742
60753
60758
60758
60759
60760
60777
60778
60791
60798
60799
60809
60844
60881
60888
60892
60906
60910
60919
60932
60941
60941
60953
60969
60970
60984
60994
61003
61013
61016
61020
61024
61038
61053
61063
61069
61072
61081
61108
61113
61118
61127
61127
61129
61133
61143
61147
61159
61197
61210
61212
61222
61230
61242
61242
61245
61245
61247
61266
61266
61289
61294
61307
61316
61319
61326
61330
61337
61363
61372
61388
61410
61411
61438
61440
61456
61459
61461
61465
61467
61473
61474
61475
61478
61504
61507
61508
61521
61525
61529
61530
61551
61554
61563
61564
61591
61592
61592
61624
61644
61645
61646
61647
61657
61667
61705
61705
61707
61708
61714
61714
61722
61732
61753
61783
61785
61798
61801
61803
61825
61844
61856
61882
61886
61903
61910
61916
61920
61921
61929
61929
61935
61954
61969
61978
61980
61983
61989
61993
61995
62019
62025
62027
62029
62032
62053
62064
62072
62076
62078
62081
62136
62141
62145
62146
62148
62151
62156
62196
62202
62202
62207
62226
62242
62249
62256
62259
62294
62299
62301
62309
62350
62369
62369
62371
62375
62387
62421
62429
62443
62460
62460
62466
62485
62490
62498
62510
62511
62515
62517
62522
62525
62530
62532
62556
62561
62574
62582
62596
62618
62627
62647
62648
62650
62652
62655
62682
62711
62717
62725
62732
62738
62740
62742
62759
62763
62767
62777
62783
62789
62792
62808
62821
62834
62838
62855
62867
62869
62872
62879
62889
62892
62903
62912
62912
62913
62918
62920
62920
62929
62964
62980
62989
62991
63001
63012
63017
63020
63038
63049
63051
63101
63110
63112
63117
63165
63170
63201
63204
63215
63220
63239
63252
63262
63277
63291
63296
63301
63339
63341
63348
63364
63403
63408
63408
63412
63422
63424
63428
63450
63454
63464
63480
63489
63497
63515
63527
63528
63544
63569
63572
63586
63613
63619
63623
63647
63653
63656
63666
63678
63686
63724
63754
63754
63762
63775
63800
63806
63830
63854
63860
63866
63870
63884
63889
63893
63896
63910
63935
63957
63959
63960
63983
63997
64001
64009
64017
64022
64026
64035
64045
64047
64051
64057
64067
64082
64084
64105
64121
64127
64128
64150
64153
64158
64172
64173
64175
64212
64223
64227
64231
64248
64279
64289
64321
64330
64346
64346
64348
64348
64352
64361
64370
64374
64389
64396
64409
64413
64415
64419
64421
64433
64444
64446
64447
64454
64471
64480
64486
64486
64492
64494
64498
64500
64510
64532
64542
64545
64561
64569
64580
64582
64589
64597
64601
64622
64622
64631
64632
64643
64647
64657
64668
64669
64670
64680
64694
64713
64760
64761
64771
64789
64797
64816
64838
64855
64876
64876
64890
64898
64910
64921
64924
64925
64928
64931
64937
64985
65002
65012
65022
65034
65036
65066
65069
65081
65082
65091
65108
65110
65115
65116
65118
65129
65144
65165
65184
65194
65196
65199
65205
65212
65213
65231
65252
65275
65290
65295
65299
65300
65307
65311
65322
65323
65325
65335
65338
65353
65362
65375
65381
65389
65392
65393
65403
65409
65415
65418
65442
65444
65480
65483
65499
65512
65513
65517
65520
65528
65553
65558
65578
65580
65606
65607
65609
65617
65622
65626
65628
65628
65641
65655
65669
65685
65688
65691
65701
65713
65714
65714
65714
65718
65739
65775
65802
65814
65820
65824
65833
65834
65840
65843
65844
65845
65861
65868
65870
65871
65875
65879
65907
65916
65927
65947
65956
65958
65984
65991
65993
66001
66001
66026
66031
66033
66034
66043
66050
66054
66056
66061
66063
66064
66067
66069
66072
66074
66075
66085
66096
66102
66123
66124
66129
66141
66152
66157
66159
66162
66169
66177
66195
66196
66203
66212
66220
66226
66233
66234
66249
66255
66256
66259
66269
66272
66278
66282
66298
66312
66313
66316
66326
66329
66331
66352
66383
66385
66389
66421
66427
66461
66464
66477
66491
66493
66494
66523
66542
66559
66560
66580
66585
66593
66595
66597
66613
66618
66626
66627
66641
66646
66652
66669
66672
66678
66689
66715
66731
66734
66744
66748
66748
66749
66757
66774
66779
66780
66782
66784
66787
66790
66796
66797
66800
66817
66826
66831
66834
66836
66869
66884
66887
66892
66900
66901
66905
66912
66925
66935
66949
66954
66956
66961
66964
66967
66970
66970
66985
67007
67021
67044
67057
67068
67068
67088
67130
67139
67152
67156
67167
67170
67172
67193
67217
67218
67224
67265
67280
67289
67291
67299
67329
67356
67368
67373
67387
67388
67390
67398
67412
67416
67442
67450
67458
67463
67480
67501
67503
67507
67521
67526
67539
67542
67545
67546
67547
67551
67571
67586
67595
67605
67623
67645
67649
67655
67657
67670
67682
67691
67707
67711
67723
67726
67734
67746
67764
67767
67778
67781
67791
67803
67807
67810
67841
67841
67849
67868
67884
67898
67898
67905
67906
67922
67938
67939
67941
67952
67954
67956
67990
67992
67999
68018
68027
68031
68038
68040
68040
68048
68053
68058
68059
68060
68063
68066
68072
68074
68085
68086
68106
68118
68131
68156
68166
68173
68175
68190
68223
68226
68236
68238
68275
68279
68289
68290
68292
68316
68321
68322
68326
68329
68331
68333
68339
68352
68382
68395
68403
68405
68408
68412
68424
68431
68454
68473
68485
68488
68488
68492
68494
68494
68518
68519
68520
68523
68526
68535
68537
68543
68543
68559
68567
68576
68577
68609
68619
68625
68626
68637
68642
68643
68649
68669
68682
68688
68714
68728
68740
68740
68741
68744
68746
68758
68760
68764
68775
68783
68784
68789
68817
68822
68828
68830
68830
68844
68852
68864
68874
68879
68898
68915
68919
68939
68947
68991
69008
69014
69015
69032
69034
69037
69042
69049
69064
69074
69086
69109
69109
69121
69131
69164
69181
69198
69226
69237
69240
69247
69249
69280
69282
69290
69296
69297
69299
69312
69325
69337
69340
69355
69396
69399
69429
69432
69436
69443
69446
69456
69465
69470
69493
69504
69505
69516
69531
69537
69543
69544
69550
69554
69565
69578
69579
69609
69626
69633
69649
69652
69656
69661
69662
69663
69666
69676
69689
69698
69718
69719
69724
69729
69731
69738
69750
69770
69777
69788
69800
69802
69805
69817
69822
69828
69831
69837
69844
69850
69858
69875
69882
69900
69901
69907
69907
69909
69910
69914
69921
69935
69935
69961
69965
69972
69974
70007
70008
70011
70034
70041
70043
70060
70073
70075
70076
70087
70095
70109
70134
70140
70149
70182
70187
70193
70197
70198
70204
70207
70216
70222
70241
70244
70254
70262
70268
70280
70285
70286
70305
70318
70325
70338
70340
70348
70367
70377
70396
70419
70424
70453
70463
70468
70491
70502
70508
70509
70517
70520
70534
70562
70579
70579
70587
70590
70594
70608
70611
70668
70669
70674
70697
70698
70708
70732
70739
70744
70746
70751
70751
70770
70779
70806
70816
70840
70856
70857
70866
70886
70903
70907
70911
70922
70924
70924
70930
70931
70932
70948
70958
70969
70970
70994
70998
71010
71022
71046
71054
71060
71076
71078
71079
71112
71135
71156
71162
71164
71181
71202
71205
71208
71214
71256
71264
71267
71274
71295
71299
71322
71343
71350
71356
71363
71368
71381
71385
71394
71396
71405
71405
71405
71413
71427
71432
71460
71473
71474
71483
71510
71540
71546
71548
71563
71569
71589
71592
71594
71597
71601
71613
71614
71616
71630
71638
71638
71644
71663
71665
71665
71667
71667
71667
71673
71676
71684
71695
71700
71703
71724
71733
71734
71743
71745
71747
71748
71753
71756
71757
71764
71776
71798
71801
71805
71813
71821
71838
71839
71850
71853
71856
71857
71883
71890
71891
71895
71895
71901
71906
71908
71974
71976
71980
71983
72005
72031
72033
72048
72073
72078
72081
72083
72084
72090
72092
72112
72131
72139
72142
72163
72182
72185
72194
72213
72236
72240
72259
72267
72274
72292
72302
72310
72319
72321
72323
72335
72338
72343
72356
72365
72366
72397
72404
72420
72428
72432
72437
72440
72445
72459
72460
72480
72482
72499
72502
72514
72517
72519
72527
72535
72540
72559
72561
72565
72571
72573
72575
72580
72588
72593
72594
72597
72599
72610
72617
72625
72630
72638
72653
72655
72659
72664
72666
72684
72686
72689
72700
72702
72720
72733
72740
72751
72758
72776
72779
72787
72792
72801
72803
72805
72810
72820
72820
72849
72853
72854
72858
72861
72873
72879
72880
72892
72905
72906
72913
72916
72921
72923
72925
72928
72930
72939
72947
72955
72963
73111
73115
73116
73121
73126
73135
73157
73165
73171
73172
73175
73179
73183
73193
73204
73205
73213
73243
73264
73278
73287
73289
73296
73312
73317
73339
73357
73362
73367
73369
73379
73382
73386
73395
73403
73455
73458
73459
73472
73479
73489
73495
73497
73497
73506
73528
73531
73533
73561
73571
73576
73577
73580
73598
73610
73621
73640
73642
73649
73656
73657
73674
73675
73679
73683
73692
73700
73710
73711
73712
73714
73722
73725
73733
73739
73745
73748
73752
73777
73778
73820
73827
73827
73846
73860
73888
73893
73906
73911
73934
73936
73958
73978
73990
73992
73993
74021
74041
74071
74072
74084
74110
74115
74132
74145
74150
74171
74176
74186
74189
74212
74249
74274
74276
74277
74311
74315
74317
74360
74393
74396
74424
74431
74437
74441
74452
74479
74481
74488
74502
74504
74508
74525
74526
74541
74542
74545
74575
74576
74595
74605
74637
74638
74651
74651
74652
74664
74665
74670
74670
74704
74715
74744
74751
74754
74772
74776
74788
74791
74811
74813
74826
74838
74876
74877
74880
74890
74897
74909
74925
74930
74948
74982
74995
75010
75022
75023
75024
75028
75031
75033
75040
75044
75062
75065
75072
75074
75091
75099
75099
75117
75133
75140
75150
75152
75161
75167
75172
75175
75175
75178
75183
75239
75241
75244
75244
75259
75269
75271
75296
75318
75324
75334
75348
75360
75366
75368
75375
75377
75388
75391
75398
75399
75404
75406
75411
75432
75439
75440
75443
75456
75476
75478
75483
75483
75515
75520
75522
75530
75536
75551
75590
75619
75626
75631
75633
75634
75638
75643
75644
75645
75652
75665
75669
75676
75680
75690
75690
75710
75724
75755
75764
75765
75766
75774
75787
75788
75792
75800
75804
75813
75828
75837
75842
75844
75859
75863
75881
75881
75889
75898
75901
75910
75911
75912
75918
75923
75928
75955
75955
75958
75961
75994
76023
76055
76058
76089
76099
76107
76108
76116
76121
76125
76135
76151
76161
76163
76164
76167
76167
76188
76189
76191
76198
76205
76206
76209
76210
76210
76220
76241
76251
76262
76264
76271
76304
76305
76328
76338
76347
76349
76361
76394
76410
76412
76419
76444
76448
76449
76452
76456
76466
76482
76482
76497
76547
76556
76557
76571
76588
76594
76596
76603
76608
76612
76626
76635
76637
76641
76644
76647
76660
76660
76668
76690
76691
76704
76720
76727
76728
76739
76755
76767
76768
76774
76775
76790
76808
76815
76827
76839
76848
76864
76892
76894
76896
76896
76916
76922
76922
76923
76935
76944
76976
76978
76991
76994
76994
77006
77014
77037
77043
77056
77057
77067
77068
77080
77099
77110
77125
77126
77127
77134
77135
77140
77142
77165
77170
77200
77202
77203
77204
77220
77229
77239
77240
77267
77276
77286
77302
77303
77324
77328
77352
77354
77364
77392
77398
77398
77417
77431
77445
77498
77498
77501
77506
77510
77524
77537
77553
77562
77585
77588
77597
77603
77616
77622
77627
77653
77657
77661
77666
77678
77690
77698
77709
77715
77733
77751
77753
77781
77784
77800
77806
77814
77815
77846
77854
77854
77862
77890
77900
77903
77914
77917
77919
77924
77980
77989
77993
77995
78003
78021
78026
78029
78037
78049
78091
78103
78112
78122
78130
78136
78148
78155
78170
78215
78220
78226
78227
78247
78254
78262
78287
78294
78314
78318
78325
78331
78332
78337
78340
78347
78363
78365
78370
78379
78389
78426
78434
78441
78457
78475
78487
78493
78499
78503
78504
78513
78514
78520
78521
78543
78546
78549
78602
78609
78609
78611
78624
78629
78670
78670
78677
78689
78711
78727
78733
78756
78759
78761
78784
78812
78816
78819
78824
78826
78828
78842
78842
78870
78873
78881
78889
78912
78920
78955
78962
78964
78976
78985
79000
79029
79043
79072
79075
79081
79083
79106
79115
79125
79125
79156
79156
79165
79166
79167
79172
79190
79206
79212
79222
79231
79255
79256
79266
79268
79279
79288
79299
79322
79325
79362
79383
79386
79395
79396
79400
79429
79433
79441
79445
79468
79477
79485
79488
79492
79496
79505
79507
79520
79528
79534
79548
79574
79585
79593
79615
79645
79700
79702
79703
79707
79727
79732
79742
79772
79772
79775
79780
79800
79814
79823
79830
79858
79880
79881
79886
79894
79909
79926
79926
79934
79943
79948
79950
79963
79971
79978
79989
80006
80008
80029
80032
80040
80040
80046
80049
80077
80086
80095
80102
80113
80114
80129
80150
80152
80165
80180
80181
80196
80206
80208
80225
80235
80237
80250
80269
80300
80302
80309
80310
80313
80315
80326
80339
80388
80411
80417
80437
80444
80446
80448
80454
80470
80479
80480
80497
80509
80528
80545
80553
80568
80574
80575
80584
80585
80589
80591
80592
80594
80603
80615
80627
80640
80661
80689
80692
80705
80707
80707
80713
80713
80720
80739
80739
80754
80786
80793
80809
80855
80868
80870
80879
80889
80897
80909
80918
80921
80931
80935
80942
80958
80972
80991
80993
81018
81021
81032
81047
81051
81076
81087
81090
81102
81135
81150
81179
81182
81217
81226
81240
81245
81247
81255
81264
81269
81271
81278
81279
81302
81302
81302
81329
81333
81340
81342
81348
81348
81353
81383
81387
81391
81394
81403
81403
81426
81429
81442
81443
81444
81461
81468
81485
81486
81487
81500
81505
81508
81522
81534
81537
81542
81543
81545
81555
81563
81566
81566
81568
81572
81585
81587
81590
81597
81600
81601
81603
81609
81612
81614
81642
81651
81654
81676
81711
81738
81765
81822
81828
81829
81864
81889
81899
81902
81904
81918
81920
81933
81957
81960
81981
81986
81987
81987
81994
82024
82035
82037
82038
82044
82054
82055
82061
82071
82071
82074
82076
82081
82081
82089
82091
82097
82099
82107
82117
82153
82170
82185
82218
82243
82262
82265
82283
82291
82310
82316
82318
82321
82330
82337
82338
82339
82348
82352
82357
82360
82363
82374
82396
82401
82404
82412
82433
82439
82465
82507
82539
82541
82555
82559
82565
82565
82570
82583
82591
82598
82606
82607
82621
82651
82653
82666
82669
82676
82685
82687
82693
82705
82713
82715
82719
82740
82749
82759
82767
82773
82779
82779
82781
82782
82787
82805
82817
82837
82856
82864
82864
82865
82866
82870
82881
82905
82908
82908
82909
82917
82922
82922
82924
82926
82939
82944
82945
82969
82970
82980
82990
83002
83007
83030
83045
83051
83053
83055
83057
83073
83075
83088
83091
83097
83130
83148
83157
83170
83183
83196
83228
83235
83236
83238
83243
83251
83257
83282
83283
83284
83295
83297
83297
83304
83312
83316
83318
83334
83340
83346
83347
83370
83375
83376
83383
83394
83438
83442
83466
83470
83478
83483
83492
83495
83504
83505
83519
83519
83521
83537
83562
83567
83568
83584
83599
83609
83623
83631
83683
83688
83709
83733
83743
83748
83768
83769
83770
83804
83833
83843
83860
83861
83863
83876
83907
83938
83950
83954
83994
84001
84013
84015
84017
84028
84035
84048
84059
84064
84068
84072
84093
84095
84105
84117
84124
84128
84142
84145
84156
84183
84205
84208
84219
84260
84273
84275
84290
84294
84300
84327
84334
84352
84367
84368
84370
84372
84375
84382
84391
84426
84435
84448
84457
84465
84493
84500
84513
84519
84524
84527
84543
84565
84570
84577
84585
84588
84639
84640
84640
84647
84654
84663
84679
84693
84707
84708
84710
84721
84726
84744
84752
84764
84793
84801
84813
84831
84840
84841
84845
84856
84873
84874
84880
84910
84916
84921
84928
84931
84937
84956
84964
84974
84988
84990
85013
85014
85021
85041
85044
85050
85054
85056
85067
85074
85091
85097
85098
85110
85123
85133
85155
85157
85178
85180
85181
85186
85227
85234
85242
85256
85278
85284
85288
85292
85304
85316
85316
85332
85373
85378
85395
85405
85417
85441
85448
85463
85476
85484
85494
85496
85498
85500
85501
85517
85527
85530
85545
85546
85546
85561
85588
85614
85619
85629
85631
85634
85659
85668
85677
85680
85680
85683
85692
85696
85706
85723
85725
85728
85728
85730
85739
85742
85756
85763
85767
85771
85783
85785
85785
85810
85812
85819
85836
85838
85864
85866
85875
85882
85883
85883
85902
85906
85931
85931
85935
85956
85973
85976
85981
85994
85999
86009
86011
86014
86018
86020
86023
86032
86044
86053
86057
86058
86061
86074
86094
86109
86122
86129
86149
86155
86176
86184
86187
86188
86197
86200
86245
86275
86279
86287
86292
86297
86298
86316
86317
86321
86328
86335
86365
86371
86372
86409
86409
86425
86470
86476
86481
86495
86516
86530
86563
86571
86612
86613
86614
86621
86625
86679
86698
86739
86751
86759
86766
86769
86774
86787
86806
86808
86812
86833
86834
86853
86871
86873
86887
86888
86907
86917
86919
86924
86928
86971
86975
86977
86977
86992
86994
86994
87004
87035
87044
87059
87060
87071
87073
87090
87101
87107
87109
87120
87128
87131
87136
87154
87159
87167
87172
87182
87192
87204
87209
87210
87213
87216
87220
87235
87247
87259
87275
87285
87285
87292
87302
87307
87319
87324
87331
87365
87368
87378
87387
87408
87421
87426
87431
87433
87449
87456
87460
87471
87473
87474
87482
87498
87510
87515
87552
87560
87587
87592
87596
87620
87632
87650
87655
87659
87678
87697
87704
87712
87748
87768
87774
87774
87779
87781
87785
87791
87792
87805
87805
87824
87859
87859
87869
87882
87883
87884
87886
87890
87896
87897
87898
87902
87917
87929
87950
87967
87978
87991
87995
87996
87997
87999
88005
88030
88054
88058
88096
88103
88107
88108
88176
88177
88194
88199
88205
88213
88214
88215
88227
88242
88244
88265
88276
88302
88312
88317
88320
88323
88329
88391
88415
88418
88429
88444
88453
88465
88466
88480
88483
88486
88490
88491
88508
88510
88513
88515
88521
88531
88533
88541
88569
88579
88598
88599
88609
88635
88637
88639
88639
88641
88641
88642
88669
88670
88673
88682
88685
88716
88719
88724
88741
88751
88751
88757
88761
88766
88771
88790
88815
88818
88825
88827
88838
88849
88859
88866
88869
88871
88882
88889
88892
88895
88900
88927
88931
88934
88940
88948
88949
88951
88954
88957
88967
88977
88982
88989
88989
89002
89025
89031
89043
89054
89061
89070
89083
89098
89098
89120
89146
89146
89146
89155
89158
89159
89159
89161
89175
89188
89188
89193
89205
89212
89215
89218
89219
89245
89271
89293
89304
89322
89335
89371
89372
89372
89375
89391
89407
89409
89418
89421
89451
89462
89473
89474
89474
89512
89513
89514
89514
89528
89532
89549
89555
89556
89566
89570
89588
89589
89608
89649
89654
89655
89663
89671
89679
89687
89689
89712
89719
89735
89740
89741
89741
89750
89768
89774
89776
89778
89779
89786
89803
89803
89807
89858
89862
89866
89872
89875
89884
89892
89896
89922
89926
89949
89950
89950
89964
89976
89977
89995
90040
90044
90049
90050
90057
90059
90065
90077
90080
90082
90084
90122
90138
90142
90143
90147
90153
90189
90220
90228
90237
90265
90269
90310
90314
90328
90336
90339
90364
90367
90369
90418
90420
90461
90484
90493
90497
90504
90507
90520
90534
90549
90550
90560
90560
90571
90573
90582
90601
90625
90626
90657
90677
90694
90701
90703
90727
90773
90781
90791
90794
90799
90814
90844
90851
90852
90858
90864
90872
90873
90890
90902
90926
90963
90982
90987
90988
90990
90993
91000
91000
91004
91004
91015
91041
91041
91043
91049
91050
91057
91070
91076
91077
91081
91089
91096
91098
91101
91107
91115
91118
91119
91126
91165
91168
91174
91180
91200
91203
91222
91231
91233
91244
91245
91246
91246
91252
91263
91264
91278
91300
91326
91327
91331
91335
91350
91357
91387
91397
91399
91410
91415
91420
91421
91428
91446
91464
91469
91487
91517
91536
91540
91546
91552
91589
91597
91622
91626
91641
91651
91655
91663
91674
91689
91720
91744
91764
91800
91801
91815
91818
91835
91839
91843
91844
91850
91859
91871
91883
91887
91894
91902
91914
91922
91947
91949
91953
91998
92000
92025
92030
92051
92068
92073
92076
92080
92087
92094
92102
92105
92106
92106
92110
92120
92133
92160
92161
92162
92163
92164
92203
92204
92205
92229
92262
92265
92273
92274
92327
92338
92341
92345
92348
92351
92363
92375
92386
92395
92396
92402
92406
92415
92423
92423
92424
92442
92443
92451
92458
92465
92498
92537
92538
92540
92543
92552
92553
92573
92595
92649
92651
92655
92657
92663
92673
92678
92710
92749
92781
92804
92809
92810
92817
92835
92845
92865
92868
92906
92923
92926
92931
92946
92968
92968
92970
92972
92974
92991
92995
93009
93010
93013
93018
93036
93042
93042
93051
93074
93076
93098
93106
93109
93109
93138
93179
93196
93197
93200
93201
93221
93226
93229
93245
93283
93285
93287
93314
93315
93318
93320
93324
93330
93341
93360
93365
93366
93380
93389
93395
93398
93421
93423
93447
93452
93460
93470
93482
93488
93505
93518
93519
93520
93527
93527
93534
93540
93546
93550
93559
93586
93595
93602
93615
93618
93641
93650
93653
93654
93655
93660
93665
93666
93691
93694
93696
93702
93716
93744
93746
93770
93781
93796
93799
93811
93825
93832
93837
93854
93863
93883
93890
93892
93899
93907
93910
93911
93917
93921
93921
93924
93938
93950
93964
93991
94001
94021
94044
94047
94058
94062
94071
94078
94090
94094
94102
94109
94109
94120
94122
94125
94145
94154
94162
94169
94175
94179
94198
94210
94222
94238
94243
94248
94249
94255
94263
94271
94295
94308
94326
94333
94348
94352
94362
94372
94404
94426
94436
94441
94446
94460
94476
94482
94499
94511
94511
94520
94521
94541
94542
94560
94562
94581
94582
94583
94587
94588
94593
94596
94641
94642
94646
94657
94680
94682
94703
94707
94737
94751
94753
94775
94776
94797
94813
94852
94862
94865
94875
94889
94892
94898
94902
94911
94915
94923
94967
94968
94980
94987
94996
94999
95014
95018
95019
95023
95027
95028
95028
95032
95044
95049
95050
95055
95056
95058
95059
95070
95125
95145
95149
95156
95166
95168
95184
95194
95195
95205
95234
95241
95241
95263
95268
95273
95295
95296
95305
95307
95309
95312
95314
95316
95341
95342
95354
95362
95386
95389
95410
95423
95453
95456
95461
95469
95471
95472
95476
95478
95495
95520
95543
95544
95554
95578
95595
95599
95618
95628
95630
95631
95641
95644
95666
95677
95680
95685
95700
95701
95707
95710
95717
95723
95724
95729
95735
95742
95749
95757
95769
95774
95823
95842
95855
95857
95864
95865
95869
95873
95879
95879
95882
95891
95893
95906
95915
95923
95927
95931
95949
95956
95990
95991
96007
96053
96067
96074
96080
96095
96102
96103
96115
96128
96144
96158
96159
96177
96194
96194
96195
96200
96200
96210
96216
96230
96254
96255
96259
96261
96268
96270
96278
96307
96323
96326
96327
96360
96363
96372
96378
96379
96379
96404
96430
96444
96448
96453
96460
96470
96472
96477
96480
96485
96489
96499
96503
96506
96516
96521
96525
96534
96537
96546
96548
96589
96589
96600
96627
96638
96638
96650
96667
96671
96694
96709
96712
96712
96717
96723
96738
96745
96757
96778
96785
96799
96799
96804
96810
96817
96819
96845
96846
96867
96872
96907
96910
96933
96934
96935
96941
96947
96947
96972
96977
96979
96991
97001
97004
97011
97011
97016
97030
97053
97074
97079
97093
97096
97102
97107
97110
97118
97121
97137
97151
97158
97192
97195
97266
97268
97300
97303
97329
97338
97349
97360
97368
97375
97381
97386
97423
97440
97442
97447
97448
97456
97468
97474
97500
97515
97535
97551
97553
97576
97582
97584
97592
97593
97595
97611
97626
97633
97636
97650
97650
97652
97666
97692
97703
97708
97713
97722
97730
97741
97744
97745
97752
97755
97758
97769
97778
97781
97798
97806
97817
97818
97821
97821
97858
97859
97879
97882
97886
97891
97893
97898
97901
97938
97939
97943
97947
97972
97975
97983
98004
98031
98033
98046
98067
98078
98084
98087
98097
98111
98121
98137
98153
98176
98194
98210
98216
98234
98248
98289
98300
98303
98309
98312
98313
98332
98335
98348
98349
98377
98391
98403
98425
98443
98449
98463
98482
98493
98495
98504
98539
98558
98576
98578
98587
98605
98620
98630
98649
98658
98677
98678
98679
98689
98691
98702
98714
98716
98729
98737
98737
98747
98759
98759
98789
98793
98800
98805
98813
98814
98820
98828
98829
98834
98837
98843
98850
98852
98857
98872
98880
98890
98892
98915
98919
98922
98931
98937
98941
98953
98970
98978
99001
99002
99011
99013
99023
99031
99033
99038
99049
99066
99071
99073
99086
99150
99175
99192
99203
99218
99231
99254
99258
99271
99287
99308
99312
99326
99334
99335
99337
99354
99354
99361
99365
99377
99379
99383
99384
99418
99432
99444
99463
99485
99486
99490
99507
99517
99520
99520
99535
99538
99544
99546
99556
99570
99574
99582
99585
99618
99637
99639
99642
99644
99648
99651
99669
99670
99692
99703
99705
99723
99728
99733
99738
99746
99779
99779
99802
99815
99819
99825
99854
99855
99865
99887
99894
99906
99912
99943
99945
99954
99962
99995
99996
