11
23
44
58
61
62
66
76
81
85
99
103
123
145
154
154
184
193
203
208
209
218
228
248
260
265
269
273
275
276
295
296
307
310
312
312
345
347
406
423
427
435
444
449
450
461
468
476
491
514
553
553
558
561
578
597
612
616
625
629
631
653
663
669
677
681
683
694
707
710
711
729
737
773
784
791
804
813
819
824
828
830
839
851
852
865
918
918
936
940
977
1015
1021
1026
1028
1076
1094
1095
1128
1143
1151
1154
1157
1166
1170
1177
1180
1181
1201
1203
1214
1219
1220
1225
1227
1240
1248
1254
1266
1277
1282
1286
1300
1305
1325
1350
1360
1370
1373
1374
1381
1384
1413
1428
1448
1451
1461
1466
1473
1483
1492
1510
1540
1547
1548
1554
1572
1634
1635
1650
1652
1667
1672
1689
1690
1693
1695
1730
1756
1761
1770
1782
1788
1793
1827
1842
1854
1893
1905
1906
1915
1918
1925
1926
1932
1941
1947
1960
1969
1969
1971
1982
2005
2006
2043
2053
2061
2061
2079
2092
2108
2163
2168
2173
2215
2229
2234
2244
2263
2266
2266
2268
2275
2279
2282
2287
2303
2314
2315
2319
2338
2355
2357
2357
2359
2366
2371
2376
2376
2392
2395
2408
2410
2442
2450
2468
2478
2489
2498
2510
2511
2527
2531
2544
2573
2576
2579
2581
2589
2590
2594
2601
2602
2647
2656
2659
2673
2678
2691
2692
2699
2701
2710
2712
2736
2745
2745
2754
2758
2814
2826
2831
2831
2834
2847
2851
2852
2863
2877
2880
2885
2912
2924
2925
2926
2927
2934
2937
2940
2949
2952
2959
2983
2991
2992
2994
3004
3024
3027
3035
3043
3044
3074
3082
3115
3116
3119
3123
3123
3132
3153
3157
3171
3182
3191
3208
3217
3237
3238
3243
3255
3267
3291
3313
3326
3339
3349
3352
3357
3359
3361
3362
3367
3385
3385
3396
3431
3433
3442
3444
3444
3449
3457
3467
3480
3483
3506
3520
3520
3522
3531
3534
3551
3553
3561
3561
3565
3570
3578
3596
3625
3635
3647
3654
3657
3657
3658
3661
3663
3673
3678
3686
3689
3706
3709
3710
3715
3726
3740
3744
3754
3760
3775
3790
3796
3800
3803
3806
3816
3817
3817
3823
3828
3829
3841
3856
3883
3903
3923
3923
3928
3940
3943
3954
3964
3967
3968
3972
3986
4001
4004
4028
4033
4038
4039
4047
4049
4052
4053
4059
4070
4071
4079
4080
4084
4088
4094
4096
4108
4159
4167
4173
4180
4200
4205
4215
4226
4228
4229
4267
4282
4300
4307
4309
4318
4329
4336
4340
4372
4392
4395
4407
4410
4413
4416
4424
4452
4461
4462
4464
4480
4486
4512
4514
4548
4560
4564
4565
4571
4580
4594
4609
4614
4614
4619
4631
4646
4650
4656
4687
4689
4693
4707
4726
4737
4754
4762
4774
4797
4799
4803
4815
4822
4833
4863
4867
4868
4873
4877
4880
4881
4881
4891
4893
4906
4915
4918
4919
4926
4955
4958
4974
4979
4994
5034
5038
5056
5076
5084
5093
5109
5116
5122
5129
5152
5161
5164
5189
5198
5206
5216
5217
5231
5274
5304
5309
5315
5318
5331
5347
5356
5363
5366
5370
5379
5406
5413
5446
5460
5467
5472
5474
5477
5478
5478
5496
5498
5504
5505
5531
5531
5541
5549
5551
5560
5569
5570
5572
5579
5587
5589
5591
5627
5652
5657
5659
5683
5683
5687
5688
5701
5738
5759
5765
5769
5792
5794
5829
5830
5834
5834
5852
5854
5864
5865
5876
5878
5884
5889
5926
5928
5942
5953
5966
5979
6041
6055
6059
6094
6096
6103
6105
6114
6116
6117
6121
6125
6128
6131
6149
6155
6164
6166
6178
6186
6189
6197
6241
6244
6257
6269
6306
6323
6335
6353
6402
6411
6419
6430
6432
6440
6450
6455
6466
6476
6483
6485
6485
6486
6487
6492
6509
6515
6556
6561
6565
6572
6625
6649
6657
6675
6684
6685
6692
6692
6701
6707
6722
6726
6726
6741
6757
6765
6772
6774
6798
6831
6841
6843
6844
6854
6856
6866
6881
6905
6926
6933
6941
6948
6954
6961
6964
6965
6979
6980
6985
6988
7001
7012
7015
7016
7020
7026
7040
7050
7075
7076
7084
7104
7137
7138
7142
7147
7163
7167
7173
7174
7190
7202
7218
7230
7233
7233
7266
7268
7282
7288
7293
7305
7326
7329
7339
7346
7385
7390
7397
7430
7444
7450
7450
7461
7463
7491
7495
7495
7499
7501
7503
7511
7514
7520
7532
7537
7543
7543
7545
7552
7552
7581
7591
7598
7610
7617
7625
7626
7649
7663
7665
7669
7679
7683
7695
7704
7707
7714
7716
7720
7722
7725
7734
7747
7750
7795
7796
7796
7807
7818
7827
7842
7860
7869
7881
7892
7920
7925
7930
7950
7964
7972
8003
8017
8027
8038
8053
8054
8062
8071
8082
8106
8137
8141
8141
8193
8205
8216
8229
8231
8246
8250
8275
8292
8293
8322
8340
8363
8371
8378
8378
8383
8390
8396
8410
8411
8422
8432
8438
8446
8461
8463
8482
8483
8490
8493
8497
8507
8514
8521
8525
8526
8527
8529
8543
8550
8568
8582
8604
8610
8614
8616
8619
8621
8622
8629
8644
8645
8648
8660
8669
8674
8689
8690
8693
8702
8703
8712
8712
8723
8733
8744
8757
8761
8766
8775
8775
8782
8790
8793
8811
8831
8849
8854
8862
8870
8872
8890
8900
8928
8935
8936
8985
8989
9003
9007
9015
9023
9036
9044
9088
9111
9124
9128
9133
9148
9156
9157
9196
9236
9251
9251
9270
9276
9316
9329
9420
9431
9432
9452
9476
9525
9545
9555
9558
9593
9609
9620
9627
9637
9646
9663
9686
9702
9719
9753
9764
9766
9770
9778
9779
9780
9790
9815
9815
9838
9840
9864
9884
9891
9892
9939
9944
9944
9945
9952
9960
9991
9991
9993
10003
10017
10050
10053
10055
10066
10081
10082
10085
10112
10116
10131
10143
10147
10155
10188
10213
10229
10250
10253
10254
10261
10269
10279
10286
10289
10294
10297
10297
10299
10303
10320
10327
10343
10344
10345
10360
10365
10368
10384
10395
10425
10425
10431
10451
10478
10482
10482
10488
10493
10524
10525
10525
10528
10555
10561
10573
10586
10594
10618
10629
10634
10635
10649
10660
10661
10666
10667
10680
10683
10703
10704
10706
10709
10721
10725
10728
10732
10733
10741
10757
10764
10764
10771
10772
10774
10788
10802
10805
10815
10816
10825
10840
10851
10860
10860
10862
10864
10879
10882
10884
10910
10913
10914
10916
10925
10931
10957
10980
11007
11007
11009
11019
11028
11056
11076
11081
11084
11090
11097
11105
11130
11146
11146
11151
11166
11200
11201
11207
11208
11214
11229
11231
11235
11241
11257
11260
11267
11270
11272
11284
11292
11293
11302
11302
11304
11312
11315
11318
11332
11354
11356
11373
11382
11386
11390
11391
11408
11408
11412
11415
11422
11453
11458
11462
11472
11480
11488
11489
11494
11504
11518
11524
11565
11568
11576
11601
11609
11610
11612
11614
11635
11636
11639
11643
11660
11664
11671
11689
11695
11698
11704
11705
11705
11710
11711
11717
11726
11727
11739
11745
11756
11786
11798
11807
11814
11832
11839
11860
11872
11890
11894
11900
11908
11910
11934
11943
11950
11956
11958
11983
11985
12014
12020
12026
12030
12040
12045
12046
12064
12086
12096
12107
12112
12121
12132
12154
12173
12175
12178
12179
12190
12217
12236
12244
12250
12252
12274
12295
12298
12324
12324
12325
12328
12343
12344
12351
12353
12360
12364
12367
12371
12379
12380
12415
12426
12434
12438
12453
12463
12467
12469
12472
12480
12480
12480
12485
12511
12540
12555
12560
12563
12575
12581
12592
12595
12595
12597
12611
12623
12631
12636
12637
12652
12670
12678
12696
12715
12749
12749
12767
12770
12782
12792
12792
12798
12804
12809
12813
12837
12875
12879
12920
12931
12948
12955
12960
12963
12968
12972
12986
12997
13006
13017
13020
13034
13036
13040
13054
13076
13078
13092
13112
13118
13121
13122
13124
13129
13148
13157
13164
13175
13183
13190
13213
13226
13228
13259
13260
13264
13264
13268
13270
13278
13283
13295
13297
13299
13308
13316
13333
13380
13383
13383
13393
13419
13452
13465
13503
13515
13517
13525
13559
13566
13569
13580
13598
13599
13608
13632
13643
13673
13679
13714
13720
13734
13764
13768
13769
13770
13792
13847
13853
13864
13868
13882
13885
13891
13899
13915
13955
13968
13979
13997
14022
14028
14031
14040
14045
14046
14048
14053
14053
14053
14056
14063
14075
14081
14087
14089
14095
14097
14114
14139
14140
14150
14151
14158
14174
14174
14198
14206
14208
14211
14228
14237
14247
14253
14256
14260
14304
14317
14320
14326
14341
14351
14355
14374
14379
14393
14398
14407
14417
14428
14482
14516
14525
14531
14555
14566
14571
14576
14597
14615
14622
14622
14623
14631
14649
14656
14706
14724
14730
14743
14757
14770
14773
14780
14795
14827
14831
14838
14841
14843
14858
14861
14864
14875
14898
14906
14916
14918
14940
14942
14964
15004
15014
15024
15024
15030
15037
15039
15049
15079
15092
15114
15117
15148
15156
15162
15165
15176
15185
15189
15203
15204
15212
15216
15235
15250
15258
15261
15268
15278
15286
15291
15307
15309
15323
15326
15335
15339
15340
15343
15347
15349
15377
15386
15387
15388
15399
15406
15430
15433
15450
15450
15470
15473
15482
15502
15519
15528
15546
15547
15555
15561
15565
15567
15572
15580
15581
15587
15587
15603
15606
15608
15615
15630
15632
15647
15658
15659
15671
15682
15688
15689
15702
15721
15721
15726
15732
15744
15753
15759
15765
15768
15795
15819
15822
15856
15863
15866
15870
15875
15905
15905
15923
15930
15944
15944
15945
15955
15971
15972
15982
16013
16016
16041
16044
16065
16076
16092
16095
16096
16102
16113
16118
16118
16145
16147
16149
16181
16207
16212
16219
16224
16243
16244
16330
16345
16347
16362
16368
16395
16397
16408
16452
16486
16491
16495
16523
16538
16559
16559
16563
16565
16571
16592
16600
16614
16653
16659
16679
16682
16705
16715
16719
16724
16724
16727
16748
16754
16759
16768
16802
16807
16829
16831
16848
16849
16862
16862
16874
16879
16889
16902
16906
16915
16921
16925
16926
16938
16959
16973
16999
17014
17022
17034
17035
17040
17045
17062
17083
17088
17095
17101
17105
17105
17129
17141
17146
17149
17159
17165
17166
17167
17171
17198
17200
17214
17224
17225
17244
17250
17267
17276
17278
17280
17292
17318
17323
17325
17330
17332
17332
17349
17349
17360
17368
17378
17383
17389
17397
17408
17445
17455
17474
17477
17506
17511
17522
17539
17543
17543
17568
17569
17585
17602
17639
17669
17677
17690
17695
17695
17704
17705
17706
17719
17732
17748
17759
17760
17795
17810
17814
17817
17819
17840
17849
17872
17888
17893
17900
17900
17907
17912
17922
17925
17931
17932
17938
17949
17953
17957
17960
17969
17994
18004
18009
18014
18044
18047
18078
18079
18093
18100
18105
18139
18147
18148
18151
18154
18168
18175
18191
18199
18209
18223
18226
18227
18228
18241
18257
18271
18280
18281
18281
18287
18293
18313
18315
18317
18331
18345
18346
18361
18373
18375
18383
18390
18413
18419
18420
18424
18425
18427
18429
18442
18476
18518
18526
18530
18531
18536
18544
18548
18552
18554
18574
18575
18592
18600
18612
18618
18623
18630
18635
18657
18666
18685
18686
18712
18734
18746
18759
18762
18770
18772
18780
18790
18792
18793
18809
18822
18830
18833
18841
18876
18882
18890
18900
18904
18932
18938
18946
18949
18959
18959
18963
18969
18975
19010
19014
19029
19069
19080
19086
19104
19134
19144
19157
19183
19188
19191
19195
19203
19229
19231
19236
19248
19256
19263
19273
19278
19290
19295
19312
19325
19352
19362
19364
19367
19367
19374
19374
19376
19379
19380
19388
19399
19400
19403
19406
19407
19421
19432
19447
19466
19467
19470
19482
19482
19489
19491
19494
19497
19502
19514
19525
19527
19529
19531
19533
19548
19559
19567
19567
19613
19614
19618
19618
19625
19670
19672
19683
19693
19700
19703
19712
19718
19736
19759
19766
19769
19771
19774
19775
19791
19797
19798
19824
19840
19861
19884
19895
19901
19923
19938
19945
19952
19959
19975
19987
19989
19996
20010
20013
20020
20023
20027
20036
20045
20047
20061
20068
20089
20090
20090
20094
20099
20142
20144
20170
20182
20197
20200
20211
20219
20220
20228
20233
20238
20264
20265
20269
20284
20292
20303
20340
20348
20354
20356
20358
20364
20365
20366
20372
20385
20403
20420
20434
20454
20468
20470
20472
20473
20483
20499
20500
20507
20511
20511
20519
20523
20529
20542
20543
20544
20547
20554
20561
20570
20584
20605
20626
20631
20658
20667
20680
20682
20683
20695
20698
20722
20725
20738
20739
20748
20753
20761
20789
20798
20803
20808
20829
20837
20872
20873
20879
20881
20885
20887
20898
20903
20907
20913
20917
20921
20932
20941
20953
20964
20964
20972
20975
20997
21012
21018
21020
21036
21045
21046
21048
21048
21073
21073
21076
21082
21093
21096
21099
21108
21111
21117
21120
21129
21133
21141
21143
21149
21150
21159
21160
21162
21175
21177
21182
21204
21232
21255
21259
21265
21269
21283
21303
21330
21339
21348
21365
21377
21382
21383
21386
21391
21415
21423
21438
21458
21467
21473
21476
21502
21516
21519
21529
21532
21547
21555
21561
21565
21567
21588
21632
21637
21639
21650
21656
21681
21687
21689
21712
21722
21725
21729
21741
21745
21746
21747
21748
21751
21769
21775
21788
21794
21814
21824
21831
21838
21841
21896
21914
21918
21932
21938
21954
21960
21962
21966
21995
22006
22014
22026
22027
22032
22047
22063
22065
22068
22071
22073
22078
22083
22087
22088
22088
22102
22104
22148
22154
22162
22169
22174
22178
22180
22182
22186
22203
22208
22228
22234
22257
22262
22272
22273
22282
22284
22294
22297
22298
22348
22349
22352
22352
22352
22369
22374
22388
22409
22429
22446
22452
22454
22457
22471
22478
22490
22505
22506
22512
22514
22537
22538
22556
22579
22596
22596
22604
22614
22631
22699
22699
22699
22702
22710
22756
22756
22783
22784
22799
22804
22806
22813
22838
22840
22846
22854
22860
22877
22878
22884
22894
22915
22922
22938
22956
22969
22970
22973
22976
22985
22985
22987
23034
23048
23056
23062
23074
23075
23090
23096
23111
23115
23116
23117
23133
23137
23145
23156
23162
23172
23183
23184
23191
23196
23198
23204
23212
23224
23229
23232
23255
23260
23266
23270
23274
23294
23304
23306
23311
23326
23330
23357
23372
23373
23390
23403
23415
23417
23423
23430
23470
23470
23495
23506
23529
23532
23533
23547
23552
23557
23560
23576
23596
23629
23631
23642
23662
23679
23680
23686
23690
23703
23703
23704
23709
23710
23713
23717
23722
23727
23734
23744
23748
23758
23759
23771
23801
23825
23832
23850
23850
23852
23865
23866
23877
23880
23881
23897
23900
23908
23921
23925
23928
23943
23945
23959
23979
23989
23994
24001
24003
24029
24073
24082
24103
24129
24140
24143
24144
24155
24166
24169
24169
24180
24187
24203
24226
24229
24245
24248
24260
24268
24288
24295
24309
24312
24313
24314
24324
24324
24342
24345
24362
24366
24366
24376
24419
24431
24434
24453
24464
24483
24494
24500
24503
24510
24520
24529
24538
24545
24547
24554
24569
24569
24592
24600
24604
24604
24617
24627
24629
24634
24654
24657
24662
24663
24665
24666
24692
24711
24714
24735
24780
24798
24801
24831
24835
24842
24843
24849
24865
24871
24873
24878
24893
24894
24898
24907
24910
24918
24921
24931
24971
24975
25008
25011
25026
25028
25028
25031
25034
25047
25065
25085
25087
25091
25096
25099
25107
25119
25122
25126
25131
25154
25155
25189
25190
25198
25201
25207
25214
25220
25233
25250
25256
25258
25264
25278
25290
25290
25299
25306
25315
25326
25335
25342
25383
25402
25452
25455
25458
25464
25470
25480
25499
25524
25548
25551
25559
25576
25581
25615
25626
25652
25658
25663
25679
25690
25698
25721
25721
25726
25742
25747
25752
25775
25798
25807
25820
25827
25849
25872
25880
25950
25957
25993
25999
26007
26016
26019
26020
26024
26024
26050
26055
26062
26066
26069
26080
26086
26115
26132
26132
26137
26146
26169
26178
26178
26183
26188
26188
26192
26201
26205
26205
26230
26247
26247
26259
26274
26281
26290
26293
26294
26299
26320
26326
26343
26365
26371
26386
26403
26417
26418
26431
26445
26465
26471
26474
26502
26503
26539
26545
26557
26559
26565
26569
26574
26586
26594
26595
26596
26644
26675
26679
26703
26713
26713
26720
26726
26728
26734
26738
26740
26753
26755
26765
26778
26784
26821
26824
26826
26849
26849
26866
26866
26869
26887
26894
26901
26907
26908
26909
26919
26922
26936
26942
26955
26961
26986
27002
27029
27032
27034
27041
27045
27054
27054
27056
27056
27065
27067
27074
27076
27093
27094
27094
27105
27115
27131
27140
27152
27173
27183
27186
27192
27204
27215
27216
27234
27244
27245
27271
27272
27275
27277
27287
27293
27294
27318
27320
27327
27328
27329
27356
27363
27363
27374
27377
27377
27382
27385
27390
27405
27418
27431
27435
27465
27468
27478
27491
27496
27509
27522
27528
27532
27536
27537
27541
27542
27553
27558
27564
27595
27608
27612
27631
27633
27636
27638
27643
27647
27658
27660
27673
27690
27696
27707
27711
27713
27714
27725
27753
27756
27762
27771
27773
27796
27797
27828
27843
27845
27851
27854
27901
27921
27933
27947
27950
27968
27969
27984
27986
28003
28005
28011
28027
28043
28076
28077
28089
28099
28113
28128
28151
28163
28168
28173
28201
28225
28234
28264
28289
28308
28312
28320
28322
28324
28326
28330
28339
28340
28342
28343
28441
28449
28452
28466
28480
28482
28482
28491
28504
28507
28547
28549
28556
28556
28565
28572
28578
28582
28586
28612
28625
28627
28629
28644
28646
28649
28652
28666
28670
28670
28688
28691
28695
28713
28729
28730
28753
28753
28770
28797
28799
28815
28818
28835
28841
28846
28853
28867
28873
28874
28881
28897
28907
28913
28920
28926
28952
28954
28960
28962
28978
28983
28994
28996
28999
29000
29009
29016
29017
29039
29041
29053
29083
29088
29104
29106
29111
29112
29154
29165
29196
29227
29231
29233
29243
29255
29263
29272
29275
29279
29286
29292
29299
29302
29314
29324
29325
29330
29331
29331
29337
29393
29404
29414
29417
29427
29431
29436
29438
29443
29455
29455
29457
29458
29464
29470
29485
29496
29498
29516
29523
29527
29545
29547
29570
29571
29576
29584
29586
29597
29622
29636
29638
29639
29651
29656
29658
29659
29665
29673
29680
29682
29682
29694
29706
29718
29731
29735
29739
29744
29749
29783
29786
29805
29815
29816
29822
29826
29844
29845
29852
29858
29866
29885
29885
29895
29896
29960
29979
29984
29986
29998
30009
30014
30029
30032
30038
30055
30065
30065
30102
30108
30108
30109
30111
30122
30144
30191
30203
30211
30237
30239
30247
30251
30252
30256
30256
30271
30279
30282
30308
30308
30323
30327
30327
30331
30332
30337
30369
30376
30390
30391
30400
30401
30411
30433
30467
30483
30503
30507
30523
30532
30548
30555
30558
30574
30575
30575
30611
30619
30621
30626
30656
30661
30664
30667
30670
30673
30674
30684
30686
30693
30697
30716
30731
30735
30737
30752
30753
30755
30761
30765
30767
30771
30789
30797
30797
30804
30830
30833
30837
30839
30851
30861
30872
30873
30877
30900
30900
30912
30913
30917
30921
30944
30946
30954
30962
30988
30996
30997
31026
31027
31036
31050
31065
31096
31112
31120
31120
31127
31129
31165
31171
31185
31204
31251
31255
31258
31274
31283
31302
31308
31310
31314
31339
31342
31358
31364
31365
31370
31374
31405
31437
31439
31461
31462
31478
31480
31482
31492
31498
31498
31517
31525
31527
31552
31554
31560
31595
31629
31630
31664
31671
31707
31739
31750
31761
31773
31774
31787
31826
31835
31848
31901
31908
31954
31968
31971
31983
32006
32012
32026
32027
32043
32043
32071
32080
32082
32084
32098
32109
32129
32136
32137
32138
32156
32170
32171
32177
32184
32197
32217
32217
32222
32227
32232
32258
32259
32263
32271
32281
32286
32294
32300
32308
32312
32312
32322
32348
32352
32361
32375
32378
32388
32394
32397
32399
32411
32426
32430
32432
32435
32435
32443
32462
32490
32510
32521
32525
32528
32535
32563
32564
32584
32597
32600
32606
32618
32628
32639
32652
32688
32697
32710
32720
32726
32737
32755
32756
32767
32776
32779
32785
32797
32811
32820
32827
32838
32858
32875
32878
32886
32901
32931
32937
32945
32957
32971
32971
32992
32993
33009
33014
33021
33031
33046
33065
33096
33098
33110
33110
33125
33127
33132
33170
33172
33176
33177
33178
33202
33211
33234
33235
33255
33277
33295
33302
33307
33309
33332
33337
33341
33347
33363
33399
33412
33433
33440
33453
33460
33465
33478
33485
33514
33519
33521
33522
33524
33538
33554
33580
33589
33590
33611
33616
33616
33621
33630
33634
33648
33651
33651
33679
33683
33685
33688
33696
33724
33747
33768
33791
33794
33803
33814
33817
33817
33818
33832
33838
33839
33845
33853
33864
33880
33887
33892
33912
33918
33918
33918
33940
33942
33951
33970
33979
33984
34033
34037
34037
34048
34052
34059
34073
34084
34111
34114
34117
34123
34133
34141
34151
34154
34170
34184
34186
34188
34199
34204
34209
34209
34218
34220
34238
34247
34257
34264
34266
34268
34280
34285
34289
34293
34295
34297
34308
34314
34321
34322
34358
34372
34373
34378
34390
34398
34420
34432
34433
34439
34452
34464
34465
34469
34469
34484
34493
34496
34506
34508
34520
34527
34573
34596
34599
34613
34616
34624
34630
34634
34640
34649
34674
34679
34688
34689
34693
34704
34718
34732
34744
34749
34764
34790
34794
34795
34809
34809
34815
34836
34843
34846
34848
34849
34881
34881
34903
34909
34932
34954
34957
34977
35029
35032
35036
35040
35046
35055
35056
35056
35059
35062
35064
35065
35067
35087
35087
35093
35139
35143
35164
35165
35170
35174
35188
35196
35200
35202
35213
35215
35217
35224
35227
35227
35239
35245
35252
35262
35264
35281
35285
35289
35315
35323
35345
35345
35352
35355
35366
35369
35372
35375
35377
35381
35382
35386
35394
35423
35428
35443
35455
35468
35480
35482
35490
35493
35494
35504
35516
35520
35526
35527
35534
35537
35539
35542
35569
35585
35597
35606
35635
35639
35653
35671
35675
35698
35715
35716
35733
35741
35763
35767
35768
35771
35778
35806
35832
35833
35838
35859
35860
35862
35870
35878
35881
35882
35883
35884
35884
35896
35901
35929
35933
35938
35941
35944
35981
35981
35990
36016
36025
36058
36059
36085
36101
36102
36111
36128
36140
36151
36161
36176
36197
36201
36208
36218
36232
36251
36253
36299
36310
36311
36325
36328
36358
36370
36380
36382
36383
36393
36412
36424
36439
36440
36440
36444
36444
36461
36466
36475
36477
36485
36505
36511
36515
36529
36530
36535
36553
36557
36573
36581
36598
36607
36660
36674
36676
36685
36711
36713
36721
36736
36762
36762
36780
36795
36804
36804
36814
36821
36841
36850
36859
36865
36876
36877
36879
36906
36912
36914
36916
36927
36934
36947
36953
36981
37031
37045
37046
37048
37053
37057
37058
37062
37077
37082
37090
37093
37096
37102
37112
37114
37118
37127
37163
37165
37182
37200
37203
37214
37224
37225
37248
37252
37260
37260
37280
37300
37320
37320
37329
37334
37339
37343
37382
37383
37390
37395
37400
37419
37465
37466
37486
37505
37521
37526
37535
37541
37544
37552
37557
37573
37594
37595
37643
37650
37658
37666
37676
37681
37689
37704
37705
37717
37720
37727
37744
37745
37751
37753
37771
37771
37789
37792
37793
37797
37801
37802
37813
37818
37833
37845
37854
37855
37858
37864
37874
37901
37919
37948
37956
37963
37968
37983
37986
37988
38028
38033
38033
38059
38062
38081
38081
38086
38092
38098
38108
38113
38130
38131
38139
38193
38203
38210
38214
38219
38219
38234
38246
38248
38248
38260
38271
38278
38280
38306
38310
38310
38321
38340
38341
38345
38351
38372
38374
38378
38395
38396
38397
38407
38423
38431
38439
38467
38473
38475
38482
38490
38517
38520
38557
38563
38565
38599
38603
38607
38618
38622
38623
38628
38635
38646
38662
38663
38664
38670
38731
38753
38760
38768
38792
38799
38809
38811
38820
38824
38830
38880
38882
38913
38921
38933
38933
38965
38983
38991
39002
39006
39013
39019
39022
39023
39023
39032
39037
39039
39046
39048
39061
39064
39066
39071
39072
39075
39080
39127
39150
39150
39153
39158
39171
39188
39206
39231
39234
39247
39247
39256
39259
39262
39270
39279
39290
39298
39319
39323
39326
39330
39331
39342
39353
39365
39390
39414
39414
39422
39434
39437
39442
39445
39448
39465
39465
39466
39474
39505
39521
39525
39534
39546
39547
39549
39552
39563
39563
39565
39568
39582
39618
39620
39646
39650
39654
39658
39664
39671
39675
39676
39681
39695
39709
39717
39720
39725
39731
39732
39740
39743
39755
39771
39789
39792
39798
39800
39802
39813
39814
39818
39826
39834
39836
39861
39862
39864
39868
39872
39872
39882
39890
39896
39908
39913
39929
39945
39954
39955
39964
39968
39984
39992
40025
40036
40038
40039
40039
40041
40052
40057
40073
40073
40081
40083
40086
40090
40095
40096
40134
40151
40159
40160
40162
40165
40171
40171
40197
40203
40233
40235
40246
40271
40294
40329
40329
40348
40355
40358
40359
40367
40398
40398
40399
40403
40410
40411
40426
40446
40454
40460
40471
40476
40514
40526
40530
40535
40549
40551
40571
40594
40605
40627
40631
40640
40647
40647
40648
40675
40688
40695
40700
40702
40712
40715
40730
40730
40750
40773
40775
40784
40787
40800
40810
40819
40843
40860
40888
40889
40904
40910
40965
40966
40969
40975
40977
40983
40989
41014
41015
41017
41027
41033
41063
41067
41090
41095
41132
41134
41134
41137
41167
41175
41183
41193
41196
41206
41211
41213
41229
41278
41279
41285
41288
41298
41302
41324
41342
41344
41354
41363
41375
41377
41407
41408
41424
41461
41463
41464
41490
41498
41504
41505
41512
41526
41529
41540
41548
41559
41565
41604
41611
41611
41633
41652
41660
41675
41683
41688
41700
41744
41790
41805
41807
41811
41815
41818
41829
41840
41843
41851
41856
41862
41868
41868
41869
41893
41904
41906
41913
41920
41925
41950
41953
41965
41968
41975
42004
42007
42018
42019
42033
42034
42049
42067
42073
42079
42086
42086
42093
42094
42102
42103
42117
42122
42127
42138
42168
42174
42175
42183
42189
42220
42221
42223
42227
42227
42229
42236
42245
42270
42315
42317
42319
42330
42352
42356
42383
42390
42400
42408
42458
42473
42491
42492
42500
42501
42503
42515
42518
42521
42545
42555
42565
42576
42585
42594
42612
42616
42620
42621
42622
42635
42638
42641
42655
42658
42670
42683
42692
42693
42693
42701
42733
42742
42770
42789
42794
42812
42816
42825
42841
42841
42843
42846
42853
42890
42898
42910
42925
42930
42944
42950
42956
42969
42988
43003
43008
43010
43029
43029
43036
43037
43049
43079
43080
43082
43084
43103
43104
43111
43117
43118
43122
43131
43150
43163
43181
43182
43203
43203
43217
43246
43255
43256
43272
43272
43274
43280
43308
43321
43321
43329
43341
43361
43384
43404
43415
43428
43432
43438
43446
43448
43464
43465
43477
43480
43483
43485
43492
43500
43509
43524
43533
43543
43548
43553
43574
43593
43598
43609
43621
43630
43632
43637
43647
43667
43698
43702
43709
43713
43714
43720
43721
43728
43729
43738
43748
43751
43752
43756
43790
43799
43825
43847
43850
43858
43885
43888
43893
43898
43927
43934
43941
43955
43956
43975
43988
43999
44018
44022
44025
44031
44032
44045
44064
44070
44111
44112
44121
44126
44133
44142
44151
44155
44161
44205
44215
44221
44232
44238
44257
44266
44266
44279
44290
44305
44324
44356
44362
44412
44433
44454
44476
44493
44496
44538
44579
44593
44612
44613
44618
44627
44635
44643
44659
44671
44698
44713
44743
44744
44783
44787
44802
44816
44830
44859
44866
44870
44877
44885
44933
44943
44946
44952
44954
44957
44965
44968
44985
44986
44987
44995
44997
45033
45034
45048
45060
45082
45083
45087
45097
45106
45116
45120
45123
45132
45137
45163
45166
45170
45174
45187
45203
45204
45209
45212
45235
45242
45244
45245
45258
45262
45267
45287
45298
45306
45361
45372
45373
45376
45384
45392
45394
45396
45411
45421
45423
45433
45462
45464
45474
45483
45490
45491
45494
45516
45559
45579
45580
45583
45617
45621
45647
45648
45656
45665
45677
45697
45705
45716
45720
45720
45726
45726
45746
45751
45755
45782
45791
45799
45810
45814
45826
45826
45868
45876
45882
45888
45918
45932
45937
45956
45967
45979
45995
46006
46013
46014
46023
46046
46073
46084
46093
46106
46110
46116
46124
46142
46145
46149
46151
46175
46180
46181
46183
46215
46220
46234
46269
46279
46281
46301
46317
46331
46339
46365
46379
46382
46397
46402
46421
46422
46433
46446
46453
46462
46473
46479
46490
46512
46515
46522
46523
46526
46530
46533
46542
46554
46555
46572
46576
46577
46579
46588
46589
46608
46611
46623
46626
46665
46687
46687
46698
46711
46718
46744
46746
46756
46757
46765
46773
46775
46782
46801
46806
46817
46853
46854
46878
46883
46884
46891
46897
46905
46927
46949
46953
46976
46999
46999
47003
47006
47057
47070
47079
47094
47101
47102
47106
47107
47113
47121
47148
47155
47157
47165
47179
47183
47217
47226
47228
47232
47249
47266
47275
47284
47285
47317
47323
47347
47350
47352
47353
47358
47364
47380
47398
47404
47416
47427
47427
47455
47465
47471
47472
47473
47486
47494
47496
47498
47502
47522
47524
47534
47534
47537
47545
47557
47562
47566
47567
47567
47574
47581
47586
47618
47637
47648
47670
47686
47691
47693
47693
47716
47728
47734
47756
47765
47767
47780
47790
47797
47821
47824
47839
47853
47854
47865
47879
47880
47885
47896
47900
47903
47917
47918
47927
47932
47944
47946
47947
47955
47963
47970
47973
47975
47985
47992
47997
48046
48053
48067
48070
48072
48075
48102
48112
48115
48140
48140
48141
48145
48165
48179
48203
48235
48243
48269
48281
48282
48285
48298
48311
48322
48323
48385
48397
48407
48409
48410
48424
48438
48441
48463
48466
48474
48480
48484
48494
48500
48515
48519
48525
48540
48554
48598
48600
48601
48606
48614
48621
48632
48635
48637
48643
48658
48678
48682
48683
48690
48713
48716
48724
48735
48736
48741
48761
48783
48797
48812
48814
48840
48841
48847
48869
48873
48877
48898
48919
48926
48932
48957
48962
48977
48982
48986
48989
49003
49016
49021
49036
49102
49114
49118
49132
49158
49172
49176
49178
49184
49185
49185
49190
49194
49218
49220
49224
49229
49230
49230
49232
49252
49276
49298
49298
49301
49301
49309
49325
49327
49335
49336
49339
49348
49359
49361
49363
49379
49409
49447
49452
49461
49475
49475
49485
49507
49530
49543
49567
49585
49593
49594
49612
49626
49653
49668
49669
49685
49689
49699
49700
49713
49716
49728
49736
49737
49752
49768
49786
49806
49806
49822
49826
49830
49852
49865
49879
49904
49923
49928
49937
49951
49954
49964
49974
49974
49980
49990
50017
50024
50037
50042
50061
50062
50082
50098
50099
50111
50114
50133
50170
50184
50193
50206
50246
50256
50275
50283
50294
50299
50336
50336
50349
50350
50350
50354
50358
50361
50369
50413
50413
50413
50414
50429
50429
50445
50449
50450
50458
50493
50499
50511
50526
50535
50541
50547
50573
50575
50577
50577
50579
50579
50581
50582
50586
50602
50604
50628
50634
50640
50641
50643
50655
50674
50678
50680
50699
50700
50722
50746
50754
50764
50784
50803
50808
50812
50840
50850
50872
50883
50895
50917
50935
50949
50953
50965
50985
50986
50988
51009
51009
51013
51017
51026
51068
51072
51090
51102
51117
51118
51124
51151
51153
51169
51203
51206
51208
51212
51214
51222
51227
51235
51238
51242
51267
51275
51287
51289
51296
51303
51304
51309
51311
51321
51353
51374
51381
51391
51406
51423
51482
51486
51488
51496
51500
51519
51522
51522
51527
51534
51535
51537
51550
51566
51589
51593
51601
51607
51614
51649
51650
51666
51670
51672
51675
51689
51695
51703
51712
51717
51732
51740
51758
51774
51780
51795
51800
51812
51825
51841
51845
51845
51846
51849
51856
51865
51877
51877
51889
51895
51900
51907
51935
51952
51954
51963
51974
51998
52006
52025
52033
52065
52078
52086
52097
52101
52110
52112
52128
52140
52145
52150
52154
52184
52202
52212
52213
52246
52255
52269
52271
52283
52284
52289
52293
52305
52314
52316
52349
52354
52365
52368
52377
52383
52391
52420
52425
52434
52443
52444
52446
52456
52459
52480
52482
52484
52492
52512
52530
52533
52536
52542
52567
52567
52569
52583
52583
52593
52627
52650
52657
52660
52666
52695
52699
52708
52713
52715
52722
52727
52744
52750
52755
52756
52757
52790
52807
52826
52828
52855
52862
52881
52893
52899
52919
52928
52929
52940
52944
52950
52951
52956
52956
52959
52960
52970
52977
52989
53009
53016
53032
53034
53044
53055
53055
53058
53066
53075
53085
53088
53088
53088
53092
53100
53101
53111
53126
53129
53159
53167
53171
53182
53183
53189
53196
53200
53203
53207
53210
53232
53234
53262
53264
53269
53271
53274
53277
53285
53293
53302
53303
53321
53352
53354
53358
53361
53367
53380
53380
53382
53385
53398
53400
53420
53426
53443
53444
53448
53467
53475
53483
53495
53496
53498
53513
53513
53513
53525
53527
53528
53554
53560
53572
53575
53576
53586
53586
53618
53618
53632
53657
53684
53698
53705
53734
53748
53755
53760
53776
53789
53793
53805
53825
53835
53840
53846
53848
53853
53878
53888
53906
53912
53931
53940
53944
53952
53953
53975
53980
53992
54003
54007
54016
54052
54068
54075
54084
54094
54097
54123
54134
54142
54143
54158
54187
54188
54190
54196
54212
54217
54218
54224
54231
54233
54262
54268
54272
54274
54275
54281
54285
54288
54295
54314
54316
54317
54320
54326
54328
54341
54346
54351
54354
54361
54382
54385
54406
54406
54434
54455
54456
54457
54458
54475
54476
54478
54483
54487
54489
54491
54496
54508
54508
54512
54520
54522
54528
54570
54576
54576
54580
54583
54585
54587
54599
54600
54623
54624
54629
54633
54644
54647
54649
54650
54668
54675
54677
54692
54704
54709
54712
54716
54731
54752
54755
54756
54756
54763
54766
54770
54773
54783
54785
54786
54787
54813
54822
54825
54825
54843
54843
54848
54849
54886
54895
54905
54907
54907
54953
54961
54977
54977
54979
54999
55023
55024
55024
55027
55036
55047
55057
55060
55065
55069
55083
55108
55118
55120
55139
55145
55150
55188
55214
55221
55225
55241
55252
55258
55258
55269
55270
55288
55294
55296
55310
55326
55330
55335
55345
55347
55357
55373
55381
55386
55403
55405
55408
55412
55416
55417
55433
55434
55435
55464
55485
55509
55512
55517
55526
55531
55544
55560
55562
55570
55587
55591
55601
55602
55613
55622
55623
55628
55640
55666
55681
55683
55689
55692
55699
55708
55708
55716
55719
55725
55732
55733
55742
55773
55797
55806
55808
55828
55830
55830
55834
55842
55849
55858
55861
55876
55878
55886
55888
55904
55916
55922
55935
55939
55941
55944
55951
55965
55976
55990
56012
56013
56014
56015
56021
56030
56042
56045
56046
56051
56055
56056
56084
56097
56099
56108
56110
56113
56116
56139
56143
56145
56157
56160
56162
56164
56170
56194
56194
56203
56205
56206
56206
56209
56218
56241
56249
56253
56261
56262
56282
56283
56312
56315
56315
56328
56347
56348
56352
56358
56363
56374
56394
56394
56395
56400
56415
56420
56431
56435
56444
56447
56464
56474
56479
56496
56503
56510
56510
56524
56531
56532
56538
56541
56541
56543
56549
56568
56582
56586
56602
56617
56639
56646
56648
56664
56675
56676
56676
56681
56700
56714
56729
56730
56755
56757
56764
56789
56800
56809
56812
56816
56820
56826
56832
56843
56847
56868
56869
56869
56871
56873
56886
56887
56889
56890
56937
56937
56942
56960
56987
56989
57047
57054
57061
57085
57086
57089
57091
57092
57098
57104
57124
57125
57126
57153
57156
57162
57170
57173
57180
57189
57196
57212
57218
57250
57261
57264
57271
57275
57275
57291
57293
57305
57315
57323
57325
57330
57342
57343
57365
57366
57381
57387
57388
57390
57393
57398
57425
57428
57437
57449
57455
57459
57464
57466
57471
57473
57473
57491
57494
57497
57512
57516
57529
57548
57562
57567
57569
57582
57583
57584
57610
57617
57621
57628
57637
57654
57656
57656
57671
57688
57711
57711
57720
57722
57725
57728
57744
57749
57759
57788
57789
57803
57814
57816
57816
57823
57823
57839
57849
57854
57872
57874
57876
57877
57888
57899
57901
57908
57912
57926
57950
57960
57967
57975
57995
58017
58024
58030
58037
58053
58059
58066
58067
58072
58072
58072
58080
58082
58119
58124
58146
58153
58154
58165
58174
58180
58180
58181
58190
58199
58218
58219
58243
58244
58248
58256
58264
58264
58267
58271
58295
58298
58298
58312
58320
58323
58335
58339
58345
58372
58373
58380
58384
58392
58412
58424
58442
58480
58488
58495
58501
58502
58529
58544
58545
58546
58555
58559
58569
58572
58587
58598
58599
58606
58622
58655
58660
58698
58709
58725
58738
58745
58789
58790
58806
58845
58849
58852
58855
58858
58864
58868
58868
58908
58914
58914
58915
58921
58946
58959
58963
58992
58993
59003
59016
59041
59064
59068
59079
59099
59101
59110
59142
59142
59145
59149
59153
59165
59175
59182
59192
59203
59215
59220
59225
59237
59243
59294
59297
59301
59318
59324
59339
59341
59350
59352
59355
59376
59389
59400
59422
59426
59480
59491
59493
59495
59498
59508
59510
59565
59576
59581
59598
59606
59607
59619
59630
59634
59654
59656
59661
59666
59674
59717
59718
59720
59741
59741
59748
59749
59749
59750
59759
59773
59798
59804
59813
59826
59849
59849
59852
59872
59877
59895
59897
59899
59901
59938
59941
59949
59949
59967
59986
59991
60000
60050
60064
60069
60095
60098
60111
60124
60136
60163
60182
60199
60200
60200
60212
60219
60260
60261
60262
60275
60288
60297
60297
60313
60325
60359
60380
60381
60386
60391
60402
60403
60411
60414
60419
60420
60463
60468
60469
60480
60480
60487
60487
60500
60506
60512
60512
60532
60557
60566
60568
60581
60603
60633
60634
60644
60647
60653
60676
60677
60685
60702
60704
60717
60744
60748
60748
60784
60821
60829
60838
60841
60845
60852
60861
60865
60869
60892
60893
60893
60929
60930
60959
60966
60972
60978
60985
61001
61003
61005
61005
61007
61018
61025
61045
61062
61063
61066
61073
61076
61110
61132
61141
61146
61152
61160
61160
61161
61165
61167
61170
61179
61182
61194
61204
61214
61214
61244
61259
61273
61306
61315
61325
61354
61358
61371
61376
61380
61391
61417
61433
61475
61477
61495
61497
61516
61518
61541
61564
61568
61568
61577
61592
61600
61607
61612
61615
61663
61673
61676
61676
61685
61693
61699
61703
61720
61728
61765
61785
61790
61793
61796
61827
61838
61841
61842
61848
61858
61859
61861
61864
61878
61887
61900
61914
61914
61922
61923
61947
61950
61955
61960
61963
61968
61987
61987
61995
61999
62006
62019
62022
62060
62066
62078
62093
62094
62095
62107
62112
62127
62127
62128
62155
62168
62171
62179
62182
62191
62196
62201
62215
62234
62244
62256
62262
62264
62265
62303
62304
62311
62324
62325
62329
62334
62349
62354
62373
62388
62400
62404
62405
62412
62413
62431
62441
62505
62518
62528
62539
62559
62562
62567
62569
62575
62589
62605
62619
62620
62621
62641
62645
62647
62656
62672
62677
62679
62680
62688
62688
62689
62692
62710
62738
62749
62751
62751
62762
62765
62767
62772
62781
62784
62792
62802
62811
62823
62832
62836
62854
62861
62869
62870
62874
62885
62889
62905
62911
62923
62937
62953
62959
63005
63023
63026
63031
63037
63044
63051
63057
63067
63072
63076
63086
63096
63110
63114
63134
63135
63150
63152
63163
63164
63168
63168
63175
63180
63196
63200
63233
63249
63257
63257
63260
63269
63278
63302
63303
63313
63334
63335
63344
63346
63365
63375
63380
63381
63387
63388
63407
63408
63436
63444
63447
63454
63463
63474
63484
63485
63494
63497
63498
63500
63505
63506
63521
63524
63594
63595
63611
63612
63621
63624
63633
63638
63643
63654
63663
63698
63699
63699
63701
63702
63704
63709
63741
63746
63747
63758
63775
63776
63790
63791
63800
63803
63822
63823
63828
63829
63841
63849
63853
63871
63876
63888
63904
63910
63924
63934
63935
63935
63959
63963
63971
63976
63977
64004
64004
64022
64035
64040
64040
64046
64049
64056
64067
64074
64076
64080
64082
64084
64097
64100
64106
64106
64110
64127
64129
64132
64142
64154
64157
64158
64175
64194
64223
64227
64250
64255
64257
64266
64267
64267
64292
64305
64306
64315
64328
64329
64330
64340
64345
64349
64358
64361
64375
64390
64392
64401
64405
64441
64451
64453
64470
64486
64492
64495
64503
64506
64510
64512
64513
64517
64536
64542
64547
64547
64557
64576
64584
64605
64610
64631
64666
64675
64680
64702
64712
64734
64756
64764
64780
64784
64789
64791
64802
64808
64813
64819
64829
64854
64868
64888
64894
64901
64907
64908
64913
64917
64922
64923
64932
64941
64964
64965
64976
64992
65004
65007
65007
65018
65018
65021
65022
65024
65038
65054
65055
65068
65070
65072
65077
65090
65134
65144
65150
65153
65170
65173
65187
65190
65191
65216
65253
65261
65284
65286
65290
65295
65300
65307
65308
65314
65325
65326
65340
65351
65352
65355
65356
65364
65365
65378
65382
65412
65425
65435
65444
65454
65470
65474
65474
65475
65478
65480
65490
65494
65514
65525
65530
65532
65562
65575
65575
65600
65615
65621
65622
65626
65630
65635
65648
65662
65665
65675
65687
65719
65738
65760
65784
65787
65794
65800
65808
65811
65812
65824
65833
65836
65851
65864
65892
65894
65903
65945
65967
66004
66005
66017
66036
66048
66072
66081
66091
66096
66102
66106
66111
66120
66126
66126
66132
66139
66143
66161
66163
66169
66172
66191
66194
66216
66223
66227
66242
66246
66250
66260
66284
66285
66291
66298
66300
66318
66322
66322
66333
66333
66355
66380
66388
66389
66390
66394
66396
66419
66462
66474
66493
66498
66499
66500
66515
66520
66520
66522
66525
66527
66532
66535
66543
66560
66570
66570
66594
66600
66602
66605
66621
66635
66635
66639
66649
66655
66659
66672
66676
66678
66696
66702
66710
66712
66721
66722
66725
66735
66744
66752
66753
66753
66755
66765
66766
66778
66788
66788
66798
66803
66805
66816
66832
66847
66848
66849
66855
66859
66878
66893
66896
66897
66933
66933
66942
66945
66966
67000
67004
67011
67014
67028
67036
67037
67042
67053
67055
67083
67090
67094
67117
67124
67126
67139
67158
67161
67168
67176
67186
67186
67188
67190
67203
67216
67216
67230
67233
67245
67258
67268
67270
67283
67284
67288
67315
67322
67328
67340
67343
67349
67354
67354
67357
67360
67365
67375
67378
67398
67401
67410
67410
67411
67413
67420
67420
67422
67427
67447
67476
67492
67504
67514
67526
67531
67538
67559
67562
67576
67577
67613
67616
67618
67625
67645
67650
67701
67712
67729
67731
67738
67755
67764
67766
67775
67781
67791
67795
67800
67800
67813
67850
67860
67862
67873
67874
67877
67879
67885
67905
67914
67921
67926
67932
67950
67960
67976
67977
67999
68000
68002
68041
68071
68079
68082
68087
68090
68091
68113
68141
68142
68156
68160
68168
68173
68175
68179
68183
68201
68217
68224
68252
68253
68297
68316
68316
68318
68326
68375
68378
68403
68414
68417
68423
68425
68428
68431
68436
68444
68468
68470
68476
68477
68487
68495
68508
68514
68536
68537
68550
68558
68575
68575
68587
68589
68593
68603
68603
68603
68605
68636
68637
68648
68650
68673
68688
68701
68707
68722
68727
68735
68738
68765
68765
68768
68768
68783
68785
68793
68808
68816
68818
68825
68832
68851
68865
68872
68872
68882
68890
68907
68917
68937
68939
68956
68961
68962
68970
68989
68995
69003
69005
69018
69036
69038
69050
69051
69053
69059
69066
69070
69092
69098
69130
69136
69141
69143
69167
69173
69177
69189
69207
69218
69224
69226
69246
69307
69307
69313
69325
69328
69330
69339
69354
69355
69357
69377
69444
69452
69459
69462
69472
69488
69488
69510
69518
69537
69546
69556
69588
69592
69595
69603
69606
69615
69617
69619
69626
69628
69636
69641
69650
69660
69670
69683
69687
69719
69734
69735
69738
69739
69741
69770
69771
69778
69778
69784
69787
69797
69809
69814
69815
69848
69871
69879
69890
69908
69910
69918
69927
69938
69944
69959
69967
69993
69996
70013
70050
70052
70054
70059
70061
70072
70072
70077
70086
70086
70111
70121
70122
70134
70139
70168
70198
70198
70208
70221
70253
70254
70255
70260
70271
70307
70307
70313
70314
70316
70329
70368
70374
70389
70423
70423
70427
70440
70446
70449
70453
70506
70529
70530
70531
70541
70544
70548
70572
70591
70598
70608
70631
70635
70651
70652
70690
70690
70691
70711
70716
70722
70735
70738
70739
70765
70767
70777
70796
70797
70809
70815
70818
70825
70842
70863
70865
70870
70871
70873
70881
70888
70925
70933
70940
70966
70979
70980
70982
70983
70991
70999
71004
71018
71029
71032
71041
71063
71074
71117
71134
71144
71157
71160
71166
71172
71183
71238
71250
71258
71262
71268
71291
71297
71309
71329
71350
71369
71377
71377
71381
71382
71382
71397
71404
71409
71422
71427
71428
71432
71435
71441
71443
71454
71469
71478
71479
71489
71497
71500
71501
71504
71517
71526
71528
71531
71540
71544
71558
71559
71561
71587
71587
71599
71603
71603
71607
71608
71614
71615
71625
71647
71649
71677
71703
71712
71716
71731
71766
71768
71774
71799
71834
71836
71865
71871
71886
71917
71934
71936
71940
71958
71977
71979
71997
72005
72006
72014
72016
72017
72023
72033
72037
72040
72066
72081
72083
72121
72122
72136
72141
72150
72151
72152
72165
72197
72198
72202
72213
72218
72222
72226
72228
72237
72237
72240
72241
72252
72262
72267
72269
72269
72272
72275
72325
72339
72342
72342
72346
72355
72361
72376
72406
72417
72421
72426
72434
72436
72456
72460
72481
72498
72502
72507
72539
72551
72556
72572
72580
72581
72586
72587
72597
72603
72608
72618
72625
72636
72637
72658
72662
72667
72676
72705
72705
72736
72739
72805
72809
72812
72820
72829
72849
72865
72882
72895
72907
72913
72921
72925
72925
72926
72928
72930
72935
72943
72954
72955
72958
72981
72990
72993
73029
73033
73049
73052
73073
73082
73084
73093
73109
73111
73118
73164
73164
73168
73172
73187
73215
73215
73218
73232
73233
73241
73258
73276
73281
73291
73297
73323
73334
73347
73355
73367
73391
73399
73400
73408
73417
73421
73425
73429
73448
73485
73506
73519
73521
73535
73540
73561
73575
73579
73579
73581
73585
73587
73587
73592
73592
73593
73636
73637
73684
73716
73720
73729
73730
73736
73753
73759
73774
73795
73795
73803
73832
73849
73855
73869
73874
73878
73886
73890
73891
73911
73912
73929
73933
73933
73935
73973
73974
73987
73992
74005
74007
74021
74024
74038
74044
74058
74059
74059
74063
74065
74078
74085
74088
74114
74120
74131
74138
74139
74144
74147
74162
74164
74164
74165
74179
74202
74219
74224
74226
74245
74267
74269
74271
74278
74278
74289
74310
74314
74325
74341
74345
74351
74359
74380
74387
74416
74425
74437
74446
74455
74491
74498
74510
74546
74551
74559
74570
74571
74571
74607
74619
74623
74630
74632
74634
74634
74635
74643
74660
74662
74681
74682
74686
74690
74692
74698
74699
74708
74729
74731
74737
74748
74757
74772
74787
74796
74804
74809
74823
74834
74858
74863
74867
74868
74887
74888
74889
74923
74937
74960
74964
74965
75006
75006
75008
75029
75032
75059
75063
75067
75072
75082
75090
75094
75099
75105
75123
75144
75166
75168
75179
75186
75187
75191
75199
75207
75240
75249
75252
75266
75281
75287
75300
75316
75321
75330
75356
75401
75417
75423
75451
75471
75492
75492
75502
75508
75561
75564
75575
75575
75580
75584
75588
75595
75618
75620
75640
75652
75663
75672
75679
75689
75690
75703
75718
75727
75732
75740
75769
75769
75774
75778
75791
75792
75808
75823
75830
75842
75845
75852
75868
75891
75903
75922
75938
75939
75942
75944
75955
75971
75989
75992
75993
76038
76038
76041
76060
76074
76084
76093
76094
76096
76102
76115
76133
76148
76154
76160
76177
76181
76189
76195
76198
76202
76226
76236
76239
76242
76255
76257
76263
76290
76307
76316
76325
76327
76329
76345
76365
76366
76371
76376
76379
76400
76402
76408
76436
76439
76442
76448
76451
76465
76476
76480
76482
76545
76571
76579
76587
76605
76610
76621
76642
76647
76657
76668
76669
76682
76692
76696
76706
76711
76716
76776
76777
76805
76811
76848
76853
76878
76884
76910
76915
76917
76955
76965
76966
76968
76981
76984
77019
77021
77044
77056
77059
77069
77073
77073
77083
77093
77095
77097
77113
77113
77118
77119
77120
77127
77137
77154
77160
77168
77199
77201
77210
77214
77223
77236
77238
77242
77255
77260
77266
77302
77318
77321
77324
77329
77347
77348
77349
77359
77367
77372
77373
77383
77387
77395
77408
77417
77449
77469
77469
77471
77487
77496
77513
77516
77517
77519
77528
77557
77562
77569
77580
77585
77586
77588
77593
77610
77613
77615
77628
77631
77633
77634
77677
77691
77697
77697
77710
77711
77713
77727
77735
77738
77740
77754
77764
77777
77791
77804
77825
77832
77850
77851
77853
77854
77859
77859
77871
77877
77883
77900
77904
77918
77939
77942
77945
77953
77961
77971
77979
77987
77987
77997
78007
78011
78018
78019
78025
78030
78040
78051
78055
78058
78063
78080
78081
78099
78103
78109
78138
78140
78152
78174
78191
78200
78223
78228
78232
78253
78263
78277
78287
78291
78292
78293
78296
78307
78308
78309
78320
78330
78342
78349
78357
78362
78383
78386
78392
78418
78432
78439
78441
78442
78451
78456
78461
78485
78520
78522
78529
78538
78543
78544
78549
78552
78558
78570
78604
78605
78615
78623
78633
78637
78643
78661
78665
78665
78665
78675
78680
78686
78703
78709
78747
78752
78756
78778
78785
78786
78825
78842
78846
78856
78856
78878
78883
78900
78905
78921
78932
78949
78970
78996
79007
79031
79037
79043
79045
79059
79072
79079
79087
79101
79104
79107
79111
79132
79134
79137
79141
79141
79146
79152
79165
79173
79239
79241
79251
79251
79254
79258
79273
79285
79327
79330
79333
79336
79355
79364
79365
79370
79375
79376
79402
79411
79424
79425
79426
79434
79446
79446
79464
79474
79481
79485
79493
79497
79523
79526
79532
79547
79566
79569
79570
79587
79600
79614
79624
79627
79635
79635
79647
79666
79667
79677
79689
79690
79713
79720
79731
79736
79739
79745
79748
79751
79760
79767
79776
79813
79816
79832
79852
79860
79869
79870
79879
79886
79886
79908
79922
79922
79923
79925
79928
79932
79936
79945
79965
79966
79975
80017
80026
80046
80054
80057
80059
80062
80100
80115
80142
80155
80160
80171
80173
80179
80189
80201
80209
80228
80229
80231
80236
80240
80243
80260
80261
80265
80289
80289
80321
80325
80328
80337
80346
80350
80358
80382
80389
80400
80409
80413
80416
80450
80455
80462
80470
80495
80513
80536
80548
80556
80559
80566
80567
80581
80583
80591
80597
80601
80601
80630
80633
80636
80638
80646
80647
80662
80667
80669
80675
80723
80726
80730
80737
80749
80749
80765
80772
80773
80783
80814
80817
80842
80845
80852
80870
80877
80899
80918
80919
80942
80943
80947
80956
80964
80996
81018
81028
81071
81073
81095
81103
81109
81116
81124
81127
81149
81156
81161
81165
81171
81172
81173
81192
81197
81209
81216
81223
81234
81237
81311
81315
81327
81353
81357
81371
81373
81374
81378
81398
81404
81420
81423
81432
81443
81476
81488
81505
81508
81513
81531
81541
81542
81547
81556
81559
81569
81572
81577
81581
81584
81606
81633
81638
81647
81655
81669
81694
81703
81715
81721
81721
81731
81732
81738
81748
81751
81753
81754
81771
81772
81774
81793
81795
81798
81799
81811
81817
81818
81822
81829
81831
81832
81841
81849
81860
81894
81903
81904
81905
81917
81928
81941
81953
81961
81972
81973
82002
82015
82026
82031
82035
82048
82049
82051
82070
82074
82075
82076
82083
82084
82094
82118
82121
82121
82137
82140
82143
82168
82191
82191
82201
82212
82251
82266
82295
82299
82318
82320
82342
82350
82351
82354
82355
82386
82418
82431
82449
82450
82454
82466
82468
82484
82491
82508
82570
82581
82596
82601
82604
82624
82624
82651
82658
82659
82663
82666
82677
82680
82689
82708
82709
82722
82744
82752
82776
82797
82801
82803
82815
82826
82832
82833
82834
82839
82846
82849
82851
82861
82864
82873
82883
82927
82927
82934
82935
82947
82964
82971
82979
82981
82983
83007
83009
83014
83023
83024
83025
83034
83041
83043
83044
83069
83085
83086
83093
83095
83105
83169
83185
83186
83209
83209
83210
83221
83232
83238
83251
83254
83260
83266
83271
83273
83281
83284
83290
83316
83325
83340
83355
83357
83368
83372
83380
83390
83398
83400
83405
83424
83426
83428
83434
83445
83451
83460
83469
83472
83482
83490
83519
83525
83566
83581
83588
83598
83598
83612
83622
83631
83693
83707
83709
83717
83738
83748
83754
83756
83762
83764
83767
83768
83783
83811
83842
83853
83857
83876
83877
83895
83901
83909
83917
83930
83935
83952
83994
84003
84004
84008
84033
84035
84036
84036
84041
84063
84079
84089
84115
84139
84155
84169
84171
84195
84226
84247
84249
84256
84274
84281
84288
84291
84319
84322
84322
84334
84339
84344
84346
84358
84367
84380
84380
84394
84402
84405
84408
84415
84426
84426
84444
84445
84448
84461
84479
84480
84488
84493
84493
84493
84518
84549
84552
84561
84567
84578
84606
84614
84614
84646
84654
84655
84655
84663
84665
84682
84683
84684
84687
84690
84694
84700
84709
84718
84726
84728
84737
84745
84776
84793
84818
84823
84880
84884
84884
84893
84894
84897
84903
84913
84921
84935
84938
84945
84955
84956
84983
84989
84994
85021
85025
85025
85025
85027
85057
85062
85070
85071
85079
85087
85095
85105
85129
85150
85152
85155
85157
85170
85201
85209
85211
85211
85216
85224
85243
85244
85248
85255
85259
85259
85278
85279
85292
85295
85317
85321
85324
85354
85356
85363
85368
85394
85417
85422
85426
85427
85457
85465
85477
85498
85523
85523
85526
85528
85534
85540
85545
85564
85575
85583
85594
85608
85612
85616
85639
85657
85660
85675
85676
85705
85709
85717
85731
85750
85755
85755
85755
85756
85769
85779
85796
85814
85820
85849
85854
85877
85891
85916
85916
85917
85917
85920
85936
85938
85940
85950
85958
85998
86000
86009
86015
86052
86053
86056
86084
86094
86102
86115
86117
86121
86135
86145
86170
86177
86180
86184
86192
86219
86227
86227
86237
86244
86244
86249
86265
86282
86296
86304
86310
86326
86331
86332
86340
86366
86366
86386
86412
86412
86416
86459
86467
86474
86484
86511
86512
86533
86568
86576
86581
86594
86601
86633
86668
86671
86684
86706
86715
86723
86730
86735
86739
86746
86771
86772
86772
86773
86776
86803
86805
86808
86811
86811
86862
86866
86876
86886
86894
86902
86906
86911
86916
86921
86924
86926
86936
86941
86946
86952
86961
86974
86976
87016
87021
87027
87030
87030
87074
87099
87116
87136
87139
87146
87146
87156
87163
87171
87193
87202
87226
87231
87241
87241
87250
87254
87294
87295
87298
87323
87337
87344
87360
87370
87413
87415
87423
87430
87431
87448
87459
87464
87473
87493
87515
87521
87529
87541
87557
87559
87566
87566
87597
87600
87619
87632
87636
87641
87642
87655
87658
87678
87684
87703
87727
87733
87733
87739
87744
87759
87769
87769
87776
87795
87812
87813
87821
87821
87836
87853
87863
87885
87890
87896
87896
87899
87902
87908
87913
87921
87942
87952
87956
87963
87969
88008
88016
88031
88049
88063
88078
88101
88108
88115
88146
88153
88167
88185
88190
88196
88207
88207
88212
88216
88228
88243
88243
88253
88275
88290
88297
88302
88333
88335
88336
88355
88390
88394
88399
88407
88415
88433
88438
88439
88440
88461
88464
88466
88486
88486
88504
88510
88546
88548
88549
88554
88556
88557
88589
88589
88595
88599
88608
88615
88616
88621
88663
88664
88669
88690
88702
88713
88714
88718
88731
88732
88745
88755
88755
88756
88760
88785
88799
88808
88810
88818
88828
88829
88842
88847
88851
88870
88870
88871
88883
88895
88905
88907
88909
88920
88921
88933
88961
88965
88966
88980
88981
89010
89015
89018
89030
89052
89055
89055
89063
89068
89082
89094
89096
89097
89106
89117
89137
89139
89146
89150
89155
89157
89164
89167
89169
89175
89179
89179
89193
89227
89241
89260
89263
89280
89290
89295
89302
89303
89308
89346
89352
89364
89366
89375
89377
89381
89407
89412
89412
89412
89417
89461
89463
89487
89490
89494
89511
89543
89553
89559
89564
89567
89575
89582
89603
89604
89611
89611
89615
89626
89633
89638
89664
89668
89677
89679
89685
89690
89695
89705
89725
89725
89736
89738
89747
89759
89775
89782
89789
89802
89804
89804
89826
89826
89829
89847
89852
89854
89861
89869
89870
89877
89898
89899
89911
89915
89917
89920
89929
89929
89957
89958
89974
90011
90018
90022
90023
90026
90038
90049
90054
90058
90059
90072
90080
90117
90120
90132
90141
90145
90152
90159
90196
90204
90217
90224
90233
90258
90277
90279
90296
90301
90309
90316
90317
90318
90327
90330
90335
90344
90346
90350
90377
90378
90383
90392
90402
90404
90421
90431
90442
90446
90477
90477
90512
90527
90537
90540
90591
90596
90598
90621
90641
90648
90655
90663
90682
90696
90696
90699
90700
90707
90739
90742
90756
90788
90792
90794
90797
90801
90811
90812
90836
90842
90853
90854
90871
90891
90895
90896
90897
90902
90913
90918
90924
90926
90931
90937
90950
90968
90980
90984
90990
91015
91017
91018
91047
91054
91056
91057
91058
91067
91070
91076
91077
91081
91090
91108
91123
91131
91139
91143
91162
91169
91171
91172
91194
91230
91239
91239
91245
91251
91295
91309
91310
91320
91339
91340
91354
91363
91384
91385
91412
91413
91422
91430
91447
91459
91503
91523
91527
91528
91541
91541
91565
91575
91581
91587
91591
91591
91597
91599
91603
91620
91647
91651
91658
91673
91676
91678
91698
91707
91712
91713
91714
91716
91729
91743
91751
91755
91761
91776
91776
91794
91809
91816
91820
91825
91839
91846
91847
91849
91851
91852
91856
91874
91875
91878
91879
91899
91919
91922
91937
91940
91952
91972
91974
91994
92005
92014
92023
92045
92048
92049
92057
92061
92062
92063
92078
92100
92113
92116
92125
92127
92131
92133
92148
92157
92162
92163
92169
92170
92171
92207
92212
92235
92238
92242
92248
92261
92265
92275
92297
92302
92309
92310
92311
92334
92335
92348
92353
92404
92410
92416
92436
92449
92461
92471
92509
92522
92528
92531
92532
92539
92541
92542
92592
92606
92608
92618
92619
92621
92637
92650
92660
92670
92672
92679
92702
92719
92730
92756
92774
92777
92788
92812
92831
92836
92838
92839
92842
92863
92866
92875
92894
92896
92904
92907
92911
92932
92942
92953
92984
93009
93011
93016
93028
93032
93041
93041
93044
93045
93066
93074
93075
93076
93087
93104
93122
93132
93138
93163
93182
93194
93201
93210
93215
93220
93226
93249
93250
93258
93267
93272
93284
93285
93292
93300
93313
93344
93358
93367
93396
93410
93415
93451
93457
93466
93485
93489
93490
93491
93504
93511
93533
93536
93552
93568
93570
93574
93587
93587
93588
93588
93645
93666
93668
93689
93701
93706
93715
93719
93735
93749
93788
93789
93792
93793
93795
93819
93822
93828
93847
93852
93856
93881
93903
93908
93931
93935
93941
93941
93946
93953
93954
93962
93974
93974
93981
94020
94034
94045
94051
94060
94065
94106
94113
94120
94122
94126
94138
94142
94148
94158
94182
94189
94190
94209
94220
94220
94221
94225
94235
94236
94247
94251
94256
94269
94276
94279
94280
94287
94292
94300
94300
94327
94332
94334
94340
94343
94352
94354
94356
94365
94400
94403
94413
94426
94433
94443
94444
94454
94455
94458
94469
94476
94500
94502
94504
94528
94547
94550
94550
94560
94576
94590
94604
94632
94645
94652
94654
94668
94681
94700
94715
94740
94749
94770
94779
94797
94818
94838
94840
94874
94876
94876
94892
94905
94941
94941
94942
94944
94955
94957
94958
94973
94982
94987
94996
95001
95007
95025
95028
95031
95036
95038
95058
95061
95065
95069
95069
95085
95089
95095
95106
95114
95116
95134
95134
95148
95148
95156
95182
95184
95195
95227
95234
95249
95258
95265
95265
95268
95273
95275
95278
95287
95292
95293
95293
95308
95313
95325
95353
95356
95400
95421
95422
95427
95428
95431
95454
95454
95468
95470
95478
95481
95485
95492
95505
95508
95516
95516
95517
95526
95533
95539
95543
95550
95578
95584
95596
95613
95614
95617
95620
95628
95668
95675
95677
95687
95701
95708
95726
95732
95738
95787
95792
95805
95819
95864
95877
95889
95899
95908
95912
95920
95923
95932
95947
95950
95978
95981
95990
96000
96002
96020
96029
96030
96032
96053
96058
96078
96080
96082
96084
96085
96091
96103
96106
96117
96121
96122
96126
96149
96151
96153
96175
96181
96201
96224
96245
96257
96271
96284
96293
96297
96325
96374
96400
96412
96416
96422
96428
96430
96431
96431
96433
96441
96462
96484
96501
96513
96521
96522
96541
96545
96573
96596
96599
96610
96618
96651
96655
96665
96674
96676
96684
96689
96692
96706
96708
96718
96718
96726
96751
96752
96753
96770
96773
96795
96798
96798
96806
96815
96820
96822
96823
96823
96833
96843
96867
96885
96914
96916
96921
96922
96950
96954
96964
96964
96973
96977
96983
96996
97013
97019
97029
97030
97035
97055
97065
97073
97078
97089
97101
97125
97138
97146
97158
97161
97163
97164
97166
97168
97201
97203
97220
97232
97242
97245
97252
97274
97275
97285
97290
97290
97298
97302
97304
97306
97323
97334
97343
97363
97368
97376
97385
97401
97409
97417
97422
97429
97433
97477
97480
97494
97494
97499
97516
97527
97532
97561
97561
97576
97595
97597
97627
97628
97630
97635
97697
97703
97737
97742
97745
97753
97758
97768
97769
97784
97786
97804
97805
97819
97826
97829
97850
97861
97863
97872
97884
97905
97912
97931
97934
97946
97953
97960
97961
97971
97975
97991
98003
98013
98041
98049
98056
98059
98072
98083
98084
98087
98091
98135
98142
98149
98156
98161
98188
98192
98199
98208
98221
98228
98228
98235
98243
98251
98253
98254
98260
98266
98286
98296
98301
98306
98311
98312
98319
98336
98358
98363
98374
98377
98380
98385
98415
98422
98441
98442
98444
98451
98456
98476
98493
98501
98505
98505
98509
98533
98534
98557
98567
98572
98577
98599
98613
98616
98625
98632
98633
98634
98635
98645
98646
98650
98650
98661
98669
98669
98690
98695
98696
98702
98725
98748
98753
98755
98759
98763
98794
98797
98808
98820
98836
98872
98878
98882
98886
98890
98893
98907
98915
98927
98939
98950
98958
98977
98980
98999
99012
99015
99015
99033
99038
99038
99041
99060
99072
99074
99077
99086
99094
99112
99158
99171
99175
99178
99185
99197
99197
99198
99202
99209
99212
99214
99215
99232
99232
99235
99252
99260
99264
99280
99280
99283
99284
99288
99295
99299
99300
99304
99314
99315
99336
99346
99371
99375
99391
99393
99406
99407
99419
99420
99425
99426
99431
99442
99443
99453
99456
99497
99506
99509
99516
99516
99542
99543
99546
99551
99591
99597
99602
99604
99620
99626
99627
99629
99644
99645
99647
99651
99660
99689
99694
99696
99703
99704
99741
99744
99745
99754
99756
99781
99809
99818
99864
99883
99885
99899
99902
99918
99928
99932
99936
99943
99945
99962
99994
99994
99999
