18
52
69
93
111
123
133
138
141
143
169
191
204
206
207
222
228
231
237
257
269
273
299
304
313
318
319
322
347
365
370
375
375
383
392
406
407
444
455
460
469
495
505
522
530
531
531
540
543
543
544
567
581
582
603
604
615
622
623
623
624
626
641
645
656
662
663
706
713
715
727
728
730
738
742
769
781
784
796
809
814
867
883
900
906
928
930
939
948
950
953
957
975
977
1028
1041
1066
1071
1120
1125
1135
1154
1155
1155
1158
1163
1167
1185
1189
1213
1220
1247
1263
1281
1283
1302
1303
1307
1328
1335
1359
1364
1369
1392
1401
1419
1420
1422
1426
1435
1445
1452
1485
1499
1513
1514
1517
1543
1552
1561
1581
1597
1599
1604
1606
1606
1618
1634
1640
1647
1664
1667
1676
1688
1695
1697
1718
1727
1735
1742
1746
1747
1752
1754
1764
1767
1774
1775
1781
1801
1803
1808
1813
1837
1854
1857
1857
1865
1870
1874
1887
1898
1902
1915
1919
1922
1933
1939
1940
1964
1967
1972
1976
1992
2034
2039
2041
2044
2051
2056
2059
2078
2088
2089
2101
2113
2125
2128
2134
2148
2175
2191
2194
2195
2198
2202
2205
2227
2228
2262
2272
2284
2299
2303
2304
2317
2320
2324
2330
2338
2358
2362
2364
2367
2378
2383
2388
2390
2400
2440
2445
2454
2462
2480
2484
2487
2493
2495
2499
2504
2528
2529
2534
2551
2556
2568
2595
2621
2628
2631
2642
2644
2653
2678
2682
2690
2729
2730
2736
2736
2742
2744
2746
2747
2758
2770
2771
2779
2782
2791
2810
2813
2818
2821
2829
2842
2843
2845
2852
2861
2879
2882
2888
2899
2909
2927
2929
2930
2939
2949
2972
2985
2994
3000
3012
3027
3028
3034
3040
3049
3053
3059
3061
3068
3074
3081
3094
3098
3100
3103
3105
3122
3127
3128
3131
3137
3149
3151
3166
3177
3182
3182
3186
3199
3210
3214
3234
3254
3261
3264
3267
3292
3302
3314
3318
3324
3333
3335
3344
3347
3354
3372
3377
3398
3399
3403
3411
3420
3423
3427
3445
3455
3459
3466
3476
3478
3480
3495
3514
3514
3527
3534
3537
3583
3585
3593
3599
3638
3648
3658
3660
3669
3669
3669
3708
3729
3733
3739
3739
3741
3758
3760
3785
3786
3803
3806
3815
3819
3827
3845
3859
3861
3873
3878
3893
3898
3901
3903
3905
3926
3949
3952
3966
3977
3979
3987
3987
3994
3999
4008
4015
4026
4027
4033
4034
4053
4053
4072
4086
4089
4097
4124
4144
4146
4147
4149
4157
4175
4182
4189
4191
4198
4219
4232
4234
4241
4242
4244
4265
4274
4281
4290
4312
4327
4353
4361
4379
4383
4413
4414
4415
4440
4446
4456
4517
4523
4524
4524
4526
4531
4539
4540
4544
4551
4557
4569
4572
4573
4593
4595
4604
4613
4625
4664
4664
4668
4679
4698
4707
4713
4729
4734
4757
4795
4816
4822
4839
4870
4880
4884
4886
4887
4909
4910
4913
4935
4940
4944
4950
4961
4964
4975
4982
4993
5014
5022
5026
5029
5035
5048
5062
5068
5088
5094
5105
5114
5115
5125
5130
5142
5148
5151
5156
5165
5165
5170
5180
5184
5199
5207
5218
5219
5259
5275
5275
5291
5297
5298
5351
5351
5370
5372
5400
5417
5438
5469
5497
5531
5534
5553
5561
5564
5566
5586
5630
5650
5670
5681
5686
5691
5701
5703
5732
5745
5760
5767
5778
5779
5780
5783
5784
5825
5839
5839
5849
5868
5876
5878
5879
5880
5890
5897
5899
5901
5913
5934
5937
5944
5955
5963
5965
5965
5966
5976
5992
6010
6017
6037
6044
6044
6047
6072
6085
6099
6141
6143
6151
6160
6165
6191
6194
6195
6198
6201
6212
6235
6256
6256
6264
6268
6278
6283
6284
6287
6288
6289
6290
6308
6309
6336
6353
6354
6367
6405
6422
6453
6470
6474
6486
6512
6535
6537
6540
6550
6574
6580
6586
6601
6619
6633
6644
6645
6646
6654
6657
6691
6693
6696
6721
6724
6756
6767
6769
6783
6806
6806
6847
6851
6867
6885
6960
6971
6973
6978
6986
6994
6995
7000
7012
7024
7043
7044
7044
7051
7060
7064
7072
7074
7081
7087
7091
7100
7104
7107
7121
7135
7147
7159
7161
7163
7166
7172
7174
7174
7184
7188
7196
7202
7243
7252
7261
7274
7292
7292
7305
7311
7317
7318
7319
7352
7387
7397
7415
7427
7428
7444
7456
7458
7467
7468
7470
7474
7476
7479
7495
7513
7519
7536
7539
7544
7549
7552
7555
7565
7583
7591
7594
7607
7619
7620
7631
7636
7636
7652
7658
7664
7665
7678
7689
7689
7691
7700
7728
7755
7776
7788
7789
7822
7832
7850
7866
7867
7871
7878
7878
7883
7886
7889
7891
7892
7895
7898
7900
7904
7907
7910
7913
7937
7943
7959
7968
7971
7972
7974
7977
7977
7977
8014
8018
8025
8050
8057
8068
8081
8108
8115
8165
8175
8181
8193
8198
8198
8203
8217
8221
8226
8228
8242
8242
8268
8278
8287
8317
8334
8338
8338
8352
8353
8357
8366
8370
8406
8406
8415
8426
8430
8441
8455
8459
8466
8469
8477
8509
8519
8524
8527
8527
8546
8554
8554
8556
8558
8559
8562
8610
8649
8662
8663
8664
8672
8698
8710
8711
8738
8740
8741
8743
8802
8802
8804
8812
8833
8836
8864
8868
8884
8886
8895
8901
8925
8944
8947
8955
8957
8961
8980
9000
9008
9016
9032
9032
9032
9043
9051
9060
9085
9090
9093
9108
9109
9121
9130
9132
9132
9137
9138
9168
9172
9178
9191
9193
9205
9206
9214
9217
9221
9231
9234
9245
9257
9259
9273
9287
9291
9293
9295
9302
9303
9308
9350
9354
9362
9370
9380
9385
9399
9401
9418
9451
9456
9467
9470
9526
9527
9530
9544
9575
9578
9585
9592
9619
9639
9654
9654
9656
9678
9700
9711
9713
9723
9724
9735
9736
9783
9792
9821
9824
9824
9832
9836
9837
9857
9890
9914
9922
9932
9952
9962
9996
10004
10011
10013
10021
10033
10033
10038
10043
10077
10082
10086
10088
10146
10146
10149
10154
10161
10169
10182
10184
10184
10205
10215
10220
10231
10235
10264
10277
10289
10297
10299
10329
10331
10342
10351
10356
10361
10392
10403
10404
10406
10427
10429
10433
10434
10440
10444
10451
10465
10470
10471
10480
10503
10507
10511
10518
10518
10529
10578
10578
10589
10607
10614
10616
10645
10647
10701
10701
10720
10722
10723
10734
10737
10757
10783
10792
10807
10817
10823
10825
10837
10844
10848
10870
10875
10879
10905
10913
10913
10924
10931
10947
10949
10955
10956
10959
10988
10988
10998
11038
11079
11085
11086
11092
11101
11106
11112
11118
11120
11133
11140
11153
11154
11154
11180
11185
11190
11205
11206
11208
11235
11242
11257
11265
11269
11349
11350
11353
11355
11356
11374
11403
11406
11416
11428
11493
11502
11512
11530
11546
11546
11561
11566
11567
11575
11581
11593
11596
11607
11608
11609
11611
11612
11628
11637
11652
11666
11676
11676
11685
11703
11707
11708
11720
11722
11734
11743
11759
11759
11764
11776
11777
11783
11793
11799
11809
11810
11816
11818
11822
11825
11832
11839
11844
11869
11883
11900
11908
11918
11950
11952
11955
11974
11978
11980
12020
12027
12041
12064
12120
12120
12122
12122
12130
12135
12151
12157
12173
12174
12188
12223
12244
12248
12255
12259
12262
12266
12267
12271
12282
12290
12300
12303
12313
12318
12328
12338
12354
12361
12371
12384
12404
12415
12415
12417
12419
12423
12427
12428
12431
12434
12454
12460
12496
12501
12501
12512
12531
12532
12548
12550
12556
12558
12564
12565
12574
12578
12595
12600
12609
12612
12619
12642
12646
12661
12668
12676
12682
12685
12705
12723
12730
12734
12748
12754
12770
12776
12792
12817
12837
12842
12848
12854
12861
12871
12880
12882
12904
12923
12923
12931
12935
12945
12950
12952
12962
12962
12964
12969
12973
12985
12996
13017
13018
13031
13033
13049
13056
13064
13065
13066
13072
13073
13083
13089
13095
13110
13117
13121
13126
13135
13136
13139
13168
13172
13174
13175
13182
13190
13202
13203
13209
13226
13264
13265
13270
13272
13282
13286
13292
13300
13334
13335
13360
13364
13389
13394
13398
13401
13411
13422
13432
13442
13472
13473
13475
13486
13491
13516
13526
13538
13545
13556
13562
13572
13601
13602
13633
13634
13658
13661
13691
13700
13725
13740
13763
13771
13786
13797
13798
13806
13849
13851
13862
13865
13869
13893
13909
13910
13910
13911
13916
13917
13917
13956
13957
13983
13997
14024
14040
14047
14070
14081
14112
14113
14140
14141
14157
14158
14168
14181
14184
14187
14228
14235
14238
14292
14322
14323
14353
14354
14359
14366
14366
14373
14383
14396
14401
14425
14446
14450
14456
14501
14510
14519
14521
14536
14541
14544
14566
14598
14607
14608
14610
14631
14647
14658
14672
14698
14699
14699
14705
14708
14757
14757
14768
14772
14821
14822
14824
14839
14847
14880
14886
14900
14900
14903
14920
14921
14926
14950
14950
14959
14966
14968
14995
14999
15003
15004
15009
15014
15021
15037
15054
15057
15070
15080
15084
15085
15087
15093
15106
15119
15122
15125
15127
15130
15132
15144
15147
15151
15156
15157
15167
15169
15194
15196
15206
15217
15217
15229
15239
15240
15260
15265
15267
15273
15290
15308
15314
15331
15345
15347
15363
15373
15373
15380
15387
15388
15393
15397
15437
15451
15454
15463
15473
15475
15476
15490
15491
15496
15500
15503
15525
15531
15533
15540
15558
15573
15587
15604
15606
15621
15622
15651
15654
15656
15658
15672
15682
15692
15695
15719
15728
15738
15749
15751
15754
15756
15760
15761
15774
15789
15790
15793
15793
15802
15803
15810
15848
15858
15861
15867
15891
15892
15893
15894
15920
15930
15937
15949
15967
15968
15969
15975
15976
16005
16012
16017
16026
16032
16035
16043
16048
16055
16088
16102
16109
16136
16137
16142
16144
16155
16173
16175
16192
16266
16269
16269
16272
16277
16281
16282
16288
16291
16299
16301
16314
16319
16322
16349
16356
16363
16365
16402
16403
16405
16405
16410
16413
16426
16458
16472
16486
16494
16497
16497
16506
16519
16522
16566
16570
16573
16575
16578
16589
16591
16604
16611
16614
16628
16646
16647
16667
16668
16681
16681
16694
16705
16724
16727
16747
16763
16767
16808
16817
16826
16835
16859
16863
16869
16915
16917
16921
16928
16939
16975
16992
16996
17005
17015
17015
17021
17023
17030
17041
17048
17051
17052
17056
17060
17063
17067
17087
17127
17132
17132
17147
17148
17148
17153
17186
17198
17207
17210
17211
17223
17233
17238
17268
17270
17271
17272
17276
17287
17335
17337
17348
17371
17376
17386
17399
17404
17408
17414
17423
17429
17435
17448
17452
17452
17461
17494
17503
17514
17516
17542
17544
17558
17561
17562
17576
17580
17582
17589
17608
17611
17632
17635
17646
17648
17654
17694
17713
17713
17720
17726
17748
17764
17780
17796
17798
17819
17835
17843
17865
17908
17918
17919
17943
17945
17946
17955
17977
17986
17990
17990
17992
18018
18018
18022
18025
18031
18067
18082
18083
18085
18097
18102
18104
18136
18142
18142
18169
18173
18175
18185
18187
18192
18200
18219
18221
18222
18239
18242
18257
18280
18289
18301
18306
18312
18315
18320
18338
18344
18357
18361
18389
18392
18412
18416
18420
18443
18452
18453
18464
18466
18468
18470
18504
18506
18510
18512
18529
18560
18572
18583
18592
18620
18650
18699
18723
18754
18801
18801
18807
18826
18830
18834
18841
18848
18848
18875
18882
18905
18914
18919
18919
18927
18929
18955
18964
18965
18969
18971
18986
18987
18989
19002
19019
19048
19049
19055
19063
19066
19070
19079
19103
19110
19118
19119
19164
19170
19181
19190
19213
19243
19246
19250
19255
19258
19265
19285
19310
19335
19336
19345
19354
19367
19369
19372
19383
19386
19387
19396
19397
19397
19399
19405
19406
19412
19413
19437
19445
19483
19488
19488
19489
19489
19492
19496
19503
19506
19508
19515
19519
19524
19544
19563
19567
19568
19578
19596
19597
19615
19632
19640
19642
19649
19658
19662
19664
19677
19698
19704
19707
19711
19723
19726
19732
19746
19748
19749
19752
19759
19769
19809
19812
19818
19844
19856
19871
19876
19885
19896
19922
19979
19981
19997
19999
20004
20005
20015
20015
20025
20027
20039
20040
20043
20051
20051
20053
20058
20070
20071
20084
20109
20111
20122
20135
20139
20142
20158
20160
20162
20173
20182
20195
20197
20199
20204
20213
20220
20223
20232
20267
20271
20303
20314
20322
20335
20359
20360
20373
20391
20403
20405
20413
20442
20447
20487
20494
20501
20514
20515
20529
20552
20556
20567
20580
20586
20589
20590
20607
20616
20624
20631
20634
20640
20652
20680
20686
20695
20696
20701
20702
20702
20716
20719
20741
20763
20768
20768
20772
20780
20783
20783
20784
20792
20794
20801
20811
20817
20820
20836
20861
20871
20888
20913
20915
20938
20940
20963
20969
20986
21001
21003
21003
21003
21011
21015
21019
21021
21026
21037
21087
21087
21098
21135
21136
21156
21175
21176
21177
21211
21233
21234
21241
21250
21252
21256
21256
21264
21265
21267
21282
21283
21300
21317
21322
21339
21343
21357
21365
21375
21403
21417
21425
21433
21438
21449
21491
21495
21503
21522
21528
21542
21546
21548
21560
21564
21566
21567
21574
21578
21587
21587
21593
21618
21628
21637
21646
21656
21668
21670
21671
21672
21676
21692
21706
21711
21718
21721
21722
21729
21730
21735
21748
21781
21793
21794
21794
21824
21843
21884
21889
21905
21910
21926
21934
21936
21938
21951
21962
21989
22009
22017
22021
22021
22023
22024
22025
22050
22052
22057
22060
22060
22063
22065
22068
22094
22104
22114
22122
22141
22153
22169
22187
22187
22188
22199
22201
22205
22212
22217
22226
22228
22232
22233
22237
22237
22247
22249
22251
22253
22269
22270
22276
22277
22283
22318
22320
22334
22335
22340
22364
22366
22385
22391
22395
22396
22398
22400
22404
22409
22418
22419
22425
22438
22446
22455
22466
22480
22531
22533
22541
22544
22545
22557
22562
22566
22573
22585
22586
22611
22614
22642
22658
22671
22704
22705
22706
22709
22709
22720
22745
22747
22755
22772
22786
22819
22823
22833
22855
22860
22862
22899
22902
22907
22908
22913
22922
22928
22938
22959
22959
22965
23000
23006
23009
23013
23022
23023
23044
23046
23056
23073
23093
23120
23122
23133
23139
23145
23148
23160
23163
23182
23186
23190
23202
23212
23213
23256
23273
23294
23303
23325
23325
23334
23340
23346
23349
23373
23383
23407
23425
23426
23438
23451
23460
23464
23465
23467
23476
23482
23497
23502
23523
23527
23534
23541
23544
23563
23570
23574
23584
23594
23597
23599
23601
23615
23619
23621
23624
23650
23651
23656
23667
23697
23702
23704
23710
23720
23729
23749
23769
23771
23801
23817
23843
23851
23864
23868
23878
23879
23883
23885
23903
23908
23934
23937
23951
23966
23983
23994
24000
24031
24041
24055
24056
24056
24058
24065
24084
24097
24106
24117
24131
24137
24147
24188
24192
24192
24200
24200
24203
24213
24229
24233
24261
24262
24270
24319
24331
24332
24354
24369
24386
24389
24394
24401
24430
24432
24435
24440
24452
24475
24488
24491
24500
24517
24534
24546
24567
24574
24581
24591
24611
24614
24620
24620
24629
24647
24661
24664
24669
24713
24716
24717
24719
24722
24726
24727
24727
24734
24737
24753
24774
24788
24792
24806
24815
24819
24820
24823
24828
24831
24866
24887
24892
24896
24912
24915
24932
24935
24939
24939
24943
24952
24975
24985
24987
24996
25001
25008
25022
25030
25062
25066
25070
25083
25085
25091
25112
25150
25151
25154
25166
25179
25193
25196
25210
25216
25218
25226
25232
25235
25237
25238
25238
25238
25252
25263
25268
25278
25279
25283
25292
25294
25304
25312
25322
25334
25352
25362
25416
25417
25422
25432
25433
25434
25450
25453
25466
25473
25474
25475
25479
25480
25488
25506
25506
25507
25512
25512
25513
25517
25530
25531
25538
25545
25557
25567
25568
25576
25599
25600
25629
25629
25637
25639
25657
25660
25666
25675
25686
25694
25701
25704
25732
25741
25742
25753
25761
25762
25763
25770
25801
25824
25840
25845
25847
25854
25861
25864
25870
25895
25905
25922
25949
25952
25960
25960
25962
25963
25967
25980
26002
26003
26006
26014
26026
26036
26036
26067
26069
26082
26085
26093
26134
26139
26151
26161
26163
26168
26173
26180
26187
26212
26226
26246
26258
26258
26282
26286
26286
26293
26294
26304
26311
26320
26337
26341
26341
26345
26361
26367
26372
26380
26392
26412
26414
26419
26431
26431
26438
26446
26446
26452
26453
26464
26470
26473
26487
26513
26517
26530
26537
26547
26558
26563
26567
26568
26569
26572
26574
26587
26596
26611
26622
26638
26642
26644
26661
26676
26677
26690
26691
26696
26697
26699
26710
26712
26723
26724
26728
26728
26753
26759
26770
26771
26792
26800
26819
26829
26832
26872
26906
26926
26931
26932
26936
26948
26950
26954
26962
26968
26975
26975
26982
26990
26996
27011
27022
27025
27033
27042
27049
27065
27073
27100
27101
27108
27114
27121
27129
27136
27143
27152
27169
27171
27185
27192
27200
27215
27220
27250
27257
27262
27264
27266
27273
27276
27311
27315
27316
27319
27334
27342
27364
27367
27380
27391
27399
27411
27414
27482
27485
27486
27519
27519
27537
27551
27560
27565
27568
27582
27596
27598
27603
27620
27637
27641
27646
27646
27650
27670
27671
27682
27687
27689
27721
27724
27727
27733
27738
27739
27747
27756
27764
27770
27782
27786
27788
27799
27807
27807
27817
27826
27837
27840
27842
27854
27867
27868
27875
27877
27881
27889
27894
27896
27902
27908
27912
27927
27929
27935
27969
27981
27993
27995
28000
28006
28022
28024
28032
28041
28046
28051
28061
28085
28086
28093
28098
28103
28104
28109
28118
28119
28135
28144
28150
28157
28178
28180
28204
28216
28225
28226
28243
28243
28248
28251
28252
28257
28259
28266
28270
28275
28282
28291
28293
28297
28304
28305
28311
28330
28340
28361
28368
28385
28399
28406
28427
28431
28454
28458
28471
28508
28532
28538
28550
28572
28610
28631
28645
28645
28649
28654
28657
28664
28669
28671
28681
28691
28698
28702
28709
28711
28717
28727
28735
28735
28738
28753
28754
28770
28771
28778
28783
28792
28811
28812
28830
28846
28854
28860
28871
28898
28899
28931
28932
28937
28941
28944
28950
28972
28978
28997
29000
29008
29008
29015
29018
29034
29034
29044
29044
29047
29052
29089
29091
29105
29107
29125
29125
29165
29173
29175
29183
29189
29231
29242
29256
29256
29272
29294
29310
29344
29350
29358
29389
29392
29401
29420
29429
29441
29452
29452
29466
29490
29492
29496
29504
29530
29547
29558
29569
29569
29578
29579
29630
29632
29638
29645
29648
29651
29668
29672
29704
29722
29726
29735
29735
29736
29775
29778
29789
29804
29808
29810
29834
29841
29853
29855
29855
29856
29864
29880
29885
29894
29899
29904
29922
29926
29972
29973
30001
30008
30008
30017
30018
30023
30023
30024
30025
30027
30045
30054
30080
30085
30113
30114
30114
30118
30121
30124
30146
30153
30162
30179
30194
30206
30212
30261
30265
30274
30278
30301
30306
30323
30338
30348
30354
30356
30386
30386
30395
30397
30398
30431
30438
30442
30444
30473
30484
30499
30501
30503
30504
30512
30518
30528
30537
30539
30552
30553
30557
30560
30561
30572
30578
30583
30599
30599
30628
30630
30648
30649
30671
30681
30684
30696
30697
30703
30707
30708
30711
30717
30720
30734
30735
30737
30741
30742
30752
30756
30757
30769
30784
30785
30807
30810
30816
30816
30829
30839
30856
30861
30902
30914
30924
30945
30967
31002
31008
31010
31041
31043
31052
31055
31070
31087
31089
31095
31095
31101
31109
31124
31144
31153
31158
31165
31166
31181
31182
31204
31213
31221
31222
31226
31243
31264
31266
31291
31296
31304
31339
31356
31371
31382
31388
31389
31413
31426
31431
31434
31440
31442
31445
31449
31453
31454
31465
31487
31495
31499
31529
31538
31539
31562
31578
31578
31581
31598
31599
31601
31606
31608
31609
31614
31647
31649
31669
31694
31715
31721
31722
31724
31726
31730
31734
31735
31736
31736
31743
31745
31745
31760
31764
31770
31784
31794
31797
31800
31805
31816
31825
31826
31852
31890
31892
31896
31907
31920
31925
31950
31962
31965
31968
32016
32019
32034
32054
32067
32081
32092
32100
32117
32134
32153
32161
32162
32163
32185
32200
32204
32205
32218
32232
32239
32240
32249
32260
32273
32287
32295
32299
32299
32302
32303
32311
32327
32334
32340
32367
32369
32431
32431
32436
32437
32439
32440
32451
32453
32464
32466
32473
32487
32508
32510
32512
32540
32542
32544
32557
32558
32564
32564
32596
32603
32606
32608
32623
32634
32659
32677
32687
32687
32694
32698
32702
32719
32723
32733
32736
32747
32758
32766
32770
32777
32781
32802
32806
32808
32822
32829
32832
32848
32875
32882
32892
32901
32916
32925
32933
32948
32952
32959
32962
32964
33005
33015
33016
33019
33020
33027
33035
33041
33045
33055
33065
33082
33096
33125
33127
33149
33157
33161
33167
33180
33182
33254
33260
33264
33264
33302
33322
33335
33344
33349
33367
33367
33372
33395
33403
33409
33411
33414
33420
33449
33451
33453
33456
33459
33461
33468
33490
33504
33509
33510
33529
33541
33544
33545
33555
33565
33571
33576
33595
33603
33605
33610
33611
33614
33621
33633
33679
33684
33689
33719
33722
33746
33746
33768
33783
33790
33807
33809
33828
33838
33838
33873
33874
33889
33889
33892
33897
33904
33911
33919
33924
33933
33947
33951
33965
33975
33993
33996
34008
34011
34030
34037
34042
34046
34058
34059
34079
34099
34100
34111
34112
34116
34123
34125
34143
34147
34152
34155
34160
34225
34233
34234
34243
34258
34262
34273
34276
34280
34281
34284
34292
34305
34317
34325
34334
34347
34364
34364
34390
34411
34432
34448
34456
34463
34471
34471
34474
34485
34494
34498
34506
34527
34527
34534
34543
34546
34577
34603
34621
34621
34622
34624
34631
34635
34644
34655
34660
34662
34687
34696
34701
34713
34723
34723
34723
34759
34797
34806
34807
34854
34862
34891
34892
34893
34896
34906
34913
34920
34920
34932
34954
34992
34994
35002
35007
35021
35025
35059
35065
35073
35088
35102
35102
35106
35117
35121
35130
35145
35149
35158
35214
35216
35218
35226
35245
35248
35259
35261
35276
35279
35288
35289
35300
35326
35335
35347
35349
35352
35353
35367
35378
35383
35396
35401
35406
35408
35413
35420
35421
35444
35456
35466
35487
35487
35489
35498
35503
35503
35545
35547
35548
35553
35572
35573
35577
35590
35605
35613
35631
35634
35644
35652
35654
35656
35661
35662
35671
35685
35691
35705
35715
35753
35753
35756
35763
35776
35780
35792
35822
35833
35849
35850
35889
35892
35896
35902
35905
35908
35929
35931
35936
35940
35944
35947
35948
35951
35958
35964
35971
35974
35982
35985
36000
36001
36003
36006
36015
36018
36020
36021
36041
36049
36056
36064
36075
36089
36094
36120
36120
36154
36156
36161
36169
36189
36191
36192
36196
36202
36208
36223
36226
36228
36249
36262
36264
36270
36272
36272
36273
36274
36310
36317
36320
36339
36346
36350
36356
36360
36363
36366
36368
36368
36381
36381
36391
36395
36399
36414
36419
36422
36427
36433
36435
36450
36451
36491
36499
36500
36505
36513
36515
36517
36530
36548
36550
36557
36560
36605
36605
36606
36613
36618
36639
36689
36690
36727
36746
36757
36760
36768
36770
36784
36805
36810
36815
36830
36836
36842
36891
36894
36897
36900
36902
36946
36947
36965
36983
36997
37007
37017
37020
37020
37053
37090
37091
37109
37126
37127
37162
37165
37168
37171
37176
37198
37202
37212
37228
37235
37237
37237
37245
37256
37313
37318
37329
37333
37333
37333
37337
37340
37344
37356
37375
37377
37384
37392
37399
37418
37421
37423
37433
37437
37456
37460
37486
37492
37520
37533
37534
37552
37557
37560
37562
37569
37575
37581
37630
37656
37657
37669
37670
37703
37721
37725
37725
37736
37742
37763
37776
37777
37782
37785
37790
37799
37805
37814
37821
37838
37863
37881
37882
37885
37892
37946
37963
37974
37988
37998
37999
38011
38012
38026
38083
38092
38094
38104
38104
38113
38119
38122
38124
38144
38144
38145
38162
38173
38179
38193
38201
38216
38230
38234
38244
38248
38257
38262
38262
38263
38278
38284
38288
38295
38296
38297
38302
38330
38345
38393
38401
38405
38407
38408
38411
38414
38424
38430
38445
38447
38452
38466
38477
38479
38482
38485
38497
38514
38514
38516
38525
38527
38544
38547
38553
38575
38578
38583
38600
38607
38608
38618
38628
38633
38644
38695
38708
38715
38748
38772
38780
38781
38782
38784
38799
38801
38830
38840
38844
38857
38858
38872
38875
38880
38884
38901
38902
38918
38924
38926
38941
38951
38964
38964
38972
38975
39037
39050
39052
39067
39088
39092
39109
39121
39122
39175
39186
39198
39205
39224
39225
39255
39261
39269
39270
39275
39281
39282
39315
39322
39337
39352
39372
39382
39393
39413
39431
39450
39491
39494
39517
39546
39547
39559
39582
39583
39594
39598
39598
39615
39624
39627
39672
39689
39704
39704
39707
39734
39739
39741
39742
39747
39752
39754
39766
39769
39781
39788
39809
39820
39830
39835
39835
39836
39845
39863
39879
39881
39882
39905
39925
39936
39964
39981
39999
40040
40045
40048
40077
40086
40099
40108
40113
40124
40126
40138
40143
40158
40163
40177
40180
40182
40190
40190
40193
40193
40195
40201
40206
40221
40223
40224
40229
40238
40239
40245
40253
40265
40274
40315
40316
40320
40329
40361
40380
40389
40401
40412
40436
40457
40477
40482
40496
40507
40507
40510
40563
40572
40578
40578
40633
40659
40664
40668
40673
40677
40697
40702
40730
40745
40758
40766
40822
40838
40842
40855
40866
40874
40893
40907
40914
40930
40931
40950
40967
40973
41027
41034
41051
41057
41059
41065
41095
41098
41108
41110
41125
41129
41145
41148
41153
41159
41160
41182
41190
41199
41204
41207
41217
41230
41230
41238
41250
41257
41258
41266
41281
41288
41304
41311
41320
41323
41324
41332
41371
41377
41382
41385
41389
41391
41403
41403
41425
41426
41430
41450
41451
41492
41492
41495
41497
41508
41540
41595
41595
41613
41619
41627
41642
41642
41643
41647
41650
41652
41668
41689
41694
41709
41713
41714
41728
41734
41737
41740
41750
41752
41769
41771
41778
41786
41787
41790
41807
41829
41833
41865
41877
41908
41911
41913
41915
41918
41925
41943
41962
41967
41995
41996
42034
42044
42059
42061
42065
42067
42074
42088
42101
42109
42110
42129
42132
42134
42138
42138
42141
42147
42150
42164
42165
42177
42180
42180
42188
42196
42197
42205
42231
42231
42236
42240
42242
42243
42245
42258
42262
42264
42266
42287
42291
42326
42344
42350
42351
42357
42359
42384
42403
42407
42445
42462
42463
42475
42491
42494
42499
42517
42519
42527
42529
42537
42538
42562
42568
42572
42585
42599
42610
42634
42643
42646
42665
42721
42749
42755
42759
42762
42762
42764
42767
42770
42775
42777
42783
42800
42809
42813
42851
42864
42869
42877
42895
42896
42897
42911
42912
42913
42932
42936
42984
42995
43003
43021
43037
43046
43046
43055
43058
43102
43110
43144
43146
43148
43167
43179
43199
43221
43221
43228
43237
43238
43239
43271
43273
43287
43290
43290
43296
43300
43302
43307
43311
43337
43339
43339
43346
43348
43351
43363
43392
43398
43404
43421
43424
43430
43440
43450
43457
43469
43473
43479
43481
43482
43493
43499
43499
43502
43502
43507
43509
43545
43569
43584
43587
43591
43599
43619
43622
43639
43642
43643
43653
43674
43682
43685
43687
43707
43716
43722
43722
43725
43741
43742
43760
43763
43765
43772
43774
43776
43780
43789
43789
43791
43796
43801
43806
43811
43812
43832
43833
43836
43839
43841
43842
43842
43850
43856
43869
43875
43887
43901
43909
43968
43971
43973
43974
44000
44011
44013
44017
44020
44024
44044
44049
44050
44054
44070
44090
44097
44105
44109
44138
44140
44148
44152
44167
44180
44184
44187
44213
44214
44220
44222
44230
44231
44233
44252
44255
44256
44259
44261
44277
44285
44292
44292
44306
44306
44326
44332
44334
44342
44387
44392
44394
44404
44406
44411
44426
44429
44442
44451
44463
44490
44492
44494
44499
44517
44522
44525
44539
44542
44552
44563
44568
44591
44595
44612
44615
44617
44624
44626
44647
44656
44667
44670
44695
44732
44763
44787
44793
44802
44805
44814
44817
44832
44832
44845
44851
44855
44863
44865
44868
44882
44885
44894
44898
44917
44922
44958
44984
44993
44998
45004
45036
45037
45043
45052
45056
45062
45063
45074
45077
45097
45107
45139
45150
45159
45169
45172
45189
45192
45196
45202
45202
45247
45254
45284
45285
45290
45302
45309
45309
45345
45348
45370
45373
45377
45388
45393
45407
45411
45416
45426
45428
45445
45474
45503
45505
45518
45536
45542
45558
45571
45573
45573
45581
45585
45586
45588
45610
45617
45621
45632
45634
45658
45664
45673
45688
45690
45707
45713
45722
45742
45748
45760
45795
45803
45806
45809
45825
45860
45865
45882
45898
45899
45921
45923
45949
45973
46029
46035
46051
46060
46064
46084
46085
46115
46125
46131
46138
46141
46160
46167
46168
46172
46176
46178
46188
46193
46208
46218
46220
46237
46240
46243
46280
46283
46284
46299
46299
46336
46339
46355
46363
46365
46367
46376
46388
46394
46395
46399
46401
46405
46414
46437
46438
46492
46500
46502
46523
46532
46557
46560
46572
46572
46583
46593
46600
46604
46637
46638
46650
46652
46662
46663
46667
46667
46668
46678
46692
46723
46743
46753
46766
46766
46767
46811
46812
46818
46836
46841
46849
46865
46867
46869
46878
46880
46885
46891
46907
46907
46910
46927
46927
46932
46937
46939
46948
46951
46959
46960
46965
47011
47013
47016
47030
47042
47047
47056
47072
47074
47085
47085
47139
47141
47167
47180
47183
47186
47195
47197
47207
47214
47217
47259
47268
47287
47297
47312
47333
47334
47343
47346
47350
47362
47380
47389
47403
47413
47414
47430
47431
47437
47462
47463
47465
47473
47482
47499
47509
47534
47554
47557
47557
47562
47564
47574
47577
47587
47609
47613
47624
47635
47645
47646
47647
47648
47652
47659
47686
47694
47708
47715
47721
47728
47741
47749
47761
47773
47776
47780
47798
47807
47807
47816
47831
47834
47836
47844
47854
47873
47880
47901
47908
47909
47917
47944
47950
47960
47960
47967
47975
47993
48002
48006
48006
48010
48013
48060
48072
48084
48122
48132
48135
48140
48151
48156
48164
48184
48195
48219
48220
48236
48240
48245
48258
48262
48267
48270
48274
48300
48326
48330
48331
48339
48339
48352
48361
48397
48402
48413
48421
48434
48440
48444
48447
48458
48462
48464
48474
48477
48486
48492
48492
48517
48518
48528
48528
48543
48552
48572
48577
48582
48600
48622
48627
48629
48633
48636
48652
48664
48668
48677
48687
48719
48725
48729
48734
48740
48751
48754
48755
48769
48772
48773
48776
48787
48788
48794
48800
48811
48824
48827
48828
48836
48857
48859
48866
48917
48956
48957
48965
48980
48986
48994
48994
49048
49048
49052
49057
49064
49065
49082
49109
49114
49120
49142
49175
49191
49207
49214
49215
49238
49252
49278
49281
49300
49311
49311
49330
49338
49343
49350
49351
49365
49368
49371
49381
49392
49400
49409
49416
49438
49459
49463
49473
49493
49497
49497
49511
49514
49515
49517
49525
49525
49550
49554
49576
49581
49591
49602
49606
49611
49634
49638
49642
49666
49677
49683
49686
49694
49698
49701
49701
49702
49718
49725
49739
49740
49743
49748
49759
49759
49760
49760
49771
49774
49778
49795
49799
49801
49803
49808
49818
49822
49837
49839
49860
49860
49860
49865
49894
49907
49953
49972
49979
49982
49985
49987
49990
50030
50030
50031
50053
50073
50078
50078
50096
50119
50128
50138
50159
50163
50172
50174
50181
50181
50202
50217
50227
50232
50248
50256
50275
50276
50279
50292
50298
50310
50311
50314
50324
50349
50367
50391
50396
50402
50410
50423
50431
50444
50444
50446
50460
50504
50509
50520
50543
50551
50555
50567
50589
50595
50607
50609
50614
50626
50628
50629
50635
50649
50652
50656
50676
50678
50693
50718
50727
50742
50745
50756
50756
50762
50768
50786
50808
50828
50856
50863
50868
50893
50900
50907
50917
50941
50956
50960
50960
50972
50974
50977
50991
51001
51020
51021
51027
51028
51038
51051
51059
51065
51085
51099
51112
51116
51118
51138
51150
51159
51160
51180
51182
51185
51195
51214
51226
51238
51248
51252
51296
51296
51299
51316
51319
51323
51323
51341
51356
51361
51362
51363
51366
51377
51390
51393
51409
51410
51412
51419
51448
51471
51508
51515
51530
51549
51574
51585
51593
51607
51617
51620
51652
51655
51686
51687
51711
51740
51750
51755
51759
51764
51777
51782
51791
51803
51809
51810
51833
51836
51851
51857
51857
51872
51875
51894
51914
51917
51923
51926
51934
51940
51947
51951
51974
51987
51993
52000
52010
52016
52041
52044
52072
52079
52096
52106
52113
52118
52134
52160
52171
52174
52177
52190
52195
52202
52217
52234
52261
52269
52270
52303
52305
52305
52308
52321
52333
52335
52339
52354
52355
52362
52367
52376
52379
52391
52394
52394
52453
52460
52480
52497
52501
52514
52522
52534
52534
52538
52597
52601
52604
52630
52633
52662
52666
52667
52679
52683
52691
52693
52705
52712
52716
52733
52739
52747
52753
52763
52768
52778
52795
52802
52815
52818
52858
52880
52904
52910
52927
52928
52932
52947
52960
52968
52984
52992
53003
53017
53017
53031
53035
53039
53041
53047
53049
53057
53062
53076
53088
53096
53097
53102
53109
53111
53125
53157
53173
53176
53189
53207
53210
53215
53219
53222
53222
53227
53232
53245
53253
53262
53270
53282
53287
53287
53307
53307
53314
53337
53341
53351
53370
53379
53383
53399
53407
53418
53421
53426
53429
53436
53437
53439
53444
53464
53479
53487
53496
53511
53517
53531
53541
53548
53549
53571
53619
53629
53632
53638
53639
53651
53677
53684
53685
53689
53695
53701
53707
53717
53731
53743
53750
53782
53818
53822
53826
53831
53843
53843
53846
53849
53851
53860
53880
53894
53897
53905
53909
53922
53936
53945
53954
53969
53997
54017
54019
54028
54038
54039
54046
54055
54064
54090
54113
54122
54122
54127
54133
54141
54149
54154
54165
54168
54169
54186
54188
54194
54195
54219
54224
54231
54243
54245
54292
54299
54312
54320
54330
54337
54353
54363
54365
54392
54399
54405
54423
54434
54437
54451
54455
54468
54472
54482
54488
54499
54501
54521
54529
54530
54551
54559
54562
54572
54579
54589
54603
54636
54638
54645
54658
54658
54664
54664
54687
54692
54692
54721
54723
54733
54734
54739
54744
54753
54764
54773
54790
54795
54798
54817
54830
54847
54847
54847
54848
54848
54854
54862
54863
54863
54884
54885
54890
54900
54917
54944
54957
54964
54965
54980
54988
55010
55029
55039
55044
55055
55058
55066
55073
55077
55083
55092
55093
55098
55118
55119
55121
55137
55138
55144
55177
55193
55195
55200
55207
55219
55220
55220
55225
55234
55263
55266
55275
55281
55283
55300
55303
55308
55309
55319
55368
55369
55380
55389
55402
55408
55450
55452
55459
55469
55479
55481
55497
55498
55506
55510
55535
55544
55550
55556
55556
55565
55578
55580
55589
55604
55608
55631
55663
55663
55678
55703
55722
55727
55731
55733
55738
55742
55757
55758
55779
55783
55804
55814
55815
55821
55845
55845
55848
55865
55875
55887
55897
55913
55940
55961
55967
55977
55999
56007
56024
56034
56039
56046
56054
56075
56097
56098
56133
56134
56138
56146
56146
56154
56157
56158
56209
56223
56224
56291
56303
56304
56329
56333
56352
56353
56354
56358
56375
56380
56383
56385
56392
56402
56408
56421
56422
56437
56440
56443
56444
56448
56453
56458
56467
56483
56509
56529
56535
56562
56562
56567
56570
56584
56585
56590
56606
56607
56624
56624
56626
56639
56639
56642
56646
56675
56701
56703
56737
56745
56765
56783
56825
56826
56827
56832
56838
56865
56866
56882
56887
56894
56907
56935
56950
56954
56963
56971
56988
56997
57002
57007
57017
57020
57028
57038
57041
57044
57050
57054
57057
57070
57088
57098
57113
57122
57143
57153
57157
57168
57171
57179
57184
57205
57210
57218
57220
57231
57237
57244
57247
57267
57303
57308
57311
57336
57367
57369
57370
57373
57383
57389
57401
57408
57414
57425
57445
57453
57454
57457
57466
57468
57480
57483
57485
57505
57515
57518
57518
57521
57549
57557
57570
57581
57592
57594
57613
57615
57637
57649
57655
57656
57659
57663
57679
57688
57690
57702
57705
57718
57736
57767
57770
57792
57795
57796
57812
57815
57821
57824
57826
57834
57841
57851
57892
57895
57910
57925
57925
57930
57940
57945
57965
57986
57987
57993
58014
58015
58029
58029
58034
58037
58108
58110
58114
58120
58122
58175
58186
58211
58218
58231
58239
58255
58275
58283
58298
58308
58329
58348
58355
58374
58399
58405
58405
58416
58416
58421
58422
58422
58439
58456
58462
58462
58471
58498
58499
58503
58539
58540
58541
58541
58553
58554
58564
58572
58584
58594
58599
58600
58639
58643
58654
58679
58702
58717
58721
58728
58752
58752
58760
58779
58805
58815
58849
58862
58875
58881
58882
58887
58891
58899
58899
58903
58909
58918
58926
58933
58951
58958
58981
59018
59044
59055
59056
59057
59068
59077
59079
59088
59091
59126
59128
59131
59137
59139
59161
59170
59183
59190
59250
59252
59254
59261
59264
59267
59269
59272
59280
59281
59282
59302
59309
59313
59321
59325
59337
59342
59343
59345
59356
59360
59378
59391
59422
59424
59444
59446
59448
59470
59474
59476
59478
59480
59508
59512
59514
59518
59544
59548
59555
59557
59569
59570
59573
59578
59623
59635
59644
59657
59661
59684
59691
59696
59717
59734
59745
59747
59753
59756
59758
59779
59788
59808
59813
59824
59826
59835
59838
59868
59885
59913
59916
59918
59922
59932
59940
59944
59948
59952
59952
59954
59962
59969
59970
59970
59976
59985
59992
60006
60012
60026
60026
60032
60047
60050
60052
60072
60074
60076
60095
60099
60102
60122
60146
60150
60160
60181
60192
60198
60209
60233
60250
60251
60268
60275
60276
60319
60328
60345
60351
60353
60356
60363
60375
60376
60390
60415
60424
60434
60440
60441
60465
60472
60478
60483
60487
60500
60525
60534
60553
60557
60561
60580
60585
60587
60594
60629
60631
60632
60653
60675
60677
60688
60691
60697
60698
60699
60705
60713
60721
60728
60748
60777
60784
60786
60799
60799
60808
60810
60820
60887
60888
60894
60895
60901
60901
60907
60952
60952
60966
60978
60989
60993
60995
61020
61036
61038
61043
61043
61054
61084
61110
61125
61137
61143
61149
61170
61173
61177
61195
61209
61224
61254
61258
61261
61267
61275
61276
61281
61308
61322
61323
61323
61335
61339
61340
61351
61378
61379
61384
61386
61391
61395
61399
61400
61408
61412
61418
61422
61425
61430
61445
61460
61475
61488
61500
61518
61524
61527
61555
61565
61566
61567
61584
61601
61603
61610
61624
61635
61642
61647
61648
61660
61663
61682
61705
61715
61718
61727
61745
61758
61759
61760
61825
61846
61873
61874
61879
61880
61885
61893
61895
61917
61944
61975
61983
61988
62021
62030
62038
62053
62061
62064
62071
62086
62095
62095
62098
62101
62115
62115
62129
62131
62143
62153
62165
62193
62197
62211
62221
62224
62233
62235
62241
62254
62286
62338
62343
62356
62390
62402
62412
62419
62422
62422
62435
62438
62438
62442
62445
62456
62458
62461
62472
62481
62482
62492
62506
62539
62542
62548
62593
62593
62598
62603
62627
62635
62636
62637
62644
62673
62715
62722
62733
62733
62738
62747
62754
62780
62788
62800
62803
62804
62821
62824
62837
62845
62858
62861
62873
62892
62892
62905
62913
62921
62923
62933
62935
62938
62940
62944
62951
62967
62979
62996
63001
63023
63030
63031
63036
63050
63059
63070
63072
63076
63083
63084
63089
63092
63101
63114
63125
63153
63210
63218
63224
63225
63231
63242
63246
63246
63246
63251
63258
63263
63274
63276
63290
63299
63304
63318
63326
63337
63367
63368
63369
63380
63382
63400
63402
63433
63454
63467
63479
63493
63495
63496
63497
63503
63516
63519
63520
63521
63525
63527
63531
63532
63534
63538
63553
63555
63559
63562
63567
63580
63582
63602
63603
63605
63618
63646
63650
63652
63659
63660
63679
63697
63704
63716
63717
63734
63735
63737
63753
63762
63766
63774
63780
63785
63794
63804
63806
63819
63822
63825
63830
63832
63838
63839
63845
63853
63855
63863
63872
63879
63882
63898
63902
63916
63942
63952
63954
63973
64002
64018
64019
64023
64036
64054
64066
64066
64087
64092
64100
64102
64110
64118
64124
64126
64157
64169
64175
64179
64203
64233
64246
64253
64259
64283
64297
64303
64305
64317
64326
64327
64342
64348
64382
64396
64413
64432
64436
64440
64444
64447
64449
64451
64453
64470
64481
64483
64494
64503
64504
64510
64524
64537
64561
64573
64577
64589
64596
64599
64610
64613
64633
64642
64669
64680
64682
64691
64746
64764
64767
64772
64775
64794
64802
64812
64815
64835
64855
64868
64900
64904
64910
64917
64922
64930
64957
64971
64977
64986
65025
65043
65047
65094
65101
65114
65118
65120
65146
65148
65151
65152
65156
65163
65194
65197
65205
65225
65235
65235
65237
65238
65262
65264
65298
65306
65337
65353
65356
65363
65371
65376
65377
65416
65417
65424
65428
65434
65439
65472
65478
65482
65489
65499
65500
65501
65504
65506
65509
65509
65560
65572
65593
65601
65604
65617
65620
65625
65627
65651
65663
65666
65670
65705
65708
65732
65746
65750
65758
65779
65795
65803
65813
65821
65828
65839
65867
65869
65869
65870
65873
65873
65896
65912
65917
65923
65925
65958
65958
65967
65971
65971
65993
66000
66001
66009
66014
66033
66043
66067
66081
66090
66124
66131
66132
66154
66168
66176
66177
66193
66195
66231
66231
66240
66248
66255
66276
66287
66291
66296
66301
66322
66369
66377
66382
66390
66394
66395
66400
66403
66404
66417
66422
66424
66426
66443
66459
66459
66499
66503
66523
66523
66537
66539
66543
66550
66556
66569
66572
66625
66632
66649
66663
66665
66679
66691
66692
66694
66700
66710
66713
66715
66723
66730
66732
66737
66759
66768
66779
66780
66796
66804
66808
66838
66858
66863
66863
66875
66878
66886
66890
66894
66903
66910
66912
66913
66916
66941
66941
66953
66954
66998
67001
67013
67027
67037
67055
67059
67067
67070
67079
67096
67097
67105
67110
67116
67116
67128
67136
67146
67172
67181
67189
67194
67214
67228
67235
67239
67240
67244
67261
67265
67272
67282
67283
67285
67288
67295
67298
67300
67311
67317
67327
67329
67365
67368
67369
67377
67391
67394
67410
67440
67452
67465
67474
67480
67494
67522
67535
67549
67550
67563
67569
67575
67576
67576
67585
67592
67603
67607
67612
67661
67665
67684
67693
67713
67716
67720
67724
67746
67755
67759
67771
67779
67784
67785
67844
67862
67866
67876
67879
67880
67882
67890
67894
67904
67905
67905
67913
67917
67935
67973
67976
67979
67980
67983
68022
68029
68031
68038
68041
68044
68044
68062
68070
68073
68082
68084
68098
68103
68110
68117
68123
68136
68146
68148
68151
68154
68165
68170
68204
68209
68228
68232
68247
68250
68255
68263
68302
68365
68375
68378
68387
68391
68399
68420
68421
68422
68424
68429
68430
68436
68457
68458
68459
68464
68471
68479
68483
68485
68497
68497
68498
68499
68500
68507
68518
68539
68539
68543
68571
68578
68606
68613
68633
68637
68656
68656
68664
68666
68673
68674
68679
68682
68685
68694
68715
68724
68751
68766
68774
68777
68787
68791
68795
68801
68809
68824
68828
68833
68836
68839
68845
68879
68883
68885
68888
68894
68896
68900
68927
68952
68971
68972
68995
69006
69013
69014
69015
69019
69022
69029
69030
69040
69043
69043
69048
69065
69070
69071
69091
69091
69110
69115
69129
69144
69148
69159
69159
69160
69173
69196
69202
69206
69209
69212
69233
69235
69236
69258
69265
69265
69273
69293
69315
69315
69331
69369
69370
69397
69409
69422
69439
69446
69456
69460
69478
69488
69503
69510
69522
69542
69589
69605
69609
69611
69625
69631
69635
69644
69664
69665
69683
69691
69700
69705
69712
69752
69756
69756
69767
69790
69797
69819
69840
69854
69875
69878
69883
69901
69906
69906
69935
69940
69963
69984
69990
69998
70022
70024
70026
70035
70037
70050
70050
70055
70067
70067
70076
70077
70129
70135
70141
70144
70147
70150
70168
70181
70186
70189
70192
70193
70205
70206
70224
70233
70243
70245
70252
70285
70290
70310
70328
70329
70337
70339
70343
70344
70354
70354
70383
70431
70432
70449
70460
70466
70501
70505
70509
70536
70539
70553
70561
70568
70568
70580
70583
70594
70643
70663
70668
70686
70714
70722
70745
70751
70760
70780
70846
70852
70856
70859
70861
70868
70876
70887
70920
70933
70991
71025
71053
71055
71055
71058
71059
71073
71078
71084
71092
71099
71103
71105
71109
71126
71136
71145
71154
71172
71172
71182
71191
71209
71213
71216
71216
71227
71239
71258
71262
71287
71290
71295
71303
71307
71307
71317
71318
71324
71327
71331
71336
71340
71349
71360
71360
71382
71396
71403
71405
71411
71414
71419
71427
71428
71446
71452
71459
71462
71465
71486
71489
71497
71507
71524
71543
71559
71578
71582
71583
71586
71589
71623
71630
71656
71701
71709
71727
71742
71759
71767
71783
71814
71820
71825
71840
71848
71852
71877
71905
71907
71936
71940
71945
71948
71965
71997
72022
72054
72058
72061
72067
72071
72083
72111
72137
72144
72177
72179
72182
72183
72184
72194
72205
72224
72232
72241
72288
72291
72293
72310
72319
72348
72357
72362
72375
72379
72385
72388
72396
72406
72408
72432
72440
72449
72458
72465
72468
72496
72496
72504
72508
72522
72544
72554
72556
72559
72569
72610
72612
72612
72634
72636
72638
72660
72661
72671
72683
72696
72708
72711
72749
72756
72763
72766
72782
72791
72792
72819
72835
72839
72841
72842
72845
72846
72864
72876
72887
72892
72893
72896
72898
72901
72903
72906
72913
72951
72962
72964
72998
72999
73021
73023
73028
73029
73039
73041
73055
73062
73075
73082
73097
73097
73104
73105
73120
73127
73131
73132
73136
73153
73166
73172
73173
73175
73175
73177
73219
73252
73253
73256
73258
73263
73275
73279
73287
73288
73303
73311
73311
73321
73321
73327
73340
73342
73350
73359
73383
73393
73417
73420
73426
73436
73437
73459
73484
73494
73495
73507
73508
73521
73528
73529
73542
73557
73562
73579
73586
73596
73610
73623
73626
73635
73637
73655
73672
73676
73685
73700
73716
73741
73741
73743
73744
73747
73756
73766
73780
73782
73789
73798
73807
73819
73819
73823
73843
73849
73851
73854
73858
73875
73877
73935
73939
73952
73956
73961
73965
73965
73965
73968
73973
73990
73992
74015
74023
74030
74030
74030
74045
74050
74071
74075
74088
74097
74107
74141
74161
74165
74220
74225
74237
74256
74262
74263
74263
74265
74271
74304
74329
74332
74357
74358
74371
74374
74375
74389
74393
74396
74400
74418
74434
74437
74452
74454
74457
74462
74468
74486
74489
74497
74503
74511
74520
74533
74539
74556
74571
74572
74581
74582
74588
74610
74617
74644
74644
74648
74648
74673
74677
74687
74687
74744
74750
74765
74767
74782
74802
74803
74804
74809
74810
74810
74818
74819
74832
74847
74848
74856
74856
74894
74901
74923
74929
74937
74943
74945
74990
75005
75016
75029
75031
75038
75039
75045
75047
75048
75062
75070
75081
75086
75091
75110
75116
75120
75122
75126
75138
75151
75169
75182
75183
75185
75195
75197
75204
75209
75221
75248
75254
75255
75271
75297
75314
75318
75325
75341
75344
75346
75361
75367
75375
75399
75424
75427
75436
75453
75499
75499
75510
75545
75551
75558
75563
75597
75621
75621
75636
75637
75641
75651
75654
75671
75673
75682
75686
75690
75690
75728
75759
75766
75770
75771
75774
75813
75816
75823
75832
75876
75893
75901
75907
75912
75912
75914
75926
75984
75986
75992
76003
76008
76014
76020
76021
76037
76043
76071
76080
76085
76085
76095
76096
76097
76111
76116
76119
76135
76137
76174
76221
76223
76232
76239
76246
76246
76252
76280
76292
76330
76352
76352
76357
76358
76365
76369
76375
76383
76402
76427
76429
76445
76448
76472
76501
76512
76513
76541
76542
76546
76550
76555
76568
76573
76583
76584
76585
76588
76607
76610
76611
76628
76632
76641
76662
76666
76667
76670
76675
76682
76709
76722
76722
76746
76748
76762
76765
76769
76794
76797
76801
76802
76819
76819
76885
76892
76894
76902
76911
76940
76962
76969
76976
76981
76983
77016
77017
77020
77029
77039
77052
77054
77069
77079
77089
77102
77116
77117
77119
77158
77166
77176
77203
77203
77215
77227
77238
77256
77285
77305
77307
77307
77308
77309
77319
77331
77352
77353
77354
77361
77364
77383
77404
77405
77411
77413
77430
77445
77446
77447
77496
77506
77529
77547
77554
77559
77559
77567
77578
77583
77613
77618
77621
77622
77636
77647
77648
77664
77666
77667
77673
77688
77700
77705
77730
77733
77753
77762
77764
77765
77772
77783
77786
77790
77803
77806
77809
77831
77838
77862
77876
77883
77892
77912
77921
77926
77933
77938
77956
77977
77982
78005
78044
78046
78056
78057
78090
78098
78110
78115
78127
78139
78147
78148
78158
78185
78185
78205
78205
78206
78226
78229
78231
78232
78232
78235
78236
78241
78241
78257
78282
78284
78287
78288
78292
78292
78320
78337
78338
78343
78350
78354
78356
78359
78361
78362
78372
78372
78381
78389
78399
78402
78414
78421
78433
78440
78441
78450
78451
78455
78455
78464
78467
78468
78477
78490
78491
78492
78493
78500
78500
78515
78518
78520
78532
78536
78550
78551
78551
78565
78566
78608
78615
78652
78694
78709
78712
78714
78716
78732
78734
78747
78748
78752
78754
78754
78756
78760
78762
78770
78794
78803
78823
78826
78832
78834
78847
78866
78888
78897
78907
78910
78932
78949
78949
78951
78953
78967
78975
78978
78995
79003
79014
79040
79044
79049
79050
79050
79053
79055
79083
79086
79102
79150
79166
79181
79188
79188
79206
79285
79295
79307
79316
79325
79343
79346
79350
79357
79363
79376
79392
79405
79421
79421
79429
79431
79435
79437
79470
79479
79497
79500
79501
79503
79509
79511
79511
79533
79535
79560
79562
79565
79569
79573
79576
79590
79605
79609
79612
79616
79621
79647
79652
79661
79678
79682
79694
79704
79730
79735
79736
79736
79755
79755
79765
79788
79802
79806
79809
79833
79892
79893
79922
79927
79941
79948
79965
79965
80015
80017
80021
80022
80022
80044
80054
80055
80058
80061
80063
80067
80075
80077
80092
80093
80098
80109
80113
80114
80118
80139
80143
80163
80178
80186
80189
80189
80196
80199
80203
80207
80267
80268
80286
80291
80322
80346
80357
80369
80384
80389
80400
80406
80422
80434
80441
80458
80474
80508
80515
80550
80550
80552
80554
80558
80574
80591
80596
80608
80619
80647
80657
80675
80675
80682
80685
80689
80692
80718
80722
80763
80765
80786
80798
80837
80850
80865
80887
80904
80918
80928
80941
80955
80973
80985
80987
81005
81005
81006
81006
81015
81043
81046
81074
81078
81099
81104
81142
81145
81168
81176
81184
81186
81193
81226
81239
81243
81268
81270
81275
81280
81286
81287
81293
81311
81313
81340
81356
81374
81395
81412
81417
81424
81479
81482
81485
81487
81490
81495
81497
81504
81506
81514
81543
81556
81561
81561
81565
81583
81584
81592
81593
81599
81603
81606
81619
81621
81636
81639
81656
81670
81671
81711
81715
81742
81750
81758
81764
81768
81770
81782
81812
81817
81818
81829
81829
81845
81848
81853
81855
81858
81858
81865
81870
81879
81898
81913
81921
81927
81933
81942
81954
81968
81981
81991
81991
82000
82007
82013
82019
82020
82069
82077
82086
82098
82100
82110
82116
82148
82157
82176
82190
82195
82221
82229
82241
82265
82274
82303
82305
82308
82309
82319
82321
82321
82329
82334
82335
82341
82363
82384
82397
82400
82402
82410
82413
82419
82436
82459
82475
82478
82480
82482
82484
82485
82510
82514
82525
82538
82543
82546
82563
82571
82574
82576
82584
82631
82633
82639
82644
82648
82654
82662
82665
82669
82675
82688
82720
82721
82738
82740
82741
82748
82754
82765
82774
82798
82802
82812
82822
82823
82827
82828
82829
82881
82885
82892
82892
82898
82900
82904
82913
82913
82939
82948
82973
82974
82981
82986
82987
83017
83030
83031
83051
83052
83054
83060
83071
83073
83075
83098
83101
83118
83122
83135
83162
83196
83215
83222
83225
83227
83227
83253
83254
83254
83267
83286
83303
83313
83315
83321
83328
83341
83397
83422
83427
83455
83475
83499
83505
83517
83522
83547
83562
83563
83578
83585
83597
83597
83611
83613
83619
83633
83647
83648
83656
83664
83698
83714
83723
83730
83738
83745
83745
83767
83768
83768
83784
83792
83807
83811
83811
83811
83812
83838
83860
83864
83870
83879
83887
83904
83939
83942
83958
83967
83978
83981
83987
83988
84016
84016
84024
84035
84038
84050
84055
84056
84063
84064
84071
84078
84095
84108
84116
84117
84130
84134
84163
84168
84176
84183
84183
84191
84197
84207
84213
84220
84222
84235
84248
84251
84264
84280
84286
84309
84313
84319
84324
84328
84338
84344
84349
84351
84351
84358
84361
84377
84388
84392
84405
84416
84418
84419
84436
84439
84447
84447
84456
84476
84478
84478
84490
84500
84509
84515
84521
84523
84534
84545
84564
84589
84592
84603
84608
84619
84620
84624
84625
84639
84642
84647
84655
84657
84679
84681
84690
84697
84698
84712
84721
84744
84745
84763
84768
84789
84792
84821
84854
84855
84867
84873
84881
84912
84923
84958
85007
85013
85030
85060
85060
85070
85080
85115
85127
85131
85145
85147
85162
85188
85202
85204
85206
85208
85225
85231
85234
85264
85266
85273
85278
85283
85284
85285
85294
85300
85300
85304
85316
85320
85322
85326
85326
85331
85331
85331
85332
85336
85340
85340
85364
85374
85394
85400
85404
85414
85419
85439
85457
85457
85466
85467
85470
85473
85482
85483
85485
85490
85491
85497
85503
85508
85510
85512
85518
85525
85530
85536
85542
85571
85574
85579
85582
85588
85606
85607
85607
85609
85612
85621
85662
85662
85665
85668
85671
85677
85679
85685
85686
85702
85711
85711
85752
85755
85775
85790
85790
85799
85801
85802
85807
85810
85829
85830
85835
85843
85845
85849
85851
85872
85875
85885
85897
85898
85916
85925
85929
85929
85939
85958
85962
85982
85994
86006
86013
86025
86039
86040
86048
86053
86053
86057
86057
86074
86084
86093
86096
86098
86099
86122
86124
86132
86137
86186
86189
86199
86204
86208
86211
86221
86257
86273
86283
86295
86295
86296
86301
86310
86310
86315
86318
86325
86331
86332
86333
86337
86341
86346
86370
86372
86379
86398
86438
86450
86451
86455
86467
86479
86482
86487
86504
86535
86562
86573
86573
86580
86584
86588
86592
86593
86595
86605
86619
86626
86628
86631
86640
86643
86647
86658
86674
86687
86690
86725
86728
86732
86745
86752
86754
86759
86766
86767
86773
86781
86797
86799
86807
86807
86838
86856
86860
86866
86867
86870
86883
86918
86925
86925
86938
86949
86967
86982
87003
87016
87028
87037
87044
87064
87073
87074
87075
87086
87092
87108
87113
87137
87146
87148
87157
87163
87174
87178
87182
87190
87205
87232
87250
87270
87279
87282
87302
87302
87303
87309
87318
87323
87331
87350
87352
87355
87366
87368
87413
87413
87418
87426
87432
87447
87455
87478
87482
87495
87515
87518
87520
87544
87590
87600
87610
87620
87637
87648
87677
87684
87690
87692
87705
87711
87713
87718
87733
87736
87738
87740
87744
87750
87755
87776
87785
87786
87788
87809
87828
87855
87873
87874
87892
87900
87927
87927
87936
87958
87960
87962
87976
88002
88008
88009
88013
88028
88035
88048
88051
88055
88064
88068
88100
88101
88119
88123
88128
88144
88159
88191
88195
88212
88219
88224
88232
88247
88249
88267
88270
88278
88281
88289
88299
88303
88304
88307
88315
88321
88324
88333
88333
88335
88337
88343
88343
88345
88365
88366
88370
88380
88383
88404
88406
88416
88438
88452
88458
88458
88485
88496
88499
88511
88530
88534
88556
88556
88605
88615
88620
88623
88662
88669
88672
88693
88698
88730
88738
88740
88757
88768
88770
88771
88806
88818
88838
88862
88867
88875
88887
88901
88901
88932
88934
88941
88946
88948
88949
88970
88986
89008
89042
89042
89042
89047
89048
89069
89076
89084
89097
89102
89102
89103
89124
89124
89128
89130
89130
89135
89142
89145
89151
89151
89188
89188
89195
89222
89265
89265
89284
89295
89304
89323
89335
89395
89398
89414
89420
89424
89438
89456
89479
89479
89495
89504
89508
89512
89524
89531
89539
89545
89546
89571
89574
89575
89581
89582
89592
89593
89598
89606
89618
89632
89639
89683
89684
89689
89695
89707
89712
89712
89714
89730
89732
89734
89736
89753
89763
89780
89846
89850
89850
89857
89863
89867
89885
89910
89923
89933
89944
89947
89956
89968
89973
89978
90005
90017
90033
90033
90034
90055
90059
90067
90072
90075
90083
90096
90110
90115
90119
90135
90135
90150
90182
90185
90190
90208
90213
90227
90241
90255
90262
90294
90297
90297
90305
90308
90311
90344
90353
90353
90355
90365
90365
90369
90399
90431
90432
90434
90442
90458
90482
90512
90532
90536
90542
90546
90551
90567
90569
90571
90576
90578
90581
90594
90599
90600
90603
90610
90622
90625
90634
90638
90654
90661
90672
90674
90678
90687
90689
90740
90754
90757
90764
90776
90783
90788
90799
90810
90819
90822
90831
90838
90846
90846
90848
90852
90854
90860
90866
90868
90904
90906
90908
90913
90927
90945
90951
90956
90962
90967
90970
90985
90994
91012
91026
91043
91060
91077
91077
91091
91098
91100
91103
91104
91113
91153
91170
91184
91185
91186
91186
91195
91198
91203
91219
91226
91230
91230
91261
91267
91273
91304
91316
91339
91357
91360
91370
91371
91373
91392
91395
91395
91401
91406
91455
91485
91498
91509
91515
91526
91533
91541
91541
91547
91551
91561
91592
91597
91603
91614
91647
91649
91657
91675
91679
91697
91699
91701
91717
91731
91735
91755
91760
91785
91802
91803
91808
91816
91816
91834
91843
91846
91851
91859
91874
91877
91891
91903
91914
91917
91925
91926
91938
91957
91958
91964
91994
92005
92022
92069
92075
92083
92086
92102
92115
92117
92135
92137
92140
92143
92143
92144
92148
92156
92156
92158
92158
92175
92180
92195
92205
92218
92224
92238
92250
92256
92261
92263
92267
92276
92285
92290
92305
92317
92341
92342
92349
92356
92360
92362
92363
92364
92374
92391
92407
92409
92410
92417
92422
92433
92454
92466
92475
92475
92479
92481
92485
92491
92493
92500
92515
92532
92545
92555
92563
92569
92618
92621
92626
92636
92640
92641
92642
92648
92649
92652
92653
92670
92688
92724
92731
92731
92761
92778
92778
92803
92823
92833
92857
92866
92868
92868
92871
92887
92888
92904
92906
92906
92906
92926
92953
92957
92975
92990
92998
93004
93004
93010
93011
93016
93017
93035
93046
93049
93049
93049
93056
93057
93062
93082
93088
93090
93098
93102
93117
93140
93155
93190
93198
93202
93217
93217
93219
93257
93284
93288
93291
93294
93295
93307
93307
93329
93336
93341
93352
93367
93375
93384
93403
93435
93447
93458
93466
93469
93477
93482
93488
93502
93505
93524
93540
93566
93574
93588
93589
93608
93624
93630
93652
93657
93661
93676
93687
93690
93703
93734
93739
93743
93750
93759
93785
93786
93787
93803
93821
93844
93846
93848
93849
93865
93873
93876
93878
93889
93896
93915
93919
93921
93937
93938
93943
93946
93959
93967
93968
93983
93984
93989
93992
94010
94011
94029
94050
94087
94089
94114
94114
94126
94156
94158
94165
94169
94174
94181
94183
94194
94195
94220
94230
94239
94266
94268
94273
94276
94278
94296
94299
94313
94314
94319
94321
94323
94329
94340
94346
94356
94360
94369
94373
94379
94390
94395
94400
94400
94402
94406
94431
94432
94437
94442
94467
94473
94486
94502
94512
94516
94521
94522
94540
94552
94553
94554
94557
94568
94570
94577
94582
94583
94584
94585
94587
94601
94620
94620
94625
94626
94641
94643
94643
94647
94647
94648
94682
94687
94711
94735
94747
94758
94759
94760
94791
94794
94798
94803
94823
94829
94867
94899
94900
94931
94933
94945
94978
94987
94997
95005
95009
95010
95011
95013
95015
95020
95044
95047
95047
95058
95065
95067
95072
95091
95103
95104
95120
95127
95129
95135
95137
95140
95146
95164
95189
95213
95217
95220
95227
95230
95238
95239
95249
95251
95257
95269
95269
95272
95280
95282
95300
95329
95340
95340
95341
95342
95342
95379
95382
95383
95386
95394
95403
95417
95420
95430
95433
95443
95456
95483
95491
95514
95515
95516
95524
95543
95545
95559
95578
95598
95598
95599
95608
95610
95612
95677
95679
95682
95689
95694
95753
95771
95780
95803
95803
95805
95809
95811
95812
95819
95820
95825
95839
95850
95855
95867
95878
95880
95883
95894
95900
95905
95913
95923
95936
95940
95941
95948
95955
95964
95968
95974
95976
95990
96004
96031
96039
96046
96050
96084
96087
96089
96142
96147
96150
96151
96162
96163
96166
96169
96183
96189
96206
96223
96225
96244
96245
96249
96257
96259
96278
96280
96304
96308
96323
96330
96332
96337
96347
96347
96347
96354
96356
96366
96385
96389
96393
96400
96410
96413
96414
96419
96429
96433
96449
96453
96483
96489
96490
96491
96520
96521
96534
96536
96547
96550
96567
96588
96591
96595
96604
96607
96617
96634
96651
96667
96692
96694
96709
96717
96718
96742
96757
96761
96766
96772
96774
96775
96781
96804
96834
96876
96893
96897
96902
96915
96926
96975
96983
96992
96994
97018
97027
97028
97031
97032
97033
97044
97061
97062
97069
97090
97107
97117
97123
97127
97138
97149
97151
97152
97155
97167
97189
97192
97197
97227
97228
97229
97231
97246
97256
97262
97274
97277
97280
97280
97281
97284
97284
97284
97294
97295
97300
97302
97308
97316
97321
97324
97328
97337
97341
97343
97356
97356
97367
97370
97374
97377
97378
97393
97398
97398
97407
97422
97425
97425
97432
97435
97444
97469
97471
97479
97488
97490
97498
97505
97507
97519
97520
97536
97547
97548
97557
97566
97584
97589
97600
97600
97615
97648
97665
97681
97695
97698
97707
97727
97739
97753
97764
97767
97781
97806
97811
97820
97821
97823
97832
97859
97888
97889
97904
97927
97928
97929
97954
97954
97988
97991
97996
98020
98021
98023
98031
98084
98103
98122
98124
98125
98135
98136
98141
98152
98179
98180
98184
98193
98210
98224
98232
98233
98241
98258
98267
98297
98313
98320
98325
98336
98338
98374
98376
98386
98397
98420
98420
98421
98457
98463
98472
98474
98478
98499
98511
98516
98520
98534
98570
98591
98609
98632
98634
98675
98675
98683
98687
98688
98696
98698
98700
98704
98745
98749
98777
98779
98792
98802
98804
98804
98809
98821
98831
98847
98858
98872
98879
98886
98900
98936
98941
98952
98978
99000
99002
99008
99011
99022
99026
99036
99039
99051
99051
99058
99061
99062
99065
99083
99092
99103
99118
99125
99138
99152
99194
99199
99221
99222
99226
99235
99242
99244
99258
99261
99272
99273
99277
99282
99297
99313
99325
99328
99335
99353
99362
99362
99368
99369
99380
99386
99396
99403
99404
99426
99430
99440
99455
99475
99475
99483
99490
99494
99499
99509
99533
99584
99586
99610
99622
99631
99635
99635
99645
99651
99676
99679
99686
99720
99725
99734
99743
99759
99766
99770
99811
99815
99852
99853
99883
99887
99893
99894
99898
99903
99905
99916
99930
99931
99931
99932
99938
99940
99961
99981
99987
99989
99996
99999
