0
5
16
16
30
31
33
84
98
105
117
119
130
146
166
172
174
186
193
194
205
207
212
221
229
230
231
235
243
243
246
264
272
290
301
308
309
311
314
339
341
354
360
362
373
412
416
435
452
463
485
501
505
520
550
574
590
599
612
626
631
632
642
652
653
673
676
691
702
705
723
736
736
761
774
778
779
794
808
809
811
820
830
831
836
859
868
871
879
889
906
909
909
913
930
949
959
977
984
992
1010
1013
1018
1041
1042
1045
1046
1067
1069
1074
1075
1080
1086
1096
1097
1097
1101
1101
1106
1107
1123
1123
1125
1125
1137
1140
1170
1173
1202
1204
1206
1209
1211
1212
1226
1230
1230
1234
1239
1242
1246
1257
1260
1269
1272
1284
1288
1331
1333
1335
1352
1360
1367
1377
1394
1403
1429
1430
1435
1439
1442
1464
1466
1468
1469
1473
1490
1504
1507
1514
1530
1531
1550
1564
1570
1576
1576
1577
1580
1586
1589
1595
1596
1614
1647
1661
1664
1665
1665
1674
1682
1692
1694
1712
1715
1718
1719
1729
1755
1760
1768
1769
1819
1848
1859
1889
1896
1899
1918
1928
1956
1962
1970
1994
1997
2007
2021
2021
2022
2043
2056
2076
2097
2101
2105
2106
2126
2134
2164
2173
2178
2181
2183
2193
2203
2209
2214
2219
2237
2242
2250
2330
2336
2351
2353
2355
2355
2358
2366
2377
2403
2404
2419
2442
2500
2504
2506
2507
2515
2524
2534
2534
2556
2565
2574
2577
2580
2591
2591
2606
2607
2627
2629
2631
2637
2654
2671
2673
2692
2717
2722
2725
2741
2747
2759
2767
2799
2801
2814
2818
2819
2825
2827
2855
2868
2882
2897
2902
2909
2910
2911
2933
2947
2985
2985
3004
3027
3040
3047
3062
3065
3067
3071
3130
3130
3148
3166
3174
3175
3178
3179
3184
3191
3212
3216
3228
3247
3255
3260
3294
3296
3301
3303
3313
3313
3341
3348
3352
3370
3382
3388
3420
3436
3467
3470
3475
3515
3532
3541
3555
3567
3581
3587
3587
3616
3629
3653
3683
3695
3707
3724
3738
3744
3755
3763
3801
3806
3807
3824
3829
3835
3855
3858
3881
3885
3886
3892
3899
3906
3920
3927
3930
3934
3954
3960
3969
3973
3978
3984
3988
4000
4024
4033
4067
4078
4081
4087
4089
4090
4097
4100
4103
4105
4116
4129
4162
4167
4171
4171
4172
4178
4184
4210
4213
4214
4214
4216
4233
4243
4244
4254
4255
4258
4267
4267
4279
4330
4347
4355
4364
4368
4371
4375
4375
4382
4389
4441
4442
4466
4471
4473
4477
4478
4484
4489
4494
4514
4531
4548
4564
4570
4577
4628
4639
4639
4645
4670
4684
4698
4698
4726
4731
4759
4776
4790
4793
4801
4810
4811
4835
4845
4851
4857
4876
4888
4915
4921
4937
4939
4949
4949
4962
4979
4982
4984
5010
5021
5048
5049
5049
5053
5065
5076
5115
5115
5120
5127
5129
5131
5142
5144
5164
5180
5187
5192
5194
5208
5213
5242
5272
5275
5278
5279
5284
5285
5285
5301
5311
5325
5328
5351
5361
5363
5368
5370
5374
5377
5380
5397
5415
5425
5431
5435
5438
5449
5456
5475
5486
5486
5491
5498
5498
5517
5524
5537
5545
5546
5575
5577
5622
5636
5647
5648
5677
5700
5705
5710
5719
5719
5738
5742
5749
5754
5785
5795
5805
5806
5807
5810
5814
5821
5831
5835
5855
5858
5879
5902
5908
5911
5913
5921
5925
5926
5945
5947
5951
5955
5955
5955
5975
5975
5981
5984
5997
6006
6026
6034
6040
6043
6056
6060
6079
6080
6084
6085
6101
6108
6115
6127
6130
6130
6134
6178
6196
6203
6225
6229
6230
6241
6245
6250
6259
6264
6284
6297
6307
6336
6347
6374
6380
6389
6394
6399
6403
6404
6428
6437
6442
6464
6468
6477
6483
6484
6496
6512
6522
6530
6530
6531
6538
6539
6540
6542
6557
6557
6582
6611
6611
6614
6620
6629
6633
6643
6653
6655
6668
6671
6696
6700
6701
6717
6751
6754
6757
6767
6772
6783
6784
6791
6799
6804
6835
6857
6866
6877
6882
6886
6895
6896
6902
6908
6921
6925
6936
6940
6958
6965
6981
6994
7008
7020
7031
7036
7048
7053
7082
7084
7088
7095
7139
7142
7155
7160
7169
7173
7178
7179
7220
7229
7239
7240
7247
7249
7252
7260
7300
7327
7335
7357
7362
7393
7394
7401
7403
7403
7403
7405
7417
7438
7448
7464
7473
7475
7492
7505
7560
7588
7603
7604
7649
7657
7666
7672
7676
7686
7690
7695
7703
7704
7721
7750
7771
7782
7784
7786
7788
7804
7814
7818
7825
7836
7851
7862
7867
7868
7896
7898
7900
7907
7916
7917
7923
7923
7925
7927
7931
7946
7949
7964
7973
7988
7988
7993
8004
8004
8005
8008
8009
8011
8027
8028
8035
8045
8053
8080
8082
8083
8111
8130
8162
8173
8193
8197
8211
8225
8231
8231
8231
8251
8252
8261
8266
8268
8269
8287
8288
8292
8308
8311
8312
8313
8319
8328
8329
8333
8340
8343
8360
8362
8366
8370
8380
8394
8395
8397
8403
8438
8455
8472
8472
8496
8498
8505
8520
8524
8532
8536
8550
8550
8563
8579
8597
8624
8633
8639
8649
8653
8660
8662
8675
8677
8687
8728
8728
8750
8752
8753
8756
8757
8761
8761
8774
8778
8787
8790
8791
8801
8806
8814
8818
8823
8830
8842
8856
8867
8889
8899
8913
8914
8920
8929
8933
8937
8966
9005
9015
9023
9027
9036
9039
9050
9080
9098
9100
9105
9126
9152
9171
9182
9187
9194
9204
9207
9212
9246
9258
9264
9269
9282
9283
9288
9289
9299
9313
9316
9320
9362
9373
9382
9389
9393
9394
9405
9410
9411
9415
9416
9486
9487
9489
9493
9498
9507
9511
9514
9520
9565
9580
9580
9581
9603
9613
9626
9628
9633
9650
9658
9691
9696
9709
9711
9719
9753
9759
9766
9770
9792
9799
9805
9815
9821
9827
9829
9836
9838
9848
9854
9856
9861
9873
9881
9885
9894
9896
9898
9900
9903
9904
9909
9913
9916
9922
9938
9945
9962
9987
10000
10017
10021
10041
10043
10047
10053
10058
10079
10082
10085
10089
10090
10093
10104
10112
10117
10145
10147
10147
10153
10162
10180
10185
10193
10194
10204
10212
10223
10227
10233
10247
10250
10260
10271
10285
10292
10318
10328
10328
10333
10357
10363
10366
10373
10388
10388
10400
10418
10427
10433
10451
10471
10474
10481
10489
10490
10527
10545
10557
10562
10563
10564
10569
10571
10577
10591
10592
10615
10630
10631
10645
10647
10653
10667
10676
10692
10710
10710
10719
10721
10729
10754
10772
10782
10788
10788
10790
10792
10806
10824
10824
10836
10837
10840
10843
10844
10845
10868
10872
10882
10912
10916
10917
10923
10925
10931
10942
10946
10965
10970
10974
10996
11010
11012
11015
11016
11025
11033
11034
11105
11106
11120
11125
11129
11130
11179
11191
11194
11197
11205
11224
11230
11234
11237
11244
11265
11283
11290
11310
11320
11343
11352
11361
11364
11364
11370
11393
11394
11394
11400
11410
11419
11423
11426
11438
11452
11463
11464
11488
11495
11530
11537
11538
11553
11598
11618
11624
11639
11653
11676
11684
11686
11691
11696
11702
11705
11706
11708
11726
11727
11729
11733
11735
11753
11758
11764
11782
11791
11803
11818
11829
11833
11839
11876
11880
11891
11895
11900
11913
11925
11941
11946
11958
11978
11979
11979
11982
11988
11991
12000
12017
12035
12036
12037
12084
12110
12111
12137
12138
12145
12147
12151
12183
12227
12227
12232
12283
12285
12301
12313
12323
12338
12339
12344
12352
12367
12378
12390
12411
12415
12422
12424
12427
12431
12432
12433
12448
12450
12455
12456
12469
12478
12479
12483
12519
12534
12577
12577
12604
12623
12638
12644
12645
12651
12657
12667
12691
12708
12721
12723
12725
12733
12742
12783
12785
12790
12799
12802
12802
12805
12819
12826
12831
12848
12878
12881
12904
12905
12906
12916
12929
12953
12955
12956
12963
12975
12987
12989
13007
13012
13014
13014
13020
13021
13031
13037
13039
13053
13062
13069
13084
13087
13094
13100
13110
13125
13127
13137
13142
13145
13148
13166
13174
13187
13218
13235
13250
13274
13275
13276
13292
13300
13322
13328
13355
13377
13418
13428
13439
13444
13447
13455
13461
13462
13465
13471
13494
13503
13508
13543
13544
13553
13555
13564
13574
13585
13608
13613
13615
13630
13631
13632
13639
13653
13653
13662
13664
13669
13669
13679
13680
13698
13703
13708
13708
13716
13719
13726
13791
13801
13801
13827
13836
13847
13850
13861
13871
13873
13883
13894
13894
13901
13915
13934
13965
13993
14003
14007
14008
14014
14025
14045
14063
14064
14070
14077
14108
14132
14138
14150
14163
14169
14184
14191
14209
14211
14217
14236
14257
14269
14271
14278
14289
14292
14303
14308
14310
14314
14318
14327
14331
14345
14349
14351
14362
14372
14375
14381
14388
14419
14422
14464
14473
14498
14502
14513
14516
14543
14553
14558
14560
14581
14593
14596
14598
14605
14626
14628
14634
14635
14638
14675
14675
14713
14731
14732
14764
14772
14774
14774
14784
14817
14826
14840
14842
14849
14864
14866
14873
14874
14879
14883
14899
14916
14916
14919
14930
14931
14936
14942
14962
14970
14975
15025
15034
15048
15056
15056
15060
15064
15075
15095
15103
15105
15119
15144
15155
15157
15168
15172
15179
15192
15194
15206
15206
15221
15262
15272
15287
15290
15295
15302
15319
15345
15349
15364
15386
15407
15418
15433
15447
15468
15483
15520
15524
15525
15528
15535
15547
15551
15553
15563
15566
15586
15593
15595
15595
15605
15618
15623
15631
15635
15636
15646
15650
15662
15672
15692
15708
15708
15711
15724
15726
15743
15751
15754
15758
15767
15773
15784
15784
15802
15805
15809
15820
15824
15864
15869
15876
15877
15911
15915
15928
15932
15971
15973
15977
15980
15980
15986
15990
15999
16010
16013
16020
16029
16042
16051
16054
16062
16070
16088
16088
16089
16093
16134
16138
16139
16160
16168
16169
16191
16192
16201
16207
16207
16209
16211
16226
16264
16280
16280
16297
16301
16310
16313
16327
16333
16352
16372
16382
16391
16410
16426
16445
16470
16474
16500
16501
16508
16513
16516
16517
16546
16562
16565
16589
16615
16629
16630
16630
16632
16661
16661
16665
16679
16685
16726
16726
16728
16733
16738
16744
16755
16756
16761
16772
16775
16775
16780
16802
16804
16809
16846
16846
16860
16870
16879
16885
16914
16916
16923
16949
16967
16969
16972
17006
17010
17017
17017
17018
17028
17030
17031
17035
17036
17040
17047
17053
17057
17057
17067
17072
17085
17093
17093
17103
17112
17128
17133
17143
17145
17147
17168
17176
17189
17190
17193
17205
17209
17210
17215
17215
17216
17221
17223
17227
17229
17250
17250
17251
17258
17295
17304
17336
17363
17371
17387
17395
17398
17401
17404
17405
17425
17431
17435
17448
17452
17469
17478
17480
17483
17491
17518
17526
17534
17541
17551
17553
17563
17566
17585
17598
17600
17613
17618
17648
17659
17661
17668
17675
17680
17688
17690
17700
17715
17729
17731
17731
17758
17811
17816
17817
17833
17854
17871
17875
17879
17893
17911
17944
17967
17969
17972
17976
17983
17990
17994
18004
18008
18017
18023
18030
18032
18041
18043
18067
18089
18096
18111
18119
18135
18144
18192
18199
18204
18206
18235
18236
18236
18241
18253
18288
18305
18310
18311
18314
18321
18328
18333
18337
18354
18359
18361
18381
18418
18430
18432
18442
18443
18446
18454
18467
18485
18504
18515
18515
18544
18550
18559
18562
18567
18574
18589
18592
18601
18608
18609
18620
18634
18648
18702
18750
18759
18766
18767
18772
18807
18809
18826
18840
18842
18858
18878
18885
18890
18908
18911
18925
18925
18930
18935
18941
18945
18952
18974
18986
18986
19006
19009
19017
19025
19026
19026
19038
19044
19074
19091
19095
19177
19210
19229
19239
19252
19255
19264
19266
19266
19283
19284
19292
19314
19337
19350
19374
19377
19384
19385
19386
19422
19425
19444
19446
19466
19467
19488
19503
19503
19518
19539
19548
19552
19560
19570
19578
19625
19640
19655
19707
19713
19720
19733
19745
19748
19783
19789
19797
19797
19809
19817
19819
19825
19826
19840
19845
19854
19855
19865
19868
19871
19901
19903
19921
19939
19940
19947
19954
19959
19960
19986
20017
20018
20038
20043
20043
20050
20051
20052
20065
20066
20070
20075
20091
20092
20098
20101
20101
20117
20130
20144
20184
20191
20191
20192
20195
20200
20201
20207
20217
20219
20232
20242
20249
20255
20269
20290
20292
20297
20300
20306
20307
20315
20322
20331
20342
20354
20359
20363
20382
20403
20410
20412
20430
20442
20452
20472
20491
20509
20510
20517
20563
20566
20574
20575
20579
20608
20611
20619
20625
20626
20643
20650
20652
20652
20663
20672
20675
20691
20699
20701
20721
20726
20735
20736
20770
20775
20780
20783
20794
20798
20802
20846
20868
20881
20886
20890
20893
20910
20922
20942
20976
21036
21052
21057
21060
21067
21086
21088
21093
21124
21146
21146
21162
21163
21166
21169
21180
21181
21184
21198
21217
21229
21232
21249
21269
21277
21288
21300
21313
21335
21338
21342
21343
21369
21380
21387
21399
21402
21418
21427
21429
21434
21437
21454
21455
21465
21480
21484
21494
21498
21501
21504
21516
21516
21522
21536
21543
21543
21558
21561
21568
21574
21578
21589
21591
21593
21594
21599
21621
21624
21644
21658
21659
21662
21673
21679
21686
21691
21704
21705
21707
21714
21734
21745
21754
21766
21767
21775
21777
21796
21810
21810
21817
21817
21823
21866
21878
21907
21907
21911
21926
21934
21939
21948
21959
21970
21975
21976
21981
21984
21993
21997
22010
22012
22015
22033
22033
22047
22054
22066
22066
22068
22070
22080
22083
22089
22095
22097
22099
22099
22116
22129
22140
22142
22147
22158
22158
22161
22170
22176
22195
22204
22205
22210
22214
22221
22224
22228
22230
22232
22255
22263
22263
22282
22303
22339
22342
22344
22374
22376
22383
22388
22391
22401
22410
22412
22436
22441
22445
22472
22508
22510
22535
22541
22550
22561
22573
22585
22585
22594
22598
22601
22608
22614
22623
22632
22634
22636
22651
22670
22685
22690
22705
22709
22736
22736
22753
22755
22759
22765
22771
22795
22797
22814
22827
22829
22845
22863
22893
22902
22907
22921
22929
22942
22943
22951
22964
22977
22993
23024
23026
23040
23055
23081
23088
23103
23119
23132
23155
23155
23160
23164
23173
23177
23178
23180
23185
23206
23244
23251
23260
23265
23268
23281
23281
23281
23284
23294
23301
23309
23316
23317
23328
23333
23364
23367
23373
23380
23396
23410
23416
23434
23440
23452
23466
23469
23473
23479
23498
23498
23512
23546
23548
23570
23587
23589
23592
23599
23612
23616
23648
23675
23678
23680
23696
23699
23706
23709
23714
23724
23727
23731
23737
23758
23773
23774
23775
23786
23794
23805
23809
23816
23817
23831
23856
23876
23876
23878
23880
23886
23892
23907
23919
23933
23946
23951
23953
23963
23967
23975
23985
23986
23987
24016
24024
24031
24054
24054
24057
24063
24093
24102
24105
24112
24113
24123
24141
24141
24148
24195
24201
24223
24224
24227
24234
24240
24252
24252
24252
24261
24284
24285
24297
24307
24310
24314
24320
24320
24329
24338
24340
24348
24348
24359
24359
24365
24374
24393
24407
24436
24470
24472
24481
24485
24524
24539
24560
24574
24588
24607
24622
24624
24643
24644
24646
24663
24676
24697
24704
24711
24713
24715
24717
24719
24725
24730
24741
24745
24755
24761
24773
24779
24779
24786
24788
24788
24789
24807
24809
24821
24828
24829
24850
24867
24889
24910
24915
24922
24934
24942
24956
24986
24993
25029
25032
25035
25042
25046
25070
25072
25086
25106
25107
25112
25123
25124
25129
25149
25162
25166
25170
25185
25188
25193
25201
25203
25216
25230
25255
25261
25275
25289
25306
25325
25342
25355
25357
25403
25411
25421
25425
25425
25427
25458
25477
25482
25516
25520
25523
25538
25544
25564
25565
25584
25585
25598
25610
25612
25613
25613
25623
25623
25627
25641
25642
25642
25647
25679
25689
25703
25708
25709
25718
25739
25743
25749
25764
25770
25807
25808
25809
25822
25826
25831
25837
25840
25854
25860
25869
25893
25897
25926
25933
25940
25951
25955
25957
25962
25983
25988
25989
25992
25998
25998
26002
26007
26011
26044
26054
26093
26095
26110
26111
26133
26134
26136
26138
26142
26155
26168
26194
26218
26223
26234
26235
26242
26243
26245
26258
26264
26279
26288
26325
26325
26342
26342
26347
26349
26350
26368
26384
26389
26396
26403
26409
26413
26421
26453
26470
26476
26483
26484
26494
26496
26502
26504
26505
26509
26524
26525
26530
26533
26537
26541
26593
26630
26649
26652
26654
26654
26681
26688
26693
26710
26728
26738
26743
26751
26754
26760
26801
26802
26823
26837
26857
26858
26879
26881
26890
26891
26895
26904
26933
26937
26979
26979
26984
27011
27026
27027
27036
27052
27069
27073
27078
27094
27095
27110
27115
27117
27124
27126
27130
27140
27142
27151
27164
27170
27182
27189
27205
27209
27216
27220
27220
27234
27267
27270
27291
27311
27351
27357
27357
27390
27394
27407
27427
27441
27446
27447
27471
27479
27490
27499
27505
27505
27506
27514
27514
27515
27517
27531
27550
27582
27598
27622
27624
27630
27641
27646
27667
27674
27676
27682
27690
27692
27700
27712
27714
27762
27771
27780
27795
27823
27825
27830
27848
27854
27855
27863
27872
27880
27895
27895
27898
27900
27902
27912
27917
27919
27924
27928
27930
27935
27956
27966
27967
27969
27969
27977
27984
27993
27998
28001
28007
28010
28018
28028
28048
28052
28067
28083
28095
28096
28124
28128
28136
28138
28141
28141
28143
28152
28161
28164
28189
28204
28211
28215
28254
28263
28264
28266
28291
28291
28300
28315
28331
28340
28344
28351
28398
28402
28412
28421
28424
28425
28431
28432
28434
28440
28468
28468
28469
28476
28477
28482
28507
28512
28525
28539
28548
28550
28585
28590
28592
28596
28596
28632
28645
28656
28663
28668
28668
28689
28691
28720
28722
28731
28731
28778
28781
28782
28795
28806
28828
28832
28833
28834
28847
28869
28869
28874
28884
28888
28897
28898
28911
28926
28942
28954
28966
28999
29005
29007
29013
29028
29035
29039
29043
29056
29060
29066
29078
29096
29102
29115
29126
29129
29139
29143
29144
29148
29167
29180
29186
29198
29301
29306
29308
29312
29313
29352
29361
29392
29394
29394
29397
29400
29401
29413
29415
29446
29481
29489
29500
29514
29530
29560
29573
29587
29602
29605
29606
29614
29629
29640
29661
29674
29682
29688
29694
29727
29737
29742
29752
29762
29764
29766
29769
29771
29783
29787
29798
29823
29827
29830
29832
29833
29833
29866
29868
29888
29913
29919
29948
29955
29956
29982
29984
29999
30003
30016
30038
30069
30097
30101
30113
30141
30143
30183
30187
30191
30215
30223
30226
30233
30260
30268
30274
30302
30302
30335
30335
30342
30344
30350
30358
30369
30374
30383
30396
30397
30400
30403
30411
30437
30445
30448
30463
30482
30506
30543
30548
30550
30563
30569
30589
30599
30600
30603
30604
30642
30650
30654
30656
30665
30666
30676
30679
30679
30686
30703
30708
30709
30742
30748
30750
30753
30782
30809
30847
30863
30902
30904
30911
30917
30926
30945
30964
30964
30976
30977
30980
30990
30992
31045
31048
31068
31068
31078
31083
31084
31088
31102
31113
31132
31139
31141
31142
31145
31164
31168
31171
31187
31192
31193
31205
31210
31220
31221
31233
31237
31259
31273
31290
31295
31311
31311
31324
31325
31393
31401
31403
31414
31418
31435
31439
31446
31446
31456
31464
31464
31484
31487
31495
31504
31509
31536
31536
31541
31543
31545
31553
31557
31596
31612
31629
31631
31633
31635
31671
31679
31679
31718
31719
31720
31727
31772
31775
31780
31782
31793
31797
31815
31826
31848
31857
31861
31873
31875
31877
31879
31880
31887
31889
31897
31911
31928
31932
31934
31936
31959
31961
31978
31978
31981
31987
31993
32016
32016
32040
32047
32048
32053
32059
32059
32077
32112
32117
32125
32130
32132
32142
32168
32172
32177
32188
32195
32195
32214
32217
32223
32237
32254
32263
32266
32271
32294
32296
32345
32348
32364
32367
32369
32369
32393
32418
32419
32420
32424
32441
32473
32476
32523
32529
32531
32550
32582
32591
32602
32605
32606
32626
32631
32678
32694
32700
32705
32710
32712
32714
32720
32723
32726
32735
32736
32737
32740
32742
32743
32753
32767
32783
32793
32796
32799
32823
32824
32846
32871
32873
32875
32880
32899
32917
32928
32942
32967
32980
33016
33018
33049
33058
33059
33081
33091
33094
33102
33105
33107
33113
33134
33156
33161
33162
33166
33189
33192
33196
33199
33235
33235
33245
33275
33280
33339
33351
33358
33371
33376
33380
33394
33396
33410
33413
33426
33437
33441
33444
33459
33466
33477
33481
33504
33504
33512
33518
33523
33532
33535
33540
33552
33555
33572
33577
33587
33589
33602
33603
33606
33606
33608
33635
33636
33643
33655
33661
33663
33673
33675
33682
33688
33706
33710
33710
33713
33718
33732
33736
33761
33768
33787
33817
33831
33836
33841
33876
33879
33885
33885
33898
33916
33933
33937
33946
33946
33957
33965
33972
33972
33973
33981
33987
33994
34009
34017
34031
34037
34039
34058
34058
34066
34067
34072
34075
34079
34093
34096
34099
34116
34131
34145
34146
34163
34177
34181
34185
34207
34212
34218
34225
34245
34253
34257
34262
34264
34300
34304
34376
34379
34385
34389
34397
34397
34408
34421
34423
34446
34457
34459
34483
34485
34486
34488
34498
34513
34516
34519
34524
34540
34559
34579
34599
34601
34602
34612
34654
34660
34681
34684
34699
34701
34714
34715
34724
34743
34750
34757
34760
34766
34769
34780
34788
34793
34800
34810
34811
34812
34818
34848
34854
34863
34871
34876
34879
34891
34903
34903
34911
34918
34928
34937
34938
34979
34983
35001
35011
35013
35032
35033
35036
35038
35058
35086
35096
35114
35135
35140
35146
35152
35158
35162
35170
35189
35192
35195
35209
35228
35229
35231
35245
35247
35249
35276
35288
35290
35292
35295
35323
35351
35361
35362
35367
35372
35378
35383
35392
35394
35406
35409
35414
35421
35429
35442
35444
35468
35486
35487
35492
35494
35497
35497
35499
35500
35502
35504
35509
35509
35509
35522
35537
35539
35560
35571
35583
35593
35596
35604
35605
35621
35623
35623
35624
35625
35643
35657
35657
35657
35669
35670
35675
35680
35686
35687
35695
35695
35702
35703
35707
35719
35734
35743
35752
35758
35784
35801
35817
35821
35823
35834
35835
35836
35837
35844
35861
35865
35894
35902
35918
35925
35961
35970
35976
35986
35991
36024
36038
36039
36039
36040
36042
36043
36054
36070
36083
36094
36124
36130
36135
36140
36149
36158
36158
36170
36189
36211
36212
36262
36263
36272
36313
36320
36322
36334
36347
36348
36353
36391
36406
36410
36419
36419
36429
36440
36460
36475
36478
36491
36492
36494
36500
36501
36503
36534
36544
36546
36562
36571
36582
36606
36610
36612
36665
36670
36675
36681
36703
36715
36715
36732
36760
36765
36766
36773
36776
36814
36819
36823
36825
36831
36835
36839
36841
36860
36863
36867
36897
36898
36900
36903
36905
36930
36937
36944
36952
36955
36974
37008
37019
37025
37039
37040
37041
37057
37068
37082
37084
37085
37089
37100
37120
37134
37138
37142
37146
37151
37162
37167
37170
37179
37181
37186
37215
37226
37228
37245
37246
37257
37258
37262
37269
37270
37275
37275
37277
37282
37284
37288
37291
37320
37324
37325
37332
37343
37350
37362
37370
37383
37383
37390
37411
37421
37432
37437
37442
37462
37475
37480
37494
37495
37495
37499
37504
37505
37520
37524
37527
37529
37551
37556
37561
37574
37589
37596
37616
37624
37630
37632
37640
37657
37657
37662
37664
37671
37686
37687
37717
37731
37740
37744
37753
37757
37779
37780
37786
37794
37797
37801
37805
37825
37834
37835
37847
37858
37862
37876
37879
37892
37892
37898
37912
37912
37921
37926
37943
37993
38010
38019
38024
38060
38064
38076
38085
38105
38118
38124
38138
38142
38156
38163
38164
38178
38213
38215
38240
38263
38275
38285
38286
38302
38332
38337
38339
38341
38342
38369
38375
38380
38389
38390
38403
38405
38419
38451
38481
38491
38495
38513
38518
38522
38527
38543
38549
38552
38556
38557
38567
38595
38624
38633
38634
38655
38663
38663
38666
38667
38669
38676
38698
38763
38793
38794
38803
38809
38817
38819
38828
38868
38882
38891
38896
38901
38902
38910
38918
38922
38924
38925
38929
38956
38958
38970
39024
39026
39032
39038
39055
39057
39078
39095
39124
39143
39164
39165
39176
39187
39188
39191
39206
39216
39218
39218
39226
39231
39232
39244
39255
39256
39257
39257
39262
39263
39266
39272
39284
39285
39290
39292
39304
39318
39319
39324
39325
39342
39344
39390
39392
39395
39396
39397
39398
39401
39405
39411
39417
39426
39431
39447
39452
39460
39476
39476
39478
39479
39480
39504
39511
39511
39517
39525
39531
39546
39547
39550
39558
39579
39607
39613
39630
39641
39659
39664
39671
39673
39695
39709
39710
39734
39737
39806
39809
39814
39823
39829
39833
39837
39865
39869
39875
39886
39889
39891
39895
39915
39916
39918
39920
39924
39930
39933
39935
39943
39945
39956
39968
39994
39999
40010
40015
40029
40034
40038
40044
40061
40063
40083
40091
40093
40101
40140
40148
40153
40155
40159
40174
40186
40230
40239
40250
40259
40268
40276
40282
40293
40305
40312
40320
40324
40329
40331
40332
40335
40344
40363
40369
40384
40391
40400
40402
40403
40418
40419
40460
40467
40482
40485
40505
40505
40538
40543
40546
40549
40572
40583
40585
40610
40656
40658
40680
40684
40689
40690
40701
40703
40704
40710
40715
40724
40725
40731
40736
40742
40747
40766
40766
40787
40788
40808
40810
40822
40845
40846
40851
40852
40884
40894
40902
40904
40916
40928
40938
40972
40982
40982
41016
41017
41020
41023
41035
41037
41065
41075
41081
41092
41094
41095
41098
41101
41102
41110
41112
41125
41131
41136
41156
41173
41177
41201
41209
41213
41223
41238
41247
41248
41255
41260
41285
41291
41313
41322
41323
41326
41335
41338
41340
41363
41375
41380
41383
41391
41396
41398
41409
41424
41439
41441
41447
41450
41456
41467
41467
41477
41479
41479
41480
41501
41504
41507
41515
41521
41521
41527
41538
41548
41565
41566
41590
41592
41617
41625
41628
41635
41636
41645
41650
41662
41664
41673
41698
41703
41718
41728
41731
41732
41741
41754
41774
41776
41780
41797
41797
41807
41810
41812
41825
41838
41855
41866
41871
41889
41890
41906
41939
41949
41949
41951
41960
41960
41981
41989
41992
42014
42015
42015
42015
42029
42030
42045
42046
42052
42078
42085
42090
42123
42128
42152
42177
42204
42207
42215
42221
42228
42234
42245
42249
42253
42264
42267
42282
42307
42308
42311
42316
42342
42357
42359
42421
42424
42435
42452
42459
42463
42468
42488
42490
42492
42493
42497
42500
42500
42508
42514
42533
42533
42547
42558
42560
42577
42598
42603
42604
42609
42616
42623
42641
42649
42655
42665
42672
42690
42701
42715
42717
42719
42722
42723
42732
42744
42761
42778
42801
42808
42814
42821
42829
42842
42863
42873
42875
42876
42887
42892
42908
42908
42910
42942
42945
42947
42952
42954
42959
42965
42966
42970
42973
42999
43040
43057
43072
43078
43079
43086
43088
43107
43126
43128
43133
43167
43175
43183
43201
43215
43250
43254
43320
43322
43349
43353
43354
43357
43364
43378
43394
43396
43402
43410
43429
43430
43434
43442
43445
43462
43473
43490
43492
43493
43495
43504
43532
43533
43539
43556
43579
43584
43593
43614
43662
43662
43679
43698
43699
43700
43718
43722
43722
43724
43741
43749
43756
43762
43782
43784
43784
43804
43829
43831
43842
43878
43878
43881
43892
43906
43921
43954
43971
43977
43980
43982
43985
43991
43992
43993
43997
44008
44009
44014
44019
44020
44023
44025
44034
44058
44065
44074
44081
44089
44099
44107
44117
44129
44131
44132
44137
44144
44159
44163
44174
44182
44188
44198
44200
44208
44222
44223
44223
44224
44228
44243
44255
44260
44265
44274
44277
44282
44285
44294
44311
44348
44352
44357
44359
44360
44372
44373
44385
44402
44404
44425
44426
44433
44441
44444
44463
44465
44484
44487
44499
44499
44504
44513
44526
44533
44564
44567
44569
44573
44576
44578
44595
44614
44617
44618
44630
44633
44653
44655
44657
44663
44663
44665
44667
44687
44702
44737
44739
44762
44767
44768
44772
44774
44775
44777
44780
44789
44793
44816
44822
44845
44864
44886
44886
44889
44926
44931
44934
44949
44981
45008
45033
45035
45040
45044
45062
45064
45065
45068
45076
45078
45079
45095
45102
45154
45186
45189
45222
45226
45227
45232
45265
45287
45298
45305
45310
45320
45320
45322
45335
45336
45340
45344
45345
45350
45361
45364
45372
45381
45389
45389
45403
45412
45431
45445
45446
45451
45452
45453
45453
45462
45462
45471
45476
45480
45481
45512
45527
45530
45543
45554
45584
45593
45596
45603
45617
45618
45619
45629
45633
45639
45643
45644
45675
45686
45694
45707
45709
45710
45712
45720
45743
45752
45771
45773
45782
45783
45793
45798
45812
45813
45815
45825
45831
45836
45839
45853
45863
45876
45902
45915
45932
45938
45956
45960
45963
45965
45977
45988
45991
46003
46005
46038
46047
46052
46103
46147
46162
46168
46204
46222
46228
46230
46230
46231
46234
46238
46243
46255
46266
46270
46275
46278
46282
46285
46299
46300
46312
46313
46331
46334
46337
46356
46356
46363
46390
46396
46400
46409
46411
46413
46420
46426
46429
46432
46438
46438
46440
46446
46455
46464
46465
46495
46501
46504
46510
46518
46534
46543
46543
46556
46567
46575
46580
46580
46609
46612
46630
46639
46643
46649
46673
46684
46707
46711
46731
46738
46739
46744
46746
46756
46818
46820
46830
46831
46837
46846
46863
46866
46887
46896
46900
46907
46910
46916
46969
46983
46990
47006
47038
47052
47062
47077
47087
47100
47118
47139
47148
47161
47172
47175
47175
47179
47206
47214
47228
47244
47251
47334
47336
47338
47346
47361
47367
47368
47374
47379
47391
47397
47399
47401
47431
47435
47455
47457
47473
47485
47493
47510
47516
47523
47528
47532
47535
47539
47540
47565
47574
47578
47579
47585
47587
47588
47606
47610
47617
47617
47622
47624
47627
47630
47648
47659
47663
47677
47684
47685
47687
47696
47704
47708
47720
47725
47725
47729
47735
47750
47760
47763
47766
47768
47769
47771
47775
47776
47780
47788
47790
47798
47805
47811
47816
47825
47836
47850
47864
47866
47867
47886
47887
47898
47899
47900
47906
47912
47916
47927
47964
47965
48007
48010
48015
48020
48021
48022
48026
48038
48039
48042
48045
48057
48063
48064
48079
48080
48081
48105
48108
48110
48114
48123
48127
48132
48157
48164
48185
48191
48208
48212
48213
48228
48239
48255
48255
48272
48277
48279
48306
48310
48339
48352
48372
48395
48411
48415
48433
48434
48467
48469
48473
48475
48483
48485
48492
48492
48502
48516
48532
48535
48561
48593
48618
48624
48631
48640
48678
48693
48700
48743
48749
48756
48813
48836
48862
48869
48871
48907
48907
48945
48948
48949
48955
48961
48971
48988
48993
49010
49025
49057
49060
49080
49081
49085
49095
49107
49108
49125
49125
49127
49175
49176
49191
49198
49201
49222
49232
49234
49253
49259
49273
49285
49291
49294
49294
49325
49336
49355
49361
49374
49376
49382
49393
49400
49402
49404
49423
49425
49445
49458
49461
49465
49492
49504
49508
49514
49519
49522
49522
49531
49532
49541
49548
49559
49571
49574
49587
49593
49596
49598
49604
49623
49630
49644
49646
49648
49664
49666
49669
49685
49687
49707
49736
49752
49759
49761
49797
49816
49817
49851
49863
49863
49868
49888
49897
49922
49922
49924
49941
49942
49964
49977
50001
50005
50021
50048
50048
50072
50075
50076
50078
50086
50097
50105
50114
50145
50157
50164
50180
50187
50189
50195
50200
50204
50220
50227
50229
50232
50269
50270
50279
50297
50306
50312
50327
50376
50377
50388
50391
50397
50401
50402
50402
50405
50433
50433
50433
50439
50460
50473
50477
50486
50509
50513
50518
50537
50556
50557
50577
50607
50618
50618
50653
50660
50680
50686
50687
50691
50697
50712
50726
50738
50753
50755
50760
50767
50767
50783
50795
50805
50810
50812
50814
50821
50832
50840
50840
50843
50847
50849
50850
50852
50858
50861
50863
50869
50902
50907
50914
50925
50948
50950
50962
50970
50972
51008
51017
51018
51020
51021
51032
51069
51074
51084
51090
51095
51100
51105
51114
51130
51134
51159
51215
51221
51238
51250
51270
51275
51295
51296
51309
51310
51348
51359
51368
51369
51394
51405
51422
51453
51458
51459
51470
51472
51474
51475
51514
51534
51534
51550
51550
51564
51573
51574
51577
51578
51583
51583
51594
51601
51610
51620
51623
51645
51650
51650
51665
51694
51696
51697
51707
51710
51715
51716
51732
51739
51767
51768
51769
51776
51780
51804
51806
51817
51819
51821
51827
51833
51838
51839
51841
51844
51844
51848
51851
51892
51903
51906
51915
51931
51937
51939
51940
51946
51947
51958
51961
51980
51984
51984
51990
51993
51997
52006
52008
52009
52011
52024
52028
52035
52051
52061
52066
52084
52087
52110
52122
52133
52163
52173
52173
52176
52177
52202
52225
52234
52236
52238
52276
52285
52286
52291
52318
52322
52324
52330
52337
52346
52362
52374
52381
52387
52397
52398
52404
52407
52412
52417
52442
52448
52476
52503
52526
52536
52550
52573
52584
52602
52624
52635
52644
52666
52670
52671
52689
52702
52713
52729
52735
52741
52742
52761
52765
52767
52771
52792
52795
52802
52822
52850
52867
52883
52886
52932
52936
52941
52947
52949
52965
52967
52985
52991
52995
52997
52997
53022
53024
53040
53042
53048
53056
53069
53073
53086
53101
53101
53120
53122
53145
53149
53156
53174
53196
53208
53211
53238
53251
53256
53256
53271
53312
53326
53328
53336
53355
53355
53370
53375
53377
53386
53394
53398
53400
53414
53417
53417
53419
53449
53453
53482
53501
53530
53532
53537
53547
53550
53573
53576
53584
53587
53596
53611
53614
53616
53618
53630
53635
53680
53693
53707
53735
53747
53783
53807
53815
53823
53827
53836
53841
53850
53892
53893
53898
53907
53911
53912
53915
53919
53945
53947
53963
53975
53981
53984
53985
53987
54006
54008
54024
54026
54029
54031
54033
54035
54044
54065
54076
54090
54093
54101
54109
54144
54172
54182
54189
54220
54221
54222
54223
54227
54230
54236
54239
54258
54288
54308
54312
54325
54333
54335
54354
54373
54374
54386
54387
54393
54415
54419
54423
54431
54432
54449
54473
54474
54476
54491
54502
54509
54512
54528
54531
54541
54545
54549
54550
54552
54562
54598
54616
54618
54618
54619
54622
54623
54626
54633
54637
54663
54681
54686
54699
54704
54708
54722
54724
54745
54745
54749
54754
54758
54784
54795
54795
54798
54799
54815
54836
54842
54859
54860
54873
54878
54899
54906
54920
54927
54931
54942
54971
54976
54980
54986
54997
54997
55003
55026
55031
55047
55048
55049
55054
55059
55063
55072
55091
55099
55104
55120
55121
55144
55149
55166
55175
55202
55215
55225
55229
55233
55236
55250
55257
55265
55266
55267
55310
55316
55317
55318
55320
55337
55338
55345
55360
55380
55411
55416
55418
55421
55469
55492
55495
55520
55526
55526
55532
55532
55558
55575
55584
55587
55588
55604
55616
55621
55644
55654
55656
55665
55688
55717
55730
55758
55764
55767
55780
55784
55806
55811
55813
55823
55829
55830
55833
55843
55850
55853
55868
55877
55888
55901
55905
55914
55941
55947
55947
55954
55958
55970
55976
55977
55979
55983
55988
55995
55999
56002
56007
56007
56021
56030
56035
56041
56078
56083
56090
56095
56102
56133
56146
56147
56160
56161
56162
56171
56178
56204
56214
56224
56237
56248
56248
56250
56253
56284
56296
56315
56316
56318
56327
56341
56345
56349
56358
56361
56385
56402
56407
56434
56461
56469
56486
56504
56505
56509
56526
56537
56550
56553
56565
56574
56583
56584
56586
56590
56594
56599
56609
56609
56623
56628
56630
56646
56648
56653
56663
56670
56672
56681
56691
56711
56722
56724
56731
56739
56745
56751
56753
56754
56757
56779
56785
56809
56816
56825
56840
56851
56882
56888
56889
56908
56922
56924
56924
56928
56954
56955
56961
56962
56968
56983
56993
57002
57004
57013
57018
57026
57026
57042
57058
57060
57061
57072
57081
57083
57085
57086
57087
57124
57140
57142
57153
57169
57190
57194
57195
57210
57211
57215
57216
57219
57219
57224
57233
57233
57233
57258
57273
57287
57317
57325
57329
57333
57336
57342
57346
57348
57364
57370
57382
57383
57387
57388
57392
57404
57409
57413
57414
57446
57451
57478
57481
57496
57514
57516
57524
57542
57559
57561
57569
57578
57593
57600
57606
57611
57617
57620
57642
57661
57661
57662
57666
57666
57676
57678
57688
57691
57695
57708
57709
57716
57731
57753
57777
57778
57780
57782
57787
57793
57794
57800
57808
57811
57829
57838
57842
57844
57849
57849
57861
57868
57881
57889
57909
57936
57937
57942
57951
57953
57956
57966
57967
57969
57978
57987
57994
58002
58002
58016
58034
58041
58044
58050
58054
58059
58064
58066
58085
58120
58121
58121
58150
58155
58160
58163
58164
58168
58172
58186
58188
58201
58206
58208
58215
58235
58285
58297
58308
58337
58342
58352
58356
58356
58358
58376
58376
58379
58389
58394
58398
58428
58429
58435
58448
58461
58469
58482
58494
58517
58525
58533
58535
58537
58541
58542
58548
58569
58569
58581
58596
58599
58603
58614
58642
58642
58642
58646
58660
58673
58680
58691
58693
58702
58703
58705
58706
58709
58715
58717
58731
58735
58747
58768
58768
58772
58773
58792
58806
58831
58842
58845
58871
58889
58897
58898
58906
58927
58940
58952
58981
59001
59002
59005
59016
59031
59051
59064
59066
59072
59086
59092
59093
59100
59101
59101
59104
59116
59128
59167
59173
59197
59200
59214
59214
59228
59229
59230
59258
59258
59277
59296
59296
59296
59307
59314
59323
59331
59336
59351
59354
59368
59373
59396
59404
59405
59420
59426
59427
59436
59460
59491
59499
59500
59501
59510
59526
59532
59532
59533
59544
59547
59615
59621
59621
59627
59634
59634
59637
59652
59669
59674
59696
59723
59731
59740
59777
59788
59797
59805
59823
59835
59845
59859
59867
59872
59874
59875
59884
59888
59903
59905
59917
59918
59939
59943
59946
59947
59964
59973
59997
60044
60044
60059
60074
60087
60093
60094
60101
60110
60115
60134
60152
60154
60164
60167
60168
60170
60178
60217
60222
60223
60224
60241
60251
60256
60264
60313
60327
60337
60339
60342
60371
60372
60387
60393
60396
60413
60413
60420
60452
60460
60461
60461
60462
60474
60489
60499
60501
60525
60529
60550
60580
60584
60620
60627
60637
60637
60647
60659
60684
60702
60726
60727
60750
60750
60754
60758
60766
60769
60771
60772
60774
60784
60784
60812
60825
60833
60836
60851
60854
60863
60904
60928
60929
60933
60933
60936
60943
60956
60967
61005
61006
61009
61011
61021
61031
61040
61060
61061
61061
61070
61072
61075
61086
61087
61088
61099
61110
61116
61159
61191
61204
61205
61231
61247
61263
61273
61274
61277
61281
61300
61301
61301
61306
61315
61347
61356
61360
61365
61370
61404
61415
61417
61421
61437
61459
61462
61466
61486
61488
61510
61536
61540
61540
61560
61569
61570
61578
61578
61587
61597
61598
61611
61628
61638
61642
61657
61680
61702
61707
61718
61725
61738
61749
61752
61755
61797
61807
61822
61828
61830
61833
61836
61839
61845
61861
61876
61876
61879
61904
61914
61915
61934
61938
61938
61954
61963
61990
62009
62013
62018
62021
62046
62048
62049
62051
62062
62068
62094
62121
62121
62130
62142
62142
62192
62231
62256
62257
62268
62277
62282
62299
62334
62342
62357
62360
62363
62364
62368
62397
62401
62406
62441
62455
62459
62469
62469
62476
62490
62492
62503
62510
62510
62515
62515
62517
62531
62553
62568
62593
62596
62619
62642
62643
62649
62654
62671
62692
62701
62704
62709
62710
62713
62725
62735
62751
62760
62771
62774
62777
62797
62804
62809
62812
62814
62838
62867
62876
62880
62900
62900
62903
62907
62917
62924
62929
62932
62937
62937
62962
62966
62968
62982
62990
62991
63026
63056
63061
63074
63090
63094
63095
63125
63126
63138
63165
63172
63174
63207
63215
63220
63239
63240
63254
63257
63272
63278
63283
63286
63293
63297
63310
63340
63346
63387
63403
63405
63411
63418
63426
63442
63444
63456
63457
63458
63459
63468
63473
63473
63474
63478
63490
63503
63521
63555
63560
63575
63581
63582
63606
63609
63625
63626
63628
63642
63659
63688
63689
63711
63735
63744
63744
63745
63752
63771
63775
63778
63807
63819
63829
63830
63840
63841
63842
63851
63891
63905
63906
63907
63910
63918
63927
63943
63949
63960
63960
63961
63971
63973
64004
64017
64020
64023
64023
64041
64045
64049
64059
64070
64074
64083
64100
64106
64111
64130
64135
64142
64162
64167
64182
64214
64230
64244
64251
64252
64258
64258
64271
64273
64281
64295
64320
64346
64350
64357
64359
64363
64367
64376
64381
64382
64401
64402
64407
64415
64422
64422
64441
64452
64459
64461
64474
64481
64485
64486
64487
64495
64513
64519
64546
64549
64555
64564
64591
64597
64599
64635
64656
64668
64669
64677
64705
64705
64707
64710
64711
64714
64725
64725
64739
64744
64772
64783
64786
64803
64809
64828
64832
64851
64859
64860
64877
64885
64886
64888
64917
64922
64922
64924
64928
64928
64935
64938
64964
65004
65014
65048
65055
65074
65077
65082
65083
65084
65101
65130
65134
65151
65170
65180
65196
65206
65207
65214
65265
65276
65281
65291
65292
65294
65296
65311
65348
65368
65387
65452
65464
65465
65467
65482
65484
65486
65494
65506
65508
65515
65515
65522
65532
65541
65546
65547
65551
65568
65568
65577
65584
65585
65608
65617
65628
65655
65664
65670
65676
65687
65694
65713
65719
65723
65733
65735
65736
65744
65749
65753
65754
65761
65788
65795
65816
65837
65847
65852
65854
65856
65858
65873
65887
65904
65910
65948
65955
65958
65959
65993
66007
66010
66012
66016
66023
66028
66032
66037
66055
66083
66098
66108
66118
66126
66130
66132
66138
66140
66142
66151
66151
66152
66154
66156
66177
66186
66189
66213
66223
66231
66239
66240
66268
66270
66272
66281
66281
66281
66297
66299
66303
66307
66324
66333
66333
66338
66340
66345
66365
66374
66385
66389
66393
66410
66427
66440
66443
66452
66457
66462
66465
66469
66480
66484
66497
66501
66504
66520
66524
66526
66527
66529
66537
66565
66571
66575
66579
66587
66594
66595
66598
66599
66642
66644
66647
66671
66685
66704
66705
66736
66751
66757
66767
66780
66794
66816
66853
66860
66860
66861
66869
66870
66873
66883
66890
66904
66906
66942
66961
67001
67019
67047
67053
67054
67059
67063
67070
67072
67076
67078
67089
67093
67101
67122
67155
67160
67179
67184
67207
67208
67229
67232
67235
67262
67274
67277
67278
67330
67344
67375
67394
67417
67420
67450
67454
67465
67495
67496
67498
67511
67536
67537
67557
67569
67584
67587
67588
67624
67640
67674
67681
67725
67725
67729
67740
67769
67771
67778
67783
67788
67852
67858
67864
67888
67905
67913
67921
67934
67945
67962
67965
67968
67979
67981
68007
68008
68032
68062
68078
68085
68089
68098
68100
68111
68118
68119
68127
68138
68144
68145
68152
68160
68169
68170
68173
68176
68180
68187
68191
68191
68199
68226
68238
68243
68262
68275
68285
68295
68308
68332
68371
68384
68385
68386
68386
68398
68401
68411
68417
68418
68461
68465
68469
68486
68490
68507
68511
68528
68533
68542
68548
68552
68554
68560
68579
68583
68586
68587
68601
68601
68617
68618
68627
68646
68658
68670
68671
68671
68698
68704
68719
68734
68737
68743
68747
68755
68785
68789
68790
68799
68807
68813
68837
68841
68869
68882
68893
68894
68901
68909
68935
68957
68966
68966
68970
68983
68984
68990
68996
69003
69011
69015
69069
69070
69073
69085
69104
69108
69111
69141
69141
69145
69162
69176
69182
69194
69204
69204
69211
69218
69220
69221
69260
69271
69272
69279
69285
69302
69306
69313
69319
69321
69331
69333
69341
69343
69347
69362
69378
69398
69409
69416
69441
69447
69450
69460
69477
69487
69530
69531
69550
69556
69562
69565
69582
69585
69589
69594
69596
69597
69608
69613
69624
69625
69626
69643
69651
69655
69676
69677
69683
69688
69691
69719
69720
69732
69747
69765
69773
69777
69795
69800
69815
69824
69829
69835
69842
69851
69868
69880
69906
69907
69908
69924
69926
69934
69941
69943
69947
69972
69981
69982
69996
70001
70009
70020
70022
70024
70026
70045
70069
70083
70098
70124
70127
70142
70145
70173
70183
70188
70195
70235
70240
70245
70260
70266
70274
70289
70332
70340
70353
70357
70358
70360
70371
70373
70385
70394
70398
70398
70398
70409
70410
70413
70419
70441
70471
70481
70488
70495
70497
70509
70509
70516
70523
70526
70547
70561
70561
70563
70570
70574
70575
70578
70581
70602
70607
70612
70629
70636
70639
70641
70656
70660
70687
70687
70694
70702
70711
70725
70748
70755
70762
70778
70787
70809
70810
70818
70828
70836
70838
70867
70879
70880
70899
70899
70918
70930
70932
70943
70948
70952
70954
70964
70965
70976
70986
70996
71013
71015
71028
71084
71085
71093
71118
71128
71138
71140
71140
71140
71158
71173
71175
71197
71200
71232
71233
71248
71262
71272
71272
71275
71298
71305
71315
71321
71323
71332
71344
71347
71356
71368
71375
71383
71395
71396
71409
71410
71436
71449
71461
71487
71493
71506
71515
71523
71527
71531
71533
71534
71540
71546
71556
71573
71577
71619
71633
71635
71646
71650
71656
71667
71674
71674
71686
71688
71698
71710
71717
71724
71727
71737
71742
71770
71771
71786
71789
71796
71822
71836
71842
71851
71917
71963
71979
71998
72011
72026
72027
72033
72035
72035
72067
72080
72091
72100
72138
72139
72146
72169
72177
72185
72191
72198
72200
72210
72215
72237
72248
72260
72267
72271
72286
72297
72304
72313
72348
72350
72361
72373
72374
72385
72392
72400
72412
72413
72422
72428
72444
72451
72461
72463
72470
72478
72479
72502
72504
72508
72515
72524
72528
72539
72553
72564
72587
72597
72604
72626
72626
72627
72648
72681
72684
72692
72693
72718
72722
72728
72754
72756
72759
72767
72774
72783
72801
72836
72842
72842
72851
72865
72872
72873
72887
72897
72908
72913
72918
72920
72920
72941
72949
72971
72978
73001
73020
73025
73031
73032
73033
73033
73038
73040
73044
73060
73107
73122
73129
73133
73142
73147
73188
73200
73205
73218
73221
73236
73236
73241
73246
73247
73250
73262
73272
73275
73286
73288
73294
73294
73319
73338
73357
73389
73399
73405
73406
73406
73412
73414
73426
73430
73434
73435
73447
73475
73491
73492
73495
73504
73516
73521
73523
73526
73536
73546
73554
73557
73560
73578
73594
73637
73643
73653
73667
73682
73687
73688
73717
73719
73738
73744
73744
73750
73760
73777
73784
73792
73797
73798
73808
73833
73833
73846
73852
73856
73868
73890
73894
73936
73941
73966
73968
73980
74006
74007
74011
74029
74054
74054
74061
74064
74074
74077
74088
74089
74090
74098
74126
74160
74182
74185
74192
74192
74201
74204
74211
74218
74220
74221
74225
74232
74232
74242
74249
74268
74277
74289
74290
74291
74323
74325
74334
74350
74352
74357
74360
74368
74374
74375
74378
74385
74403
74405
74412
74413
74423
74442
74446
74453
74455
74456
74468
74468
74472
74473
74478
74484
74491
74495
74502
74502
74514
74521
74529
74544
74549
74550
74555
74556
74561
74580
74606
74610
74647
74654
74656
74674
74685
74689
74694
74707
74718
74736
74751
74776
74788
74791
74819
74822
74824
74832
74843
74851
74925
74958
74961
74967
74989
75021
75022
75033
75038
75079
75085
75093
75096
75100
75103
75106
75124
75141
75154
75160
75167
75168
75172
75178
75185
75187
75189
75193
75203
75206
75206
75212
75233
75247
75267
75270
75278
75281
75287
75292
75320
75331
75364
75377
75380
75385
75385
75389
75422
75442
75475
75478
75505
75520
75535
75536
75538
75539
75548
75562
75569
75584
75589
75589
75619
75629
75640
75643
75644
75649
75656
75664
75669
75681
75687
75694
75694
75701
75719
75730
75733
75736
75760
75797
75808
75818
75818
75818
75837
75840
75852
75854
75871
75873
75874
75877
75906
75906
75920
75926
75937
75946
75962
75963
75967
75973
75974
75981
75984
75997
75999
76009
76016
76024
76042
76052
76057
76060
76062
76063
76126
76148
76152
76181
76247
76251
76256
76268
76270
76282
76290
76296
76303
76313
76314
76320
76322
76324
76329
76355
76387
76408
76439
76445
76446
76462
76483
76483
76497
76497
76510
76522
76533
76540
76546
76553
76588
76609
76631
76654
76677
76682
76696
76699
76728
76736
76738
76738
76745
76756
76777
76778
76782
76803
76810
76816
76828
76845
76856
76867
76869
76871
76878
76880
76883
76885
76885
76910
76930
76944
76952
76976
76977
76979
76986
76994
77007
77014
77020
77026
77042
77063
77091
77098
77109
77123
77131
77146
77160
77162
77165
77166
77168
77169
77183
77198
77214
77216
77243
77248
77253
77271
77272
77275
77306
77316
77357
77364
77396
77403
77438
77442
77447
77449
77451
77453
77494
77502
77502
77513
77513
77516
77536
77542
77553
77557
77576
77613
77627
77641
77652
77657
77678
77680
77693
77709
77754
77761
77767
77784
77796
77797
77801
77812
77823
77841
77852
77877
77881
77919
77940
77948
77954
77962
77967
77979
77987
77987
78008
78018
78030
78042
78070
78084
78115
78127
78137
78142
78145
78146
78152
78168
78210
78214
78215
78228
78231
78249
78249
78254
78269
78269
78269
78278
78287
78289
78295
78300
78331
78334
78353
78362
78364
78378
78401
78412
78428
78451
78461
78463
78468
78488
78505
78512
78526
78541
78547
78552
78553
78604
78607
78614
78616
78631
78648
78661
78674
78680
78680
78683
78699
78701
78702
78707
78714
78720
78753
78756
78761
78769
78778
78801
78821
78823
78825
78828
78865
78895
78909
78918
78920
78924
78925
78933
78942
78943
78948
78953
78959
78992
78996
78998
79008
79008
79026
79030
79050
79053
79059
79059
79100
79112
79117
79118
79130
79199
79203
79230
79235
79239
79300
79301
79323
79324
79335
79354
79355
79367
79376
79378
79403
79422
79430
79432
79438
79440
79457
79458
79471
79474
79480
79484
79486
79497
79504
79520
79545
79553
79560
79562
79596
79596
79609
79613
79617
79618
79621
79636
79639
79643
79657
79660
79673
79678
79701
79708
79721
79721
79724
79725
79727
79738
79762
79762
79781
79782
79794
79805
79812
79818
79826
79838
79840
79842
79863
79864
79865
79870
79885
79937
79941
79945
79945
79954
79957
79963
79994
79995
79997
80027
80044
80045
80048
80056
80065
80077
80083
80085
80095
80104
80130
80132
80133
80142
80145
80153
80163
80169
80213
80215
80220
80243
80252
80260
80266
80279
80293
80305
80313
80317
80325
80339
80348
80352
80353
80365
80368
80369
80382
80399
80417
80424
80435
80474
80477
80486
80491
80524
80528
80532
80539
80545
80547
80573
80574
80586
80587
80598
80619
80627
80646
80647
80652
80660
80683
80703
80704
80704
80716
80728
80734
80749
80764
80780
80796
80797
80807
80811
80811
80856
80870
80875
80878
80880
80903
80919
80920
80928
80933
80937
80943
80951
80957
80961
80963
80973
80990
80991
80998
80999
81008
81014
81019
81019
81020
81021
81027
81029
81034
81047
81048
81067
81075
81099
81103
81119
81126
81133
81141
81141
81145
81150
81151
81154
81157
81164
81184
81188
81191
81193
81202
81205
81206
81210
81210
81210
81217
81223
81230
81233
81252
81252
81253
81259
81262
81262
81263
81270
81282
81299
81306
81311
81324
81329
81338
81344
81348
81349
81359
81379
81393
81393
81402
81413
81437
81439
81441
81452
81454
81467
81496
81516
81532
81541
81543
81547
81567
81579
81584
81589
81592
81600
81600
81616
81625
81625
81626
81633
81637
81649
81651
81661
81667
81679
81679
81700
81708
81718
81731
81739
81741
81741
81744
81745
81759
81765
81772
81775
81782
81786
81794
81795
81806
81811
81837
81842
81865
81866
81873
81883
81902
81927
81969
81972
81974
81981
81992
82006
82012
82020
82024
82027
82027
82041
82049
82056
82064
82078
82083
82086
82088
82091
82096
82130
82141
82146
82149
82163
82177
82189
82219
82234
82242
82255
82265
82276
82280
82291
82312
82333
82346
82347
82358
82359
82362
82362
82372
82415
82417
82422
82425
82429
82431
82433
82433
82434
82462
82470
82481
82486
82490
82496
82498
82511
82523
82528
82548
82553
82570
82581
82585
82586
82590
82591
82604
82630
82633
82634
82639
82651
82661
82662
82684
82702
82707
82712
82713
82718
82718
82724
82728
82728
82735
82753
82760
82763
82774
82783
82795
82800
82812
82813
82817
82826
82837
82840
82857
82857
82889
82900
82909
82913
82926
82928
82937
82967
82977
82988
83019
83028
83041
83050
83065
83103
83106
83132
83155
83165
83166
83181
83187
83189
83226
83237
83269
83274
83284
83290
83317
83323
83326
83336
83366
83376
83378
83388
83397
83400
83408
83417
83424
83431
83444
83447
83457
83457
83460
83463
83473
83480
83481
83495
83497
83507
83508
83516
83519
83525
83527
83543
83563
83574
83609
83621
83664
83668
83693
83714
83722
83724
83726
83732
83777
83778
83785
83786
83791
83796
83810
83823
83827
83841
83860
83862
83906
83907
83911
83916
83928
83932
83935
83947
83992
83992
83997
84006
84016
84032
84042
84044
84048
84063
84064
84104
84110
84126
84134
84139
84169
84170
84224
84225
84234
84242
84257
84257
84280
84281
84307
84312
84343
84347
84353
84359
84365
84369
84388
84390
84397
84398
84407
84410
84413
84415
84426
84427
84462
84464
84466
84469
84476
84497
84521
84522
84527
84528
84537
84555
84556
84557
84576
84584
84615
84626
84636
84640
84648
84648
84657
84670
84675
84711
84720
84721
84724
84736
84737
84778
84781
84792
84794
84798
84800
84800
84804
84827
84829
84830
84835
84843
84855
84874
84877
84883
84890
84910
84934
84948
84957
84967
84969
84970
84971
84977
84984
84993
85011
85012
85032
85037
85040
85057
85074
85091
85093
85094
85098
85111
85113
85116
85121
85123
85131
85133
85143
85157
85186
85187
85199
85202
85210
85226
85237
85256
85271
85273
85274
85287
85291
85301
85312
85320
85329
85332
85338
85344
85347
85351
85354
85360
85379
85379
85384
85405
85411
85447
85453
85480
85491
85494
85506
85506
85521
85547
85554
85565
85578
85593
85612
85663
85708
85729
85738
85739
85767
85775
85796
85836
85844
85851
85883
85883
85887
85896
85900
85926
85962
85963
85966
85977
85984
85990
85998
86001
86020
86023
86035
86047
86077
86083
86092
86099
86105
86128
86139
86164
86170
86177
86192
86201
86228
86235
86269
86275
86301
86301
86329
86332
86344
86354
86362
86375
86400
86421
86429
86446
86458
86459
86472
86476
86528
86554
86574
86578
86579
86587
86602
86611
86614
86622
86646
86670
86698
86726
86769
86785
86786
86800
86800
86801
86820
86821
86831
86834
86835
86835
86863
86870
86881
86891
86901
86902
86905
86912
86918
86920
86923
86929
86934
86952
86952
86966
86976
86983
86995
87017
87053
87090
87106
87113
87119
87131
87132
87153
87158
87167
87176
87184
87203
87207
87213
87247
87248
87256
87270
87277
87296
87305
87310
87318
87320
87335
87348
87352
87365
87365
87375
87390
87430
87432
87433
87438
87458
87466
87467
87468
87492
87493
87493
87497
87506
87512
87513
87524
87524
87529
87534
87537
87539
87540
87541
87558
87598
87598
87618
87624
87626
87633
87670
87670
87674
87675
87680
87697
87701
87730
87736
87738
87746
87749
87757
87779
87789
87820
87826
87840
87869
87871
87879
87885
87910
87921
87923
87926
87926
87931
87940
87961
87989
87992
87996
88013
88021
88038
88038
88047
88047
88059
88060
88061
88062
88072
88097
88097
88108
88117
88120
88121
88123
88123
88140
88141
88154
88178
88191
88204
88206
88219
88233
88262
88274
88285
88304
88315
88315
88316
88317
88326
88336
88367
88374
88378
88380
88383
88384
88394
88402
88411
88420
88443
88444
88470
88471
88482
88516
88534
88537
88551
88570
88577
88577
88579
88593
88603
88621
88625
88625
88633
88645
88654
88656
88662
88676
88679
88692
88704
88718
88721
88722
88734
88734
88736
88742
88757
88757
88760
88868
88895
88910
88921
88931
88940
88941
88942
88947
88949
88958
88960
88989
89004
89019
89029
89036
89047
89049
89056
89063
89075
89079
89085
89119
89136
89173
89177
89178
89182
89185
89193
89204
89224
89236
89242
89258
89263
89266
89272
89273
89292
89292
89301
89311
89314
89318
89318
89346
89351
89356
89366
89368
89369
89395
89398
89413
89432
89435
89451
89452
89461
89462
89496
89503
89510
89512
89526
89533
89535
89541
89553
89558
89576
89592
89597
89618
89625
89633
89639
89646
89649
89652
89662
89666
89699
89702
89713
89717
89719
89725
89739
89778
89783
89799
89805
89830
89831
89834
89837
89854
89887
89916
89919
89939
89965
89971
89987
89989
89992
90006
90008
90016
90043
90049
90064
90067
90092
90094
90100
90101
90106
90115
90135
90137
90143
90150
90152
90153
90155
90178
90184
90184
90191
90214
90215
90219
90229
90249
90253
90254
90256
90258
90266
90267
90270
90270
90272
90274
90298
90301
90301
90309
90312
90317
90330
90335
90337
90348
90385
90393
90405
90424
90440
90443
90444
90470
90477
90479
90500
90522
90555
90555
90561
90577
90609
90636
90643
90651
90651
90666
90671
90672
90683
90703
90703
90705
90709
90713
90722
90763
90764
90769
90773
90779
90793
90795
90808
90822
90854
90859
90863
90874
90890
90930
90949
90951
90953
90959
90959
90966
90970
90975
91004
91007
91023
91035
91037
91058
91061
91061
91076
91086
91102
91105
91109
91119
91127
91152
91170
91188
91189
91203
91210
91227
91236
91239
91254
91267
91275
91288
91293
91300
91308
91314
91323
91359
91384
91403
91404
91404
91406
91407
91415
91417
91422
91435
91442
91444
91457
91463
91466
91468
91474
91478
91479
91492
91522
91522
91537
91541
91545
91546
91554
91562
91569
91571
91574
91578
91588
91605
91617
91635
91636
91638
91642
91650
91653
91655
91690
91690
91701
91730
91736
91749
91770
91776
91783
91785
91797
91798
91848
91863
91893
91900
91901
91949
91955
91959
91964
91970
91982
91984
91987
91989
91990
92004
92005
92023
92032
92048
92056
92061
92061
92073
92074
92074
92085
92087
92090
92102
92103
92105
92109
92133
92145
92153
92154
92157
92162
92165
92207
92210
92223
92223
92225
92250
92270
92271
92308
92313
92319
92332
92357
92382
92388
92402
92414
92421
92424
92453
92488
92512
92519
92557
92578
92617
92637
92637
92640
92646
92650
92676
92678
92678
92693
92705
92728
92744
92758
92759
92761
92767
92773
92776
92778
92787
92789
92800
92819
92820
92823
92828
92842
92857
92860
92868
92876
92878
92896
92902
92908
92944
92953
92953
92960
92971
92977
92979
93003
93006
93008
93017
93018
93021
93026
93031
93036
93041
93041
93044
93045
93047
93055
93064
93084
93090
93103
93119
93126
93141
93141
93162
93170
93173
93184
93212
93215
93217
93222
93224
93247
93278
93293
93295
93297
93299
93306
93309
93323
93372
93378
93382
93383
93391
93394
93412
93413
93413
93415
93422
93422
93423
93442
93447
93450
93469
93479
93498
93505
93508
93536
93538
93539
93549
93551
93556
93565
93570
93573
93613
93616
93634
93636
93658
93662
93667
93674
93678
93687
93698
93712
93715
93718
93730
93740
93742
93764
93766
93775
93805
93805
93808
93812
93822
93827
93833
93840
93853
93880
93885
93895
93903
93915
93964
93987
94008
94027
94034
94035
94040
94044
94050
94051
94051
94054
94067
94068
94074
94076
94079
94085
94089
94102
94106
94108
94121
94146
94164
94170
94172
94201
94214
94222
94229
94249
94260
94260
94271
94325
94333
94355
94357
94367
94368
94381
94385
94390
94408
94420
94425
94437
94437
94439
94446
94449
94456
94458
94474
94478
94481
94487
94489
94498
94506
94530
94547
94594
94598
94598
94600
94610
94617
94671
94692
94694
94694
94699
94702
94736
94744
94770
94771
94778
94790
94794
94810
94826
94827
94872
94876
94876
94881
94894
94910
94916
94945
94950
94965
94978
94983
94985
94985
94986
94995
95009
95011
95028
95046
95048
95063
95065
95069
95081
95086
95087
95120
95124
95142
95149
95152
95157
95168
95184
95203
95207
95209
95244
95246
95263
95266
95280
95315
95321
95340
95346
95353
95358
95399
95417
95423
95427
95447
95470
95479
95494
95497
95499
95519
95523
95542
95545
95546
95560
95566
95567
95569
95574
95611
95612
95614
95618
95642
95646
95646
95649
95660
95661
95670
95694
95707
95709
95728
95750
95753
95762
95763
95774
95774
95778
95784
95787
95793
95797
95797
95816
95831
95846
95852
95853
95866
95902
95917
95937
95941
95971
95978
95980
95983
95998
95999
96001
96002
96017
96019
96021
96022
96027
96051
96056
96057
96074
96087
96097
96121
96134
96136
96140
96150
96153
96168
96179
96180
96184
96191
96197
96200
96215
96244
96244
96250
96270
96271
96275
96286
96288
96290
96294
96294
96298
96335
96335
96351
96356
96365
96367
96379
96385
96389
96392
96393
96412
96418
96421
96423
96427
96429
96430
96435
96452
96453
96455
96456
96466
96478
96480
96482
96485
96489
96495
96497
96505
96517
96556
96559
96563
96569
96581
96587
96606
96625
96634
96635
96639
96644
96663
96671
96684
96708
96712
96716
96721
96724
96732
96732
96742
96743
96748
96748
96750
96763
96787
96790
96792
96806
96832
96845
96846
96851
96854
96864
96868
96903
96912
96919
96921
96929
96944
96946
96958
96965
96971
97011
97017
97027
97038
97038
97056
97061
97074
97079
97088
97092
97098
97102
97105
97110
97111
97139
97188
97195
97217
97229
97231
97236
97239
97257
97277
97286
97295
97301
97303
97328
97332
97338
97341
97369
97370
97378
97414
97420
97434
97434
97447
97461
97471
97475
97504
97512
97513
97518
97533
97536
97552
97556
97565
97565
97574
97576
97586
97590
97610
97612
97615
97638
97640
97644
97664
97691
97699
97718
97719
97726
97735
97737
97741
97748
97768
97784
97786
97796
97831
97838
97846
97846
97865
97875
97888
97894
97898
97914
97918
97941
97946
97946
97958
97971
97990
98000
98004
98006
98008
98009
98021
98034
98047
98047
98057
98071
98096
98098
98102
98105
98107
98111
98121
98124
98152
98162
98176
98191
98191
98191
98217
98227
98239
98248
98251
98267
98300
98310
98313
98323
98360
98360
98369
98375
98376
98378
98398
98405
98420
98456
98456
98487
98490
98494
98519
98588
98597
98600
98619
98623
98633
98641
98663
98683
98713
98718
98740
98753
98753
98754
98759
98762
98779
98803
98817
98821
98831
98834
98859
98859
98862
98872
98878
98878
98881
98899
98899
98901
98916
98918
98932
98938
98952
98958
98965
98971
98979
98982
98982
98990
98995
98997
99005
99039
99044
99046
99064
99083
99086
99089
99098
99114
99121
99157
99166
99174
99190
99192
99214
99230
99243
99260
99261
99285
99288
99290
99296
99296
99308
99313
99315
99317
99320
99347
99350
99355
99363
99367
99379
99380
99392
99394
99399
99400
99404
99424
99427
99427
99434
99443
99444
99452
99454
99461
99490
99506
99521
99557
99573
99586
99591
99591
99612
99612
99626
99627
99628
99632
99665
99677
99685
99688
99691
99711
99713
99719
99731
99734
99753
99775
99783
99795
99798
99802
99831
99832
99838
99840
99842
99845
99851
99871
99880
99888
99892
99897
99905
99907
99917
99922
99932
99936
99937
99942
99947
99967
99968
99968
99984
99986
99988
99998
