22
42
56
63
87
92
110
112
119
136
156
165
165
168
172
185
193
204
213
215
232
234
237
238
266
269
276
286
295
306
311
322
326
334
336
340
365
365
404
408
419
426
427
432
445
453
466
467
469
499
510
516
523
524
526
527
560
562
563
596
600
629
643
648
655
658
684
686
711
726
732
736
745
747
756
762
776
780
781
784
784
787
790
795
809
814
820
854
859
860
861
868
888
890
909
910
918
925
928
932
932
935
946
975
982
982
996
1036
1037
1091
1104
1117
1123
1123
1124
1134
1148
1150
1156
1168
1173
1174
1182
1191
1201
1212
1219
1223
1226
1229
1246
1246
1250
1263
1271
1285
1306
1311
1348
1348
1349
1349
1363
1371
1385
1389
1401
1404
1407
1414
1415
1423
1443
1459
1466
1477
1479
1482
1499
1501
1505
1506
1520
1525
1528
1539
1561
1569
1575
1578
1588
1602
1618
1623
1652
1654
1654
1657
1670
1686
1695
1697
1701
1710
1712
1718
1733
1738
1787
1792
1800
1814
1841
1850
1854
1857
1857
1862
1872
1898
1903
1905
1914
1918
1920
1927
1933
1944
1949
1956
1961
1977
1998
2034
2038
2047
2063
2066
2069
2080
2082
2088
2088
2098
2101
2115
2118
2127
2128
2144
2155
2168
2180
2208
2211
2213
2232
2237
2237
2262
2262
2269
2289
2294
2322
2334
2347
2361
2379
2381
2388
2392
2394
2413
2418
2420
2432
2449
2467
2468
2471
2472
2479
2483
2493
2499
2503
2514
2516
2536
2550
2552
2559
2562
2578
2592
2595
2601
2643
2646
2658
2666
2692
2697
2704
2711
2721
2740
2748
2749
2758
2762
2797
2803
2816
2839
2840
2844
2844
2847
2867
2871
2879
2879
2881
2886
2902
2909
2921
2929
2932
2933
2936
2938
2938
2952
2953
2965
2965
2972
2977
2977
2997
3000
3004
3007
3008
3010
3038
3039
3045
3062
3066
3078
3107
3108
3110
3114
3122
3146
3149
3163
3173
3177
3188
3192
3198
3201
3212
3217
3240
3241
3267
3297
3303
3316
3335
3343
3343
3355
3365
3372
3393
3414
3415
3435
3439
3451
3454
3455
3494
3501
3502
3505
3514
3517
3522
3529
3534
3535
3539
3540
3544
3546
3551
3553
3556
3579
3584
3592
3604
3622
3630
3648
3652
3656
3659
3662
3664
3672
3706
3709
3714
3734
3754
3754
3766
3766
3776
3811
3814
3830
3837
3854
3869
3873
3908
3910
3912
3919
3933
3935
3963
3969
3978
3980
3981
3987
4016
4025
4025
4037
4051
4052
4059
4077
4116
4126
4143
4148
4153
4153
4155
4174
4176
4184
4191
4208
4216
4222
4228
4246
4256
4258
4274
4288
4291
4295
4301
4306
4312
4320
4333
4334
4342
4350
4367
4382
4387
4392
4400
4401
4417
4418
4423
4428
4447
4463
4482
4501
4510
4517
4548
4548
4549
4554
4559
4561
4572
4573
4586
4608
4616
4616
4619
4620
4623
4637
4641
4645
4647
4659
4665
4666
4667
4683
4699
4709
4712
4748
4748
4752
4755
4789
4794
4799
4800
4817
4820
4843
4853
4865
4879
4881
4894
4904
4919
4932
4937
4940
4941
4955
4971
4974
4977
4995
5003
5012
5029
5033
5035
5035
5044
5049
5069
5085
5086
5087
5088
5111
5111
5122
5132
5137
5153
5161
5169
5179
5185
5194
5205
5227
5247
5251
5255
5262
5277
5291
5291
5304
5305
5311
5317
5329
5346
5355
5393
5398
5398
5401
5425
5425
5456
5457
5460
5500
5502
5514
5532
5533
5536
5547
5549
5564
5565
5574
5589
5611
5642
5661
5671
5680
5680
5680
5686
5697
5702
5702
5714
5723
5746
5763
5775
5782
5798
5800
5814
5820
5829
5838
5866
5895
5903
5917
5928
5933
5955
5955
5966
5989
5996
5999
6003
6003
6007
6015
6022
6030
6032
6041
6042
6047
6051
6055
6075
6089
6097
6101
6106
6112
6132
6133
6137
6160
6166
6173
6174
6183
6183
6186
6196
6212
6214
6221
6230
6242
6245
6246
6251
6257
6266
6276
6279
6287
6299
6310
6313
6321
6324
6329
6332
6333
6354
6356
6369
6369
6380
6393
6407
6410
6423
6458
6486
6495
6512
6523
6523
6528
6560
6568
6583
6616
6617
6620
6631
6634
6641
6642
6650
6660
6661
6674
6677
6683
6688
6710
6728
6745
6751
6751
6756
6763
6766
6772
6787
6801
6807
6824
6835
6853
6855
6863
6871
6898
6899
6906
6929
6933
6940
6947
6969
6982
6995
7043
7094
7115
7128
7133
7135
7138
7154
7165
7167
7167
7176
7188
7211
7216
7216
7223
7230
7237
7239
7246
7262
7301
7328
7331
7380
7386
7389
7393
7400
7415
7416
7417
7491
7495
7501
7519
7527
7527
7551
7561
7573
7579
7590
7606
7610
7622
7651
7660
7664
7677
7690
7713
7717
7723
7736
7738
7767
7767
7787
7789
7790
7791
7802
7803
7818
7821
7827
7833
7836
7872
7889
7905
7914
7917
7918
7928
7950
7958
7966
7973
7983
7987
8000
8012
8016
8019
8049
8053
8054
8056
8089
8093
8097
8100
8109
8112
8116
8117
8135
8163
8176
8196
8199
8207
8216
8219
8226
8237
8272
8272
8275
8286
8294
8296
8301
8310
8318
8328
8345
8361
8375
8400
8400
8403
8407
8411
8413
8423
8458
8461
8463
8470
8500
8513
8524
8526
8541
8553
8556
8560
8617
8621
8630
8630
8639
8657
8661
8676
8682
8718
8728
8733
8736
8742
8743
8764
8797
8801
8823
8824
8824
8825
8835
8842
8847
8854
8865
8874
8882
8887
8905
8906
8909
8918
8922
8922
8939
8950
8959
8965
8972
8976
8979
8984
9017
9036
9039
9047
9051
9055
9057
9058
9074
9085
9089
9107
9124
9126
9130
9145
9149
9171
9181
9202
9214
9216
9219
9222
9223
9224
9227
9246
9262
9297
9303
9325
9338
9339
9363
9368
9395
9395
9416
9422
9424
9443
9445
9452
9468
9470
9477
9512
9545
9545
9562
9572
9577
9583
9585
9605
9609
9611
9627
9647
9655
9666
9682
9684
9704
9704
9730
9761
9765
9792
9794
9805
9808
9827
9842
9844
9851
9858
9868
9901
9910
9919
9919
9924
9930
9940
9953
9956
9994
10006
10049
10088
10101
10105
10109
10113
10118
10119
10121
10127
10133
10147
10171
10173
10173
10173
10183
10193
10197
10208
10225
10241
10250
10263
10266
10289
10293
10294
10309
10325
10350
10359
10362
10372
10373
10385
10385
10389
10398
10403
10424
10439
10462
10475
10479
10492
10497
10497
10511
10520
10560
10562
10566
10583
10594
10601
10615
10618
10634
10637
10650
10651
10655
10656
10659
10661
10711
10733
10744
10759
10760
10761
10772
10777
10812
10845
10846
10846
10854
10861
10862
10892
10893
10895
10914
10921
10921
10928
10932
10945
10945
10963
10966
10973
10992
10997
11006
11013
11020
11054
11058
11108
11112
11112
11113
11115
11116
11128
11128
11139
11142
11165
11173
11173
11176
11177
11183
11192
11200
11201
11205
11207
11225
11236
11243
11251
11254
11256
11293
11295
11300
11301
11312
11318
11319
11320
11321
11333
11342
11344
11353
11367
11376
11410
11416
11417
11420
11424
11429
11434
11442
11467
11469
11490
11520
11528
11531
11543
11549
11556
11562
11573
11573
11575
11583
11601
11601
11619
11627
11639
11641
11654
11659
11680
11725
11726
11730
11736
11755
11759
11761
11767
11787
11807
11820
11821
11843
11849
11849
11875
11877
11887
11901
11910
11911
11925
11926
11927
11941
11944
11945
11965
11978
11988
11989
11991
12000
12005
12023
12025
12036
12054
12062
12066
12079
12087
12107
12109
12110
12114
12133
12136
12136
12137
12141
12168
12169
12185
12187
12192
12209
12212
12215
12225
12225
12265
12271
12272
12276
12279
12305
12306
12308
12356
12386
12389
12394
12395
12397
12405
12414
12424
12432
12433
12442
12445
12468
12472
12486
12491
12493
12505
12505
12512
12523
12525
12526
12531
12534
12549
12566
12571
12575
12577
12586
12593
12603
12604
12605
12609
12617
12625
12638
12645
12656
12658
12667
12669
12704
12709
12710
12741
12742
12748
12752
12758
12760
12783
12792
12810
12823
12824
12830
12847
12848
12854
12862
12869
12872
12889
12897
12908
12911
12912
12913
12922
12936
12936
12943
12960
12961
12963
12973
13000
13028
13038
13039
13077
13090
13096
13104
13111
13119
13137
13161
13169
13171
13175
13197
13201
13205
13224
13233
13260
13269
13271
13272
13276
13279
13281
13295
13301
13305
13306
13313
13321
13339
13339
13341
13362
13393
13408
13415
13429
13437
13438
13454
13495
13501
13512
13536
13538
13541
13546
13546
13552
13561
13576
13584
13640
13645
13650
13655
13663
13666
13686
13689
13715
13723
13723
13727
13740
13751
13763
13769
13773
13774
13775
13806
13821
13823
13864
13867
13879
13880
13892
13893
13894
13907
13912
13917
13938
13938
13952
13956
13975
13981
13982
13993
13998
14000
14003
14007
14021
14021
14027
14027
14029
14033
14040
14042
14044
14053
14053
14071
14075
14076
14078
14078
14080
14083
14092
14109
14117
14121
14121
14163
14180
14216
14222
14223
14224
14226
14263
14274
14276
14293
14318
14318
14333
14348
14349
14364
14398
14437
14439
14455
14490
14495
14510
14521
14521
14526
14539
14540
14546
14547
14571
14580
14593
14625
14631
14632
14634
14640
14674
14701
14714
14731
14748
14769
14772
14790
14808
14808
14833
14856
14860
14872
14875
14886
14892
14913
14921
14936
14941
14947
14967
14976
14977
15011
15021
15024
15034
15064
15065
15066
15072
15083
15085
15090
15104
15114
15121
15122
15124
15128
15138
15153
15164
15167
15170
15187
15191
15221
15256
15270
15271
15272
15275
15288
15292
15292
15294
15303
15304
15308
15317
15326
15326
15333
15345
15350
15358
15361
15366
15403
15408
15413
15431
15436
15440
15442
15443
15451
15463
15471
15476
15479
15479
15490
15516
15542
15543
15544
15548
15556
15563
15564
15564
15590
15598
15600
15607
15610
15616
15629
15630
15636
15657
15658
15666
15681
15701
15711
15712
15728
15737
15756
15774
15786
15801
15817
15828
15830
15835
15843
15874
15875
15881
15893
15907
15946
15959
15971
15977
15984
15993
15997
16011
16034
16044
16094
16097
16104
16139
16143
16144
16145
16166
16172
16179
16225
16228
16228
16244
16251
16254
16258
16259
16263
16270
16272
16291
16312
16313
16317
16322
16346
16349
16353
16365
16375
16375
16382
16384
16394
16398
16398
16403
16411
16412
16423
16429
16438
16455
16461
16461
16480
16505
16513
16523
16553
16560
16572
16582
16596
16602
16602
16610
16614
16628
16632
16651
16655
16678
16684
16688
16732
16734
16735
16773
16799
16803
16804
16814
16831
16831
16857
16893
16905
16922
16923
16946
16948
16953
16984
16984
16987
17005
17018
17022
17033
17052
17058
17062
17074
17094
17095
17110
17113
17117
17122
17137
17141
17145
17147
17149
17150
17164
17165
17171
17186
17188
17203
17256
17262
17320
17338
17341
17346
17349
17360
17382
17385
17397
17401
17419
17430
17434
17456
17462
17465
17478
17488
17501
17514
17520
17527
17553
17556
17556
17575
17586
17599
17604
17606
17606
17618
17623
17626
17636
17680
17680
17704
17713
17716
17725
17729
17734
17739
17752
17788
17795
17799
17804
17805
17823
17841
17847
17855
17857
17879
17879
17885
17889
17910
17914
17919
17940
17955
17963
17966
17967
17981
18010
18020
18032
18046
18047
18061
18063
18070
18071
18075
18085
18089
18102
18110
18112
18130
18136
18136
18138
18143
18146
18147
18149
18173
18212
18223
18243
18244
18245
18252
18258
18259
18262
18271
18292
18292
18293
18294
18326
18335
18335
18338
18339
18342
18353
18366
18369
18373
18376
18390
18401
18402
18402
18417
18424
18428
18432
18443
18445
18451
18468
18473
18476
18491
18512
18523
18526
18537
18544
18559
18575
18583
18596
18604
18630
18645
18650
18672
18686
18694
18700
18725
18741
18744
18747
18752
18757
18759
18778
18793
18805
18807
18811
18816
18837
18837
18838
18839
18845
18850
18854
18865
18886
18890
18899
18908
18912
18915
18917
18920
18945
18971
18978
18989
19001
19002
19003
19014
19016
19020
19027
19054
19058
19062
19069
19070
19089
19135
19143
19148
19155
19166
19196
19198
19199
19217
19227
19228
19243
19244
19246
19265
19273
19282
19291
19308
19314
19318
19323
19323
19339
19356
19367
19385
19394
19429
19437
19491
19496
19496
19504
19519
19520
19531
19544
19552
19552
19558
19564
19598
19600
19601
19642
19646
19649
19687
19694
19720
19730
19743
19761
19766
19787
19788
19800
19805
19815
19821
19822
19825
19829
19831
19831
19845
19846
19855
19863
19881
19893
19901
19903
19916
19916
19939
19949
19966
19975
19979
19980
19990
20007
20012
20028
20031
20034
20034
20047
20057
20068
20070
20071
20074
20076
20098
20099
20110
20115
20120
20121
20126
20134
20134
20137
20138
20142
20145
20146
20172
20186
20192
20193
20199
20220
20226
20229
20235
20251
20253
20263
20270
20272
20276
20277
20294
20295
20312
20316
20344
20372
20374
20381
20406
20430
20434
20459
20477
20482
20549
20553
20575
20579
20581
20582
20584
20589
20589
20596
20605
20605
20616
20620
20625
20626
20640
20665
20671
20699
20722
20722
20733
20743
20745
20763
20766
20772
20781
20790
20801
20857
20871
20884
20885
20886
20889
20893
20894
20923
20929
20931
20935
20939
20957
20962
20973
20989
20991
20995
21009
21011
21019
21023
21023
21028
21032
21049
21069
21072
21080
21091
21106
21123
21134
21165
21166
21184
21186
21186
21193
21194
21195
21199
21208
21225
21226
21240
21240
21274
21276
21283
21299
21302
21335
21342
21350
21350
21369
21376
21383
21396
21399
21402
21403
21412
21422
21455
21459
21461
21481
21506
21519
21519
21522
21542
21545
21556
21563
21571
21579
21583
21610
21619
21624
21641
21645
21654
21658
21667
21718
21721
21732
21763
21768
21770
21771
21772
21801
21807
21829
21831
21837
21842
21847
21855
21863
21945
21961
21963
21981
21990
21996
22006
22018
22025
22027
22038
22048
22051
22062
22066
22081
22084
22084
22111
22114
22115
22116
22127
22129
22133
22136
22159
22179
22181
22189
22189
22199
22230
22235
22245
22256
22289
22291
22306
22326
22335
22356
22369
22386
22427
22448
22451
22468
22480
22486
22496
22505
22507
22510
22519
22528
22532
22536
22578
22582
22586
22589
22591
22597
22602
22603
22616
22619
22622
22623
22628
22630
22662
22674
22682
22689
22717
22753
22754
22757
22760
22767
22767
22780
22787
22798
22805
22821
22845
22846
22865
22877
22886
22907
22920
22932
22934
22938
22938
22948
22952
22956
22963
22965
22965
22965
22979
23012
23016
23027
23032
23035
23057
23072
23075
23097
23112
23153
23153
23156
23164
23184
23189
23189
23192
23208
23209
23219
23245
23259
23284
23286
23290
23291
23294
23307
23310
23327
23337
23377
23380
23384
23403
23406
23441
23450
23458
23464
23466
23479
23490
23496
23498
23502
23582
23594
23602
23615
23619
23620
23632
23641
23659
23660
23667
23669
23698
23743
23751
23757
23775
23781
23790
23793
23803
23815
23840
23845
23861
23863
23877
23880
23882
23896
23904
23905
23911
23920
23932
23959
23966
23975
23975
24006
24016
24050
24053
24056
24070
24081
24094
24094
24094
24108
24111
24113
24115
24115
24117
24118
24123
24157
24183
24207
24211
24215
24215
24219
24224
24241
24249
24287
24292
24302
24307
24322
24330
24331
24340
24347
24352
24370
24376
24379
24384
24390
24405
24417
24423
24425
24426
24444
24463
24467
24469
24470
24488
24488
24489
24499
24518
24524
24530
24560
24567
24572
24573
24590
24603
24616
24620
24640
24664
24684
24713
24715
24730
24754
24766
24785
24796
24800
24810
24829
24839
24845
24849
24860
24917
24926
24945
24960
24963
24968
24991
24998
25003
25020
25052
25053
25060
25065
25072
25075
25081
25112
25120
25131
25132
25143
25145
25160
25170
25213
25219
25238
25242
25247
25256
25259
25267
25268
25270
25286
25287
25288
25292
25296
25314
25322
25326
25338
25353
25358
25369
25421
25429
25441
25501
25502
25503
25506
25537
25538
25542
25544
25547
25572
25575
25578
25586
25600
25608
25612
25616
25626
25641
25656
25662
25691
25701
25707
25726
25739
25740
25744
25756
25762
25765
25765
25776
25781
25797
25801
25814
25828
25829
25833
25836
25842
25850
25854
25868
25903
25903
25904
25920
25923
25949
25964
25968
25969
25973
25983
25991
25992
26003
26023
26023
26040
26041
26042
26100
26112
26128
26135
26143
26179
26191
26197
26197
26199
26200
26223
26232
26243
26245
26246
26257
26277
26282
26289
26291
26292
26294
26299
26321
26328
26335
26341
26347
26352
26358
26371
26377
26389
26397
26404
26413
26426
26434
26437
26439
26443
26446
26477
26486
26524
26527
26528
26546
26556
26580
26587
26592
26625
26645
26650
26662
26681
26685
26685
26692
26735
26737
26741
26744
26754
26759
26767
26773
26777
26782
26795
26813
26818
26820
26832
26838
26849
26850
26895
26901
26904
26913
26915
26924
26940
26954
26957
26966
27009
27016
27031
27050
27050
27052
27063
27064
27072
27084
27101
27104
27105
27167
27178
27179
27197
27205
27228
27235
27245
27261
27262
27283
27304
27307
27326
27335
27358
27360
27366
27375
27378
27394
27398
27413
27417
27422
27428
27433
27447
27469
27470
27497
27523
27537
27554
27569
27569
27569
27575
27576
27594
27596
27599
27601
27624
27637
27650
27667
27683
27685
27696
27702
27703
27707
27736
27743
27746
27763
27765
27771
27784
27785
27793
27793
27827
27835
27857
27860
27864
27878
27891
27912
27923
27936
27938
27942
27946
27967
27972
27972
27975
27985
28021
28046
28074
28077
28082
28146
28151
28154
28162
28172
28178
28197
28203
28218
28221
28226
28227
28227
28230
28230
28236
28238
28246
28254
28259
28266
28286
28292
28335
28340
28348
28357
28394
28398
28400
28429
28464
28470
28477
28479
28500
28513
28536
28546
28548
28552
28564
28570
28573
28579
28587
28595
28597
28608
28621
28624
28639
28642
28643
28648
28660
28663
28673
28678
28679
28692
28713
28722
28728
28736
28739
28743
28744
28756
28757
28758
28762
28764
28781
28793
28810
28811
28813
28823
28831
28865
28892
28894
28897
28899
28900
28905
28906
28910
28936
28949
28951
28964
28998
28999
29000
29011
29020
29023
29037
29046
29062
29066
29098
29102
29127
29128
29128
29128
29130
29138
29154
29158
29183
29201
29202
29211
29219
29227
29229
29233
29238
29240
29249
29260
29265
29269
29274
29282
29283
29294
29300
29302
29305
29310
29311
29316
29322
29336
29337
29346
29352
29371
29372
29379
29402
29425
29429
29449
29455
29474
29476
29480
29498
29531
29540
29544
29548
29551
29556
29568
29588
29595
29626
29642
29649
29655
29659
29671
29689
29707
29718
29721
29737
29741
29755
29762
29764
29765
29773
29787
29787
29789
29790
29801
29810
29815
29848
29863
29875
29881
29883
29884
29894
29895
29897
29905
29943
29948
29950
29962
29963
29966
29976
29978
29980
29987
30001
30005
30049
30057
30061
30064
30099
30143
30153
30165
30170
30170
30174
30174
30180
30194
30233
30237
30250
30251
30255
30259
30268
30281
30281
30290
30299
30303
30322
30362
30368
30398
30434
30438
30446
30455
30458
30460
30464
30466
30469
30473
30473
30477
30479
30479
30483
30484
30501
30508
30510
30519
30519
30523
30529
30531
30534
30546
30556
30564
30569
30569
30587
30601
30606
30616
30621
30632
30632
30654
30673
30675
30690
30694
30720
30723
30739
30740
30743
30787
30791
30812
30820
30854
30866
30876
30882
30889
30890
30902
30907
30910
30913
30914
30914
30916
30921
30926
30927
30933
30951
30982
31014
31015
31021
31051
31058
31073
31074
31077
31079
31087
31087
31100
31101
31108
31130
31133
31141
31143
31144
31149
31156
31177
31180
31183
31192
31213
31225
31234
31238
31239
31264
31265
31278
31278
31286
31286
31290
31293
31299
31320
31329
31330
31335
31338
31350
31353
31357
31357
31361
31380
31405
31416
31429
31433
31462
31468
31476
31506
31510
31514
31518
31538
31549
31551
31574
31590
31598
31608
31622
31626
31632
31633
31658
31667
31675
31690
31694
31694
31708
31715
31752
31767
31772
31779
31788
31805
31808
31814
31828
31832
31857
31866
31872
31877
31877
31884
31888
31890
31890
31900
31921
31936
31962
31970
31979
31991
32000
32007
32011
32012
32018
32018
32033
32058
32076
32083
32095
32099
32106
32120
32121
32141
32143
32161
32172
32176
32177
32204
32204
32205
32223
32250
32271
32276
32279
32287
32288
32306
32308
32308
32310
32316
32316
32323
32323
32328
32334
32338
32348
32351
32351
32355
32367
32373
32431
32436
32456
32457
32468
32486
32502
32502
32515
32528
32534
32545
32545
32545
32552
32557
32567
32581
32607
32640
32646
32646
32659
32676
32681
32689
32696
32703
32723
32728
32734
32744
32763
32769
32778
32788
32793
32803
32813
32823
32829
32830
32850
32852
32852
32862
32863
32879
32920
32929
32943
32950
32957
32971
32975
32987
33025
33026
33036
33084
33104
33114
33119
33130
33151
33158
33160
33161
33166
33167
33172
33229
33246
33261
33264
33267
33273
33281
33284
33312
33313
33324
33328
33332
33336
33342
33349
33350
33365
33371
33371
33386
33389
33399
33406
33436
33438
33462
33485
33486
33488
33489
33492
33497
33507
33511
33512
33515
33519
33524
33530
33531
33557
33567
33572
33593
33606
33611
33616
33635
33639
33639
33659
33660
33663
33671
33674
33702
33714
33780
33786
33795
33801
33802
33821
33839
33854
33870
33872
33882
33887
33894
33900
33917
33930
33943
33948
33955
33968
33974
34007
34009
34037
34052
34090
34102
34109
34121
34125
34168
34172
34174
34180
34195
34217
34227
34229
34232
34236
34243
34251
34257
34273
34277
34277
34300
34305
34310
34324
34326
34344
34350
34351
34358
34367
34377
34390
34426
34430
34436
34443
34444
34453
34474
34484
34484
34515
34517
34517
34528
34553
34555
34557
34561
34570
34573
34575
34586
34589
34615
34622
34627
34660
34679
34682
34684
34687
34711
34730
34742
34746
34754
34756
34759
34774
34786
34788
34791
34794
34805
34810
34824
34831
34840
34912
34921
34927
34933
34951
34953
34954
34957
34969
34990
34994
34997
35015
35053
35075
35078
35097
35103
35115
35134
35139
35147
35150
35159
35205
35209
35210
35217
35247
35258
35268
35283
35296
35311
35315
35320
35357
35363
35374
35382
35394
35407
35421
35433
35436
35447
35448
35465
35470
35497
35506
35506
35507
35508
35514
35538
35543
35548
35549
35555
35566
35579
35588
35632
35649
35656
35670
35670
35673
35686
35707
35719
35734
35740
35756
35759
35759
35769
35779
35781
35790
35819
35834
35857
35876
35876
35886
35886
35899
35899
35901
35905
35910
35932
35943
35954
35955
35968
35973
35995
36001
36018
36029
36030
36031
36038
36051
36059
36064
36084
36096
36099
36105
36112
36124
36131
36132
36136
36164
36175
36198
36212
36230
36238
36241
36247
36249
36273
36283
36285
36290
36293
36308
36315
36319
36320
36330
36330
36332
36342
36348
36350
36385
36386
36402
36416
36435
36437
36459
36464
36482
36521
36562
36565
36577
36609
36610
36615
36616
36618
36638
36639
36650
36659
36662
36673
36682
36687
36707
36778
36789
36807
36807
36811
36835
36838
36842
36849
36855
36855
36856
36857
36857
36858
36860
36871
36871
36874
36877
36879
36880
36895
36904
36908
36927
36939
36940
36969
36977
36977
37008
37020
37026
37031
37033
37041
37042
37048
37052
37056
37061
37100
37104
37108
37115
37117
37118
37120
37131
37165
37172
37174
37191
37192
37219
37221
37236
37237
37238
37239
37245
37250
37259
37265
37273
37295
37297
37318
37324
37357
37378
37382
37395
37396
37399
37401
37421
37479
37486
37503
37517
37537
37549
37550
37562
37564
37575
37602
37604
37617
37632
37657
37674
37678
37681
37694
37707
37713
37729
37735
37743
37750
37751
37758
37759
37806
37811
37824
37838
37854
37858
37868
37870
37879
37881
37904
37930
37991
37993
38019
38021
38023
38039
38047
38060
38081
38115
38117
38123
38147
38153
38158
38213
38256
38266
38301
38303
38307
38309
38336
38353
38362
38383
38398
38410
38423
38431
38440
38440
38454
38456
38477
38477
38494
38497
38498
38501
38503
38505
38515
38515
38516
38519
38533
38550
38551
38553
38556
38557
38567
38573
38576
38578
38591
38604
38609
38625
38627
38640
38646
38653
38668
38671
38682
38687
38704
38709
38716
38727
38729
38730
38736
38766
38785
38817
38822
38823
38824
38824
38829
38834
38836
38843
38844
38858
38873
38877
38883
38910
38914
38917
38928
38985
38985
38999
39012
39033
39060
39061
39066
39068
39112
39118
39126
39134
39141
39141
39145
39147
39150
39159
39162
39169
39171
39175
39177
39191
39191
39191
39199
39199
39238
39243
39244
39245
39248
39251
39274
39296
39301
39319
39344
39351
39362
39365
39369
39380
39385
39413
39413
39436
39438
39442
39447
39463
39471
39472
39478
39501
39502
39503
39504
39524
39533
39535
39546
39550
39566
39573
39600
39602
39608
39609
39616
39625
39649
39659
39691
39696
39697
39705
39706
39716
39716
39718
39720
39727
39733
39733
39733
39734
39737
39753
39753
39776
39779
39782
39784
39808
39812
39818
39831
39835
39854
39868
39869
39873
39877
39887
39889
39890
39895
39904
39913
39929
39933
39958
39966
40004
40009
40009
40015
40035
40042
40070
40105
40120
40136
40142
40152
40152
40159
40160
40173
40178
40193
40200
40207
40209
40214
40220
40220
40226
40227
40234
40234
40240
40266
40272
40292
40299
40310
40320
40321
40328
40329
40335
40341
40347
40350
40360
40370
40376
40393
40400
40410
40412
40418
40428
40440
40441
40450
40458
40515
40516
40517
40519
40521
40521
40527
40544
40584
40592
40597
40601
40609
40613
40633
40667
40673
40678
40687
40687
40690
40693
40699
40713
40720
40727
40736
40740
40743
40744
40775
40786
40804
40806
40806
40824
40830
40836
40840
40842
40858
40864
40881
40885
40907
40910
40913
40915
40924
40943
40955
40960
40962
40980
41005
41015
41019
41026
41027
41031
41046
41050
41067
41074
41074
41079
41092
41103
41104
41109
41115
41132
41140
41156
41186
41223
41231
41237
41251
41253
41256
41258
41258
41264
41273
41279
41284
41294
41301
41308
41310
41313
41340
41346
41356
41385
41385
41393
41397
41399
41417
41419
41421
41421
41436
41452
41460
41461
41461
41466
41511
41514
41539
41540
41560
41561
41564
41565
41573
41580
41598
41634
41655
41658
41670
41695
41701
41708
41714
41724
41727
41739
41753
41757
41763
41771
41777
41780
41781
41785
41788
41789
41805
41807
41816
41818
41837
41849
41854
41870
41889
41890
41897
41910
41933
41934
41958
41962
42007
42010
42011
42020
42062
42062
42063
42069
42071
42074
42078
42087
42108
42108
42111
42116
42119
42125
42138
42138
42138
42143
42173
42202
42205
42214
42220
42235
42240
42253
42271
42274
42297
42312
42329
42335
42339
42340
42348
42350
42359
42377
42378
42383
42392
42396
42398
42400
42400
42411
42420
42456
42475
42484
42500
42517
42517
42519
42527
42533
42553
42580
42610
42616
42626
42635
42639
42647
42649
42651
42659
42678
42698
42708
42718
42759
42762
42765
42769
42774
42787
42794
42808
42815
42834
42838
42839
42860
42865
42891
42896
42903
42910
42919
42923
42927
42944
42976
42977
42977
42986
42998
42999
43004
43007
43038
43060
43061
43070
43077
43079
43080
43083
43089
43097
43099
43136
43143
43147
43154
43158
43180
43204
43216
43227
43229
43229
43237
43240
43241
43249
43280
43300
43305
43313
43331
43345
43375
43384
43386
43396
43411
43427
43432
43434
43438
43451
43451
43459
43460
43464
43464
43465
43466
43469
43471
43472
43482
43484
43506
43507
43523
43525
43530
43536
43542
43544
43553
43555
43556
43558
43564
43570
43593
43593
43594
43628
43653
43654
43662
43671
43683
43688
43697
43705
43706
43709
43711
43714
43718
43723
43800
43803
43848
43850
43856
43857
43867
43917
43923
43925
43955
43986
44013
44017
44030
44046
44046
44049
44050
44051
44063
44064
44064
44097
44099
44104
44106
44108
44119
44166
44171
44173
44189
44206
44212
44224
44235
44237
44260
44290
44296
44297
44304
44309
44323
44347
44359
44361
44374
44386
44402
44420
44439
44450
44459
44464
44465
44468
44473
44473
44489
44499
44520
44527
44552
44577
44595
44603
44613
44623
44639
44643
44657
44660
44666
44671
44688
44698
44708
44718
44755
44756
44756
44765
44771
44774
44790
44792
44797
44804
44807
44813
44815
44838
44840
44844
44848
44848
44854
44887
44891
44894
44901
44916
44945
44947
44951
44973
44977
44986
44990
45012
45013
45035
45048
45054
45061
45062
45070
45082
45083
45083
45101
45103
45155
45177
45188
45207
45223
45227
45243
45276
45279
45290
45298
45301
45301
45322
45326
45334
45365
45366
45406
45407
45411
45420
45422
45439
45442
45453
45473
45474
45478
45520
45524
45526
45531
45550
45551
45565
45579
45590
45600
45603
45607
45609
45610
45614
45616
45632
45649
45659
45660
45676
45680
45731
45736
45756
45760
45764
45775
45788
45793
45804
45807
45810
45813
45822
45829
45829
45839
45844
45889
45908
45911
45915
46021
46023
46049
46064
46077
46079
46087
46098
46102
46122
46136
46143
46159
46180
46229
46229
46238
46262
46268
46289
46289
46300
46304
46307
46312
46316
46323
46327
46349
46353
46359
46388
46392
46411
46416
46429
46451
46472
46474
46484
46498
46538
46559
46562
46562
46587
46632
46634
46652
46711
46734
46735
46736
46748
46771
46772
46792
46793
46821
46824
46852
46853
46854
46856
46865
46875
46890
46891
46908
46909
46950
46954
46966
46979
46988
46988
46988
46996
47012
47047
47053
47059
47067
47069
47070
47075
47093
47104
47106
47109
47113
47131
47137
47137
47148
47158
47167
47168
47177
47218
47219
47227
47230
47234
47246
47248
47251
47255
47273
47278
47324
47342
47346
47347
47349
47352
47360
47364
47365
47374
47379
47382
47384
47401
47433
47439
47452
47461
47463
47476
47484
47507
47520
47527
47535
47538
47543
47549
47555
47561
47567
47570
47581
47589
47596
47600
47603
47612
47616
47638
47643
47647
47655
47664
47665
47678
47683
47691
47700
47704
47707
47719
47729
47737
47744
47746
47758
47794
47801
47809
47834
47837
47839
47857
47858
47877
47879
47893
47919
47950
47976
47995
48002
48018
48021
48023
48032
48050
48072
48080
48081
48084
48103
48115
48125
48135
48156
48173
48194
48203
48214
48214
48223
48231
48259
48260
48261
48273
48293
48301
48326
48330
48332
48340
48343
48345
48346
48358
48363
48373
48376
48377
48385
48393
48393
48394
48399
48404
48406
48429
48458
48482
48502
48506
48522
48532
48534
48535
48549
48560
48561
48578
48585
48585
48593
48595
48603
48634
48639
48645
48662
48670
48686
48706
48713
48721
48724
48735
48742
48750
48752
48781
48784
48785
48785
48787
48791
48797
48843
48848
48855
48863
48864
48868
48881
48887
48897
48934
48936
48940
48952
48952
48967
48973
48988
48995
49016
49027
49035
49042
49051
49056
49067
49090
49096
49096
49104
49109
49178
49191
49225
49239
49251
49256
49257
49280
49287
49292
49296
49301
49302
49304
49316
49322
49325
49329
49330
49338
49340
49356
49358
49365
49365
49365
49370
49373
49375
49404
49411
49419
49426
49428
49436
49458
49470
49475
49486
49489
49491
49511
49514
49514
49527
49560
49568
49575
49586
49591
49600
49601
49611
49616
49640
49643
49643
49657
49675
49678
49687
49688
49693
49706
49711
49727
49738
49743
49763
49772
49772
49786
49794
49800
49801
49808
49812
49823
49827
49828
49829
49830
49833
49837
49838
49843
49855
49856
49859
49864
49878
49915
49924
49928
49952
49962
49981
49983
49984
50005
50015
50024
50077
50082
50084
50087
50093
50108
50127
50132
50161
50167
50191
50199
50212
50214
50257
50261
50262
50269
50282
50283
50326
50331
50333
50334
50348
50348
50357
50359
50372
50373
50415
50443
50460
50460
50464
50471
50483
50487
50494
50501
50502
50506
50507
50513
50516
50523
50529
50529
50544
50544
50556
50562
50574
50581
50586
50589
50622
50647
50656
50658
50677
50679
50679
50686
50689
50691
50692
50708
50740
50746
50757
50761
50762
50778
50845
50849
50860
50869
50888
50890
50899
50948
50958
50963
50974
50979
50990
50992
51014
51020
51021
51046
51060
51078
51084
51089
51114
51119
51144
51152
51157
51163
51166
51172
51183
51212
51231
51239
51240
51243
51251
51257
51284
51328
51335
51360
51366
51369
51386
51386
51387
51400
51444
51447
51456
51458
51498
51500
51505
51523
51531
51544
51546
51550
51552
51558
51564
51571
51571
51587
51596
51600
51611
51616
51625
51626
51630
51633
51663
51670
51723
51729
51744
51750
51761
51776
51791
51792
51799
51805
51814
51814
51816
51837
51860
51872
51877
51886
51903
51907
51914
51916
51946
51969
51969
51981
52000
52000
52004
52010
52012
52013
52013
52015
52035
52038
52039
52046
52047
52053
52059
52063
52066
52068
52069
52073
52076
52087
52095
52099
52101
52101
52113
52114
52126
52137
52168
52183
52188
52189
52192
52216
52222
52234
52235
52259
52281
52315
52333
52339
52342
52350
52370
52372
52392
52395
52403
52438
52444
52445
52447
52447
52456
52463
52479
52513
52520
52521
52532
52555
52566
52569
52573
52577
52594
52611
52611
52631
52638
52640
52650
52685
52690
52705
52706
52717
52718
52730
52736
52737
52744
52759
52762
52762
52762
52764
52768
52791
52792
52793
52796
52796
52823
52823
52834
52836
52853
52853
52861
52865
52891
52895
52899
52911
52919
52919
52951
52995
52996
53004
53018
53022
53043
53079
53099
53101
53108
53115
53149
53159
53165
53174
53180
53190
53201
53222
53239
53289
53322
53327
53330
53339
53344
53364
53382
53388
53390
53400
53406
53410
53425
53425
53457
53477
53478
53483
53484
53493
53526
53535
53546
53551
53554
53555
53557
53559
53565
53580
53596
53599
53608
53626
53628
53635
53643
53653
53655
53656
53665
53675
53685
53688
53692
53694
53711
53756
53756
53757
53776
53786
53812
53813
53819
53851
53870
53871
53876
53892
53945
53963
53969
54006
54006
54007
54009
54015
54032
54035
54040
54056
54061
54065
54067
54090
54098
54119
54133
54137
54171
54181
54188
54194
54224
54224
54233
54238
54256
54268
54270
54292
54301
54316
54321
54357
54361
54402
54405
54407
54413
54424
54435
54448
54453
54454
54455
54456
54457
54470
54488
54496
54518
54551
54559
54560
54603
54624
54628
54632
54660
54669
54676
54692
54692
54706
54718
54725
54729
54731
54734
54736
54740
54781
54782
54792
54812
54840
54841
54843
54857
54868
54868
54870
54880
54883
54900
54904
54904
54912
54930
54948
54948
54968
54972
55007
55025
55034
55037
55046
55069
55078
55086
55088
55102
55136
55141
55151
55155
55160
55160
55171
55171
55178
55185
55198
55214
55223
55236
55241
55250
55286
55291
55296
55297
55362
55376
55385
55394
55425
55441
55457
55490
55509
55509
55510
55512
55518
55531
55536
55542
55550
55553
55555
55556
55560
55563
55568
55610
55621
55647
55658
55661
55690
55690
55697
55711
55720
55725
55726
55728
55732
55738
55738
55748
55749
55753
55754
55766
55769
55771
55774
55774
55786
55791
55793
55800
55800
55804
55805
55807
55816
55825
55830
55831
55836
55871
55872
55891
55899
55912
55929
55942
55942
55950
55954
55973
55974
55976
55986
55989
55997
55998
55999
56003
56006
56020
56028
56033
56039
56059
56064
56078
56078
56083
56090
56091
56094
56097
56107
56109
56109
56111
56119
56136
56138
56143
56152
56166
56176
56177
56186
56199
56204
56210
56212
56225
56225
56227
56255
56262
56270
56283
56291
56316
56326
56332
56342
56342
56355
56362
56374
56380
56390
56401
56431
56452
56468
56473
56474
56491
56498
56526
56530
56532
56534
56542
56552
56563
56582
56614
56617
56617
56623
56638
56638
56653
56656
56658
56664
56672
56686
56688
56699
56704
56725
56734
56759
56766
56769
56769
56772
56772
56783
56785
56793
56807
56813
56836
56838
56851
56851
56860
56866
56874
56889
56892
56904
56914
56921
56924
56961
56966
56966
56970
56979
57001
57018
57023
57026
57035
57044
57046
57064
57084
57085
57092
57094
57096
57116
57117
57129
57138
57143
57171
57173
57186
57190
57191
57206
57233
57246
57250
57252
57254
57256
57288
57296
57299
57316
57321
57338
57372
57378
57378
57379
57381
57422
57427
57432
57433
57448
57455
57467
57481
57491
57491
57492
57500
57502
57521
57537
57543
57558
57578
57592
57595
57598
57606
57620
57624
57650
57664
57666
57671
57679
57693
57700
57718
57725
57728
57746
57751
57781
57790
57823
57825
57826
57832
57834
57837
57846
57848
57923
57923
57935
57955
57976
57983
57997
58016
58051
58057
58071
58084
58090
58098
58109
58109
58176
58187
58191
58194
58197
58212
58215
58223
58224
58227
58230
58239
58268
58271
58275
58276
58281
58308
58332
58341
58362
58385
58391
58400
58412
58440
58450
58460
58477
58493
58502
58509
58533
58559
58559
58562
58562
58569
58570
58586
58595
58598
58605
58627
58636
58642
58642
58648
58651
58653
58665
58667
58675
58691
58702
58708
58708
58715
58724
58727
58734
58745
58751
58755
58766
58776
58786
58803
58808
58810
58810
58835
58853
58859
58875
58878
58882
58886
58894
58911
58925
58929
58930
58935
58943
58957
58957
58964
58965
58971
58974
58990
58995
59005
59017
59023
59046
59046
59055
59068
59144
59147
59157
59160
59171
59172
59179
59189
59200
59221
59227
59235
59250
59256
59262
59272
59286
59287
59298
59298
59310
59310
59369
59377
59381
59384
59392
59403
59408
59409
59424
59424
59440
59442
59445
59472
59486
59497
59503
59536
59538
59547
59552
59566
59593
59603
59614
59627
59628
59646
59653
59657
59659
59665
59697
59724
59732
59735
59742
59748
59752
59753
59768
59777
59778
59779
59813
59816
59832
59833
59840
59853
59862
59873
59875
59876
59883
59889
59895
59926
59937
59937
59944
59949
59956
59956
59962
59992
59996
60007
60021
60040
60047
60048
60064
60091
60093
60112
60134
60143
60152
60154
60154
60155
60159
60162
60163
60164
60169
60193
60196
60230
60235
60240
60255
60265
60276
60280
60286
60297
60298
60303
60343
60349
60352
60360
60363
60384
60393
60406
60435
60440
60444
60446
60457
60459
60482
60486
60514
60514
60534
60535
60539
60544
60549
60552
60575
60576
60591
60601
60618
60625
60626
60639
60652
60665
60690
60701
60702
60740
60745
60750
60751
60775
60788
60795
60806
60806
60811
60866
60877
60887
60908
60909
60920
60931
60941
60948
60953
60959
60966
60982
61007
61023
61026
61031
61031
61041
61047
61048
61056
61072
61107
61117
61132
61132
61134
61136
61142
61156
61159
61165
61167
61169
61191
61219
61219
61223
61229
61237
61240
61249
61262
61265
61278
61279
61295
61312
61314
61317
61328
61352
61360
61368
61369
61379
61379
61386
61388
61398
61399
61413
61414
61415
61424
61474
61484
61487
61489
61501
61510
61513
61520
61533
61533
61539
61540
61550
61560
61565
61566
61567
61579
61588
61607
61620
61651
61668
61672
61683
61714
61715
61715
61726
61727
61729
61756
61775
61799
61800
61823
61827
61828
61864
61887
61888
61890
61892
61896
61903
61903
61913
61916
61924
61932
61936
61942
61955
61972
61974
61978
61979
61989
61998
62001
62014
62016
62031
62035
62040
62047
62059
62081
62089
62089
62118
62136
62154
62159
62159
62161
62164
62170
62180
62181
62182
62183
62196
62205
62237
62248
62261
62264
62292
62331
62351
62354
62362
62368
62379
62388
62396
62406
62422
62432
62433
62441
62443
62449
62458
62459
62461
62477
62485
62488
62490
62503
62505
62509
62518
62522
62545
62546
62569
62572
62605
62611
62616
62617
62618
62623
62631
62638
62639
62640
62647
62648
62650
62657
62658
62660
62663
62686
62688
62714
62727
62751
62753
62756
62766
62775
62791
62799
62811
62812
62817
62818
62828
62831
62836
62842
62857
62873
62875
62881
62882
62883
62911
62921
62926
62930
62941
62944
62947
62961
62963
62963
62973
62975
62988
62999
63003
63009
63011
63012
63022
63033
63038
63038
63091
63102
63137
63173
63174
63183
63192
63194
63199
63219
63224
63242
63243
63259
63262
63283
63287
63290
63317
63317
63319
63323
63331
63333
63336
63362
63389
63396
63416
63427
63435
63437
63444
63454
63480
63485
63495
63499
63504
63507
63521
63535
63535
63536
63602
63612
63615
63636
63643
63655
63664
63677
63681
63718
63720
63724
63728
63734
63736
63745
63750
63750
63761
63772
63789
63813
63821
63827
63843
63848
63868
63877
63904
63920
63928
63945
63947
63962
63965
63975
63979
63985
63993
64013
64017
64024
64029
64031
64041
64051
64058
64064
64087
64093
64095
64098
64104
64108
64110
64120
64122
64132
64147
64150
64152
64157
64163
64165
64168
64177
64203
64222
64229
64235
64242
64248
64256
64261
64262
64262
64265
64272
64274
64277
64298
64309
64332
64338
64346
64357
64363
64391
64395
64398
64419
64423
64427
64429
64444
64463
64470
64477
64487
64490
64496
64501
64502
64514
64515
64520
64540
64555
64586
64586
64587
64590
64610
64634
64639
64641
64684
64706
64720
64724
64730
64731
64731
64736
64742
64742
64756
64776
64778
64779
64782
64783
64786
64799
64807
64807
64861
64873
64882
64902
64921
64927
64938
64944
64947
64964
64969
64970
64973
64975
64987
64992
65000
65041
65069
65077
65104
65117
65122
65127
65129
65160
65169
65174
65191
65194
65199
65214
65217
65236
65237
65242
65244
65248
65251
65254
65262
65263
65288
65288
65293
65314
65323
65328
65332
65336
65350
65356
65365
65365
65370
65375
65386
65413
65425
65433
65433
65439
65458
65459
65459
65459
65478
65497
65502
65513
65538
65540
65544
65545
65594
65611
65615
65624
65625
65636
65658
65660
65663
65664
65682
65683
65690
65691
65692
65707
65713
65717
65721
65739
65739
65754
65763
65767
65781
65782
65793
65812
65814
65836
65838
65838
65842
65869
65883
65885
65886
65887
65898
65901
65906
65907
65920
65936
65939
65940
65946
65989
65995
65998
66002
66012
66037
66051
66054
66060
66083
66087
66093
66106
66129
66147
66169
66193
66194
66199
66201
66202
66221
66255
66256
66258
66267
66280
66340
66342
66349
66354
66355
66384
66386
66389
66390
66397
66405
66408
66415
66438
66459
66464
66482
66484
66500
66510
66511
66568
66569
66585
66587
66594
66594
66596
66616
66627
66633
66645
66656
66662
66674
66675
66687
66710
66719
66725
66727
66750
66751
66754
66756
66763
66778
66786
66811
66817
66825
66839
66841
66861
66865
66900
66903
66904
66916
66949
66959
66962
66965
66965
66966
66977
66978
66983
66987
67002
67006
67008
67057
67075
67090
67094
67095
67097
67103
67106
67108
67112
67140
67168
67170
67178
67207
67216
67240
67244
67259
67315
67333
67341
67354
67355
67358
67378
67389
67390
67401
67425
67439
67443
67450
67461
67485
67494
67502
67502
67514
67525
67561
67575
67576
67582
67593
67626
67627
67643
67658
67667
67669
67686
67687
67687
67698
67726
67738
67756
67766
67767
67769
67806
67809
67811
67821
67837
67867
67869
67877
67902
67915
67934
67945
67958
67965
67967
67969
67994
68001
68005
68008
68016
68027
68027
68047
68066
68070
68084
68097
68104
68119
68129
68137
68138
68139
68143
68152
68157
68163
68172
68174
68198
68219
68238
68242
68252
68259
68278
68297
68299
68309
68321
68324
68333
68333
68349
68380
68397
68407
68421
68424
68427
68450
68469
68504
68517
68521
68524
68525
68549
68553
68561
68567
68568
68612
68621
68627
68648
68656
68670
68694
68699
68702
68705
68716
68720
68720
68731
68739
68751
68751
68764
68790
68796
68800
68804
68813
68823
68823
68827
68845
68854
68862
68866
68867
68870
68882
68883
68891
68891
68894
68902
68904
68909
68910
68918
68922
68930
68934
68934
68947
68954
68975
68977
68985
68992
68992
68996
69005
69006
69022
69048
69060
69073
69088
69095
69096
69105
69109
69127
69131
69153
69156
69163
69189
69190
69190
69193
69218
69219
69232
69250
69255
69269
69271
69295
69298
69299
69333
69341
69351
69360
69378
69385
69398
69403
69409
69421
69424
69429
69446
69451
69516
69517
69519
69541
69549
69565
69580
69610
69611
69618
69625
69631
69632
69638
69651
69653
69658
69667
69674
69678
69683
69716
69718
69735
69737
69737
69755
69764
69768
69776
69783
69784
69787
69791
69799
69813
69828
69852
69870
69876
69877
69904
69906
69910
69912
69912
69917
69947
69949
69953
69954
69956
69974
70007
70014
70014
70018
70029
70051
70052
70065
70070
70071
70079
70079
70089
70092
70093
70096
70112
70119
70129
70132
70135
70135
70138
70138
70145
70149
70156
70182
70190
70194
70204
70217
70224
70226
70233
70236
70247
70264
70268
70279
70287
70298
70307
70317
70327
70337
70350
70351
70375
70375
70378
70390
70400
70401
70407
70415
70423
70432
70435
70438
70439
70460
70464
70466
70469
70472
70507
70541
70549
70562
70607
70609
70612
70629
70629
70643
70655
70677
70683
70686
70700
70705
70716
70728
70733
70744
70767
70776
70780
70782
70799
70811
70812
70819
70824
70826
70843
70850
70859
70862
70867
70875
70895
70914
70925
70946
70961
70973
70974
70974
70984
71005
71012
71020
71021
71022
71023
71025
71027
71037
71039
71046
71049
71054
71054
71072
71087
71103
71104
71116
71117
71127
71131
71147
71147
71149
71176
71177
71195
71205
71207
71210
71235
71238
71239
71244
71249
71253
71255
71256
71271
71280
71284
71295
71309
71329
71344
71355
71377
71380
71382
71391
71422
71423
71433
71468
71497
71501
71519
71528
71536
71542
71547
71551
71554
71571
71584
71614
71617
71619
71633
71635
71639
71647
71655
71672
71692
71693
71705
71742
71761
71771
71791
71824
71834
71839
71839
71850
71855
71871
71883
71895
71901
71913
71933
71942
71943
71945
71979
71987
71989
72010
72019
72041
72049
72072
72111
72133
72163
72185
72186
72210
72234
72240
72261
72272
72289
72295
72328
72338
72343
72384
72389
72394
72398
72411
72435
72447
72493
72499
72502
72530
72536
72542
72543
72544
72563
72567
72576
72593
72599
72603
72615
72672
72687
72698
72726
72727
72727
72738
72748
72757
72793
72805
72823
72825
72828
72831
72839
72849
72864
72870
72895
72896
72916
72917
72931
72939
72943
72945
72952
72981
72994
73009
73037
73041
73051
73053
73060
73075
73077
73087
73087
73095
73098
73124
73136
73142
73187
73215
73215
73268
73274
73291
73307
73315
73318
73327
73331
73369
73371
73372
73378
73393
73411
73413
73421
73431
73440
73440
73447
73478
73478
73490
73493
73494
73508
73521
73537
73540
73551
73561
73598
73603
73624
73627
73635
73657
73661
73663
73665
73672
73685
73687
73687
73692
73697
73705
73714
73717
73733
73734
73744
73744
73754
73758
73764
73765
73767
73789
73794
73804
73807
73823
73832
73854
73859
73872
73883
73903
73943
73953
73965
73972
73976
73992
73996
73999
74012
74016
74018
74019
74031
74032
74043
74058
74080
74082
74091
74107
74111
74118
74122
74137
74140
74144
74145
74146
74156
74190
74193
74194
74194
74197
74200
74219
74223
74225
74235
74246
74247
74263
74264
74272
74282
74282
74303
74324
74350
74355
74371
74381
74395
74409
74417
74418
74418
74443
74455
74479
74482
74491
74499
74520
74521
74524
74529
74536
74556
74567
74570
74586
74600
74614
74628
74642
74648
74654
74683
74684
74687
74692
74700
74703
74707
74712
74716
74720
74732
74740
74742
74744
74747
74763
74764
74771
74772
74781
74782
74791
74811
74815
74817
74818
74820
74823
74834
74841
74844
74867
74869
74882
74893
74894
74915
74915
74916
74930
74949
74961
74966
74969
74986
75005
75009
75019
75023
75039
75063
75075
75094
75129
75156
75163
75174
75190
75197
75201
75203
75220
75224
75230
75248
75249
75256
75291
75307
75315
75326
75331
75349
75352
75356
75360
75365
75385
75395
75395
75399
75412
75415
75415
75416
75428
75440
75447
75456
75462
75478
75485
75491
75496
75517
75522
75528
75571
75576
75592
75599
75611
75619
75619
75627
75640
75643
75651
75655
75674
75675
75681
75700
75705
75717
75727
75748
75749
75750
75757
75764
75785
75787
75790
75815
75831
75836
75839
75858
75868
75879
75901
75922
75926
75948
75968
75976
75977
75995
76002
76007
76019
76041
76043
76048
76052
76053
76057
76058
76097
76103
76121
76124
76126
76176
76196
76201
76218
76222
76227
76241
76276
76281
76287
76293
76294
76296
76300
76308
76312
76313
76316
76326
76333
76335
76336
76337
76342
76345
76354
76355
76365
76417
76429
76433
76433
76441
76455
76493
76503
76506
76518
76524
76531
76536
76538
76542
76560
76560
76580
76583
76583
76587
76598
76603
76625
76625
76633
76637
76665
76665
76674
76688
76709
76720
76731
76751
76754
76762
76768
76792
76793
76793
76806
76828
76830
76835
76855
76858
76861
76880
76890
76896
76899
76908
76916
76916
76927
76931
76946
76949
76962
76962
76967
76986
77002
77021
77031
77041
77062
77065
77066
77067
77069
77086
77097
77112
77118
77121
77132
77139
77150
77154
77158
77159
77166
77167
77169
77170
77170
77172
77179
77188
77204
77206
77225
77229
77239
77247
77254
77267
77272
77296
77302
77315
77317
77330
77345
77353
77355
77364
77374
77384
77389
77391
77394
77403
77405
77438
77445
77452
77453
77458
77464
77469
77471
77481
77490
77502
77517
77527
77542
77545
77554
77566
77578
77578
77595
77599
77601
77605
77614
77621
77635
77641
77668
77670
77672
77676
77687
77688
77701
77702
77712
77714
77718
77726
77733
77736
77752
77756
77759
77768
77768
77790
77794
77802
77807
77808
77820
77835
77838
77846
77853
77877
77881
77884
77885
77885
77885
77890
77896
77908
77911
77917
77938
77938
77945
77947
77948
77950
77954
77962
77977
77978
78018
78020
78025
78034
78038
78047
78079
78099
78102
78107
78108
78114
78162
78173
78175
78201
78210
78210
78214
78214
78219
78235
78244
78244
78253
78255
78260
78265
78268
78272
78272
78273
78279
78283
78309
78314
78321
78331
78335
78357
78390
78394
78403
78407
78439
78452
78455
78496
78496
78531
78539
78544
78551
78581
78609
78629
78633
78646
78654
78657
78657
78664
78667
78676
78676
78692
78708
78710
78717
78727
78727
78732
78733
78742
78758
78764
78769
78777
78780
78794
78795
78804
78834
78835
78837
78840
78861
78867
78870
78871
78889
78919
78922
78930
78932
78944
78952
78981
78987
78989
78999
79006
79009
79013
79014
79034
79086
79109
79110
79119
79136
79169
79170
79173
79174
79178
79178
79180
79191
79193
79203
79231
79264
79275
79276
79287
79303
79304
79335
79340
79366
79372
79376
79379
79382
79389
79390
79392
79400
79415
79431
79437
79441
79444
79457
79462
79468
79475
79480
79488
79494
79512
79531
79562
79602
79613
79614
79638
79644
79652
79669
79689
79695
79699
79708
79722
79743
79744
79745
79748
79764
79772
79788
79797
79809
79824
79830
79835
79837
79858
79876
79902
79919
79968
79975
79983
79985
79993
79995
80000
80006
80008
80025
80032
80037
80066
80074
80083
80086
80105
80106
80126
80128
80142
80151
80176
80183
80186
80194
80201
80205
80217
80230
80244
80251
80259
80261
80263
80268
80278
80332
80344
80349
80358
80358
80381
80384
80397
80398
80400
80403
80404
80411
80415
80417
80426
80428
80434
80438
80446
80483
80486
80503
80519
80520
80527
80542
80543
80566
80584
80591
80623
80627
80639
80650
80658
80664
80672
80677
80681
80687
80704
80707
80716
80722
80724
80737
80745
80751
80773
80804
80815
80817
80829
80833
80848
80883
80905
80919
80941
80950
80956
80962
80979
80988
81012
81027
81052
81058
81072
81083
81088
81102
81145
81152
81170
81173
81174
81176
81189
81208
81210
81249
81257
81259
81302
81310
81313
81315
81320
81339
81353
81403
81414
81437
81437
81441
81463
81476
81477
81492
81498
81520
81533
81536
81536
81558
81565
81572
81598
81600
81601
81602
81610
81612
81640
81645
81648
81658
81663
81669
81687
81690
81694
81696
81707
81714
81716
81740
81746
81747
81763
81766
81768
81770
81774
81782
81783
81798
81800
81800
81805
81814
81835
81843
81850
81856
81865
81867
81872
81872
81884
81891
81895
81908
81908
81915
81926
81931
81937
81938
81943
81947
81951
81956
81996
82002
82002
82013
82050
82066
82070
82108
82137
82151
82162
82166
82173
82190
82246
82250
82258
82259
82272
82274
82275
82288
82306
82312
82316
82326
82340
82352
82352
82411
82414
82431
82431
82443
82456
82457
82462
82466
82493
82504
82511
82513
82518
82551
82556
82558
82560
82564
82581
82584
82598
82618
82634
82634
82644
82652
82655
82658
82668
82670
82671
82679
82689
82691
82705
82717
82760
82777
82779
82793
82811
82813
82819
82827
82831
82849
82871
82878
82889
82908
82936
82936
82938
82938
82961
82969
82973
82982
83005
83014
83036
83038
83039
83046
83078
83081
83082
83083
83087
83091
83105
83130
83134
83138
83175
83204
83211
83215
83221
83241
83243
83251
83279
83296
83297
83299
83308
83336
83373
83376
83378
83379
83383
83388
83400
83407
83418
83444
83460
83518
83525
83536
83545
83559
83570
83575
83576
83588
83603
83618
83619
83648
83665
83666
83671
83707
83715
83723
83727
83733
83746
83749
83755
83769
83781
83784
83797
83825
83830
83844
83844
83846
83861
83876
83876
83882
83891
83904
83905
83910
83932
83932
83946
83957
83982
83993
84012
84017
84021
84021
84039
84039
84043
84076
84101
84110
84113
84121
84130
84137
84145
84146
84151
84152
84157
84163
84176
84187
84202
84212
84212
84222
84227
84227
84237
84255
84277
84290
84302
84314
84319
84324
84324
84336
84342
84358
84361
84363
84388
84389
84410
84414
84436
84498
84506
84515
84525
84532
84538
84548
84553
84553
84573
84577
84591
84606
84609
84634
84642
84645
84647
84659
84665
84684
84685
84695
84722
84731
84737
84739
84744
84757
84769
84776
84777
84783
84787
84788
84796
84798
84806
84806
84815
84822
84823
84830
84833
84835
84838
84844
84863
84866
84877
84878
84890
84899
84900
84901
84904
84907
84916
84920
84926
84928
84937
84943
84951
84963
84973
84987
84990
84992
84992
85010
85012
85017
85026
85028
85040
85041
85053
85077
85087
85110
85118
85157
85200
85206
85219
85219
85220
85229
85236
85241
85254
85258
85266
85281
85314
85318
85318
85321
85345
85355
85373
85403
85427
85475
85480
85496
85502
85509
85519
85531
85532
85544
85558
85567
85577
85588
85613
85622
85639
85656
85691
85693
85698
85699
85706
85709
85716
85717
85720
85724
85728
85728
85736
85742
85745
85758
85761
85766
85767
85783
85784
85790
85793
85802
85821
85834
85846
85849
85855
85860
85870
85875
85881
85892
85902
85929
85946
85947
85962
85963
85966
85975
85984
85987
86003
86004
86023
86025
86028
86063
86083
86094
86104
86117
86128
86170
86176
86177
86177
86180
86206
86211
86216
86234
86244
86247
86255
86262
86271
86274
86277
86283
86296
86298
86300
86305
86316
86318
86321
86353
86355
86367
86372
86394
86421
86433
86440
86454
86487
86495
86497
86534
86541
86548
86559
86582
86589
86594
86597
86603
86614
86622
86623
86642
86644
86660
86662
86663
86666
86672
86677
86679
86688
86691
86700
86705
86719
86744
86750
86760
86761
86771
86775
86775
86786
86793
86798
86806
86833
86845
86846
86848
86857
86864
86866
86871
86879
86883
86884
86903
86922
86932
86939
86941
86954
86954
86972
86972
86999
87013
87024
87039
87046
87069
87072
87072
87073
87088
87097
87149
87176
87182
87196
87226
87228
87240
87241
87254
87269
87293
87300
87302
87316
87317
87325
87331
87349
87349
87355
87363
87365
87384
87397
87400
87408
87423
87425
87431
87443
87444
87453
87460
87464
87469
87470
87476
87484
87486
87497
87512
87531
87545
87550
87567
87568
87569
87580
87611
87619
87621
87629
87638
87659
87660
87671
87704
87714
87715
87726
87734
87755
87755
87760
87765
87770
87772
87789
87792
87795
87797
87810
87833
87835
87843
87848
87850
87852
87866
87879
87887
87911
87911
87911
87915
87916
87929
87932
87934
87939
87946
87960
87963
87963
87971
87979
87990
88022
88035
88045
88053
88054
88058
88058
88063
88068
88080
88102
88134
88158
88167
88182
88183
88201
88202
88218
88220
88225
88240
88245
88246
88266
88311
88362
88366
88382
88386
88394
88406
88423
88467
88489
88513
88519
88543
88550
88563
88567
88582
88583
88600
88616
88623
88632
88647
88651
88655
88669
88677
88679
88685
88685
88691
88696
88706
88709
88716
88718
88725
88726
88728
88730
88742
88749
88756
88760
88772
88793
88801
88802
88806
88811
88832
88841
88846
88847
88864
88867
88892
88901
88909
88916
88927
88936
88943
88982
88983
88984
88987
88992
88992
88994
89003
89005
89021
89021
89021
89026
89075
89089
89091
89091
89129
89132
89138
89141
89157
89166
89168
89172
89180
89187
89201
89227
89229
89240
89249
89251
89265
89269
89279
89280
89294
89316
89320
89330
89334
89348
89354
89356
89360
89363
89376
89392
89428
89449
89468
89478
89484
89494
89498
89503
89525
89537
89549
89553
89563
89567
89579
89582
89595
89605
89621
89625
89636
89639
89644
89649
89670
89705
89714
89727
89728
89732
89747
89750
89755
89760
89777
89786
89792
89793
89794
89795
89796
89817
89820
89825
89848
89853
89867
89873
89892
89905
89914
89921
89958
89970
89975
89978
89991
90024
90029
90034
90043
90052
90054
90075
90082
90101
90102
90105
90106
90111
90114
90118
90122
90190
90201
90222
90244
90274
90276
90276
90298
90311
90324
90325
90330
90339
90342
90343
90352
90357
90365
90383
90402
90415
90430
90433
90433
90445
90446
90456
90457
90480
90506
90530
90530
90531
90541
90562
90567
90569
90572
90575
90575
90583
90584
90590
90597
90616
90657
90676
90688
90694
90722
90730
90749
90750
90759
90760
90761
90764
90781
90821
90853
90870
90875
90883
90887
90888
90893
90903
90905
90906
90907
90937
90951
90955
90985
90994
90996
91004
91010
91021
91023
91041
91051
91081
91083
91085
91089
91096
91098
91105
91108
91124
91126
91135
91139
91141
91159
91165
91166
91169
91174
91177
91191
91193
91201
91211
91243
91246
91262
91264
91265
91267
91272
91284
91290
91306
91312
91319
91324
91332
91338
91348
91350
91363
91370
91381
91407
91438
91451
91488
91499
91502
91528
91531
91533
91534
91541
91545
91558
91576
91578
91579
91611
91616
91623
91628
91628
91629
91652
91660
91674
91676
91677
91689
91700
91708
91723
91732
91744
91770
91778
91781
91787
91801
91802
91806
91810
91819
91840
91853
91902
91906
91916
91916
91933
91942
91944
91965
91979
91994
92003
92007
92009
92021
92027
92045
92048
92068
92069
92071
92074
92075
92077
92084
92087
92105
92109
92110
92118
92124
92124
92129
92131
92134
92136
92136
92151
92176
92188
92199
92215
92225
92229
92236
92240
92244
92254
92261
92264
92266
92274
92281
92306
92316
92317
92321
92325
92331
92340
92342
92343
92355
92363
92367
92370
92375
92379
92383
92383
92387
92393
92397
92398
92410
92410
92426
92426
92432
92439
92445
92445
92487
92501
92505
92510
92518
92518
92519
92523
92525
92546
92550
92559
92574
92576
92577
92578
92580
92613
92637
92659
92665
92673
92687
92693
92695
92704
92710
92718
92726
92732
92750
92766
92767
92802
92819
92823
92824
92826
92845
92845
92856
92865
92872
92879
92890
92892
92922
92932
92934
92934
92938
92943
92950
92970
92988
92989
92993
93008
93014
93027
93040
93095
93101
93122
93122
93123
93126
93150
93163
93165
93166
93167
93178
93185
93186
93191
93199
93222
93230
93233
93261
93285
93290
93300
93302
93309
93316
93323
93360
93371
93383
93391
93391
93401
93404
93419
93428
93428
93464
93473
93492
93495
93506
93518
93521
93543
93547
93551
93553
93557
93559
93578
93605
93618
93641
93641
93647
93677
93708
93717
93718
93740
93754
93757
93778
93784
93789
93794
93824
93855
93857
93862
93869
93874
93880
93881
93890
93895
93904
93919
93923
93936
93945
93949
93952
93954
93955
93964
93965
93979
93981
93982
93982
93984
93990
93992
94004
94014
94019
94042
94048
94071
94077
94078
94085
94107
94110
94125
94126
94128
94142
94174
94187
94199
94206
94211
94214
94222
94237
94248
94257
94265
94278
94296
94297
94332
94336
94337
94338
94346
94356
94365
94371
94381
94395
94396
94405
94410
94424
94443
94443
94443
94475
94509
94535
94535
94536
94542
94550
94552
94557
94582
94591
94591
94598
94603
94615
94635
94656
94683
94702
94703
94714
94729
94740
94748
94750
94760
94769
94796
94816
94817
94820
94827
94831
94838
94843
94848
94864
94870
94876
94881
94887
94891
94892
94901
94913
94922
94929
94932
94937
94955
94957
94962
94963
94964
94968
94970
94982
94997
95006
95014
95028
95032
95034
95038
95050
95054
95058
95062
95070
95072
95074
95075
95077
95086
95086
95100
95107
95127
95128
95128
95150
95158
95166
95172
95182
95183
95183
95209
95214
95218
95219
95240
95248
95274
95281
95285
95295
95303
95305
95322
95341
95342
95360
95363
95381
95396
95399
95403
95405
95426
95433
95478
95478
95489
95496
95499
95524
95531
95583
95591
95606
95606
95619
95639
95654
95671
95674
95675
95677
95682
95686
95689
95706
95720
95740
95741
95771
95777
95782
95785
95794
95801
95801
95819
95821
95831
95837
95844
95857
95859
95877
95879
95897
95900
95901
95917
95929
95938
95964
95969
95978
95986
95998
96032
96034
96034
96043
96049
96051
96067
96079
96082
96086
96088
96117
96127
96129
96137
96143
96149
96151
96161
96175
96180
96194
96195
96246
96333
96343
96343
96354
96368
96382
96388
96395
96402
96432
96436
96443
96453
96461
96467
96470
96476
96481
96492
96521
96522
96543
96545
96561
96565
96574
96595
96611
96613
96627
96628
96634
96635
96690
96694
96695
96702
96718
96720
96753
96753
96793
96796
96797
96797
96817
96839
96841
96854
96867
96881
96912
96940
96959
96963
96981
96982
96992
96996
96996
97046
97055
97057
97064
97078
97099
97105
97111
97114
97117
97131
97157
97167
97175
97178
97178
97185
97211
97220
97236
97238
97239
97249
97252
97295
97312
97324
97328
97335
97346
97355
97382
97392
97411
97451
97456
97469
97472
97498
97512
97516
97521
97524
97535
97554
97583
97583
97607
97610
97617
97620
97623
97640
97641
97659
97674
97684
97693
97698
97703
97723
97741
97753
97759
97809
97842
97850
97861
97863
97865
97869
97870
97876
97883
97888
97904
97910
97914
97925
97941
97943
97953
97954
97954
97977
97989
97993
97994
98002
98017
98054
98063
98087
98097
98101
98104
98109
98155
98161
98163
98171
98178
98213
98223
98263
98268
98300
98302
98309
98314
98318
98320
98321
98327
98343
98354
98376
98392
98395
98411
98432
98437
98454
98475
98488
98495
98497
98516
98529
98533
98552
98553
98554
98575
98595
98608
98618
98627
98632
98638
98646
98646
98657
98658
98659
98663
98668
98675
98676
98683
98688
98690
98693
98698
98711
98726
98730
98731
98745
98753
98769
98773
98775
98775
98788
98806
98808
98812
98835
98835
98846
98850
98872
98874
98875
98877
98883
98897
98902
98916
98917
98920
98922
98943
98968
98982
98998
99008
99025
99034
99034
99059
99064
99091
99099
99104
99105
99111
99111
99125
99135
99137
99141
99146
99147
99172
99179
99183
99184
99185
99211
99237
99242
99271
99277
99284
99286
99338
99344
99348
99349
99351
99381
99385
99389
99399
99407
99412
99412
99424
99426
99456
99456
99476
99485
99503
99508
99524
99524
99524
99534
99535
99536
99543
99554
99566
99582
99585
99586
99592
99606
99611
99612
99615
99625
99666
99668
99672
99679
99687
99688
99697
99698
99773
99777
99782
99783
99795
99802
99845
99847
99851
99858
99860
99860
99861
99861
99868
99881
99881
99886
99892
99897
99951
99954
99970
99974
99977
99979
99989
