12
18
28
46
52
57
58
80
147
165
170
171
178
183
193
218
222
229
234
252
254
265
267
273
273
276
286
304
309
309
326
364
377
379
384
385
387
387
430
436
456
457
462
483
505
520
523
534
536
576
580
590
593
595
599
604
610
615
621
632
638
644
662
662
676
685
697
704
705
717
752
755
764
769
788
794
805
814
818
826
834
864
865
882
894
933
936
948
950
965
980
986
988
1015
1023
1045
1055
1059
1060
1064
1068
1085
1091
1093
1122
1135
1153
1162
1170
1198
1210
1212
1262
1270
1273
1275
1284
1287
1300
1301
1330
1333
1342
1350
1353
1353
1367
1381
1393
1397
1410
1418
1423
1426
1433
1436
1436
1451
1459
1462
1464
1464
1480
1488
1495
1496
1499
1515
1539
1545
1560
1567
1570
1572
1597
1610
1613
1615
1620
1622
1625
1626
1626
1627
1627
1629
1632
1632
1639
1642
1654
1678
1683
1707
1722
1740
1741
1749
1751
1758
1768
1775
1788
1792
1797
1844
1848
1855
1867
1877
1879
1881
1891
1914
1935
1937
1945
1956
1981
1991
2044
2044
2062
2069
2071
2079
2080
2107
2117
2139
2149
2157
2161
2172
2176
2182
2185
2194
2213
2262
2265
2286
2289
2309
2310
2323
2325
2329
2336
2371
2385
2416
2436
2465
2466
2468
2468
2470
2471
2473
2476
2511
2517
2540
2554
2582
2590
2603
2610
2618
2623
2638
2646
2668
2680
2694
2696
2701
2712
2712
2725
2730
2732
2748
2751
2754
2772
2775
2785
2805
2834
2853
2870
2878
2894
2910
2930
2959
2963
2973
2986
3015
3029
3040
3043
3058
3085
3099
3110
3121
3123
3153
3165
3168
3174
3179
3183
3198
3206
3208
3211
3216
3234
3244
3261
3264
3276
3282
3289
3294
3307
3324
3360
3361
3375
3392
3411
3420
3435
3461
3475
3477
3477
3482
3483
3484
3484
3491
3506
3519
3520
3522
3525
3526
3528
3528
3531
3540
3541
3560
3576
3579
3586
3599
3602
3606
3609
3622
3639
3644
3656
3661
3678
3705
3710
3712
3741
3754
3758
3762
3776
3781
3785
3792
3798
3814
3815
3842
3846
3860
3862
3872
3877
3879
3902
3912
3914
3915
3935
3943
3945
3946
3970
3988
3997
4020
4023
4028
4049
4054
4064
4074
4110
4148
4163
4164
4166
4176
4191
4211
4214
4216
4221
4227
4233
4241
4245
4253
4267
4277
4290
4292
4292
4303
4323
4328
4354
4355
4365
4365
4366
4386
4387
4418
4451
4508
4515
4516
4525
4539
4552
4556
4589
4595
4599
4616
4617
4622
4632
4633
4654
4663
4663
4666
4667
4677
4720
4733
4733
4737
4747
4748
4750
4754
4778
4782
4790
4801
4813
4826
4830
4849
4854
4870
4874
4877
4883
4930
4938
4939
4958
4989
4989
4992
5063
5073
5074
5096
5111
5126
5190
5203
5229
5233
5241
5257
5274
5287
5301
5332
5360
5362
5362
5363
5369
5380
5386
5398
5401
5420
5422
5461
5463
5475
5480
5483
5490
5491
5504
5552
5569
5573
5580
5605
5612
5618
5622
5630
5645
5645
5648
5658
5690
5696
5701
5701
5731
5735
5735
5745
5750
5753
5761
5794
5796
5798
5798
5822
5834
5839
5847
5852
5898
5947
5954
5965
5966
6012
6018
6021
6040
6046
6055
6060
6072
6093
6097
6099
6102
6107
6111
6130
6139
6221
6228
6232
6252
6252
6262
6267
6303
6310
6319
6325
6335
6344
6348
6359
6370
6370
6374
6386
6388
6406
6424
6430
6436
6438
6438
6441
6443
6446
6475
6487
6511
6513
6523
6524
6539
6571
6580
6590
6594
6595
6600
6606
6606
6619
6628
6641
6662
6670
6673
6678
6687
6706
6713
6718
6740
6742
6751
6778
6789
6793
6800
6802
6804
6809
6815
6822
6839
6855
6857
6875
6876
6908
6926
6946
6984
6990
6996
6999
6999
7010
7021
7033
7049
7055
7066
7072
7084
7087
7093
7102
7108
7113
7114
7120
7124
7126
7135
7137
7142
7146
7148
7152
7167
7171
7180
7181
7200
7212
7239
7252
7259
7260
7277
7292
7327
7327
7331
7339
7369
7375
7378
7381
7401
7442
7446
7464
7467
7471
7474
7498
7501
7502
7520
7526
7535
7567
7586
7629
7652
7658
7682
7693
7722
7724
7726
7730
7733
7733
7733
7739
7747
7763
7794
7797
7801
7803
7811
7822
7831
7838
7840
7846
7853
7867
7876
7879
7900
7915
7917
7918
7928
7931
7935
7937
7951
7957
7977
7992
7994
8000
8005
8015
8029
8030
8040
8042
8052
8056
8077
8092
8105
8113
8126
8143
8160
8164
8174
8188
8195
8196
8198
8215
8237
8246
8312
8332
8360
8361
8380
8386
8400
8405
8427
8434
8445
8467
8482
8484
8488
8495
8509
8512
8545
8551
8560
8561
8568
8576
8578
8627
8631
8639
8656
8658
8658
8664
8670
8682
8697
8702
8708
8711
8718
8748
8780
8787
8792
8795
8795
8799
8801
8804
8811
8864
8874
8901
8912
8914
8942
8948
8952
8973
8991
8997
9034
9038
9039
9041
9057
9062
9064
9080
9083
9084
9087
9087
9089
9094
9100
9106
9107
9125
9169
9179
9189
9189
9229
9235
9261
9264
9265
9300
9306
9313
9313
9320
9331
9391
9401
9412
9422
9426
9433
9434
9446
9448
9450
9453
9473
9489
9497
9498
9509
9548
9556
9560
9566
9570
9585
9597
9603
9613
9614
9628
9630
9637
9643
9643
9652
9655
9657
9658
9662
9663
9682
9687
9702
9716
9716
9718
9719
9730
9747
9757
9788
9790
9796
9820
9826
9828
9836
9851
9856
9857
9864
9866
9870
9871
9892
9893
9893
9897
9899
9905
9913
9932
9932
9936
9950
9971
10000
10003
10005
10011
10022
10029
10037
10058
10067
10098
10100
10107
10132
10150
10155
10173
10180
10182
10206
10235
10236
10241
10242
10242
10247
10252
10259
10268
10282
10286
10287
10287
10297
10299
10304
10325
10327
10330
10332
10341
10373
10373
10386
10393
10393
10414
10429
10437
10443
10455
10474
10475
10481
10481
10485
10495
10497
10512
10527
10535
10542
10546
10557
10564
10577
10578
10584
10608
10610
10611
10620
10639
10647
10656
10656
10658
10679
10686
10691
10697
10715
10791
10800
10804
10812
10849
10853
10862
10865
10884
10885
10889
10940
10941
10954
10955
10957
10972
10974
10988
10992
11017
11020
11021
11025
11028
11034
11061
11066
11071
11077
11087
11100
11100
11102
11116
11122
11124
11136
11153
11161
11163
11178
11180
11185
11188
11201
11211
11225
11230
11230
11235
11242
11247
11247
11267
11278
11285
11288
11305
11308
11346
11351
11352
11353
11357
11364
11366
11390
11414
11415
11484
11496
11536
11554
11566
11571
11578
11605
11623
11629
11639
11641
11652
11658
11663
11668
11699
11719
11739
11758
11769
11778
11783
11785
11790
11847
11847
11859
11867
11880
11892
11898
11915
11928
11930
11936
11954
11957
11961
11962
11986
11989
12004
12030
12074
12082
12083
12102
12106
12110
12132
12138
12146
12147
12152
12173
12186
12190
12224
12232
12239
12246
12260
12276
12283
12290
12293
12298
12298
12312
12315
12374
12377
12407
12417
12429
12434
12444
12448
12452
12456
12500
12500
12524
12527
12529
12539
12552
12564
12564
12582
12598
12618
12624
12630
12650
12666
12670
12675
12690
12703
12708
12709
12711
12727
12730
12741
12768
12768
12773
12789
12826
12831
12840
12844
12851
12875
12893
12898
12906
12919
12926
12936
12938
12940
12963
12988
12993
12994
13005
13005
13014
13015
13027
13030
13033
13054
13057
13060
13083
13091
13093
13099
13117
13122
13133
13143
13145
13150
13151
13157
13161
13166
13185
13188
13201
13202
13207
13211
13221
13225
13228
13228
13246
13249
13252
13254
13256
13265
13266
13269
13286
13287
13288
13299
13305
13306
13306
13312
13316
13326
13326
13328
13357
13360
13360
13361
13366
13393
13394
13407
13420
13420
13428
13461
13469
13491
13494
13496
13507
13517
13528
13537
13539
13561
13565
13580
13589
13592
13611
13611
13630
13632
13637
13661
13662
13669
13671
13673
13673
13677
13685
13698
13701
13702
13710
13716
13722
13739
13748
13765
13785
13787
13789
13799
13811
13831
13838
13843
13845
13852
13857
13879
13887
13891
13906
13908
13923
13938
13946
13965
13965
13981
14000
14014
14019
14022
14038
14040
14044
14049
14055
14063
14071
14075
14081
14093
14094
14114
14121
14125
14146
14153
14169
14171
14173
14179
14181
14194
14198
14202
14208
14211
14219
14219
14219
14246
14248
14251
14256
14265
14269
14281
14306
14313
14318
14320
14329
14344
14362
14372
14378
14385
14402
14417
14420
14420
14453
14455
14461
14466
14496
14508
14511
14522
14548
14551
14551
14559
14573
14596
14606
14611
14655
14658
14660
14662
14670
14672
14672
14690
14696
14698
14707
14711
14719
14719
14727
14737
14748
14750
14767
14776
14800
14818
14820
14824
14831
14838
14850
14942
14954
14973
14980
14984
14985
14986
14988
14990
14990
14994
15001
15003
15004
15007
15009
15012
15012
15021
15056
15066
15068
15081
15088
15098
15106
15115
15130
15149
15153
15154
15174
15181
15197
15199
15222
15239
15241
15242
15248
15257
15258
15260
15261
15263
15265
15291
15293
15307
15315
15316
15344
15355
15356
15362
15368
15379
15384
15388
15404
15405
15407
15421
15426
15439
15441
15443
15443
15447
15461
15465
15466
15477
15479
15479
15481
15489
15498
15501
15508
15523
15532
15534
15534
15552
15553
15558
15565
15568
15576
15615
15616
15623
15637
15646
15658
15662
15668
15670
15676
15691
15692
15725
15733
15740
15750
15755
15780
15804
15805
15814
15842
15855
15862
15873
15892
15907
15912
15919
15932
15940
15944
15951
15953
15974
15976
15991
15993
16008
16024
16026
16068
16072
16073
16076
16080
16095
16140
16160
16163
16180
16189
16191
16204
16215
16220
16243
16252
16267
16293
16304
16309
16310
16315
16319
16344
16345
16377
16380
16384
16387
16397
16398
16401
16404
16406
16413
16416
16450
16454
16457
16474
16511
16526
16560
16580
16593
16606
16609
16620
16624
16645
16655
16656
16663
16664
16678
16678
16685
16685
16689
16703
16704
16704
16709
16709
16723
16726
16731
16764
16794
16818
16819
16825
16828
16854
16860
16872
16881
16886
16896
16912
16912
16926
16951
16963
16974
16982
17011
17012
17043
17056
17097
17107
17110
17128
17143
17155
17158
17159
17166
17166
17170
17171
17181
17188
17202
17210
17227
17265
17269
17271
17277
17295
17310
17328
17328
17330
17335
17349
17365
17367
17397
17399
17401
17406
17407
17408
17428
17449
17451
17452
17458
17458
17477
17482
17512
17543
17571
17575
17583
17591
17593
17597
17598
17599
17620
17627
17635
17639
17653
17655
17679
17694
17697
17708
17708
17720
17730
17734
17744
17747
17749
17764
17766
17772
17777
17793
17821
17824
17841
17843
17848
17856
17870
17874
17879
17891
17894
17896
17909
17923
17930
17933
17934
17937
17939
17973
17982
17984
17986
17990
17991
17992
17998
17999
18004
18010
18028
18031
18041
18057
18067
18076
18085
18087
18087
18092
18095
18099
18102
18105
18141
18151
18155
18158
18185
18208
18224
18234
18239
18250
18251
18264
18267
18275
18281
18305
18308
18317
18328
18333
18341
18347
18363
18374
18386
18411
18415
18418
18422
18424
18437
18440
18444
18451
18461
18468
18474
18474
18477
18492
18498
18499
18505
18509
18547
18548
18561
18563
18566
18572
18591
18592
18599
18605
18621
18634
18634
18637
18694
18701
18723
18727
18742
18782
18784
18804
18832
18850
18864
18878
18885
18890
18891
18895
18897
18906
18918
18946
18948
18950
18966
18973
18974
18974
18974
18978
18984
18989
18990
18992
18999
19024
19026
19027
19032
19032
19035
19038
19060
19065
19090
19093
19100
19118
19123
19137
19149
19160
19164
19165
19172
19174
19177
19209
19229
19256
19257
19262
19262
19267
19269
19272
19325
19327
19330
19362
19368
19400
19402
19410
19414
19426
19428
19433
19437
19450
19463
19464
19466
19469
19470
19473
19493
19494
19498
19545
19547
19547
19550
19550
19561
19580
19615
19631
19637
19639
19645
19662
19671
19676
19683
19711
19729
19736
19736
19739
19758
19766
19775
19778
19798
19825
19831
19837
19846
19862
19867
19876
19877
19890
19899
19907
19911
19948
19950
19971
19976
19988
19996
20002
20019
20032
20032
20064
20068
20068
20090
20097
20107
20115
20116
20131
20133
20134
20136
20148
20150
20180
20184
20200
20216
20220
20224
20233
20243
20244
20245
20268
20295
20297
20297
20343
20344
20348
20361
20366
20369
20370
20373
20391
20416
20416
20421
20422
20436
20447
20462
20464
20474
20489
20490
20509
20511
20512
20515
20520
20523
20541
20543
20543
20548
20565
20566
20566
20584
20584
20593
20606
20615
20623
20640
20656
20692
20693
20696
20699
20700
20704
20712
20722
20725
20731
20743
20744
20803
20803
20812
20821
20866
20877
20883
20889
20896
20921
20925
20926
20933
20940
20947
20948
20964
20973
20978
20982
20985
20994
20996
20997
21000
21008
21020
21022
21028
21038
21040
21057
21063
21090
21098
21107
21133
21137
21163
21177
21184
21218
21218
21220
21221
21246
21250
21265
21282
21286
21294
21297
21299
21304
21309
21313
21349
21350
21357
21364
21368
21375
21382
21385
21403
21430
21439
21452
21463
21477
21499
21509
21513
21518
21522
21522
21535
21538
21555
21565
21567
21572
21581
21588
21597
21608
21609
21615
21623
21623
21624
21625
21629
21636
21640
21650
21650
21656
21657
21668
21701
21714
21729
21731
21735
21739
21744
21762
21769
21783
21793
21793
21798
21799
21802
21803
21860
21867
21898
21902
21923
21934
21963
21968
21971
21982
21999
22010
22012
22032
22033
22059
22063
22071
22076
22082
22094
22099
22101
22106
22116
22121
22122
22134
22142
22166
22169
22187
22195
22205
22242
22243
22248
22252
22253
22255
22261
22268
22270
22305
22316
22317
22317
22327
22340
22348
22353
22375
22387
22407
22410
22417
22429
22453
22487
22498
22508
22512
22520
22549
22577
22589
22590
22611
22612
22620
22637
22637
22640
22655
22662
22683
22698
22700
22701
22713
22720
22722
22732
22733
22745
22747
22747
22749
22781
22789
22794
22797
22802
22808
22809
22813
22817
22819
22820
22835
22861
22869
22871
22908
22909
22909
22912
22917
22921
22922
22926
22947
22961
22971
22975
22989
22994
23005
23005
23011
23016
23019
23022
23023
23027
23035
23041
23051
23059
23070
23070
23079
23092
23123
23125
23172
23176
23189
23218
23219
23227
23230
23254
23268
23269
23280
23307
23316
23349
23366
23368
23373
23398
23406
23419
23432
23443
23449
23450
23474
23480
23482
23485
23492
23497
23502
23502
23518
23520
23551
23552
23554
23572
23594
23607
23608
23636
23636
23643
23649
23651
23652
23660
23661
23686
23696
23719
23732
23755
23759
23762
23775
23784
23789
23791
23800
23807
23814
23821
23834
23837
23866
23866
23875
23891
23891
23892
23892
23894
23896
23901
23950
23954
23957
23958
23971
24001
24002
24010
24018
24022
24027
24043
24064
24067
24070
24077
24089
24106
24124
24126
24137
24142
24151
24155
24167
24168
24169
24226
24229
24238
24243
24243
24254
24270
24270
24275
24285
24320
24327
24331
24339
24390
24423
24435
24437
24442
24479
24483
24486
24489
24492
24494
24495
24497
24502
24524
24527
24552
24564
24573
24596
24614
24622
24631
24637
24643
24644
24655
24660
24661
24666
24675
24688
24716
24718
24719
24722
24724
24744
24748
24751
24759
24767
24783
24798
24801
24813
24829
24835
24837
24839
24855
24867
24893
24911
24911
24927
24949
24959
24971
24972
24975
24980
24985
24993
25006
25021
25028
25033
25050
25061
25073
25077
25093
25097
25109
25113
25123
25125
25144
25151
25163
25170
25171
25185
25257
25279
25286
25324
25340
25366
25399
25436
25441
25442
25445
25446
25449
25459
25479
25486
25511
25544
25555
25564
25566
25568
25573
25576
25582
25584
25588
25613
25622
25623
25650
25665
25670
25711
25725
25733
25742
25748
25751
25758
25761
25761
25790
25793
25803
25811
25816
25824
25824
25829
25831
25873
25896
25900
25912
25913
25924
25930
25953
25969
25973
25986
25999
26001
26009
26014
26023
26028
26047
26052
26087
26096
26103
26105
26121
26125
26137
26150
26153
26154
26166
26185
26191
26198
26209
26221
26226
26227
26230
26250
26264
26276
26303
26305
26313
26315
26325
26364
26373
26408
26414
26420
26428
26430
26439
26456
26457
26461
26476
26487
26493
26498
26523
26546
26571
26575
26611
26614
26697
26712
26716
26718
26724
26749
26758
26770
26782
26804
26815
26831
26833
26846
26846
26848
26860
26870
26879
26897
26966
26966
26976
26981
26983
26985
26990
27005
27033
27038
27047
27054
27060
27062
27064
27084
27100
27130
27134
27143
27144
27156
27157
27165
27178
27180
27191
27195
27195
27207
27213
27224
27234
27235
27237
27251
27253
27257
27261
27263
27264
27265
27267
27286
27287
27290
27299
27304
27316
27323
27335
27339
27351
27351
27351
27367
27372
27384
27388
27402
27413
27433
27439
27448
27451
27470
27486
27502
27524
27530
27530
27531
27537
27552
27558
27565
27567
27576
27577
27588
27591
27600
27610
27613
27618
27619
27624
27639
27643
27645
27652
27664
27677
27690
27724
27735
27737
27756
27785
27814
27817
27825
27825
27826
27848
27854
27870
27876
27885
27888
27894
27901
27903
27914
27924
27932
27938
27946
27953
27961
27973
27973
27973
27986
28007
28010
28025
28032
28045
28048
28053
28054
28058
28058
28059
28090
28103
28104
28128
28139
28146
28170
28185
28215
28232
28248
28253
28254
28258
28262
28302
28310
28316
28343
28349
28357
28362
28369
28372
28374
28380
28382
28384
28389
28396
28405
28405
28406
28423
28441
28465
28467
28468
28469
28485
28486
28495
28505
28506
28512
28547
28552
28560
28574
28582
28597
28604
28609
28620
28626
28632
28636
28646
28648
28656
28662
28674
28684
28689
28697
28704
28718
28719
28723
28756
28759
28770
28776
28808
28824
28825
28862
28871
28883
28887
28890
28913
28925
28957
28960
28960
28969
28982
28984
28986
29002
29008
29016
29030
29031
29043
29045
29067
29070
29082
29085
29094
29133
29133
29160
29204
29211
29222
29231
29243
29249
29250
29252
29258
29274
29275
29289
29291
29343
29353
29365
29378
29380
29391
29396
29397
29417
29431
29462
29463
29469
29494
29501
29528
29529
29535
29577
29577
29586
29599
29607
29614
29630
29633
29637
29667
29668
29677
29683
29700
29708
29714
29726
29730
29731
29735
29737
29754
29771
29778
29784
29790
29802
29817
29819
29819
29824
29832
29841
29876
29879
29889
29905
29908
29908
29921
29922
29934
29955
29961
29961
29976
29989
29998
30023
30027
30051
30063
30065
30077
30080
30088
30101
30106
30109
30115
30120
30132
30147
30153
30158
30165
30166
30177
30183
30185
30188
30188
30211
30212
30240
30246
30250
30267
30274
30281
30286
30315
30315
30320
30342
30347
30349
30358
30392
30404
30413
30433
30435
30440
30462
30471
30478
30487
30508
30513
30525
30539
30543
30544
30547
30547
30555
30585
30601
30613
30627
30632
30665
30669
30679
30691
30702
30715
30728
30777
30796
30796
30816
30824
30829
30854
30859
30862
30867
30885
30886
30911
30920
30924
30930
30932
30939
30956
30970
30970
30979
31001
31007
31010
31012
31025
31026
31038
31044
31057
31069
31075
31082
31088
31091
31102
31115
31130
31131
31131
31133
31148
31154
31155
31160
31163
31168
31169
31190
31202
31204
31205
31209
31223
31229
31238
31249
31249
31252
31255
31265
31293
31299
31301
31305
31318
31321
31336
31357
31360
31363
31366
31368
31373
31379
31396
31400
31414
31419
31424
31443
31444
31455
31476
31498
31501
31507
31512
31516
31541
31564
31572
31619
31626
31631
31634
31643
31643
31653
31655
31660
31662
31664
31675
31679
31696
31703
31704
31705
31712
31712
31717
31736
31742
31757
31758
31758
31771
31778
31780
31785
31787
31800
31805
31827
31841
31846
31859
31867
31868
31878
31888
31892
31895
31897
31914
31929
31945
31949
31962
31964
31981
31981
32006
32018
32018
32026
32029
32063
32068
32087
32101
32102
32116
32134
32140
32150
32173
32175
32176
32218
32222
32237
32237
32247
32249
32257
32270
32274
32274
32281
32304
32311
32318
32329
32333
32340
32340
32348
32372
32392
32395
32408
32409
32414
32437
32445
32454
32461
32472
32484
32484
32497
32521
32524
32525
32547
32548
32562
32571
32595
32604
32607
32608
32620
32627
32627
32627
32633
32637
32639
32657
32662
32686
32724
32728
32731
32737
32751
32774
32786
32798
32813
32826
32849
32867
32880
32886
32898
32919
32923
32932
32952
32964
32967
32969
32970
32972
32977
32983
32996
33000
33002
33023
33031
33042
33050
33058
33060
33071
33152
33162
33163
33174
33191
33200
33202
33227
33228
33229
33233
33252
33263
33277
33277
33297
33358
33362
33373
33373
33398
33399
33440
33456
33462
33470
33473
33483
33493
33501
33518
33519
33544
33545
33552
33552
33586
33613
33618
33623
33630
33632
33634
33646
33657
33658
33661
33664
33664
33675
33690
33707
33714
33718
33726
33747
33751
33760
33775
33786
33788
33798
33799
33800
33807
33814
33815
33827
33828
33828
33829
33830
33834
33849
33851
33857
33861
33884
33895
33916
33926
33958
33960
33970
33983
33989
33990
33990
34023
34027
34043
34045
34049
34051
34059
34077
34078
34085
34087
34098
34125
34143
34144
34151
34152
34158
34169
34173
34203
34208
34213
34224
34245
34292
34295
34296
34298
34307
34328
34365
34384
34385
34392
34394
34441
34447
34464
34474
34483
34502
34532
34533
34535
34545
34575
34603
34617
34619
34620
34627
34633
34640
34642
34644
34654
34659
34666
34674
34679
34698
34700
34702
34714
34720
34723
34727
34728
34749
34753
34762
34792
34795
34797
34799
34812
34832
34835
34837
34841
34856
34880
34887
34893
34924
34937
34958
34962
34975
34984
35004
35011
35050
35055
35059
35060
35073
35093
35095
35098
35119
35121
35141
35151
35151
35154
35158
35160
35163
35168
35180
35203
35206
35212
35229
35239
35242
35285
35313
35318
35325
35326
35329
35351
35359
35377
35378
35386
35393
35403
35406
35427
35430
35430
35452
35464
35475
35479
35480
35483
35483
35502
35502
35508
35524
35534
35537
35550
35559
35605
35653
35657
35659
35666
35668
35670
35673
35681
35690
35698
35698
35720
35720
35726
35729
35732
35741
35743
35744
35751
35754
35772
35772
35774
35786
35786
35792
35799
35818
35821
35822
35827
35855
35865
35904
35907
35938
35965
35972
35981
35984
35994
36001
36003
36012
36012
36032
36056
36056
36057
36057
36061
36063
36064
36094
36099
36104
36131
36144
36148
36155
36160
36170
36171
36176
36178
36189
36194
36202
36203
36215
36229
36232
36238
36244
36272
36276
36279
36290
36303
36305
36315
36321
36323
36333
36342
36343
36344
36345
36355
36361
36361
36370
36376
36415
36430
36453
36466
36467
36480
36486
36488
36490
36507
36522
36554
36564
36575
36587
36598
36611
36614
36626
36632
36659
36663
36664
36696
36704
36705
36712
36740
36743
36744
36747
36756
36770
36776
36778
36779
36819
36827
36828
36829
36838
36856
36858
36858
36868
36876
36883
36884
36910
36919
36923
36923
36933
36943
36944
36949
36972
36979
36982
37005
37017
37035
37048
37051
37066
37077
37079
37094
37098
37141
37158
37159
37171
37171
37174
37182
37187
37190
37195
37196
37206
37216
37221
37223
37242
37268
37271
37274
37276
37286
37289
37293
37317
37325
37343
37354
37356
37360
37361
37374
37385
37390
37400
37400
37423
37439
37439
37450
37466
37472
37479
37490
37500
37502
37505
37509
37525
37529
37530
37535
37544
37545
37551
37594
37603
37619
37624
37624
37636
37657
37661
37667
37667
37688
37703
37708
37709
37710
37726
37729
37731
37740
37743
37760
37770
37783
37787
37805
37814
37818
37826
37831
37837
37860
37864
37865
37874
37876
37906
37924
37931
37942
37956
37956
37993
37995
38001
38006
38023
38028
38047
38052
38052
38061
38066
38077
38079
38081
38105
38114
38125
38125
38133
38146
38169
38187
38196
38203
38221
38222
38243
38249
38267
38268
38273
38285
38288
38299
38311
38320
38337
38362
38373
38385
38390
38404
38430
38440
38448
38497
38498
38512
38519
38524
38526
38528
38533
38548
38548
38562
38563
38570
38577
38581
38584
38592
38593
38609
38619
38619
38619
38639
38642
38651
38657
38669
38678
38681
38686
38706
38710
38723
38725
38733
38739
38772
38775
38779
38792
38807
38809
38811
38819
38822
38838
38839
38842
38844
38852
38874
38889
38901
38905
38912
38942
38951
38968
38985
38993
39020
39021
39035
39046
39047
39048
39054
39074
39088
39091
39094
39097
39099
39099
39101
39101
39108
39109
39137
39138
39139
39145
39146
39158
39173
39191
39191
39202
39204
39208
39213
39232
39250
39268
39272
39285
39289
39290
39294
39301
39318
39320
39326
39330
39331
39357
39367
39371
39382
39383
39387
39395
39402
39403
39413
39417
39422
39424
39430
39446
39451
39460
39461
39463
39487
39495
39499
39500
39520
39521
39523
39524
39544
39548
39553
39558
39571
39579
39592
39592
39595
39603
39637
39650
39654
39660
39660
39686
39696
39706
39710
39711
39721
39725
39774
39798
39806
39808
39819
39822
39846
39847
39870
39872
39873
39879
39885
39885
39939
39952
39964
39971
39976
39977
39994
40021
40027
40041
40042
40045
40054
40107
40112
40117
40122
40141
40147
40154
40166
40179
40182
40182
40183
40186
40201
40214
40225
40233
40233
40244
40251
40254
40256
40276
40287
40288
40293
40298
40303
40344
40365
40374
40388
40400
40419
40421
40425
40432
40435
40437
40450
40452
40463
40465
40479
40483
40493
40495
40501
40506
40518
40534
40536
40566
40571
40575
40595
40596
40598
40605
40647
40649
40650
40660
40663
40669
40675
40691
40702
40713
40732
40745
40753
40768
40770
40778
40781
40793
40819
40844
40846
40856
40856
40890
40896
40899
40905
40915
40921
40926
40928
40935
40941
40958
40970
40970
40974
40978
40979
40981
41000
41020
41026
41056
41064
41076
41101
41101
41107
41132
41136
41151
41151
41151
41160
41170
41184
41184
41189
41190
41193
41200
41213
41234
41247
41256
41262
41265
41265
41287
41291
41301
41306
41308
41315
41318
41331
41333
41347
41363
41383
41406
41412
41421
41461
41479
41495
41495
41496
41513
41517
41526
41540
41543
41544
41545
41585
41587
41595
41610
41611
41612
41623
41690
41697
41707
41709
41742
41756
41758
41763
41764
41769
41787
41790
41793
41800
41803
41825
41826
41841
41851
41852
41866
41881
41896
41902
41903
41910
41916
41918
41922
41927
41964
41969
41969
41975
41997
42013
42025
42026
42039
42045
42073
42084
42086
42095
42103
42105
42112
42114
42116
42121
42123
42133
42137
42145
42150
42157
42163
42166
42168
42198
42198
42218
42225
42229
42229
42232
42237
42238
42260
42274
42278
42284
42286
42293
42315
42334
42338
42338
42349
42364
42369
42378
42399
42428
42432
42452
42466
42470
42497
42505
42508
42511
42515
42517
42522
42541
42542
42564
42565
42601
42622
42645
42649
42666
42691
42708
42715
42715
42717
42722
42742
42756
42759
42768
42793
42794
42795
42797
42809
42815
42829
42830
42845
42854
42856
42869
42878
42881
42884
42930
42940
42941
42955
42967
42967
42990
43001
43003
43022
43025
43032
43033
43040
43046
43055
43067
43083
43091
43093
43115
43116
43119
43133
43145
43167
43174
43184
43190
43192
43192
43211
43215
43229
43230
43239
43245
43248
43251
43267
43275
43294
43299
43303
43314
43318
43319
43340
43346
43367
43367
43370
43391
43392
43395
43395
43399
43404
43411
43419
43446
43451
43478
43479
43496
43497
43498
43499
43513
43533
43553
43583
43593
43616
43618
43620
43648
43649
43665
43676
43677
43690
43694
43699
43725
43728
43731
43731
43734
43737
43740
43747
43763
43766
43810
43811
43817
43826
43846
43846
43873
43904
43908
43913
43916
43921
43944
43956
43961
43988
43990
43990
44013
44037
44041
44068
44101
44101
44112
44117
44170
44184
44187
44189
44214
44230
44240
44247
44273
44293
44302
44302
44319
44342
44354
44359
44365
44372
44392
44394
44406
44410
44414
44416
44418
44436
44453
44455
44459
44461
44470
44493
44518
44531
44538
44543
44557
44561
44562
44565
44569
44572
44578
44584
44596
44654
44655
44659
44665
44676
44682
44693
44707
44710
44712
44724
44735
44740
44747
44752
44761
44765
44770
44793
44820
44869
44873
44884
44885
44916
44935
44960
44972
44999
45000
45012
45017
45018
45031
45055
45073
45076
45081
45091
45098
45132
45133
45141
45151
45158
45165
45168
45184
45198
45207
45210
45213
45213
45224
45225
45227
45231
45231
45237
45243
45249
45253
45254
45283
45291
45318
45330
45335
45368
45369
45374
45374
45387
45393
45398
45412
45428
45442
45460
45465
45492
45508
45509
45511
45525
45530
45533
45534
45535
45543
45559
45565
45573
45575
45585
45591
45601
45618
45659
45660
45664
45673
45674
45688
45709
45718
45732
45748
45759
45760
45762
45779
45783
45792
45814
45823
45835
45836
45837
45839
45852
45859
45861
45874
45876
45883
45903
45907
45909
45952
45955
45967
45969
45987
45991
46000
46014
46048
46050
46057
46071
46106
46111
46122
46124
46137
46148
46165
46175
46180
46197
46201
46202
46207
46209
46210
46210
46216
46224
46236
46240
46244
46252
46252
46257
46260
46264
46268
46289
46318
46319
46323
46346
46363
46384
46388
46396
46418
46426
46432
46446
46457
46458
46464
46474
46475
46479
46493
46518
46521
46550
46556
46596
46599
46612
46658
46662
46686
46690
46690
46723
46724
46729
46740
46748
46753
46768
46799
46803
46807
46816
46819
46827
46829
46835
46837
46838
46841
46856
46859
46860
46885
46889
46903
46904
46906
46924
46943
46953
46954
46961
46966
46971
46977
46983
46992
46998
46999
47003
47004
47038
47043
47044
47050
47053
47060
47065
47070
47081
47082
47097
47106
47112
47119
47120
47134
47142
47149
47160
47177
47181
47183
47200
47206
47213
47217
47222
47233
47276
47306
47316
47320
47330
47343
47347
47364
47367
47367
47409
47410
47429
47432
47437
47460
47466
47466
47473
47474
47476
47514
47527
47533
47537
47540
47560
47561
47582
47596
47608
47609
47610
47617
47629
47631
47644
47650
47661
47667
47685
47701
47704
47715
47722
47725
47742
47750
47754
47782
47785
47789
47802
47811
47817
47838
47840
47843
47876
47881
47895
47899
47906
47910
47920
47952
47955
47956
47957
47964
47976
47983
47990
48031
48034
48044
48053
48066
48107
48112
48127
48127
48135
48135
48139
48142
48168
48169
48184
48185
48205
48225
48264
48281
48312
48336
48337
48357
48394
48404
48420
48440
48474
48475
48492
48492
48508
48512
48514
48546
48555
48571
48574
48575
48578
48582
48585
48598
48599
48606
48610
48614
48621
48627
48630
48638
48640
48654
48661
48664
48689
48690
48697
48722
48740
48746
48749
48750
48782
48799
48816
48842
48848
48871
48874
48877
48889
48893
48899
48903
48905
48927
48932
48954
48964
48965
48974
48975
49035
49062
49065
49068
49086
49098
49109
49118
49132
49170
49189
49190
49214
49218
49226
49230
49242
49255
49256
49260
49262
49278
49286
49292
49293
49300
49326
49355
49355
49360
49369
49371
49373
49373
49378
49387
49388
49390
49393
49414
49417
49438
49441
49447
49448
49472
49491
49492
49518
49531
49535
49563
49596
49604
49608
49612
49620
49645
49658
49666
49672
49672
49692
49697
49729
49729
49741
49756
49766
49796
49797
49813
49822
49823
49829
49874
49876
49899
49910
49947
49968
49997
50007
50016
50025
50038
50040
50054
50062
50081
50096
50105
50129
50131
50143
50146
50155
50166
50170
50171
50175
50189
50199
50215
50215
50225
50266
50273
50289
50299
50303
50310
50321
50325
50340
50342
50350
50354
50367
50369
50378
50390
50399
50399
50404
50413
50415
50452
50465
50470
50488
50510
50517
50548
50551
50566
50570
50572
50585
50587
50587
50592
50593
50594
50602
50602
50606
50618
50627
50680
50696
50697
50705
50711
50719
50724
50741
50753
50755
50756
50767
50773
50782
50793
50796
50801
50804
50817
50823
50830
50868
50871
50894
50914
50944
50972
50977
50993
51008
51015
51016
51017
51022
51029
51030
51037
51038
51050
51051
51076
51082
51099
51115
51117
51128
51142
51153
51173
51174
51184
51185
51186
51194
51219
51233
51240
51245
51266
51288
51288
51296
51309
51315
51367
51374
51399
51408
51413
51421
51431
51433
51442
51469
51477
51479
51484
51502
51535
51567
51569
51571
51583
51603
51606
51606
51616
51623
51623
51624
51628
51667
51671
51675
51694
51722
51735
51753
51756
51757
51776
51793
51796
51799
51820
51824
51825
51828
51845
51851
51858
51876
51879
51897
51897
51930
51949
51955
51955
51957
51969
51995
51997
52018
52029
52044
52047
52050
52064
52076
52078
52080
52082
52085
52107
52111
52113
52166
52171
52187
52187
52195
52208
52208
52214
52221
52245
52247
52253
52261
52264
52285
52296
52316
52325
52330
52331
52333
52339
52349
52350
52366
52366
52386
52397
52416
52419
52420
52421
52424
52469
52476
52484
52486
52543
52549
52551
52588
52588
52612
52622
52634
52640
52644
52646
52648
52654
52685
52719
52726
52735
52749
52760
52765
52770
52773
52776
52787
52795
52798
52825
52865
52866
52869
52873
52881
52883
52883
52886
52886
52889
52918
52929
52947
52950
52956
52964
52973
52976
52978
53005
53009
53017
53042
53049
53050
53069
53079
53080
53091
53098
53120
53127
53138
53141
53143
53150
53152
53152
53153
53191
53208
53212
53242
53251
53255
53258
53283
53297
53300
53305
53305
53308
53334
53339
53369
53385
53388
53398
53405
53417
53428
53447
53455
53486
53491
53498
53504
53516
53530
53547
53568
53570
53606
53607
53615
53615
53623
53630
53632
53642
53642
53648
53655
53669
53669
53684
53694
53706
53728
53743
53755
53765
53768
53774
53780
53783
53789
53790
53791
53793
53795
53800
53800
53833
53845
53870
53890
53892
53905
53906
53925
53942
53967
53968
53969
53972
53974
53978
53987
53988
54019
54021
54024
54033
54045
54052
54059
54079
54087
54087
54098
54106
54111
54112
54118
54131
54136
54145
54146
54172
54180
54185
54188
54198
54202
54205
54217
54225
54226
54246
54255
54259
54260
54262
54265
54279
54295
54304
54307
54310
54310
54313
54315
54322
54347
54363
54370
54395
54457
54460
54487
54492
54499
54499
54511
54516
54520
54523
54553
54556
54557
54558
54596
54601
54615
54629
54642
54643
54658
54665
54669
54670
54677
54692
54700
54711
54755
54757
54763
54768
54775
54781
54784
54814
54822
54830
54832
54840
54847
54851
54864
54869
54894
54916
54953
54954
54971
55002
55018
55020
55023
55047
55051
55052
55055
55057
55058
55063
55075
55097
55098
55103
55121
55125
55128
55129
55133
55158
55160
55168
55178
55180
55206
55206
55208
55209
55228
55228
55229
55231
55249
55259
55271
55278
55291
55294
55301
55321
55333
55337
55342
55376
55377
55390
55403
55448
55456
55470
55473
55493
55514
55535
55546
55546
55546
55548
55549
55557
55561
55562
55581
55586
55590
55612
55618
55620
55621
55623
55642
55642
55721
55731
55740
55740
55763
55769
55773
55809
55815
55824
55832
55834
55849
55857
55871
55873
55884
55899
55900
55928
55932
55942
55948
55949
55950
55957
55965
55975
55979
55981
55981
55998
56001
56035
56040
56045
56074
56094
56106
56141
56146
56154
56157
56187
56197
56202
56211
56233
56256
56257
56257
56283
56287
56300
56300
56307
56311
56313
56328
56330
56354
56363
56366
56375
56385
56387
56390
56390
56392
56395
56435
56438
56450
56454
56477
56502
56511
56518
56520
56520
56524
56547
56556
56566
56574
56578
56604
56609
56616
56620
56642
56650
56670
56679
56681
56686
56689
56726
56734
56741
56746
56751
56758
56766
56766
56768
56772
56781
56788
56789
56811
56820
56831
56845
56855
56855
56884
56885
56894
56919
56976
56977
57009
57026
57030
57040
57043
57056
57082
57093
57098
57137
57153
57176
57210
57212
57220
57221
57232
57281
57313
57313
57326
57341
57345
57368
57373
57373
57375
57377
57378
57395
57408
57411
57415
57423
57448
57451
57453
57479
57486
57488
57489
57493
57499
57499
57501
57521
57531
57541
57542
57580
57587
57599
57603
57606
57615
57615
57619
57619
57675
57678
57679
57680
57689
57690
57690
57699
57700
57703
57704
57743
57764
57768
57768
57778
57781
57786
57841
57871
57880
57921
57922
57944
57949
57955
57959
57968
57971
57985
57985
57988
57989
57992
58005
58030
58033
58041
58045
58057
58061
58091
58098
58121
58127
58133
58134
58155
58170
58194
58205
58211
58231
58249
58249
58265
58271
58279
58307
58313
58321
58321
58323
58348
58361
58365
58366
58367
58374
58381
58383
58408
58417
58429
58461
58464
58479
58492
58502
58508
58513
58520
58531
58555
58575
58599
58602
58620
58634
58636
58640
58641
58657
58686
58693
58704
58707
58715
58716
58717
58721
58776
58791
58799
58817
58817
58820
58821
58827
58832
58841
58850
58853
58855
58871
58888
58890
58904
58906
58912
58922
58939
58946
58958
58970
59002
59007
59015
59022
59025
59038
59052
59062
59063
59081
59083
59086
59104
59107
59123
59126
59127
59128
59148
59178
59190
59218
59233
59237
59242
59257
59291
59299
59301
59305
59306
59317
59319
59323
59330
59349
59351
59353
59361
59378
59388
59388
59393
59393
59395
59397
59400
59428
59441
59449
59449
59496
59501
59502
59505
59512
59513
59513
59517
59526
59545
59551
59554
59566
59586
59594
59598
59609
59609
59613
59628
59656
59657
59669
59680
59685
59711
59721
59729
59732
59739
59771
59776
59794
59796
59804
59805
59807
59816
59829
59836
59868
59887
59892
59901
59914
59919
59920
59923
59934
59937
59961
59971
59999
60015
60034
60040
60043
60060
60072
60081
60082
60091
60102
60107
60109
60152
60165
60166
60174
60177
60179
60193
60196
60205
60214
60217
60234
60243
60246
60248
60250
60255
60276
60282
60291
60298
60306
60309
60310
60347
60365
60398
60401
60408
60422
60425
60426
60432
60439
60458
60465
60471
60504
60507
60519
60529
60540
60544
60546
60552
60559
60563
60563
60564
60575
60591
60611
60612
60620
60630
60664
60666
60666
60680
60681
60687
60692
60697
60701
60723
60774
60788
60796
60803
60819
60829
60831
60832
60844
60880
60898
60902
60907
60927
60941
60968
60973
60979
60981
61003
61015
61030
61038
61040
61046
61048
61053
61060
61085
61089
61103
61136
61144
61148
61149
61156
61158
61169
61170
61211
61226
61259
61259
61270
61279
61283
61295
61301
61315
61317
61322
61324
61327
61331
61342
61378
61383
61396
61413
61416
61444
61460
61469
61471
61482
61491
61492
61494
61497
61505
61505
61510
61514
61520
61528
61530
61538
61539
61541
61544
61562
61589
61608
61627
61632
61632
61659
61682
61703
61711
61727
61744
61750
61754
61773
61791
61798
61805
61809
61811
61813
61821
61832
61833
61838
61840
61850
61855
61864
61878
61894
61898
61901
61902
61908
61913
61956
61977
61990
61994
61995
62000
62001
62002
62023
62029
62062
62074
62120
62131
62143
62146
62157
62161
62168
62182
62189
62193
62197
62202
62209
62221
62222
62230
62239
62248
62252
62261
62271
62296
62299
62299
62311
62313
62318
62325
62361
62370
62371
62374
62376
62384
62390
62395
62398
62406
62406
62408
62426
62436
62441
62452
62458
62472
62473
62473
62473
62481
62491
62493
62521
62522
62531
62535
62547
62551
62554
62555
62564
62565
62566
62591
62599
62602
62611
62622
62639
62652
62655
62655
62681
62689
62703
62704
62713
62730
62744
62747
62762
62777
62779
62785
62802
62819
62819
62820
62821
62825
62836
62886
62889
62892
62906
62909
62920
62948
62949
62953
62961
62965
62967
62968
62971
62985
62996
62999
63025
63051
63052
63054
63058
63060
63062
63066
63069
63093
63100
63103
63107
63108
63132
63138
63146
63149
63150
63188
63204
63235
63249
63249
63260
63267
63282
63283
63291
63296
63310
63319
63322
63324
63325
63328
63330
63348
63364
63383
63404
63407
63413
63420
63421
63425
63428
63432
63450
63459
63465
63483
63490
63494
63506
63513
63523
63528
63531
63534
63543
63582
63585
63601
63613
63613
63620
63627
63634
63638
63639
63649
63658
63670
63680
63683
63699
63705
63746
63748
63772
63778
63798
63820
63822
63824
63830
63833
63843
63845
63860
63863
63868
63875
63883
63922
63948
63961
63966
63975
63978
63980
63989
64008
64022
64023
64032
64038
64044
64046
64047
64052
64056
64056
64062
64068
64083
64093
64103
64106
64112
64124
64137
64149
64194
64205
64207
64211
64236
64249
64255
64271
64275
64293
64299
64305
64312
64316
64319
64322
64324
64349
64356
64357
64358
64381
64385
64415
64435
64441
64444
64447
64448
64461
64463
64477
64501
64523
64524
64527
64531
64535
64539
64542
64544
64556
64575
64583
64630
64634
64648
64649
64649
64664
64689
64695
64706
64714
64721
64725
64726
64743
64754
64778
64778
64809
64809
64852
64862
64862
64872
64877
64921
64931
64942
64950
64953
64957
64973
64982
64999
65015
65024
65027
65043
65047
65055
65094
65098
65126
65137
65145
65147
65170
65171
65174
65174
65185
65202
65214
65221
65224
65248
65256
65272
65274
65284
65289
65296
65337
65340
65342
65343
65357
65358
65358
65370
65376
65406
65429
65436
65485
65498
65507
65516
65517
65523
65527
65545
65583
65585
65594
65597
65610
65610
65616
65616
65618
65628
65638
65643
65644
65659
65662
65688
65711
65711
65718
65719
65720
65727
65730
65742
65776
65777
65778
65800
65812
65820
65838
65850
65850
65855
65858
65877
65880
65890
65900
65902
65910
65911
65914
65919
65954
65957
65960
65995
66004
66010
66036
66039
66044
66067
66069
66071
66078
66079
66090
66090
66094
66106
66117
66127
66146
66148
66183
66202
66208
66210
66215
66223
66230
66230
66245
66251
66254
66256
66257
66270
66295
66301
66304
66313
66316
66328
66357
66370
66376
66386
66392
66412
66426
66427
66463
66476
66480
66481
66534
66538
66540
66540
66544
66564
66567
66570
66574
66583
66596
66601
66612
66632
66633
66655
66656
66660
66662
66684
66705
66713
66742
66750
66762
66774
66784
66797
66824
66826
66836
66840
66853
66865
66878
66880
66897
66897
66905
66911
66935
66947
66950
66965
66966
66967
66967
66973
66977
66991
67011
67013
67033
67040
67042
67044
67046
67048
67087
67103
67116
67124
67147
67150
67154
67161
67167
67171
67176
67181
67190
67230
67235
67235
67248
67248
67258
67264
67266
67273
67281
67284
67287
67288
67291
67310
67320
67330
67368
67380
67386
67395
67397
67408
67417
67433
67434
67436
67438
67441
67452
67466
67472
67473
67474
67478
67479
67480
67480
67481
67502
67505
67537
67562
67578
67596
67600
67608
67610
67620
67639
67640
67644
67653
67657
67701
67713
67722
67729
67744
67754
67761
67778
67799
67821
67843
67863
67869
67890
67890
67893
67899
67899
67938
67958
67967
67975
67978
67986
68025
68026
68029
68051
68055
68058
68063
68068
68077
68110
68114
68114
68119
68130
68136
68136
68153
68160
68175
68188
68188
68189
68206
68236
68244
68245
68255
68255
68258
68283
68284
68287
68292
68304
68318
68331
68352
68361
68368
68382
68395
68408
68410
68420
68431
68463
68485
68522
68525
68529
68534
68537
68540
68550
68554
68581
68583
68599
68605
68607
68612
68622
68629
68653
68667
68679
68683
68684
68687
68688
68714
68728
68740
68742
68752
68755
68758
68772
68822
68830
68841
68844
68853
68855
68862
68863
68880
68900
68903
68903
68907
68908
68918
68926
68934
68945
68946
68981
68988
69013
69018
69025
69029
69036
69038
69044
69050
69050
69061
69067
69091
69097
69120
69121
69137
69145
69146
69154
69155
69188
69198
69204
69210
69214
69227
69272
69285
69288
69331
69333
69338
69368
69373
69383
69385
69390
69393
69407
69418
69442
69465
69493
69517
69518
69521
69547
69558
69567
69581
69586
69592
69612
69620
69641
69642
69649
69656
69664
69665
69679
69681
69685
69693
69712
69718
69732
69734
69736
69747
69759
69782
69790
69827
69832
69843
69849
69849
69855
69856
69873
69874
69876
69884
69885
69889
69890
69891
69904
69907
69908
69910
69924
69931
69947
69971
69971
69985
69985
69996
69999
70001
70008
70014
70019
70023
70033
70034
70065
70079
70091
70093
70113
70131
70132
70143
70148
70175
70188
70189
70211
70237
70238
70272
70276
70278
70288
70353
70421
70422
70427
70429
70434
70439
70442
70447
70462
70467
70473
70479
70486
70491
70512
70523
70541
70541
70546
70558
70564
70570
70582
70583
70589
70592
70618
70632
70636
70637
70649
70662
70663
70669
70680
70693
70700
70707
70728
70739
70748
70752
70765
70779
70785
70789
70790
70795
70802
70810
70814
70816
70832
70835
70844
70859
70860
70863
70866
70875
70876
70911
70957
70960
70975
70977
70981
71006
71012
71023
71028
71033
71057
71069
71085
71106
71107
71107
71117
71118
71119
71123
71123
71125
71126
71141
71144
71161
71167
71168
71173
71183
71189
71201
71204
71218
71220
71222
71245
71255
71257
71269
71271
71276
71279
71292
71304
71304
71315
71315
71355
71362
71372
71398
71415
71420
71428
71436
71443
71449
71469
71475
71481
71488
71493
71503
71512
71515
71520
71523
71524
71545
71548
71588
71591
71601
71641
71656
71680
71692
71710
71727
71729
71732
71749
71753
71757
71767
71771
71798
71820
71822
71830
71832
71849
71863
71871
71873
71890
71892
71897
71912
71919
71946
71959
71969
71976
71976
71977
71978
71987
71992
71993
72002
72002
72003
72015
72019
72031
72038
72038
72041
72049
72052
72064
72072
72086
72090
72106
72108
72110
72116
72168
72171
72200
72212
72236
72238
72266
72269
72283
72284
72286
72302
72303
72305
72308
72311
72313
72328
72328
72343
72353
72370
72387
72401
72402
72403
72406
72431
72457
72459
72459
72459
72464
72464
72472
72474
72498
72503
72521
72523
72541
72553
72554
72557
72564
72578
72593
72593
72599
72600
72604
72604
72614
72627
72633
72637
72651
72651
72664
72667
72682
72688
72715
72720
72746
72781
72785
72803
72812
72852
72865
72902
72912
72925
72927
72970
72975
72976
72983
72992
72994
73005
73006
73046
73089
73095
73097
73125
73132
73134
73135
73169
73172
73183
73189
73198
73202
73212
73229
73239
73241
73249
73253
73253
73261
73268
73295
73304
73307
73345
73367
73371
73377
73383
73387
73388
73394
73395
73398
73403
73415
73416
73417
73420
73423
73425
73428
73432
73437
73457
73473
73488
73495
73508
73526
73533
73570
73570
73595
73599
73612
73617
73639
73640
73652
73657
73666
73692
73715
73747
73766
73784
73809
73840
73853
73884
73890
73921
73932
73943
73993
74037
74062
74070
74092
74102
74122
74125
74146
74146
74157
74160
74165
74174
74177
74178
74192
74207
74209
74237
74250
74259
74272
74287
74288
74332
74338
74339
74339
74347
74352
74359
74362
74366
74389
74398
74411
74431
74433
74435
74444
74449
74450
74450
74451
74453
74470
74482
74501
74518
74525
74539
74545
74552
74555
74561
74563
74575
74588
74603
74609
74658
74670
74677
74685
74692
74694
74695
74698
74699
74716
74728
74729
74735
74736
74737
74761
74794
74814
74820
74839
74855
74865
74876
74877
74905
74910
74912
74915
74921
74944
74948
74983
74988
74991
74996
75008
75012
75020
75035
75036
75040
75043
75046
75049
75059
75097
75106
75108
75118
75132
75139
75140
75156
75168
75173
75242
75260
75265
75285
75291
75292
75299
75311
75344
75357
75369
75369
75394
75396
75399
75410
75416
75418
75421
75425
75460
75463
75479
75490
75552
75552
75559
75567
75584
75586
75596
75612
75614
75621
75637
75642
75647
75651
75651
75662
75666
75667
75671
75677
75681
75694
75695
75698
75720
75730
75735
75737
75743
75755
75763
75767
75767
75788
75809
75811
75814
75818
75859
75865
75868
75876
75882
75882
75892
75892
75902
75908
75911
75928
75934
75934
75945
75946
75953
75957
75972
75972
75975
75978
76016
76025
76033
76041
76057
76092
76109
76112
76121
76130
76137
76145
76152
76169
76190
76212
76215
76226
76226
76231
76236
76257
76261
76261
76262
76266
76288
76298
76327
76334
76344
76371
76375
76376
76385
76391
76396
76422
76447
76475
76494
76496
76509
76514
76536
76556
76556
76574
76583
76585
76598
76616
76625
76629
76652
76681
76682
76691
76701
76704
76710
76728
76745
76760
76765
76786
76801
76805
76808
76813
76825
76836
76836
76837
76838
76869
76898
76900
76901
76944
76948
76951
76962
76962
76969
76979
76985
76988
76989
77007
77027
77038
77041
77043
77056
77061
77076
77077
77083
77089
77117
77122
77129
77143
77150
77167
77174
77176
77180
77181
77204
77209
77235
77235
77235
77251
77271
77287
77290
77295
77302
77308
77310
77330
77335
77335
77349
77364
77388
77391
77432
77452
77453
77465
77486
77506
77508
77518
77526
77527
77550
77558
77600
77601
77609
77627
77630
77637
77641
77661
77669
77684
77684
77684
77692
77704
77713
77713
77726
77739
77775
77781
77806
77810
77816
77822
77828
77830
77836
77836
77844
77846
77854
77862
77862
77870
77873
77873
77885
77907
77908
77908
77927
77941
77951
77952
77952
77952
77959
77959
77971
77984
78006
78027
78034
78040
78069
78086
78091
78120
78123
78144
78150
78155
78159
78200
78202
78202
78226
78244
78256
78256
78257
78295
78304
78335
78361
78388
78395
78435
78464
78474
78482
78486
78492
78511
78528
78531
78536
78538
78542
78581
78591
78604
78604
78609
78613
78616
78631
78635
78636
78646
78651
78665
78665
78665
78676
78677
78680
78688
78693
78696
78701
78706
78709
78757
78763
78775
78776
78786
78789
78809
78817
78821
78826
78849
78852
78868
78870
78880
78882
78884
78885
78930
78931
78947
78947
78954
78956
78957
78968
78978
78998
79000
79005
79017
79023
79023
79036
79041
79044
79047
79057
79060
79077
79079
79080
79082
79086
79086
79092
79094
79097
79110
79115
79125
79215
79218
79223
79230
79254
79273
79275
79276
79276
79277
79282
79286
79289
79296
79303
79321
79332
79336
79341
79346
79362
79363
79368
79385
79414
79425
79427
79442
79465
79468
79469
79490
79492
79496
79511
79540
79555
79562
79564
79570
79588
79592
79612
79615
79661
79697
79704
79732
79734
79736
79741
79748
79752
79762
79763
79767
79768
79776
79792
79799
79799
79803
79807
79818
79821
79830
79855
79874
79885
79890
79899
79906
79907
79926
79939
79947
79957
79958
79963
79979
79986
79994
79997
80023
80038
80041
80043
80060
80061
80080
80080
80084
80085
80085
80087
80098
80121
80125
80132
80139
80191
80196
80202
80211
80212
80221
80231
80240
80250
80254
80261
80275
80286
80288
80298
80301
80312
80328
80335
80351
80352
80358
80369
80372
80383
80389
80396
80397
80408
80448
80452
80469
80469
80470
80479
80497
80533
80536
80545
80565
80572
80600
80613
80618
80628
80650
80650
80656
80656
80661
80676
80692
80703
80711
80718
80729
80735
80748
80751
80765
80781
80782
80788
80791
80800
80816
80816
80828
80833
80841
80848
80882
80892
80902
80905
80910
80932
80933
80952
80983
81002
81004
81013
81053
81056
81072
81076
81082
81085
81092
81103
81116
81119
81136
81152
81160
81170
81194
81223
81227
81228
81234
81255
81263
81280
81286
81293
81295
81302
81318
81325
81325
81343
81349
81353
81357
81360
81361
81367
81367
81383
81390
81393
81421
81423
81434
81440
81447
81449
81466
81511
81516
81543
81579
81588
81588
81599
81603
81621
81624
81644
81645
81667
81679
81685
81686
81698
81701
81710
81710
81713
81717
81724
81729
81743
81753
81758
81763
81775
81780
81781
81790
81792
81795
81807
81809
81821
81832
81845
81853
81870
81900
81904
81913
81924
81927
81939
81945
81968
81972
81983
81987
81994
81995
82005
82025
82036
82037
82061
82081
82081
82086
82106
82110
82116
82133
82152
82162
82164
82174
82187
82207
82227
82231
82252
82259
82270
82289
82299
82305
82316
82328
82338
82340
82349
82363
82383
82417
82419
82421
82429
82446
82450
82476
82477
82483
82505
82521
82524
82527
82560
82593
82599
82603
82610
82640
82649
82653
82661
82674
82680
82680
82680
82698
82698
82700
82732
82737
82743
82745
82747
82749
82763
82784
82786
82807
82837
82844
82846
82848
82871
82876
82890
82928
82948
82965
82966
82971
82971
82982
82984
82993
82998
83024
83040
83060
83065
83072
83088
83092
83108
83115
83115
83118
83122
83125
83134
83145
83156
83160
83169
83190
83221
83222
83223
83228
83239
83240
83267
83268
83271
83273
83285
83289
83292
83300
83307
83318
83330
83343
83346
83355
83365
83374
83393
83402
83411
83413
83416
83422
83447
83454
83457
83486
83497
83498
83504
83522
83527
83532
83533
83535
83539
83544
83552
83558
83561
83569
83579
83582
83588
83593
83596
83599
83608
83618
83628
83628
83628
83664
83667
83678
83683
83692
83719
83728
83743
83761
83765
83769
83775
83781
83790
83791
83807
83814
83816
83830
83876
83887
83913
83920
83924
83925
83929
83944
83947
83962
83963
83976
83984
83986
84008
84009
84019
84025
84029
84030
84035
84045
84047
84076
84079
84088
84107
84114
84128
84130
84145
84147
84150
84158
84158
84164
84177
84201
84212
84228
84230
84235
84246
84246
84251
84257
84264
84265
84270
84324
84337
84346
84348
84369
84387
84390
84393
84404
84441
84443
84449
84453
84454
84460
84461
84475
84489
84492
84493
84496
84498
84501
84504
84520
84540
84556
84557
84558
84561
84569
84574
84578
84582
84587
84588
84600
84611
84614
84619
84645
84647
84665
84670
84676
84681
84688
84691
84698
84705
84707
84720
84736
84750
84752
84777
84777
84779
84779
84784
84788
84802
84805
84814
84820
84836
84865
84868
84873
84882
84884
84886
84890
84896
84905
84925
84929
84940
84943
84954
84965
84975
84991
84996
84998
85004
85006
85011
85033
85045
85049
85053
85058
85078
85087
85088
85094
85105
85121
85138
85140
85145
85198
85217
85218
85234
85237
85244
85245
85250
85260
85290
85303
85339
85344
85346
85352
85376
85395
85397
85412
85414
85423
85430
85433
85435
85437
85440
85455
85458
85460
85472
85484
85485
85489
85497
85500
85503
85540
85542
85544
85549
85552
85554
85563
85569
85576
85576
85582
85585
85602
85607
85637
85641
85642
85648
85664
85666
85668
85686
85702
85717
85723
85742
85752
85753
85758
85771
85774
85776
85784
85789
85794
85832
85836
85837
85861
85870
85872
85880
85893
85896
85904
85919
85925
85934
85954
85964
85970
85973
85989
85995
85996
86010
86019
86020
86028
86037
86060
86069
86078
86084
86088
86094
86099
86108
86109
86111
86119
86120
86124
86150
86152
86171
86184
86185
86188
86200
86205
86208
86222
86233
86244
86250
86268
86278
86286
86289
86290
86294
86299
86318
86319
86320
86321
86324
86325
86330
86344
86360
86399
86408
86409
86418
86433
86462
86475
86480
86499
86530
86579
86584
86594
86594
86627
86630
86634
86639
86643
86647
86660
86697
86710
86715
86726
86728
86739
86755
86759
86765
86778
86787
86793
86796
86834
86840
86866
86868
86876
86892
86898
86911
86915
86917
86933
86939
86941
86944
86948
86969
86969
86981
86992
86994
87005
87005
87012
87044
87055
87094
87118
87130
87131
87132
87134
87135
87135
87150
87151
87169
87185
87213
87221
87232
87248
87258
87260
87263
87266
87278
87285
87290
87294
87300
87314
87327
87334
87343
87348
87364
87369
87383
87396
87409
87419
87423
87423
87439
87444
87454
87458
87464
87465
87466
87472
87497
87502
87508
87509
87511
87536
87559
87570
87574
87608
87623
87631
87643
87655
87667
87690
87691
87706
87709
87716
87738
87742
87766
87768
87768
87773
87785
87787
87794
87796
87810
87823
87824
87835
87848
87852
87858
87859
87862
87864
87871
87875
87889
87891
87895
87916
87918
87931
87940
87943
87943
87951
87960
87980
87986
87986
87990
87990
88030
88031
88038
88065
88079
88082
88084
88088
88088
88126
88132
88144
88147
88160
88171
88185
88186
88195
88205
88208
88208
88211
88212
88212
88231
88247
88247
88256
88272
88284
88286
88290
88305
88315
88321
88343
88356
88359
88375
88382
88409
88419
88428
88441
88442
88443
88446
88452
88460
88471
88474
88484
88490
88492
88509
88530
88533
88544
88544
88568
88574
88615
88618
88619
88635
88646
88678
88696
88716
88734
88746
88756
88760
88776
88779
88785
88788
88800
88804
88809
88819
88821
88827
88866
88867
88886
88906
88908
88915
88926
88935
88942
88946
88956
88961
88979
89004
89015
89017
89022
89063
89090
89093
89104
89122
89141
89143
89152
89172
89183
89209
89213
89216
89218
89222
89232
89243
89270
89291
89306
89311
89311
89311
89318
89332
89333
89333
89336
89339
89340
89357
89364
89370
89392
89394
89410
89411
89412
89417
89421
89432
89446
89475
89477
89480
89481
89488
89488
89497
89503
89508
89513
89519
89532
89539
89543
89548
89554
89565
89570
89572
89583
89585
89588
89593
89597
89622
89629
89631
89639
89660
89684
89684
89684
89689
89712
89718
89753
89761
89763
89783
89783
89799
89802
89802
89813
89816
89829
89838
89839
89842
89842
89851
89858
89862
89862
89877
89877
89895
89906
89907
89909
89912
89943
89956
89957
89984
89985
90002
90006
90015
90017
90023
90037
90037
90043
90063
90068
90068
90070
90079
90083
90083
90093
90103
90117
90134
90139
90162
90168
90171
90193
90193
90209
90212
90230
90241
90242
90247
90250
90262
90277
90280
90282
90283
90284
90293
90300
90301
90318
90341
90366
90368
90378
90389
90404
90410
90415
90429
90436
90448
90490
90498
90502
90626
90633
90656
90676
90678
90684
90690
90692
90693
90704
90705
90709
90714
90717
90735
90742
90756
90816
90828
90842
90844
90873
90875
90876
90883
90894
90918
90927
90935
90937
90945
90963
90977
90983
91010
91012
91020
91025
91027
91038
91051
91059
91079
91085
91107
91116
91134
91136
91150
91154
91156
91162
91165
91166
91167
91174
91183
91190
91192
91208
91209
91210
91218
91219
91232
91244
91247
91252
91254
91260
91308
91310
91319
91322
91327
91334
91343
91346
91362
91366
91374
91381
91393
91407
91413
91420
91441
91468
91480
91483
91484
91487
91489
91496
91502
91503
91517
91530
91534
91537
91540
91564
91581
91582
91583
91585
91585
91587
91589
91597
91599
91601
91606
91606
91607
91620
91631
91642
91642
91651
91675
91681
91685
91702
91703
91708
91717
91719
91727
91736
91745
91749
91753
91766
91782
91787
91803
91810
91835
91837
91847
91875
91877
91880
91887
91894
91895
91902
91914
91937
91938
91939
91963
91971
91997
92001
92002
92011
92013
92028
92040
92041
92042
92046
92053
92067
92069
92118
92134
92139
92147
92153
92156
92167
92176
92183
92187
92189
92191
92195
92198
92203
92210
92225
92235
92239
92249
92251
92252
92257
92266
92275
92281
92286
92289
92304
92306
92308
92326
92330
92334
92334
92342
92347
92347
92350
92354
92361
92362
92375
92383
92384
92385
92394
92395
92396
92397
92413
92446
92457
92473
92482
92485
92486
92503
92513
92553
92559
92562
92570
92573
92583
92596
92598
92620
92624
92659
92684
92686
92688
92695
92709
92710
92724
92731
92741
92743
92745
92759
92781
92787
92792
92801
92810
92836
92837
92841
92864
92879
92895
92907
92957
92964
92965
92968
92972
92972
92999
93004
93034
93053
93090
93095
93102
93103
93111
93115
93125
93126
93129
93153
93156
93160
93167
93168
93184
93194
93196
93204
93206
93210
93230
93261
93296
93303
93324
93351
93356
93357
93374
93380
93392
93400
93408
93439
93439
93444
93449
93456
93474
93484
93493
93506
93523
93547
93556
93561
93562
93563
93573
93576
93580
93590
93603
93605
93615
93616
93627
93630
93631
93634
93643
93649
93658
93660
93679
93681
93684
93684
93690
93695
93719
93720
93727
93738
93740
93754
93769
93776
93778
93811
93831
93842
93852
93865
93865
93870
93887
93888
93904
93905
93908
93924
93930
93935
93944
93947
93969
93975
93979
93988
93994
93996
93997
94020
94020
94024
94030
94032
94035
94060
94068
94074
94076
94085
94126
94138
94146
94147
94163
94179
94199
94211
94213
94220
94240
94245
94260
94269
94282
94289
94291
94311
94328
94331
94348
94359
94364
94365
94368
94377
94379
94395
94423
94450
94451
94476
94483
94506
94514
94524
94539
94557
94558
94558
94590
94591
94595
94609
94615
94618
94621
94622
94626
94629
94643
94643
94645
94646
94649
94665
94667
94669
94679
94686
94693
94694
94701
94706
94721
94724
94733
94742
94743
94746
94749
94778
94782
94804
94809
94818
94835
94850
94862
94874
94876
94878
94879
94880
94880
94888
94892
94922
94925
94927
94946
94952
94953
94957
94965
94966
94968
94978
95010
95014
95020
95025
95039
95105
95109
95114
95132
95134
95151
95161
95161
95167
95172
95173
95185
95205
95222
95224
95230
95240
95240
95241
95251
95258
95263
95275
95282
95286
95318
95320
95345
95357
95366
95370
95384
95385
95405
95430
95436
95439
95447
95447
95453
95455
95459
95464
95467
95479
95486
95490
95500
95506
95512
95515
95518
95521
95524
95544
95569
95574
95576
95594
95611
95612
95623
95635
95640
95665
95676
95693
95714
95717
95722
95732
95755
95758
95765
95770
95776
95778
95778
95781
95795
95813
95827
95835
95845
95861
95870
95879
95881
95889
95894
95909
95929
95937
95946
95952
95956
95957
95972
95975
95981
95990
96019
96025
96026
96031
96080
96084
96088
96099
96122
96138
96149
96160
96171
96171
96175
96178
96214
96216
96222
96226
96227
96229
96234
96247
96262
96284
96290
96295
96312
96318
96321
96323
96343
96347
96351
96380
96380
96380
96386
96387
96413
96423
96436
96436
96446
96468
96548
96553
96555
96555
96557
96562
96582
96587
96635
96662
96664
96666
96680
96681
96688
96690
96696
96699
96706
96717
96729
96731
96735
96736
96746
96755
96759
96765
96776
96782
96786
96808
96829
96838
96847
96852
96852
96861
96870
96890
96891
96895
96899
96903
96919
96923
96926
96931
96944
96958
96968
96972
96974
96979
96985
96989
97001
97003
97007
97018
97023
97025
97033
97052
97102
97112
97122
97132
97141
97167
97183
97210
97226
97231
97256
97293
97296
97300
97301
97312
97316
97317
97322
97343
97350
97360
97361
97369
97377
97383
97383
97399
97411
97413
97417
97418
97424
97431
97462
97466
97483
97490
97491
97491
97501
97503
97519
97523
97523
97531
97533
97545
97545
97571
97576
97583
97591
97613
97627
97639
97653
97654
97679
97708
97708
97718
97719
97722
97727
97728
97731
97733
97737
97763
97773
97780
97787
97804
97822
97872
97872
97875
97902
97919
97930
97938
97950
97977
97979
97981
97982
97997
98009
98009
98009
98014
98018
98070
98105
98189
98213
98220
98243
98253
98254
98260
98267
98271
98280
98289
98300
98300
98307
98314
98333
98337
98346
98355
98358
98373
98411
98413
98426
98431
98432
98433
98438
98448
98450
98467
98470
98471
98488
98492
98493
98504
98507
98509
98517
98535
98544
98557
98562
98577
98578
98597
98599
98620
98621
98627
98643
98644
98655
98661
98661
98695
98696
98709
98710
98723
98756
98767
98800
98803
98809
98873
98880
98904
98904
98918
98922
98925
98929
98939
98941
98948
98953
98958
98976
98989
98997
99009
99014
99019
99023
99033
99037
99042
99051
99052
99060
99084
99087
99106
99111
99117
99131
99156
99159
99173
99175
99199
99200
99201
99206
99223
99225
99235
99235
99246
99259
99271
99272
99296
99326
99346
99346
99362
99366
99390
99391
99422
99427
99446
99460
99467
99477
99478
99491
99501
99503
99503
99508
99528
99532
99536
99539
99551
99556
99573
99575
99585
99586
99610
99623
99629
99640
99640
99640
99647
99647
99662
99664
99674
99681
99682
99718
99718
99718
99719
99721
99726
99727
99729
99735
99755
99755
99760
99770
99788
99789
99793
99796
99809
99823
99823
99830
99831
99866
99877
99887
99896
99902
99914
99923
99941
99948
99966
99977
99984
99998
