1
9
27
44
46
66
66
74
89
90
100
115
125
141
149
153
184
209
238
242
261
273
282
291
302
308
314
353
356
369
376
393
401
407
408
423
425
438
439
462
469
477
511
514
524
527
535
547
596
604
606
613
614
621
627
663
676
679
693
710
716
735
739
744
754
756
779
781
783
802
810
811
813
816
821
823
834
846
846
851
857
882
885
896
909
914
924
927
929
935
942
945
947
981
986
986
1002
1028
1029
1032
1035
1043
1082
1085
1088
1093
1098
1098
1130
1131
1132
1156
1171
1179
1182
1204
1207
1217
1220
1221
1223
1224
1224
1230
1239
1240
1263
1265
1271
1297
1316
1322
1323
1326
1338
1343
1347
1349
1353
1359
1365
1369
1375
1391
1412
1442
1458
1491
1504
1513
1530
1568
1574
1593
1594
1600
1606
1612
1614
1617
1631
1650
1651
1653
1659
1685
1708
1717
1720
1721
1725
1735
1753
1762
1776
1787
1796
1806
1833
1838
1839
1839
1858
1859
1863
1864
1872
1877
1877
1880
1908
1919
1942
1948
1954
1958
1964
1968
1968
1969
1970
1973
1978
1978
1984
1989
2004
2012
2021
2025
2025
2041
2061
2086
2086
2088
2103
2105
2107
2108
2118
2121
2123
2125
2135
2136
2156
2162
2166
2166
2181
2183
2183
2188
2214
2216
2216
2251
2252
2260
2265
2281
2284
2304
2304
2305
2332
2339
2342
2375
2395
2407
2427
2437
2439
2452
2468
2473
2477
2495
2496
2525
2533
2533
2539
2540
2542
2547
2550
2552
2555
2569
2593
2602
2604
2612
2615
2616
2626
2635
2663
2664
2678
2678
2700
2704
2706
2713
2717
2725
2733
2746
2767
2767
2795
2805
2811
2815
2824
2827
2830
2842
2867
2872
2875
2890
2892
2898
2899
2928
2930
2940
2951
2965
2968
2989
3011
3015
3022
3022
3037
3047
3051
3057
3062
3070
3071
3080
3098
3154
3160
3169
3169
3198
3207
3214
3223
3230
3239
3251
3279
3289
3302
3305
3306
3317
3326
3328
3378
3385
3404
3419
3438
3441
3443
3456
3458
3461
3461
3465
3465
3468
3480
3500
3509
3515
3519
3532
3538
3547
3549
3551
3553
3556
3559
3571
3602
3609
3617
3623
3626
3640
3645
3646
3650
3650
3656
3678
3695
3706
3706
3712
3714
3717
3718
3718
3721
3721
3729
3730
3736
3744
3747
3752
3762
3770
3775
3781
3793
3796
3798
3813
3831
3831
3836
3853
3855
3855
3859
3863
3873
3885
3899
3906
3906
3917
3925
3928
3941
3968
3982
3990
4012
4016
4033
4056
4092
4110
4110
4111
4127
4134
4139
4159
4162
4189
4190
4197
4197
4231
4232
4241
4250
4255
4263
4286
4296
4297
4311
4318
4320
4347
4352
4354
4381
4400
4402
4404
4421
4450
4464
4467
4474
4477
4478
4482
4485
4490
4525
4533
4539
4543
4559
4560
4574
4576
4591
4599
4602
4614
4625
4626
4634
4662
4695
4709
4722
4724
4730
4731
4755
4772
4791
4791
4793
4798
4804
4815
4831
4833
4859
4860
4892
4897
4902
4905
4906
4911
4919
4936
4945
4987
4989
4998
5000
5007
5008
5040
5056
5095
5114
5115
5155
5160
5162
5165
5175
5197
5203
5226
5242
5283
5293
5299
5304
5338
5345
5347
5349
5365
5368
5376
5379
5387
5402
5412
5415
5417
5419
5428
5451
5471
5471
5485
5493
5502
5504
5524
5525
5541
5554
5593
5598
5598
5598
5611
5638
5643
5649
5657
5674
5687
5699
5711
5713
5736
5737
5757
5783
5807
5825
5828
5832
5835
5852
5907
5916
5917
5931
5931
5947
5958
5962
5968
5968
5969
5970
5970
5978
5980
5985
5985
6015
6019
6022
6029
6037
6084
6087
6087
6091
6100
6126
6127
6132
6155
6181
6204
6208
6247
6249
6250
6267
6268
6279
6282
6291
6295
6301
6308
6309
6311
6336
6352
6393
6405
6413
6447
6448
6454
6455
6459
6460
6506
6507
6509
6519
6537
6543
6543
6547
6549
6557
6565
6585
6588
6588
6593
6597
6597
6604
6626
6628
6629
6634
6644
6649
6675
6676
6710
6723
6737
6737
6739
6771
6796
6805
6808
6808
6810
6812
6820
6825
6828
6830
6837
6853
6853
6865
6866
6866
6884
6900
6919
6930
6934
6935
6941
6964
6965
6966
6973
6985
6991
7003
7006
7008
7020
7028
7035
7087
7094
7098
7100
7122
7125
7150
7150
7161
7167
7174
7180
7182
7183
7206
7219
7220
7226
7241
7241
7244
7244
7255
7265
7266
7269
7270
7277
7279
7286
7305
7309
7341
7348
7354
7410
7411
7417
7418
7422
7423
7446
7452
7458
7467
7470
7475
7480
7480
7481
7488
7498
7499
7500
7508
7510
7513
7522
7535
7540
7566
7569
7574
7574
7585
7595
7597
7612
7613
7631
7646
7651
7658
7659
7667
7676
7679
7684
7685
7689
7695
7728
7734
7762
7775
7842
7855
7856
7871
7872
7874
7878
7918
7942
7957
7965
7970
7973
7974
7980
8003
8005
8010
8044
8052
8054
8063
8074
8086
8091
8095
8106
8110
8118
8124
8135
8182
8183
8186
8194
8202
8218
8242
8243
8254
8279
8294
8300
8303
8321
8322
8326
8328
8331
8340
8352
8383
8384
8427
8437
8456
8460
8476
8489
8496
8527
8553
8554
8555
8561
8571
8578
8583
8584
8586
8607
8620
8626
8648
8650
8654
8656
8661
8666
8680
8682
8683
8684
8691
8727
8730
8739
8740
8741
8746
8749
8750
8753
8791
8796
8803
8816
8826
8841
8846
8848
8863
8893
8900
8908
8908
8928
8928
8933
8936
8947
8954
8956
8960
8971
8972
8979
9012
9016
9030
9059
9069
9075
9109
9112
9113
9121
9126
9146
9151
9180
9185
9220
9249
9250
9252
9285
9302
9303
9304
9304
9305
9315
9322
9347
9351
9352
9354
9366
9368
9384
9401
9405
9439
9462
9476
9478
9480
9503
9503
9504
9505
9511
9515
9519
9554
9567
9568
9582
9599
9607
9611
9611
9611
9612
9633
9643
9648
9663
9667
9669
9669
9675
9681
9684
9691
9709
9714
9720
9730
9731
9732
9733
9734
9758
9771
9776
9780
9822
9839
9852
9859
9859
9874
9889
9894
9899
9900
9910
9912
9913
9913
9921
9930
9941
9956
9967
9969
9978
9984
9987
9988
9995
10004
10022
10062
10071
10092
10103
10117
10120
10137
10139
10145
10147
10174
10183
10184
10193
10201
10202
10206
10228
10230
10239
10247
10261
10267
10277
10283
10283
10286
10293
10303
10325
10350
10359
10364
10364
10370
10392
10395
10398
10399
10428
10436
10438
10459
10466
10516
10525
10540
10543
10567
10580
10585
10585
10585
10638
10642
10654
10661
10680
10685
10698
10719
10736
10748
10763
10766
10770
10771
10792
10793
10826
10848
10850
10853
10853
10861
10864
10869
10872
10884
10898
10917
10951
10957
10976
10976
10986
10988
10999
11029
11043
11057
11062
11075
11078
11102
11103
11122
11159
11159
11170
11180
11197
11212
11214
11236
11238
11240
11277
11290
11292
11298
11305
11312
11315
11319
11319
11322
11356
11360
11361
11367
11367
11373
11388
11399
11404
11412
11415
11433
11437
11469
11475
11476
11488
11491
11494
11504
11509
11518
11531
11538
11540
11561
11601
11607
11635
11639
11641
11644
11653
11660
11663
11698
11705
11711
11721
11724
11726
11729
11770
11774
11779
11783
11785
11788
11788
11789
11794
11810
11819
11824
11826
11834
11838
11842
11845
11846
11857
11862
11864
11880
11883
11897
11920
11922
11978
11979
12012
12019
12026
12037
12051
12056
12056
12073
12086
12140
12158
12174
12202
12206
12206
12209
12223
12227
12232
12235
12241
12264
12272
12290
12294
12301
12301
12311
12316
12319
12325
12341
12360
12362
12375
12385
12387
12395
12404
12406
12409
12425
12438
12439
12450
12492
12505
12517
12521
12540
12543
12544
12544
12554
12556
12565
12568
12575
12605
12607
12615
12615
12636
12655
12659
12664
12696
12696
12713
12714
12724
12726
12726
12739
12746
12760
12760
12783
12787
12802
12809
12814
12817
12828
12828
12833
12852
12884
12886
12895
12901
12903
12921
12925
12930
12940
12942
12956
12957
12961
12977
12982
12987
13005
13008
13028
13031
13054
13064
13066
13072
13093
13127
13151
13154
13155
13157
13189
13189
13211
13211
13226
13228
13229
13241
13257
13266
13277
13288
13292
13294
13301
13302
13302
13306
13325
13330
13342
13350
13364
13374
13379
13391
13398
13412
13414
13445
13450
13466
13467
13467
13469
13472
13472
13477
13478
13493
13514
13514
13516
13521
13542
13555
13577
13594
13619
13621
13645
13653
13666
13677
13705
13709
13735
13749
13767
13768
13779
13779
13794
13806
13817
13828
13846
13868
13878
13880
13913
13968
13976
13976
13982
13986
13990
13995
14003
14005
14012
14064
14067
14084
14086
14112
14114
14117
14130
14134
14134
14135
14143
14160
14192
14195
14210
14233
14261
14262
14263
14279
14280
14280
14282
14327
14340
14351
14361
14389
14389
14392
14396
14406
14408
14412
14419
14431
14437
14439
14445
14446
14451
14466
14467
14472
14482
14490
14506
14526
14529
14532
14535
14539
14540
14549
14568
14568
14599
14602
14607
14608
14609
14622
14630
14630
14636
14643
14645
14646
14647
14660
14690
14690
14698
14698
14712
14735
14740
14741
14792
14794
14801
14809
14811
14819
14828
14833
14840
14843
14850
14864
14881
14883
14886
14895
14897
14918
14919
14942
14943
14944
14945
14963
14986
15016
15017
15019
15037
15054
15056
15067
15090
15103
15109
15116
15116
15119
15123
15135
15143
15147
15148
15152
15157
15162
15178
15195
15197
15201
15201
15205
15207
15212
15232
15243
15245
15266
15323
15343
15383
15404
15411
15421
15421
15437
15437
15458
15458
15463
15491
15493
15498
15508
15513
15534
15549
15566
15567
15576
15587
15590
15621
15622
15626
15634
15651
15653
15657
15678
15691
15701
15706
15715
15729
15733
15756
15805
15812
15820
15825
15834
15856
15871
15871
15881
15895
15898
15933
15936
15948
15948
15984
15998
15999
16004
16015
16028
16036
16038
16045
16048
16062
16068
16077
16090
16095
16101
16108
16109
16120
16135
16137
16139
16141
16161
16168
16201
16206
16216
16245
16305
16307
16317
16324
16332
16340
16343
16352
16355
16400
16402
16415
16417
16452
16454
16468
16484
16491
16513
16517
16540
16542
16564
16578
16594
16599
16601
16608
16608
16636
16642
16654
16694
16696
16709
16728
16729
16734
16784
16792
16803
16809
16834
16839
16839
16854
16857
16872
16874
16949
16974
17006
17010
17021
17025
17028
17062
17103
17110
17127
17139
17144
17152
17165
17175
17177
17194
17207
17211
17211
17214
17224
17233
17241
17241
17266
17269
17271
17279
17286
17297
17301
17310
17311
17317
17320
17345
17373
17399
17403
17454
17464
17475
17483
17531
17547
17548
17552
17579
17581
17590
17611
17612
17615
17618
17629
17638
17639
17644
17659
17667
17675
17693
17722
17740
17757
17759
17761
17786
17795
17811
17815
17832
17841
17844
17859
17889
17893
17905
17907
17909
17916
17918
17937
17962
17967
17974
17974
17974
17975
17975
17999
18008
18013
18014
18025
18033
18038
18047
18053
18056
18058
18060
18061
18077
18080
18112
18113
18116
18116
18127
18143
18144
18145
18146
18153
18163
18164
18165
18175
18182
18200
18203
18208
18217
18242
18263
18267
18270
18271
18280
18288
18289
18300
18305
18306
18307
18314
18317
18317
18321
18324
18334
18335
18338
18348
18358
18365
18366
18372
18378
18384
18394
18407
18407
18409
18423
18428
18432
18434
18478
18485
18488
18492
18507
18513
18519
18520
18529
18553
18564
18569
18580
18602
18612
18616
18623
18648
18657
18660
18665
18670
18678
18679
18692
18701
18721
18721
18724
18727
18775
18818
18824
18857
18858
18866
18867
18886
18888
18896
18940
18948
18957
18971
18985
18986
18987
18987
18988
18997
19002
19007
19012
19032
19051
19055
19080
19104
19115
19116
19120
19125
19126
19161
19181
19202
19207
19215
19229
19230
19256
19257
19272
19284
19286
19332
19337
19352
19358
19373
19380
19395
19408
19411
19415
19422
19427
19455
19462
19466
19467
19469
19471
19495
19496
19501
19518
19520
19521
19536
19559
19572
19581
19583
19591
19594
19601
19601
19608
19636
19641
19656
19680
19683
19704
19709
19712
19728
19734
19746
19762
19782
19812
19817
19835
19844
19859
19874
19879
19885
19906
19912
19926
19930
19947
19948
19956
19970
19971
19980
19980
19995
19998
19999
20010
20028
20033
20051
20052
20056
20057
20062
20063
20077
20083
20087
20104
20124
20133
20137
20152
20158
20161
20163
20165
20192
20198
20223
20241
20246
20249
20278
20278
20279
20281
20287
20294
20295
20303
20315
20318
20330
20331
20335
20346
20360
20377
20382
20397
20404
20405
20415
20416
20417
20425
20430
20461
20464
20474
20480
20487
20496
20497
20518
20522
20523
20526
20532
20558
20559
20563
20569
20600
20602
20603
20629
20661
20663
20663
20668
20673
20686
20691
20701
20703
20705
20723
20738
20784
20785
20807
20808
20840
20842
20865
20874
20876
20880
20896
20926
20927
20936
20942
20994
20999
21001
21004
21032
21044
21055
21061
21074
21088
21091
21121
21152
21154
21163
21191
21209
21223
21227
21234
21245
21258
21273
21276
21276
21288
21294
21315
21324
21335
21340
21342
21351
21351
21353
21353
21353
21358
21368
21382
21383
21387
21387
21390
21393
21397
21413
21419
21433
21449
21457
21465
21466
21483
21489
21508
21508
21508
21542
21547
21569
21588
21592
21592
21600
21603
21604
21604
21624
21654
21684
21685
21691
21708
21708
21715
21715
21729
21734
21758
21783
21786
21786
21801
21816
21825
21831
21839
21841
21841
21845
21855
21864
21867
21873
21874
21877
21898
21935
21941
21946
21953
21957
21968
21970
21974
21980
21981
21991
21995
22007
22007
22025
22027
22028
22030
22065
22073
22073
22079
22083
22092
22107
22118
22129
22146
22188
22190
22197
22212
22239
22249
22264
22275
22283
22289
22292
22317
22327
22338
22355
22358
22364
22373
22375
22377
22378
22389
22409
22411
22426
22468
22471
22480
22508
22508
22509
22543
22544
22571
22571
22578
22583
22604
22604
22607
22608
22618
22618
22635
22642
22645
22683
22688
22765
22765
22777
22792
22793
22798
22805
22808
22827
22828
22852
22855
22856
22881
22893
22899
22915
22936
22939
22952
22960
22961
22969
22974
22987
22990
23023
23038
23044
23051
23070
23071
23072
23088
23098
23105
23108
23117
23123
23127
23127
23127
23140
23142
23148
23155
23161
23173
23183
23184
23184
23210
23218
23234
23272
23275
23279
23285
23287
23309
23326
23350
23354
23369
23393
23400
23401
23427
23428
23434
23462
23464
23487
23490
23493
23507
23508
23523
23524
23541
23544
23548
23555
23611
23620
23620
23624
23625
23636
23642
23646
23649
23657
23666
23684
23692
23692
23703
23704
23732
23746
23755
23776
23810
23849
23851
23875
23883
23890
23894
23909
23913
23924
23931
23936
23947
23964
23969
23991
23993
24011
24012
24016
24022
24047
24067
24067
24082
24095
24119
24149
24152
24162
24181
24186
24197
24217
24224
24227
24265
24265
24268
24268
24282
24314
24326
24326
24339
24344
24351
24363
24397
24419
24420
24429
24436
24455
24468
24480
24496
24504
24510
24527
24551
24565
24568
24580
24584
24589
24594
24604
24607
24617
24622
24641
24651
24654
24659
24663
24688
24690
24730
24743
24746
24794
24813
24821
24830
24831
24831
24831
24839
24840
24859
24868
24870
24887
24891
24895
24910
24911
24951
24955
24956
24957
24960
24962
24973
24988
24992
25009
25014
25017
25030
25046
25048
25063
25068
25078
25082
25095
25098
25106
25118
25133
25142
25164
25176
25190
25198
25218
25237
25245
25248
25249
25251
25253
25262
25265
25268
25275
25279
25304
25321
25329
25344
25346
25353
25365
25371
25371
25378
25381
25385
25424
25428
25431
25432
25469
25471
25481
25494
25524
25528
25556
25560
25562
25563
25572
25574
25574
25581
25583
25589
25590
25617
25621
25643
25645
25646
25650
25658
25671
25691
25738
25749
25769
25781
25781
25796
25803
25847
25858
25862
25886
25900
25901
25902
25909
25912
25914
25923
25941
25979
25988
26002
26022
26049
26056
26064
26066
26071
26092
26126
26131
26134
26139
26157
26172
26173
26185
26192
26201
26204
26205
26218
26247
26251
26269
26271
26273
26298
26369
26377
26388
26408
26444
26447
26451
26460
26477
26480
26482
26511
26520
26539
26542
26551
26557
26558
26559
26564
26568
26575
26576
26585
26603
26609
26619
26659
26680
26694
26747
26766
26768
26771
26776
26777
26779
26782
26793
26799
26805
26821
26830
26835
26846
26849
26855
26866
26877
26882
26911
26926
26930
26955
26958
26962
26971
26986
26991
26995
27010
27016
27025
27026
27026
27045
27052
27056
27067
27072
27094
27103
27103
27112
27113
27136
27140
27142
27157
27168
27181
27186
27221
27223
27232
27233
27255
27262
27271
27282
27293
27293
27301
27317
27334
27338
27341
27342
27369
27371
27375
27386
27387
27388
27405
27416
27417
27425
27426
27428
27429
27458
27459
27461
27464
27465
27477
27483
27499
27506
27513
27518
27526
27530
27560
27565
27567
27569
27627
27631
27634
27650
27652
27655
27659
27664
27682
27705
27709
27716
27718
27737
27749
27792
27797
27808
27809
27816
27817
27823
27848
27858
27860
27862
27869
27891
27906
27927
27929
27948
27959
27962
27984
27985
27995
28026
28031
28033
28044
28050
28053
28076
28077
28085
28089
28095
28109
28116
28129
28147
28149
28171
28209
28229
28236
28262
28298
28311
28318
28319
28323
28341
28348
28349
28354
28354
28361
28363
28379
28381
28381
28395
28409
28410
28415
28440
28444
28449
28455
28459
28463
28479
28485
28492
28496
28497
28499
28510
28518
28527
28536
28541
28561
28569
28582
28584
28584
28599
28604
28607
28613
28624
28625
28627
28632
28641
28646
28654
28655
28660
28664
28714
28753
28755
28757
28764
28778
28790
28806
28840
28841
28853
28857
28859
28866
28866
28884
28885
28899
28921
28931
28935
28948
28961
28976
29006
29037
29042
29051
29061
29077
29091
29094
29094
29119
29123
29126
29131
29139
29148
29149
29159
29160
29163
29181
29197
29202
29206
29213
29215
29242
29244
29298
29303
29304
29325
29332
29336
29341
29343
29368
29369
29393
29414
29446
29466
29467
29493
29497
29502
29524
29534
29545
29545
29553
29564
29571
29572
29584
29601
29629
29645
29646
29662
29662
29666
29673
29683
29710
29718
29745
29775
29783
29786
29790
29795
29800
29803
29805
29820
29826
29827
29827
29835
29839
29856
29860
29919
29920
29926
29928
29929
29932
29937
29941
29975
29975
29979
29980
29981
29992
29996
30002
30016
30022
30024
30044
30045
30065
30084
30085
30093
30115
30117
30119
30121
30128
30151
30159
30164
30166
30175
30180
30190
30202
30210
30218
30222
30229
30240
30241
30246
30252
30253
30285
30292
30314
30334
30353
30361
30373
30379
30387
30437
30444
30447
30448
30449
30453
30456
30456
30467
30470
30478
30486
30493
30503
30509
30533
30543
30547
30554
30559
30564
30568
30572
30576
30576
30577
30577
30598
30621
30624
30650
30658
30660
30662
30666
30670
30678
30685
30719
30728
30742
30749
30767
30770
30776
30804
30844
30847
30851
30860
30869
30888
30889
30902
30906
30907
30916
30920
30923
30929
30930
30937
30938
30958
30964
30987
30997
31003
31005
31006
31053
31054
31074
31075
31089
31119
31125
31135
31161
31214
31217
31221
31227
31263
31275
31286
31287
31295
31302
31302
31333
31353
31359
31360
31379
31379
31393
31402
31409
31419
31456
31467
31480
31484
31492
31533
31533
31546
31547
31571
31584
31593
31607
31612
31631
31635
31638
31638
31657
31662
31671
31678
31679
31697
31718
31723
31723
31729
31747
31757
31770
31799
31799
31805
31832
31874
31875
31893
31898
31904
31908
31911
31917
31919
31930
31959
31967
31969
31987
31997
32002
32013
32040
32068
32078
32086
32110
32124
32125
32126
32129
32146
32148
32162
32190
32197
32219
32221
32236
32237
32247
32249
32254
32258
32278
32286
32315
32330
32331
32332
32332
32336
32347
32355
32357
32364
32368
32393
32438
32454
32456
32491
32506
32508
32523
32535
32539
32542
32564
32571
32571
32586
32611
32618
32620
32669
32678
32681
32683
32689
32700
32703
32709
32719
32757
32775
32778
32779
32780
32785
32792
32801
32853
32854
32854
32860
32867
32871
32902
32913
32915
32915
32917
32944
32966
32984
32990
33015
33027
33030
33030
33042
33042
33064
33103
33122
33141
33145
33155
33176
33176
33188
33195
33200
33215
33225
33247
33255
33262
33296
33304
33305
33311
33328
33344
33346
33346
33349
33356
33360
33361
33389
33395
33397
33409
33416
33428
33433
33433
33463
33464
33470
33474
33488
33499
33509
33517
33540
33542
33549
33551
33553
33555
33555
33575
33576
33582
33594
33603
33611
33615
33635
33637
33659
33667
33686
33700
33701
33703
33731
33744
33746
33771
33791
33797
33806
33806
33808
33817
33827
33828
33828
33829
33845
33854
33878
33879
33893
33897
33899
33909
33916
33918
33922
33927
33940
33949
33980
33982
34011
34015
34024
34035
34039
34044
34060
34060
34066
34067
34071
34074
34093
34099
34110
34114
34118
34120
34135
34148
34154
34154
34157
34175
34183
34184
34184
34184
34186
34194
34194
34213
34223
34233
34234
34240
34242
34266
34268
34271
34287
34289
34296
34300
34318
34323
34335
34350
34368
34373
34379
34381
34383
34388
34402
34415
34438
34456
34458
34458
34462
34494
34497
34498
34518
34518
34524
34527
34528
34534
34543
34555
34572
34573
34595
34624
34627
34631
34636
34661
34664
34665
34669
34680
34687
34707
34719
34737
34772
34784
34788
34797
34806
34864
34892
34899
34900
34911
34915
34918
34927
34931
34935
34939
34945
34946
34952
34962
34969
34972
34980
35003
35009
35038
35047
35048
35054
35061
35062
35071
35075
35090
35099
35113
35116
35122
35131
35135
35135
35140
35141
35142
35155
35157
35172
35175
35178
35192
35194
35202
35232
35257
35288
35293
35314
35314
35316
35339
35341
35367
35383
35389
35392
35392
35392
35394
35403
35405
35425
35462
35484
35493
35498
35522
35526
35534
35536
35538
35542
35563
35587
35593
35593
35607
35609
35626
35634
35645
35651
35663
35668
35676
35678
35680
35688
35697
35702
35715
35716
35720
35722
35728
35729
35737
35738
35742
35749
35754
35758
35770
35782
35782
35795
35796
35797
35800
35806
35849
35856
35864
35873
35874
35889
35899
35907
35914
35915
35946
35948
35952
35955
35958
35981
35981
36007
36025
36030
36032
36041
36042
36063
36089
36103
36117
36125
36125
36145
36145
36146
36147
36149
36159
36164
36164
36167
36189
36209
36216
36218
36228
36231
36239
36247
36264
36271
36271
36276
36276
36281
36295
36296
36310
36318
36336
36341
36352
36357
36373
36378
36397
36401
36402
36420
36427
36433
36436
36439
36460
36461
36474
36475
36480
36494
36515
36516
36527
36530
36532
36544
36555
36604
36638
36647
36653
36656
36687
36712
36712
36723
36724
36727
36730
36749
36770
36791
36792
36799
36801
36815
36817
36819
36820
36827
36828
36837
36845
36856
36859
36877
36890
36909
36910
36928
36954
36956
36960
36965
36981
37019
37036
37063
37078
37093
37101
37124
37125
37148
37169
37184
37186
37211
37219
37219
37245
37252
37266
37272
37282
37286
37295
37296
37298
37309
37314
37322
37328
37349
37352
37358
37361
37396
37409
37416
37440
37463
37469
37477
37482
37489
37519
37529
37563
37565
37568
37574
37594
37597
37610
37627
37633
37651
37657
37667
37680
37701
37720
37724
37735
37742
37746
37757
37763
37764
37775
37806
37814
37815
37816
37818
37825
37825
37827
37840
37844
37846
37857
37860
37871
37890
37892
37894
37901
37903
37936
37937
37954
37964
37988
37998
38001
38002
38003
38007
38050
38056
38057
38076
38081
38084
38092
38094
38103
38103
38119
38123
38139
38142
38148
38157
38160
38167
38221
38221
38225
38241
38246
38270
38270
38273
38278
38281
38287
38298
38299
38299
38320
38333
38349
38367
38372
38381
38386
38386
38388
38392
38412
38417
38465
38473
38484
38485
38485
38485
38489
38507
38532
38542
38555
38559
38562
38567
38568
38568
38590
38593
38598
38607
38613
38618
38651
38659
38663
38667
38699
38709
38737
38738
38752
38752
38753
38761
38766
38802
38805
38805
38811
38813
38819
38821
38828
38830
38834
38848
38849
38850
38851
38853
38866
38868
38878
38886
38888
38906
38910
38931
38931
38938
38948
38950
38962
39025
39025
39034
39052
39054
39059
39075
39076
39076
39087
39092
39096
39109
39133
39171
39172
39177
39196
39198
39203
39209
39209
39214
39226
39238
39268
39268
39275
39288
39293
39302
39320
39328
39330
39366
39373
39386
39409
39430
39449
39454
39461
39470
39492
39515
39525
39539
39542
39549
39569
39649
39654
39663
39669
39675
39676
39688
39713
39721
39751
39777
39789
39790
39795
39805
39807
39809
39811
39831
39839
39856
39875
39883
39896
39909
39919
39924
39930
39939
39950
39960
39970
39973
39977
39985
39985
39995
39996
39999
40002
40020
40031
40034
40037
40072
40074
40091
40108
40126
40130
40138
40141
40147
40149
40155
40165
40191
40210
40213
40223
40228
40230
40247
40271
40271
40281
40285
40302
40305
40316
40321
40345
40347
40351
40357
40386
40391
40394
40425
40436
40437
40461
40464
40471
40476
40491
40493
40494
40504
40517
40527
40539
40553
40558
40560
40567
40567
40568
40577
40617
40623
40639
40657
40666
40667
40679
40695
40696
40714
40725
40771
40772
40790
40792
40836
40859
40861
40866
40866
40877
40899
40901
40925
40928
40933
40942
40956
40962
40973
40978
40993
41003
41013
41015
41015
41016
41046
41050
41061
41063
41082
41093
41102
41104
41104
41111
41116
41122
41131
41142
41143
41160
41166
41170
41172
41176
41200
41201
41220
41237
41240
41252
41255
41264
41268
41282
41292
41307
41309
41315
41327
41328
41342
41342
41352
41358
41361
41364
41367
41371
41375
41379
41385
41404
41415
41427
41439
41445
41448
41450
41455
41494
41499
41518
41553
41554
41567
41581
41587
41600
41644
41656
41659
41660
41704
41724
41729
41748
41749
41753
41757
41764
41780
41798
41802
41818
41831
41845
41848
41850
41887
41900
41931
41952
42002
42013
42020
42029
42029
42033
42060
42062
42073
42084
42084
42085
42090
42099
42125
42144
42154
42154
42154
42177
42182
42188
42192
42198
42207
42221
42224
42232
42246
42274
42274
42293
42309
42309
42313
42318
42332
42346
42391
42392
42394
42397
42408
42410
42414
42415
42431
42451
42466
42496
42502
42502
42507
42542
42553
42574
42582
42584
42587
42596
42620
42632
42643
42644
42648
42656
42656
42660
42667
42689
42695
42697
42716
42721
42729
42749
42769
42770
42773
42775
42793
42812
42814
42821
42824
42827
42843
42845
42854
42866
42870
42889
42896
42902
42908
42923
42927
42932
42939
42940
42940
42947
42948
42981
42985
42987
43001
43009
43010
43027
43030
43049
43056
43078
43087
43091
43109
43111
43113
43120
43133
43147
43149
43157
43174
43178
43183
43192
43201
43202
43213
43215
43224
43227
43238
43248
43254
43259
43272
43273
43278
43295
43308
43338
43349
43355
43359
43359
43365
43375
43380
43382
43404
43406
43417
43452
43452
43453
43499
43501
43511
43528
43534
43541
43552
43554
43567
43576
43595
43597
43605
43618
43628
43635
43665
43672
43674
43679
43680
43680
43680
43687
43688
43693
43698
43714
43736
43739
43750
43762
43788
43790
43791
43791
43798
43816
43818
43829
43833
43833
43856
43862
43863
43880
43892
43907
43911
43914
43915
43934
43936
43950
43952
43969
43991
44001
44020
44025
44028
44029
44039
44044
44060
44066
44076
44079
44091
44111
44123
44159
44165
44188
44203
44219
44224
44226
44226
44232
44238
44239
44254
44280
44284
44308
44311
44324
44340
44351
44359
44365
44376
44386
44388
44389
44402
44402
44429
44429
44460
44464
44469
44474
44486
44522
44529
44547
44574
44575
44617
44620
44628
44631
44638
44644
44650
44651
44655
44662
44670
44682
44705
44719
44721
44726
44732
44741
44762
44773
44773
44782
44783
44800
44839
44848
44849
44849
44861
44867
44870
44870
44888
44895
44899
44904
44907
44915
44919
44921
44924
44945
44948
44986
44988
45012
45016
45023
45054
45056
45067
45070
45080
45084
45088
45089
45091
45102
45108
45133
45136
45174
45174
45195
45197
45199
45201
45207
45209
45224
45260
45282
45308
45314
45328
45342
45354
45364
45368
45381
45383
45385
45388
45394
45415
45435
45437
45439
45449
45451
45454
45461
45471
45479
45506
45509
45531
45533
45533
45540
45544
45556
45564
45573
45584
45593
45602
45604
45612
45618
45637
45639
45640
45663
45664
45674
45678
45680
45684
45691
45698
45724
45736
45754
45780
45831
45838
45849
45852
45905
45906
45930
45930
45935
45944
45982
45995
46005
46013
46016
46022
46035
46036
46046
46068
46095
46098
46117
46119
46121
46122
46142
46157
46159
46170
46175
46185
46191
46195
46196
46206
46215
46246
46254
46257
46259
46277
46279
46280
46283
46287
46305
46311
46315
46322
46348
46350
46356
46364
46365
46387
46388
46395
46411
46427
46431
46446
46456
46464
46485
46487
46494
46518
46547
46573
46577
46583
46600
46604
46613
46616
46617
46623
46634
46649
46676
46691
46694
46697
46700
46701
46713
46721
46723
46728
46744
46744
46759
46759
46781
46793
46797
46807
46810
46814
46814
46825
46832
46832
46837
46847
46850
46850
46853
46857
46888
46901
46901
46922
46928
46930
46934
46969
46981
46987
47000
47005
47011
47016
47037
47039
47044
47046
47049
47064
47066
47066
47082
47102
47105
47130
47131
47135
47137
47138
47149
47152
47160
47183
47243
47249
47255
47307
47307
47327
47336
47341
47366
47369
47371
47375
47381
47384
47385
47407
47415
47425
47426
47436
47445
47474
47475
47489
47507
47517
47529
47534
47546
47560
47573
47578
47586
47601
47623
47630
47631
47642
47670
47679
47684
47698
47707
47714
47722
47725
47725
47735
47745
47770
47776
47786
47794
47800
47814
47826
47828
47833
47833
47839
47851
47856
47857
47866
47889
47903
47918
47987
48003
48004
48005
48018
48025
48036
48047
48049
48056
48058
48066
48068
48068
48069
48076
48087
48093
48095
48097
48115
48115
48116
48129
48149
48154
48154
48155
48159
48164
48168
48176
48179
48186
48187
48189
48191
48206
48209
48213
48221
48251
48281
48314
48317
48325
48326
48337
48339
48341
48364
48396
48397
48420
48438
48439
48443
48444
48451
48451
48458
48462
48495
48495
48506
48528
48536
48548
48548
48553
48560
48568
48579
48583
48589
48602
48604
48606
48608
48609
48622
48629
48633
48640
48651
48660
48661
48669
48677
48687
48695
48696
48710
48718
48725
48726
48729
48740
48748
48793
48812
48821
48829
48832
48856
48859
48860
48875
48876
48881
48887
48890
48903
48904
48904
48907
48913
48919
48925
48927
48934
48956
48967
48992
49038
49043
49057
49112
49115
49116
49144
49176
49177
49191
49195
49199
49199
49203
49209
49214
49218
49223
49245
49246
49248
49251
49251
49251
49286
49298
49302
49303
49308
49309
49320
49332
49341
49345
49352
49355
49364
49377
49379
49401
49415
49415
49454
49455
49459
49465
49465
49492
49498
49513
49522
49534
49548
49548
49553
49571
49582
49584
49601
49611
49618
49628
49641
49661
49681
49685
49685
49696
49726
49731
49737
49769
49775
49780
49791
49794
49795
49805
49807
49809
49816
49840
49843
49844
49846
49868
49884
49886
49899
49913
49915
49933
49935
49941
49942
49956
49968
50006
50042
50070
50071
50084
50088
50095
50101
50102
50102
50107
50109
50109
50109
50122
50125
50127
50136
50156
50174
50177
50180
50184
50188
50188
50188
50195
50198
50198
50214
50217
50222
50236
50239
50247
50256
50283
50295
50308
50312
50327
50329
50333
50352
50366
50375
50380
50396
50440
50443
50446
50454
50457
50463
50468
50471
50485
50508
50511
50515
50523
50539
50550
50567
50576
50597
50613
50621
50623
50633
50638
50647
50677
50689
50691
50699
50724
50735
50735
50738
50742
50767
50767
50770
50777
50778
50783
50787
50795
50801
50820
50829
50877
50906
50919
50922
50927
50931
50947
50947
50949
50956
50968
50980
51007
51011
51016
51035
51053
51063
51064
51069
51075
51075
51076
51092
51101
51104
51124
51142
51147
51150
51175
51176
51183
51195
51223
51234
51245
51247
51250
51253
51257
51270
51278
51280
51283
51285
51287
51288
51290
51296
51312
51319
51330
51331
51345
51347
51366
51370
51375
51383
51386
51388
51388
51392
51398
51402
51410
51412
51430
51433
51439
51440
51466
51467
51468
51495
51498
51499
51503
51523
51531
51532
51541
51562
51587
51588
51602
51623
51628
51635
51638
51638
51666
51669
51673
51676
51678
51698
51699
51730
51739
51756
51763
51794
51807
51813
51817
51820
51831
51838
51846
51850
51853
51855
51876
51881
51895
51898
51899
51900
51921
51932
51941
51949
51952
51954
51969
51996
52025
52025
52027
52036
52071
52087
52106
52113
52149
52150
52163
52178
52204
52212
52220
52240
52240
52243
52283
52284
52287
52312
52345
52399
52409
52410
52410
52416
52420
52424
52430
52439
52462
52467
52487
52488
52492
52505
52519
52523
52531
52550
52561
52566
52577
52595
52619
52622
52624
52625
52638
52641
52643
52645
52681
52706
52710
52712
52715
52724
52725
52731
52741
52742
52749
52758
52764
52764
52766
52800
52808
52834
52853
52874
52876
52877
52885
52887
52887
52891
52896
52903
52905
52920
52922
52924
52934
52934
52935
52953
53023
53026
53026
53029
53035
53041
53061
53067
53079
53079
53080
53102
53124
53126
53152
53154
53198
53212
53213
53255
53273
53281
53307
53325
53359
53362
53364
53381
53386
53390
53417
53430
53432
53439
53447
53455
53463
53470
53490
53491
53511
53532
53534
53535
53536
53548
53563
53576
53581
53584
53600
53608
53612
53617
53620
53624
53626
53648
53649
53652
53661
53675
53676
53681
53691
53696
53703
53722
53724
53728
53757
53759
53779
53790
53796
53818
53818
53821
53851
53869
53878
53881
53906
53919
53922
53923
53926
53928
53939
53939
53945
53955
53958
53960
53971
53990
54005
54005
54008
54013
54025
54028
54043
54054
54070
54075
54077
54078
54081
54087
54087
54102
54104
54114
54118
54122
54129
54138
54139
54143
54145
54145
54148
54156
54161
54167
54177
54178
54212
54232
54259
54260
54267
54284
54285
54292
54300
54328
54328
54330
54340
54347
54363
54379
54379
54386
54386
54390
54428
54436
54436
54446
54464
54465
54470
54480
54483
54506
54508
54509
54519
54526
54548
54551
54575
54584
54587
54589
54600
54608
54620
54623
54631
54637
54648
54657
54664
54668
54669
54670
54678
54681
54681
54683
54706
54709
54712
54713
54722
54728
54731
54732
54740
54744
54762
54765
54772
54780
54781
54806
54814
54828
54832
54859
54867
54874
54874
54912
54919
54932
54937
54950
54961
54969
54977
54987
55004
55016
55029
55031
55031
55037
55038
55046
55056
55063
55063
55074
55077
55079
55082
55084
55085
55086
55110
55126
55134
55140
55142
55163
55169
55179
55189
55194
55195
55197
55200
55211
55225
55236
55237
55238
55289
55293
55305
55305
55310
55321
55326
55341
55370
55396
55422
55422
55427
55435
55465
55481
55485
55492
55497
55507
55514
55515
55531
55548
55595
55607
55610
55611
55631
55635
55636
55665
55675
55681
55689
55692
55707
55709
55709
55720
55744
55758
55762
55765
55785
55805
55809
55830
55834
55842
55846
55847
55859
55876
55889
55893
55903
55904
55909
55912
55953
55971
55988
55997
56011
56016
56017
56023
56028
56054
56063
56071
56075
56113
56114
56121
56124
56157
56158
56162
56181
56188
56194
56211
56213
56220
56232
56251
56255
56259
56262
56275
56294
56307
56310
56315
56355
56359
56360
56367
56374
56378
56380
56385
56392
56401
56428
56440
56447
56458
56462
56467
56476
56505
56512
56513
56526
56534
56537
56542
56550
56569
56577
56583
56597
56607
56619
56625
56634
56651
56655
56679
56679
56710
56713
56717
56717
56723
56731
56750
56752
56753
56755
56763
56769
56828
56834
56834
56846
56850
56859
56867
56870
56871
56878
56880
56896
56910
56919
56925
56940
56955
56959
56971
56988
56996
56998
57007
57019
57030
57034
57037
57048
57050
57053
57055
57057
57067
57071
57096
57104
57106
57116
57135
57155
57208
57217
57270
57286
57289
57296
57297
57308
57315
57333
57335
57338
57338
57359
57383
57390
57393
57398
57416
57419
57424
57448
57451
57492
57500
57543
57551
57552
57578
57590
57590
57597
57603
57618
57621
57624
57640
57665
57665
57674
57693
57697
57707
57728
57757
57772
57777
57784
57807
57809
57818
57826
57842
57862
57880
57885
57911
57922
57927
57931
57949
57963
57964
57966
57970
57970
57974
57986
57991
58012
58014
58035
58046
58047
58078
58089
58098
58122
58124
58136
58160
58162
58188
58209
58213
58226
58231
58258
58264
58266
58276
58304
58330
58332
58365
58376
58378
58382
58393
58404
58410
58438
58450
58461
58466
58471
58474
58484
58508
58511
58522
58524
58533
58538
58553
58577
58595
58598
58599
58603
58604
58605
58609
58620
58625
58646
58687
58708
58712
58720
58723
58770
58808
58819
58823
58828
58829
58842
58847
58855
58864
58880
58912
58920
58921
58938
58942
58943
58948
58956
58976
58985
58988
58994
59004
59008
59022
59024
59047
59056
59059
59064
59076
59107
59117
59135
59137
59138
59145
59146
59152
59157
59162
59169
59178
59180
59188
59195
59222
59228
59250
59262
59277
59292
59295
59308
59322
59324
59349
59356
59382
59398
59402
59411
59425
59428
59432
59434
59437
59442
59448
59452
59460
59464
59467
59467
59470
59471
59472
59485
59509
59553
59558
59583
59585
59593
59593
59599
59606
59626
59629
59644
59649
59664
59668
59673
59674
59686
59691
59696
59711
59727
59748
59749
59761
59794
59812
59837
59859
59876
59876
59892
59899
59903
59909
59922
59922
59925
59934
59940
59941
59955
59958
59971
59989
59990
60047
60047
60082
60088
60097
60100
60107
60108
60115
60124
60127
60132
60132
60133
60154
60173
60175
60181
60185
60198
60201
60209
60212
60224
60227
60243
60249
60261
60274
60301
60302
60317
60366
60383
60394
60409
60410
60416
60421
60422
60423
60435
60439
60443
60461
60464
60479
60491
60502
60507
60511
60515
60528
60530
60531
60531
60535
60541
60542
60545
60567
60596
60605
60647
60653
60655
60656
60660
60674
60682
60689
60693
60703
60708
60710
60743
60769
60774
60776
60776
60795
60818
60830
60874
60879
60884
60886
60886
60910
60911
60936
60946
60959
60961
60967
60968
60970
61009
61011
61023
61040
61043
61072
61075
61088
61099
61110
61115
61118
61134
61157
61161
61164
61172
61179
61217
61218
61224
61234
61238
61239
61247
61248
61262
61262
61270
61273
61277
61289
61298
61303
61312
61314
61315
61321
61323
61333
61363
61364
61392
61399
61403
61430
61433
61439
61458
61468
61480
61496
61503
61530
61532
61536
61540
61547
61554
61597
61604
61616
61618
61624
61628
61632
61644
61645
61645
61648
61661
61672
61673
61683
61696
61709
61724
61728
61769
61778
61794
61824
61847
61862
61873
61885
61888
61889
61904
61908
61919
61921
61922
61923
61933
61950
61969
62001
62002
62011
62017
62022
62025
62041
62049
62072
62076
62084
62088
62094
62104
62109
62115
62129
62130
62131
62133
62134
62157
62172
62192
62193
62194
62195
62198
62215
62231
62244
62248
62248
62248
62254
62255
62270
62271
62281
62306
62324
62338
62345
62350
62373
62380
62381
62419
62424
62431
62449
62508
62516
62527
62532
62537
62540
62546
62558
62567
62577
62582
62599
62653
62656
62664
62665
62712
62729
62754
62770
62773
62775
62789
62803
62814
62825
62830
62836
62852
62856
62905
62908
62909
62911
62922
62923
62965
62970
62973
63000
63000
63005
63020
63022
63027
63034
63037
63052
63058
63071
63076
63085
63089
63095
63178
63186
63186
63222
63228
63230
63238
63239
63255
63260
63261
63261
63261
63261
63267
63270
63271
63276
63284
63296
63298
63301
63306
63307
63337
63338
63341
63344
63352
63361
63371
63380
63421
63422
63427
63468
63469
63484
63493
63499
63503
63511
63525
63534
63537
63539
63550
63554
63560
63561
63569
63570
63578
63581
63584
63604
63612
63689
63721
63722
63723
63728
63730
63734
63769
63780
63793
63795
63825
63856
63860
63862
63888
63924
63932
63932
63933
63941
63944
63962
63981
64010
64022
64050
64065
64081
64081
64093
64101
64118
64135
64137
64157
64166
64169
64198
64199
64221
64234
64251
64272
64281
64297
64303
64305
64312
64323
64325
64329
64330
64333
64347
64357
64365
64366
64372
64378
64401
64420
64429
64436
64441
64447
64458
64469
64469
64475
64475
64475
64489
64496
64502
64506
64515
64542
64563
64565
64576
64591
64602
64617
64634
64642
64668
64668
64671
64672
64690
64692
64700
64710
64710
64721
64731
64732
64738
64743
64751
64760
64775
64793
64819
64825
64830
64843
64845
64860
64873
64902
64923
64932
64942
64944
64956
64959
64978
64983
65006
65016
65025
65043
65048
65080
65132
65135
65135
65140
65145
65149
65150
65155
65161
65167
65193
65201
65205
65221
65234
65260
65262
65263
65275
65290
65296
65300
65300
65304
65313
65325
65341
65342
65343
65366
65373
65375
65424
65424
65436
65469
65478
65487
65487
65487
65496
65504
65507
65514
65528
65531
65533
65547
65549
65554
65567
65586
65592
65594
65604
65608
65611
65622
65629
65648
65662
65672
65695
65703
65710
65725
65753
65758
65762
65764
65765
65769
65800
65801
65805
65862
65864
65873
65875
65879
65884
65885
65920
65927
65962
65973
66026
66033
66042
66069
66073
66073
66074
66101
66102
66116
66117
66138
66146
66160
66174
66180
66196
66200
66239
66242
66243
66244
66250
66263
66292
66299
66300
66320
66327
66328
66345
66345
66346
66351
66353
66355
66363
66379
66380
66392
66397
66406
66411
66413
66422
66426
66454
66456
66482
66488
66499
66500
66503
66505
66564
66575
66585
66589
66591
66592
66593
66595
66601
66610
66635
66644
66664
66668
66674
66683
66694
66695
66702
66714
66716
66719
66726
66728
66731
66732
66741
66753
66753
66760
66762
66765
66782
66786
66789
66797
66802
66803
66806
66814
66820
66835
66836
66846
66847
66848
66863
66865
66868
66873
66884
66887
66892
66898
66906
66941
66952
66969
66970
66975
66986
67009
67018
67037
67050
67057
67059
67113
67113
67116
67118
67168
67176
67178
67178
67192
67201
67205
67206
67209
67210
67211
67251
67259
67262
67277
67284
67285
67292
67294
67295
67312
67332
67355
67366
67372
67385
67386
67410
67416
67425
67439
67449
67449
67465
67481
67499
67544
67555
67561
67571
67576
67599
67604
67612
67621
67623
67627
67632
67676
67702
67707
67709
67720
67725
67736
67754
67758
67761
67761
67786
67805
67811
67822
67830
67840
67844
67850
67855
67858
67865
67868
67875
67887
67888
67896
67912
67919
67920
67928
67933
67934
67953
67957
67963
67970
67979
67979
68002
68023
68027
68040
68045
68053
68065
68069
68091
68092
68097
68099
68125
68133
68140
68146
68153
68168
68180
68182
68205
68207
68221
68223
68237
68238
68246
68282
68282
68287
68308
68313
68324
68338
68360
68365
68371
68376
68390
68412
68427
68436
68452
68487
68497
68511
68512
68516
68518
68521
68531
68542
68553
68566
68620
68628
68650
68656
68660
68675
68683
68687
68691
68700
68711
68712
68716
68719
68733
68760
68781
68784
68791
68792
68798
68811
68843
68845
68857
68895
68936
68939
68943
68943
68944
68955
68973
68985
69015
69017
69021
69027
69033
69048
69056
69058
69074
69085
69097
69112
69132
69137
69147
69151
69165
69169
69173
69182
69184
69192
69205
69206
69230
69254
69276
69306
69323
69332
69346
69379
69388
69404
69417
69449
69453
69495
69497
69501
69507
69510
69526
69528
69539
69545
69559
69565
69569
69575
69595
69595
69595
69612
69636
69638
69652
69679
69680
69683
69688
69704
69709
69714
69751
69752
69767
69771
69776
69783
69791
69792
69797
69798
69805
69807
69822
69824
69827
69864
69866
69873
69876
69880
69885
69887
69891
69893
69907
69908
69916
69917
69930
69939
69941
69963
69966
69974
69979
69980
69984
70014
70031
70041
70043
70061
70064
70066
70086
70088
70097
70118
70135
70147
70148
70156
70167
70185
70199
70220
70235
70236
70240
70258
70261
70272
70290
70293
70294
70303
70304
70306
70308
70317
70317
70319
70331
70348
70352
70354
70355
70400
70400
70401
70429
70431
70434
70489
70504
70509
70511
70521
70534
70540
70546
70547
70549
70551
70578
70583
70616
70617
70618
70627
70631
70638
70642
70645
70668
70674
70681
70691
70692
70694
70705
70730
70736
70769
70783
70787
70804
70823
70826
70827
70831
70853
70859
70862
70874
70891
70898
70903
70918
70924
70941
70976
70996
71002
71008
71017
71054
71090
71095
71104
71104
71106
71110
71131
71143
71154
71159
71161
71198
71204
71212
71248
71249
71250
71264
71272
71298
71303
71310
71340
71351
71373
71383
71391
71404
71416
71440
71450
71465
71472
71476
71500
71513
71544
71553
71557
71562
71565
71569
71588
71604
71631
71650
71657
71663
71672
71673
71683
71702
71706
71737
71750
71760
71766
71782
71788
71794
71797
71802
71803
71805
71807
71810
71820
71836
71847
71858
71875
71888
71893
71893
71903
71928
71931
71938
71940
71940
71946
71953
71959
71961
71976
71995
72030
72038
72039
72052
72055
72065
72079
72089
72107
72116
72125
72132
72136
72161
72166
72171
72181
72201
72206
72209
72220
72225
72233
72246
72248
72270
72275
72284
72288
72318
72345
72356
72364
72391
72410
72410
72412
72413
72416
72433
72454
72459
72469
72474
72486
72494
72500
72505
72522
72546
72563
72565
72566
72569
72583
72599
72603
72616
72636
72636
72675
72681
72682
72691
72745
72757
72757
72768
72774
72778
72786
72788
72797
72820
72822
72836
72840
72862
72877
72909
72928
72942
72943
72964
73000
73001
73019
73019
73036
73050
73058
73061
73078
73080
73082
73110
73116
73117
73117
73127
73128
73134
73136
73141
73142
73145
73153
73157
73165
73194
73204
73206
73206
73218
73250
73259
73260
73262
73272
73291
73292
73308
73318
73333
73340
73371
73378
73390
73392
73420
73425
73457
73463
73496
73505
73533
73537
73544
73551
73556
73563
73572
73581
73596
73611
73612
73614
73617
73619
73631
73632
73645
73645
73655
73658
73659
73677
73683
73692
73696
73703
73707
73710
73710
73713
73715
73719
73728
73755
73766
73784
73787
73789
73813
73814
73816
73824
73824
73840
73843
73848
73859
73860
73884
73884
73885
73891
73893
73923
73925
73931
73936
73945
73958
73962
73974
73980
73982
73983
73991
73992
74000
74031
74053
74055
74063
74069
74090
74091
74105
74110
74118
74140
74143
74145
74146
74165
74170
74178
74191
74202
74228
74228
74235
74239
74241
74250
74255
74271
74276
74277
74282
74286
74287
74292
74302
74306
74335
74337
74348
74356
74361
74366
74370
74373
74411
74433
74446
74455
74474
74499
74516
74523
74536
74544
74545
74548
74573
74577
74580
74583
74588
74593
74594
74599
74617
74641
74657
74661
74682
74690
74691
74698
74699
74704
74714
74721
74732
74734
74736
74742
74746
74764
74771
74781
74782
74785
74785
74794
74794
74812
74812
74816
74823
74824
74826
74833
74868
74877
74887
74890
74895
74897
74897
74898
74917
74934
74942
74946
74954
74956
74962
74964
74972
74974
74982
74992
75003
75033
75050
75056
75070
75072
75083
75089
75106
75112
75119
75125
75126
75132
75134
75152
75156
75162
75177
75180
75192
75195
75210
75211
75231
75240
75241
75244
75264
75271
75297
75321
75323
75324
75327
75333
75343
75354
75366
75368
75368
75374
75411
75419
75425
75435
75438
75468
75481
75483
75487
75490
75493
75501
75506
75515
75546
75546
75558
75559
75576
75579
75590
75608
75619
75624
75652
75678
75678
75683
75689
75689
75692
75702
75705
75721
75727
75735
75753
75762
75783
75787
75792
75798
75805
75807
75815
75818
75830
75848
75852
75863
75868
75876
75881
75886
75943
75956
75980
75994
75995
76026
76039
76044
76050
76066
76072
76072
76087
76095
76097
76098
76100
76143
76160
76160
76181
76196
76209
76224
76241
76245
76276
76280
76281
76282
76289
76299
76304
76306
76325
76335
76346
76362
76365
76370
76384
76395
76407
76408
76425
76435
76480
76488
76491
76491
76493
76498
76503
76507
76521
76524
76545
76551
76573
76583
76586
76602
76614
76622
76625
76650
76651
76653
76657
76662
76664
76668
76680
76682
76688
76716
76717
76736
76739
76755
76773
76783
76785
76795
76813
76820
76840
76861
76861
76866
76868
76869
76871
76873
76880
76881
76881
76886
76903
76918
76927
76927
76929
76966
76970
76972
76986
77006
77025
77031
77048
77083
77085
77085
77108
77109
77122
77128
77136
77145
77151
77165
77201
77214
77214
77222
77231
77243
77250
77265
77271
77271
77288
77293
77301
77306
77307
77319
77331
77357
77358
77383
77401
77449
77450
77476
77491
77492
77527
77531
77601
77617
77631
77632
77633
77634
77635
77656
77679
77681
77700
77702
77702
77707
77717
77722
77725
77752
77764
77771
77791
77817
77821
77828
77833
77833
77855
77864
77881
77882
77885
77886
77899
77902
77924
77933
77949
77950
77958
77959
77978
78046
78077
78078
78083
78085
78095
78107
78118
78118
78123
78127
78134
78154
78165
78166
78192
78194
78195
78247
78248
78249
78251
78253
78265
78266
78285
78293
78298
78304
78323
78327
78328
78348
78352
78363
78370
78374
78376
78376
78379
78381
78395
78402
78405
78409
78424
78432
78434
78438
78454
78498
78500
78504
78515
78525
78538
78539
78561
78564
78593
78597
78608
78613
78617
78628
78630
78637
78638
78644
78679
78726
78742
78747
78753
78773
78775
78789
78795
78797
78809
78813
78840
78841
78849
78862
78867
78872
78883
78894
78917
78925
78958
78978
78982
78996
79021
79023
79044
79055
79060
79073
79076
79078
79090
79103
79107
79110
79118
79142
79153
79158
79196
79202
79206
79220
79231
79231
79239
79272
79277
79291
79304
79311
79331
79334
79335
79343
79344
79359
79381
79395
79441
79443
79445
79448
79448
79455
79461
79462
79464
79482
79482
79487
79490
79507
79526
79529
79541
79546
79556
79574
79579
79585
79593
79594
79603
79611
79623
79646
79647
79654
79669
79684
79697
79704
79708
79722
79750
79760
79760
79771
79780
79788
79790
79790
79794
79797
79803
79846
79877
79888
79889
79907
79909
79919
79920
79954
79954
79969
79987
80011
80019
80031
80043
80050
80052
80084
80091
80094
80105
80111
80119
80124
80129
80137
80172
80173
80204
80207
80209
80252
80255
80274
80275
80280
80280
80285
80293
80298
80315
80324
80332
80333
80337
80360
80373
80416
80417
80428
80445
80453
80453
80455
80457
80461
80466
80489
80509
80510
80544
80567
80586
80594
80609
80637
80638
80642
80649
80661
80663
80675
80677
80678
80689
80692
80696
80708
80717
80722
80723
80730
80748
80755
80758
80760
80774
80790
80796
80803
80810
80817
80818
80835
80836
80842
80846
80856
80857
80857
80859
80860
80861
80864
80865
80866
80869
80878
80898
80898
80942
80943
80946
80958
80959
80963
80977
80978
80979
80997
81013
81019
81022
81034
81092
81101
81109
81120
81123
81126
81127
81133
81170
81176
81183
81195
81198
81204
81206
81230
81243
81250
81261
81268
81289
81299
81306
81311
81312
81320
81326
81334
81335
81336
81346
81358
81368
81372
81384
81393
81396
81399
81400
81405
81409
81412
81418
81434
81436
81443
81449
81458
81460
81471
81485
81488
81519
81530
81543
81575
81580
81585
81590
81594
81616
81626
81626
81632
81634
81634
81636
81637
81638
81647
81649
81656
81692
81695
81700
81700
81700
81725
81727
81754
81763
81769
81787
81787
81792
81797
81832
81832
81833
81835
81838
81862
81865
81870
81874
81874
81877
81884
81897
81924
81937
81943
81944
81959
81967
81990
81994
81996
81996
82005
82033
82045
82050
82056
82058
82067
82085
82101
82174
82175
82188
82189
82194
82222
82231
82239
82247
82254
82260
82265
82273
82306
82317
82331
82343
82353
82355
82359
82363
82363
82382
82395
82397
82413
82416
82425
82429
82436
82442
82483
82484
82484
82487
82521
82552
82573
82574
82581
82581
82590
82597
82599
82600
82601
82605
82606
82618
82649
82654
82671
82673
82674
82692
82704
82708
82715
82727
82727
82732
82737
82747
82747
82751
82775
82799
82802
82813
82815
82817
82823
82826
82831
82832
82833
82851
82866
82910
82915
82936
82944
82952
82955
82957
82964
82965
82972
82987
82992
83006
83038
83046
83050
83058
83066
83069
83083
83094
83107
83122
83126
83128
83138
83141
83147
83159
83164
83164
83174
83185
83185
83186
83222
83224
83230
83238
83240
83244
83273
83285
83288
83290
83298
83314
83322
83325
83333
83340
83358
83363
83368
83371
83376
83393
83393
83406
83414
83415
83419
83420
83425
83433
83442
83443
83470
83490
83503
83512
83519
83535
83538
83550
83555
83557
83569
83597
83607
83608
83611
83624
83629
83641
83653
83660
83664
83675
83688
83694
83707
83708
83710
83716
83722
83723
83724
83727
83737
83744
83761
83762
83769
83773
83794
83801
83810
83827
83827
83834
83857
83875
83882
83889
83898
83900
83912
83914
83931
83932
83937
83946
83948
83951
83958
83970
83977
83981
83996
83996
83998
84007
84022
84037
84056
84059
84061
84071
84084
84103
84103
84112
84144
84148
84160
84164
84172
84178
84183
84204
84213
84216
84222
84237
84237
84249
84255
84265
84268
84271
84274
84294
84302
84306
84317
84325
84333
84336
84344
84344
84347
84348
84354
84358
84375
84387
84390
84390
84416
84418
84428
84455
84463
84486
84509
84510
84523
84539
84569
84581
84583
84608
84617
84632
84633
84663
84663
84671
84684
84697
84719
84726
84727
84733
84745
84750
84752
84759
84775
84784
84785
84789
84796
84811
84814
84827
84830
84836
84844
84852
84856
84858
84873
84884
84898
84899
84899
84923
84925
84927
84936
84936
84939
84955
84965
84986
84991
85005
85008
85033
85037
85051
85069
85072
85093
85097
85099
85103
85103
85104
85108
85125
85127
85131
85174
85177
85181
85189
85192
85196
85222
85226
85229
85252
85266
85274
85284
85292
85312
85322
85333
85339
85352
85360
85376
85384
85390
85418
85421
85433
85433
85433
85468
85483
85483
85517
85524
85525
85533
85536
85541
85559
85586
85589
85610
85623
85628
85631
85635
85637
85663
85690
85694
85701
85705
85716
85722
85727
85728
85749
85760
85761
85761
85768
85782
85791
85792
85805
85815
85820
85827
85834
85840
85841
85853
85866
85866
85869
85874
85888
85911
85920
85925
85928
85943
85958
85972
85976
85980
85998
86000
86019
86021
86044
86046
86068
86086
86096
86102
86126
86149
86162
86167
86182
86185
86186
86204
86206
86211
86216
86216
86218
86223
86234
86245
86250
86250
86257
86268
86268
86276
86285
86293
86308
86312
86317
86318
86320
86346
86350
86357
86400
86405
86418
86420
86440
86449
86473
86474
86479
86481
86494
86503
86504
86516
86532
86547
86550
86559
86559
86574
86578
86579
86600
86602
86617
86617
86620
86620
86643
86680
86686
86689
86740
86751
86764
86771
86777
86778
86802
86808
86808
86829
86840
86859
86867
86867
86882
86892
86899
86909
86915
86935
86935
86943
86954
86956
86957
86965
86967
86975
86976
86981
86985
86986
87015
87016
87025
87028
87040
87089
87096
87097
87108
87114
87120
87137
87145
87159
87166
87184
87192
87198
87204
87204
87221
87222
87258
87293
87330
87336
87343
87362
87363
87376
87412
87417
87431
87440
87453
87454
87456
87488
87490
87496
87515
87524
87552
87573
87577
87579
87579
87585
87606
87608
87618
87633
87633
87642
87652
87684
87687
87696
87697
87697
87704
87711
87715
87718
87725
87741
87751
87762
87779
87779
87792
87793
87806
87825
87842
87858
87863
87880
87886
87887
87888
87909
87917
87918
87920
87938
87939
87951
87971
87974
87983
87997
88000
88022
88038
88038
88041
88044
88046
88054
88059
88061
88063
88082
88093
88094
88114
88138
88140
88157
88160
88188
88212
88214
88215
88237
88246
88251
88255
88259
88264
88276
88283
88291
88293
88295
88309
88311
88317
88317
88325
88329
88336
88347
88365
88381
88401
88406
88428
88431
88473
88480
88488
88495
88496
88505
88531
88532
88538
88550
88592
88605
88608
88618
88630
88632
88635
88660
88687
88703
88704
88713
88724
88729
88736
88739
88742
88755
88756
88772
88781
88785
88788
88796
88797
88809
88820
88823
88828
88833
88835
88840
88855
88857
88859
88862
88885
88896
88897
88903
88907
88923
88930
88950
88963
88979
88980
88981
88983
89007
89021
89023
89027
89029
89034
89040
89043
89065
89070
89071
89086
89101
89154
89157
89157
89161
89167
89181
89183
89190
89206
89212
89213
89231
89235
89250
89262
89271
89282
89289
89291
89297
89328
89335
89348
89351
89353
89354
89359
89368
89373
89379
89400
89404
89408
89461
89496
89507
89523
89535
89559
89565
89566
89597
89600
89606
89612
89629
89631
89657
89676
89680
89681
89688
89718
89749
89758
89764
89791
89792
89794
89798
89802
89814
89826
89834
89836
89837
89849
89850
89851
89867
89898
89905
89934
89939
89956
89962
89968
89976
90013
90021
90027
90045
90051
90057
90066
90091
90093
90108
90122
90122
90125
90134
90137
90137
90154
90160
90180
90183
90184
90219
90223
90225
90232
90239
90241
90245
90248
90263
90267
90285
90286
90288
90289
90293
90296
90308
90311
90311
90321
90321
90325
90332
90334
90352
90355
90360
90369
90376
90377
90390
90403
90422
90485
90496
90499
90502
90514
90519
90529
90531
90532
90541
90552
90554
90601
90618
90633
90645
90652
90676
90692
90693
90695
90698
90719
90744
90761
90765
90766
90770
90799
90818
90823
90823
90827
90850
90861
90862
90870
90872
90879
90901
90902
90903
90904
90909
90911
90911
90920
90939
90955
90960
90966
90968
90990
91004
91010
91021
91023
91056
91062
91076
91083
91110
91116
91139
91142
91144
91168
91178
91187
91188
91194
91202
91215
91220
91227
91233
91234
91239
91245
91252
91271
91288
91300
91310
91313
91323
91333
91360
91372
91373
91374
91374
91388
91391
91408
91410
91425
91437
91440
91443
91458
91470
91477
91479
91489
91502
91506
91538
91553
91554
91558
91561
91566
91585
91601
91606
91623
91635
91648
91649
91670
91688
91697
91727
91736
91740
91743
91762
91772
91775
91780
91788
91805
91834
91895
91900
91909
91914
91939
91948
91957
91980
91981
91984
91990
92000
92022
92025
92034
92037
92040
92057
92063
92065
92078
92097
92098
92110
92111
92114
92144
92161
92164
92166
92170
92187
92223
92229
92250
92259
92262
92315
92316
92317
92324
92327
92330
92337
92339
92349
92359
92365
92370
92372
92384
92405
92408
92413
92413
92415
92425
92426
92433
92435
92441
92446
92446
92456
92464
92479
92484
92492
92507
92516
92516
92531
92563
92567
92569
92572
92579
92580
92588
92601
92601
92607
92625
92628
92641
92646
92660
92673
92674
92679
92686
92688
92694
92701
92707
92716
92731
92733
92738
92756
92762
92766
92769
92779
92791
92796
92804
92807
92820
92823
92825
92832
92843
92846
92853
92867
92869
92890
92895
92933
92935
92953
92963
92968
92971
92971
92972
92974
92997
92997
93000
93033
93037
93040
93068
93105
93138
93139
93147
93147
93159
93167
93176
93177
93178
93179
93179
93185
93192
93199
93227
93259
93277
93278
93284
93309
93316
93348
93358
93358
93363
93370
93373
93376
93376
93377
93386
93403
93414
93426
93428
93444
93461
93472
93475
93476
93482
93488
93494
93496
93497
93500
93511
93513
93517
93523
93529
93554
93558
93570
93576
93586
93598
93601
93613
93615
93622
93648
93702
93707
93714
93725
93730
93764
93765
93772
93778
93790
93792
93827
93840
93845
93852
93863
93866
93882
93902
93909
93931
93959
93964
93967
93974
93977
93995
94018
94019
94031
94040
94052
94053
94055
94063
94063
94069
94079
94094
94100
94100
94105
94119
94124
94125
94135
94167
94178
94186
94208
94212
94221
94222
94255
94262
94267
94272
94274
94279
94293
94302
94302
94314
94318
94326
94333
94343
94349
94350
94351
94356
94373
94375
94377
94392
94395
94401
94406
94413
94433
94451
94476
94482
94494
94501
94520
94531
94533
94538
94551
94552
94555
94575
94576
94578
94600
94605
94606
94619
94625
94629
94647
94679
94681
94686
94708
94720
94722
94725
94726
94744
94745
94750
94761
94777
94794
94800
94809
94809
94838
94843
94847
94857
94858
94862
94877
94884
94886
94910
94921
94923
94925
94925
94930
94938
94942
94948
94949
94952
94953
94956
94971
94997
95001
95022
95025
95082
95123
95139
95139
95141
95142
95148
95153
95168
95169
95182
95198
95218
95228
95240
95263
95266
95287
95291
95306
95315
95327
95334
95335
95338
95341
95344
95345
95360
95362
95371
95371
95399
95403
95416
95466
95476
95498
95501
95507
95512
95515
95529
95543
95546
95556
95579
95604
95613
95625
95631
95652
95674
95676
95700
95729
95741
95748
95749
95751
95755
95769
95775
95777
95780
95787
95792
95803
95806
95812
95818
95828
95835
95840
95849
95875
95881
95912
95933
95935
95947
95968
95984
95995
96009
96011
96016
96021
96021
96028
96037
96038
96041
96057
96061
96071
96082
96099
96116
96137
96146
96148
96179
96187
96189
96205
96206
96223
96229
96244
96244
96254
96265
96279
96282
96286
96286
96310
96317
96325
96337
96360
96368
96370
96387
96434
96447
96454
96458
96488
96493
96509
96540
96547
96564
96592
96593
96597
96613
96617
96617
96621
96641
96642
96651
96652
96670
96689
96695
96699
96722
96727
96748
96761
96778
96785
96792
96796
96805
96827
96834
96838
96839
96869
96878
96878
96881
96891
96898
96905
96919
96931
96941
96959
96963
96977
96982
96989
96992
96993
97023
97031
97048
97061
97062
97098
97112
97117
97122
97123
97125
97150
97154
97155
97171
97178
97184
97218
97233
97237
97252
97256
97264
97264
97273
97279
97281
97292
97310
97329
97331
97339
97340
97355
97362
97371
97375
97377
97391
97395
97404
97416
97420
97426
97434
97437
97445
97447
97492
97495
97534
97535
97536
97546
97553
97559
97563
97570
97578
97594
97603
97604
97611
97612
97622
97631
97652
97653
97653
97678
97706
97709
97719
97736
97741
97742
97753
97764
97766
97770
97770
97809
97810
97815
97824
97837
97839
97839
97860
97872
97873
97878
97906
97910
97913
97915
97935
97954
97971
97988
97990
97993
97994
97997
98002
98003
98018
98027
98042
98053
98058
98115
98127
98127
98149
98152
98158
98160
98163
98168
98171
98175
98179
98182
98185
98197
98267
98282
98293
98308
98315
98318
98329
98336
98356
98360
98373
98376
98377
98379
98384
98385
98388
98388
98405
98409
98414
98439
98453
98457
98466
98481
98481
98518
98529
98554
98560
98564
98606
98622
98629
98631
98633
98645
98657
98660
98665
98683
98687
98688
98704
98726
98731
98733
98735
98738
98740
98742
98753
98762
98771
98777
98779
98782
98784
98784
98789
98798
98803
98807
98818
98822
98824
98868
98880
98880
98887
98889
98894
98896
98898
98900
98909
98913
98921
98922
98956
98973
98990
99006
99009
99024
99026
99028
99029
99030
99044
99080
99085
99088
99101
99116
99116
99146
99167
99178
99192
99197
99197
99198
99203
99229
99238
99251
99264
99268
99284
99291
99294
99295
99300
99304
99319
99320
99350
99351
99354
99354
99356
99358
99359
99361
99367
99372
99375
99390
99416
99425
99433
99466
99504
99509
99518
99531
99532
99532
99534
99534
99534
99549
99569
99573
99576
99582
99594
99609
99617
99624
99629
99630
99650
99658
99659
99662
99664
99691
99692
99693
99697
99706
99707
99714
99720
99734
99737
99740
99742
99745
99752
99760
99762
99764
99765
99776
99779
99785
99786
99794
99810
99833
99844
99853
99857
99886
99889
99890
99899
99911
99916
99928
99929
99959
99969
99989
99999
99999
