8
15
16
17
17
33
54
60
62
88
101
120
122
128
138
138
141
154
172
216
218
220
221
222
228
238
263
264
269
271
280
300
303
310
335
342
357
381
382
387
414
414
417
419
419
432
441
467
469
487
488
490
495
502
504
504
513
516
529
535
558
560
566
577
578
589
600
609
609
642
644
648
682
691
696
741
747
748
757
757
764
766
766
773
777
780
796
798
802
803
808
809
821
821
832
846
853
857
863
879
894
906
925
926
945
959
970
974
1001
1002
1006
1017
1035
1036
1058
1069
1072
1084
1095
1095
1099
1099
1100
1132
1148
1163
1174
1177
1187
1203
1206
1230
1234
1237
1238
1242
1243
1261
1265
1266
1267
1273
1294
1305
1309
1316
1323
1336
1341
1349
1366
1370
1385
1420
1421
1425
1431
1438
1440
1466
1470
1507
1509
1526
1533
1537
1547
1548
1552
1568
1590
1594
1603
1608
1611
1629
1670
1671
1680
1684
1705
1722
1780
1784
1797
1803
1811
1832
1861
1861
1862
1868
1896
1900
1902
1911
1912
1921
1925
1932
1936
1944
1957
1962
1962
1969
1984
1987
1988
2000
2023
2039
2044
2045
2058
2061
2085
2103
2104
2105
2110
2122
2129
2155
2164
2167
2181
2185
2188
2189
2217
2219
2220
2229
2239
2257
2263
2291
2300
2305
2306
2308
2309
2319
2320
2326
2330
2336
2354
2361
2366
2372
2378
2380
2382
2393
2394
2395
2408
2413
2416
2417
2458
2459
2468
2480
2485
2488
2492
2494
2500
2501
2517
2523
2547
2552
2560
2563
2567
2596
2611
2637
2637
2646
2657
2659
2665
2668
2684
2694
2737
2747
2764
2766
2772
2774
2776
2804
2815
2816
2820
2828
2832
2844
2853
2867
2873
2876
2880
2891
2898
2901
2901
2901
2914
2922
2938
2953
2963
2965
2971
2973
2981
2987
3010
3031
3067
3085
3095
3097
3105
3117
3124
3127
3131
3139
3166
3179
3187
3192
3208
3226
3247
3253
3257
3261
3266
3280
3287
3294
3309
3345
3371
3379
3380
3382
3386
3391
3393
3401
3413
3413
3415
3418
3421
3421
3434
3453
3463
3464
3470
3504
3530
3531
3536
3538
3540
3542
3566
3578
3589
3632
3634
3638
3640
3642
3653
3655
3662
3680
3686
3691
3716
3739
3747
3749
3769
3782
3793
3795
3799
3807
3819
3859
3859
3861
3869
3888
3902
3907
3926
3929
3935
3963
3973
3975
3981
3986
3996
3996
4003
4009
4022
4027
4044
4044
4060
4064
4074
4105
4110
4117
4135
4138
4142
4147
4148
4158
4165
4178
4188
4189
4204
4212
4226
4267
4273
4274
4277
4299
4302
4303
4320
4322
4326
4354
4361
4366
4373
4374
4398
4408
4415
4418
4423
4428
4448
4449
4450
4464
4475
4486
4515
4520
4522
4537
4541
4546
4547
4566
4577
4585
4590
4616
4632
4633
4670
4683
4698
4714
4734
4755
4775
4779
4805
4806
4813
4821
4830
4835
4836
4847
4854
4860
4886
4891
4907
4910
4928
4928
4929
4931
4944
4944
4976
4989
4992
4998
5023
5023
5031
5041
5052
5066
5090
5113
5115
5118
5140
5153
5163
5176
5185
5188
5213
5218
5232
5248
5260
5264
5269
5301
5334
5351
5357
5366
5375
5375
5381
5389
5392
5402
5404
5412
5435
5452
5462
5463
5470
5485
5488
5506
5520
5530
5535
5553
5557
5604
5608
5641
5645
5678
5691
5718
5738
5740
5763
5763
5766
5811
5834
5846
5846
5847
5848
5848
5870
5876
5911
5946
5955
5963
5969
5980
5983
5987
6001
6009
6012
6014
6015
6049
6057
6065
6082
6108
6108
6124
6127
6132
6133
6133
6176
6177
6186
6193
6194
6208
6217
6221
6242
6256
6259
6275
6294
6311
6312
6314
6321
6336
6343
6352
6366
6375
6387
6405
6433
6438
6446
6453
6455
6488
6499
6587
6596
6603
6607
6622
6626
6642
6663
6668
6674
6687
6707
6710
6732
6746
6746
6747
6751
6755
6762
6777
6779
6791
6817
6821
6826
6833
6847
6891
6898
6904
6912
6935
6947
6949
6949
6949
6957
6961
6981
6992
7003
7008
7013
7020
7021
7035
7049
7064
7087
7118
7122
7124
7130
7138
7141
7145
7154
7168
7186
7196
7244
7251
7253
7261
7281
7297
7349
7350
7353
7355
7366
7377
7383
7384
7397
7415
7429
7431
7435
7443
7444
7447
7448
7451
7454
7454
7475
7488
7489
7502
7536
7543
7549
7566
7571
7574
7574
7591
7612
7616
7617
7618
7622
7641
7646
7654
7686
7689
7698
7706
7708
7710
7714
7720
7739
7747
7770
7770
7776
7776
7785
7792
7823
7830
7836
7866
7922
7942
7955
7991
8007
8009
8019
8030
8045
8045
8046
8047
8057
8066
8067
8072
8072
8084
8092
8106
8113
8123
8123
8141
8155
8163
8173
8187
8208
8216
8229
8240
8243
8244
8258
8271
8282
8291
8298
8299
8302
8307
8309
8326
8341
8361
8364
8369
8387
8399
8413
8421
8439
8452
8455
8474
8478
8480
8536
8554
8561
8562
8585
8592
8595
8601
8602
8610
8618
8622
8623
8626
8635
8644
8650
8664
8679
8687
8691
8692
8694
8704
8712
8718
8718
8719
8732
8733
8737
8751
8756
8756
8765
8775
8801
8802
8806
8811
8822
8837
8839
8844
8848
8855
8856
8871
8902
8903
8913
8919
8921
8923
8930
8936
8938
8940
8953
8964
8990
9018
9020
9063
9093
9103
9118
9125
9139
9159
9175
9176
9181
9196
9213
9221
9222
9232
9261
9267
9276
9286
9306
9312
9316
9326
9327
9333
9335
9337
9348
9350
9370
9378
9397
9415
9419
9452
9461
9466
9469
9472
9484
9489
9489
9508
9523
9526
9542
9593
9593
9595
9600
9614
9618
9618
9623
9635
9640
9643
9660
9675
9677
9698
9750
9766
9783
9802
9806
9810
9817
9825
9829
9829
9844
9859
9870
9883
9884
9885
9895
9921
9927
9927
9933
9934
9947
9949
9956
9956
9957
9962
9962
9969
9974
9985
9990
9994
10018
10022
10031
10038
10061
10066
10073
10082
10085
10087
10120
10124
10125
10141
10143
10152
10158
10161
10162
10175
10184
10184
10194
10199
10202
10211
10214
10221
10236
10248
10249
10252
10257
10257
10262
10266
10271
10313
10327
10328
10334
10339
10346
10352
10355
10380
10385
10392
10400
10420
10450
10465
10483
10485
10487
10491
10494
10515
10542
10561
10583
10583
10590
10595
10602
10607
10608
10614
10618
10620
10628
10634
10640
10643
10708
10709
10715
10757
10770
10799
10801
10825
10827
10829
10836
10856
10886
10908
10930
10938
10941
10954
10956
10961
10962
10964
10966
10976
11007
11010
11015
11019
11024
11032
11033
11037
11042
11043
11044
11055
11055
11084
11103
11119
11143
11177
11183
11190
11202
11204
11209
11209
11220
11223
11226
11230
11267
11293
11296
11302
11307
11313
11343
11344
11346
11350
11351
11356
11357
11378
11419
11422
11450
11453
11453
11453
11461
11472
11475
11476
11494
11524
11528
11528
11528
11529
11533
11537
11550
11553
11553
11567
11595
11598
11607
11608
11609
11610
11634
11657
11666
11718
11719
11731
11738
11748
11749
11749
11755
11766
11776
11784
11789
11791
11798
11798
11799
11801
11802
11809
11810
11842
11845
11847
11868
11868
11875
11883
11899
11900
11908
11941
11995
12004
12014
12037
12051
12062
12063
12081
12106
12122
12133
12142
12152
12155
12156
12158
12160
12163
12167
12178
12195
12203
12232
12254
12259
12260
12268
12283
12299
12316
12334
12352
12354
12357
12357
12369
12374
12377
12380
12424
12436
12454
12457
12460
12461
12463
12463
12467
12468
12477
12478
12480
12483
12492
12497
12508
12534
12564
12569
12580
12580
12591
12596
12605
12609
12632
12652
12660
12667
12679
12717
12719
12721
12730
12740
12751
12763
12773
12774
12803
12819
12849
12876
12879
12886
12889
12895
12904
12908
12925
12928
12943
12946
12953
12964
12978
12979
13001
13005
13013
13032
13045
13054
13055
13058
13058
13063
13068
13068
13080
13089
13111
13112
13118
13118
13129
13130
13140
13143
13148
13148
13148
13149
13199
13203
13206
13231
13273
13293
13298
13309
13317
13323
13331
13334
13347
13368
13384
13389
13398
13400
13405
13410
13432
13445
13454
13454
13470
13479
13510
13526
13532
13537
13541
13549
13576
13578
13579
13582
13589
13590
13592
13600
13602
13638
13665
13700
13717
13751
13777
13784
13786
13788
13793
13819
13826
13858
13859
13876
13877
13905
13924
13925
13928
13934
13970
13975
13982
14010
14046
14047
14053
14064
14064
14086
14087
14115
14130
14142
14169
14174
14176
14183
14192
14193
14215
14222
14230
14234
14247
14255
14257
14262
14270
14270
14277
14287
14292
14303
14307
14313
14348
14349
14360
14365
14375
14376
14379
14416
14437
14451
14459
14471
14471
14472
14476
14489
14494
14501
14510
14513
14525
14526
14530
14536
14536
14552
14552
14555
14556
14567
14572
14573
14591
14604
14615
14622
14627
14660
14661
14661
14665
14677
14678
14691
14712
14713
14733
14734
14742
14755
14756
14772
14790
14806
14806
14809
14812
14825
14836
14838
14840
14848
14853
14866
14885
14907
14915
14922
14937
14943
14957
14967
14969
14994
14994
15005
15020
15022
15025
15049
15050
15055
15062
15071
15075
15103
15113
15118
15126
15143
15160
15162
15163
15171
15171
15187
15193
15218
15220
15226
15233
15237
15257
15260
15263
15271
15271
15275
15281
15288
15291
15292
15341
15364
15386
15390
15396
15410
15412
15421
15431
15450
15457
15457
15467
15469
15471
15471
15479
15485
15488
15505
15507
15508
15516
15526
15547
15548
15569
15594
15599
15602
15606
15624
15643
15651
15653
15667
15683
15700
15718
15723
15728
15730
15745
15751
15756
15756
15757
15757
15764
15770
15782
15795
15797
15809
15813
15816
15835
15843
15853
15855
15856
15858
15878
15891
15911
15942
15949
16042
16054
16057
16067
16068
16084
16095
16103
16107
16114
16117
16134
16142
16153
16186
16199
16220
16220
16224
16227
16227
16228
16246
16273
16279
16289
16294
16302
16303
16311
16319
16338
16340
16349
16357
16362
16365
16372
16383
16386
16398
16410
16421
16425
16441
16473
16479
16481
16498
16548
16557
16574
16589
16601
16610
16610
16615
16617
16626
16634
16656
16658
16661
16672
16672
16689
16694
16694
16722
16729
16744
16762
16773
16787
16795
16796
16827
16838
16862
16865
16874
16900
16905
16905
16907
16908
16945
16945
16947
16970
16973
16975
16976
16976
16979
16982
16994
17016
17021
17034
17054
17056
17063
17081
17098
17116
17144
17146
17163
17166
17169
17177
17179
17192
17193
17216
17225
17244
17245
17269
17274
17290
17315
17327
17334
17337
17341
17383
17415
17433
17439
17475
17484
17484
17503
17505
17528
17530
17536
17542
17557
17581
17590
17591
17598
17600
17604
17619
17636
17639
17644
17656
17658
17659
17660
17664
17687
17687
17698
17708
17721
17735
17760
17767
17776
17783
17784
17790
17792
17800
17803
17814
17815
17846
17848
17884
17904
17908
17909
17936
17946
17970
17974
17977
17997
17997
17998
17998
18008
18009
18014
18016
18031
18087
18092
18095
18099
18105
18106
18111
18112
18119
18133
18139
18147
18148
18170
18172
18173
18177
18177
18184
18185
18191
18195
18196
18202
18208
18230
18234
18269
18276
18278
18291
18315
18325
18331
18342
18345
18355
18357
18399
18401
18408
18430
18438
18440
18459
18464
18477
18484
18493
18503
18526
18539
18549
18561
18564
18579
18587
18599
18600
18600
18623
18640
18641
18654
18667
18675
18681
18693
18701
18707
18716
18723
18729
18734
18739
18766
18779
18779
18792
18807
18822
18828
18834
18847
18864
18898
18909
18910
18914
18924
18930
18950
18958
18972
19006
19014
19023
19035
19035
19040
19081
19086
19087
19108
19109
19114
19118
19128
19137
19140
19141
19141
19160
19196
19215
19227
19238
19246
19264
19277
19281
19308
19314
19353
19356
19374
19383
19398
19401
19406
19417
19427
19432
19437
19453
19460
19461
19463
19479
19486
19502
19508
19531
19536
19546
19552
19564
19571
19582
19600
19616
19617
19621
19631
19636
19644
19646
19650
19666
19688
19690
19724
19739
19745
19774
19782
19783
19786
19788
19809
19823
19823
19853
19867
19868
19872
19877
19890
19890
19890
19892
19893
19893
19905
19911
19913
19915
19917
19938
19938
19956
19963
19967
19991
19995
20003
20009
20010
20018
20029
20030
20030
20040
20042
20045
20053
20056
20089
20102
20107
20132
20157
20162
20170
20189
20199
20209
20210
20233
20255
20274
20306
20325
20353
20387
20391
20393
20404
20407
20416
20431
20440
20442
20451
20457
20496
20502
20524
20533
20544
20562
20569
20574
20574
20597
20604
20645
20648
20663
20666
20667
20674
20679
20681
20706
20711
20715
20716
20725
20728
20739
20751
20754
20781
20795
20805
20808
20810
20824
20826
20830
20852
20859
20872
20875
20878
20932
20936
20959
20964
20966
20987
21017
21024
21031
21032
21042
21045
21118
21123
21127
21128
21154
21211
21214
21230
21234
21242
21253
21260
21261
21276
21286
21308
21331
21336
21348
21348
21352
21371
21386
21387
21392
21397
21419
21427
21440
21451
21455
21458
21461
21463
21467
21492
21493
21504
21521
21532
21534
21544
21546
21551
21560
21567
21588
21609
21626
21634
21636
21658
21661
21665
21670
21677
21682
21686
21695
21707
21709
21712
21712
21728
21735
21754
21761
21763
21767
21768
21783
21784
21805
21807
21814
21847
21847
21850
21851
21853
21854
21859
21878
21878
21879
21890
21900
21902
21941
21946
21963
21978
21988
21994
22037
22055
22069
22107
22128
22165
22183
22186
22186
22190
22195
22204
22205
22219
22240
22244
22244
22260
22272
22274
22276
22287
22305
22310
22315
22332
22340
22363
22368
22400
22410
22419
22429
22435
22447
22493
22495
22510
22520
22520
22523
22526
22551
22552
22587
22599
22603
22606
22620
22639
22640
22662
22663
22672
22678
22679
22683
22695
22698
22702
22716
22717
22721
22739
22744
22756
22764
22777
22780
22782
22797
22801
22810
22811
22819
22856
22861
22865
22870
22878
22879
22888
22889
22906
22933
22937
22947
22971
22981
22990
22992
23018
23019
23020
23020
23027
23048
23067
23074
23082
23090
23099
23104
23105
23122
23153
23173
23176
23178
23182
23185
23188
23202
23207
23208
23216
23220
23236
23236
23238
23252
23266
23276
23280
23293
23309
23310
23315
23318
23334
23338
23358
23367
23395
23411
23412
23416
23428
23434
23439
23453
23453
23460
23479
23503
23503
23504
23524
23532
23532
23546
23547
23547
23560
23598
23605
23609
23618
23622
23638
23640
23645
23653
23656
23656
23666
23697
23697
23703
23705
23717
23728
23731
23732
23746
23750
23754
23755
23772
23776
23778
23778
23799
23799
23806
23812
23831
23852
23865
23886
23891
23894
23895
23895
23897
23906
23909
23969
23970
23971
23973
23986
23989
23997
24008
24015
24024
24025
24035
24041
24055
24057
24063
24070
24099
24100
24106
24109
24118
24128
24133
24135
24151
24170
24204
24206
24214
24221
24238
24243
24251
24251
24259
24260
24289
24331
24332
24338
24343
24344
24351
24354
24380
24385
24385
24398
24399
24400
24404
24418
24429
24438
24439
24444
24449
24484
24492
24495
24498
24512
24517
24524
24532
24533
24537
24540
24555
24556
24559
24562
24563
24585
24591
24594
24611
24619
24625
24637
24638
24642
24643
24651
24664
24666
24668
24678
24679
24683
24691
24700
24711
24712
24716
24720
24746
24762
24767
24770
24771
24775
24817
24822
24828
24855
24872
24880
24891
24892
24892
24898
24899
24914
24916
24916
24929
24939
24948
24959
24976
25001
25005
25013
25020
25026
25027
25037
25037
25038
25053
25063
25096
25102
25131
25157
25176
25191
25192
25198
25198
25198
25199
25242
25246
25248
25255
25256
25269
25282
25302
25306
25314
25317
25348
25359
25371
25380
25393
25397
25400
25413
25417
25431
25437
25437
25441
25453
25461
25462
25481
25484
25490
25493
25506
25553
25573
25579
25584
25586
25586
25592
25595
25596
25603
25613
25621
25624
25625
25637
25652
25657
25661
25667
25671
25677
25689
25695
25697
25702
25706
25709
25768
25781
25801
25809
25829
25837
25846
25857
25868
25883
25889
25898
25907
25908
25913
25914
25917
25929
25934
25937
25944
25949
25951
25982
26013
26021
26030
26044
26048
26066
26070
26075
26077
26090
26092
26102
26105
26110
26128
26159
26165
26168
26169
26178
26182
26182
26193
26197
26202
26216
26216
26239
26255
26256
26256
26263
26268
26274
26277
26281
26282
26295
26296
26296
26297
26299
26303
26337
26344
26347
26349
26354
26384
26397
26408
26415
26416
26424
26434
26434
26469
26498
26505
26511
26562
26563
26584
26587
26607
26613
26618
26619
26626
26633
26633
26641
26655
26678
26679
26697
26706
26709
26716
26721
26726
26737
26737
26757
26776
26777
26782
26793
26805
26817
26845
26847
26850
26853
26859
26866
26877
26888
26889
26895
26901
26905
26916
26922
26924
26926
26937
26959
26961
26971
26977
26991
26996
27004
27011
27012
27013
27018
27023
27032
27046
27073
27075
27075
27077
27081
27097
27101
27102
27104
27112
27150
27169
27194
27203
27219
27225
27256
27282
27292
27295
27299
27308
27315
27316
27317
27329
27350
27361
27366
27366
27369
27370
27393
27400
27407
27410
27412
27430
27430
27444
27451
27456
27462
27473
27482
27484
27494
27495
27503
27503
27521
27558
27578
27582
27584
27586
27596
27601
27623
27628
27633
27633
27636
27639
27642
27677
27691
27715
27728
27738
27743
27746
27788
27792
27793
27828
27833
27839
27848
27854
27936
27948
27979
27985
27991
28001
28028
28039
28043
28060
28071
28074
28080
28090
28109
28131
28154
28161
28170
28173
28180
28202
28209
28218
28218
28222
28252
28256
28259
28262
28265
28265
28272
28281
28294
28295
28312
28318
28335
28348
28353
28365
28368
28372
28375
28379
28381
28381
28398
28402
28402
28405
28409
28415
28416
28446
28448
28454
28458
28461
28477
28510
28515
28516
28531
28543
28549
28551
28557
28567
28581
28592
28612
28612
28623
28632
28641
28661
28692
28697
28704
28728
28728
28758
28759
28765
28797
28801
28812
28818
28835
28835
28836
28844
28853
28860
28870
28886
28916
28938
28946
28979
28984
28986
28988
28990
28991
28994
29004
29006
29016
29025
29045
29052
29065
29071
29080
29080
29095
29097
29106
29109
29128
29131
29136
29149
29168
29183
29194
29207
29225
29227
29233
29237
29256
29261
29272
29284
29290
29294
29313
29318
29337
29343
29354
29372
29416
29421
29431
29438
29461
29473
29485
29539
29565
29568
29576
29587
29596
29596
29611
29644
29652
29653
29667
29690
29694
29699
29699
29703
29707
29715
29716
29732
29742
29764
29775
29793
29796
29799
29824
29856
29857
29857
29863
29871
29875
29879
29905
29911
29913
29946
29974
29986
29987
29995
29999
29999
30011
30036
30043
30047
30054
30071
30076
30112
30116
30121
30128
30157
30158
30165
30169
30179
30181
30190
30227
30232
30251
30254
30263
30264
30281
30293
30301
30301
30301
30311
30315
30329
30342
30354
30360
30375
30382
30392
30395
30396
30399
30422
30424
30428
30433
30442
30454
30458
30462
30463
30476
30478
30484
30510
30516
30516
30518
30524
30531
30536
30536
30539
30541
30544
30549
30554
30557
30560
30570
30626
30629
30640
30650
30670
30675
30691
30694
30705
30708
30717
30725
30736
30743
30770
30773
30779
30789
30805
30840
30845
30871
30894
30894
30899
30902
30912
30943
30946
30949
30952
30955
30975
30994
31011
31021
31022
31023
31043
31045
31068
31079
31079
31088
31094
31101
31115
31117
31139
31143
31145
31163
31172
31189
31189
31198
31206
31206
31208
31217
31228
31233
31237
31248
31257
31269
31280
31298
31309
31312
31323
31334
31340
31358
31361
31367
31370
31370
31371
31393
31417
31432
31447
31448
31465
31470
31496
31497
31497
31497
31512
31566
31580
31595
31616
31634
31651
31659
31665
31667
31678
31693
31714
31726
31732
31739
31761
31771
31774
31777
31780
31781
31789
31802
31809
31820
31825
31828
31836
31850
31860
31863
31875
31875
31908
31939
31960
31964
31968
31972
31995
32005
32011
32014
32017
32024
32027
32030
32036
32039
32039
32043
32072
32074
32117
32125
32148
32177
32181
32185
32186
32187
32206
32221
32229
32230
32233
32233
32244
32245
32248
32250
32252
32271
32276
32317
32330
32346
32349
32351
32354
32374
32374
32391
32412
32414
32421
32433
32444
32448
32449
32460
32464
32474
32479
32486
32491
32519
32534
32568
32574
32577
32579
32581
32610
32625
32628
32631
32646
32658
32676
32682
32689
32691
32696
32712
32724
32733
32739
32751
32751
32754
32788
32793
32806
32807
32832
32847
32879
32880
32881
32894
32909
32929
32935
32953
32986
33004
33011
33028
33041
33046
33061
33071
33071
33076
33079
33080
33089
33089
33093
33097
33105
33115
33122
33126
33149
33158
33159
33163
33164
33173
33178
33185
33201
33202
33233
33267
33270
33271
33276
33279
33294
33298
33302
33311
33316
33332
33342
33348
33353
33366
33368
33372
33373
33382
33392
33394
33400
33407
33409
33425
33427
33445
33453
33457
33471
33477
33480
33481
33494
33516
33532
33535
33542
33577
33587
33597
33632
33632
33632
33637
33639
33665
33701
33710
33713
33716
33747
33751
33756
33764
33769
33776
33794
33800
33804
33814
33829
33852
33859
33863
33863
33866
33875
33894
33897
33924
33931
33950
33951
33957
33962
33971
33990
34008
34009
34016
34021
34048
34053
34058
34078
34090
34093
34107
34142
34154
34164
34182
34189
34198
34227
34230
34235
34240
34276
34298
34305
34310
34311
34324
34325
34325
34352
34368
34397
34407
34416
34421
34425
34429
34441
34456
34458
34461
34470
34475
34494
34526
34532
34542
34545
34546
34566
34571
34571
34578
34582
34591
34595
34598
34611
34611
34624
34625
34632
34635
34650
34693
34700
34705
34710
34711
34741
34744
34748
34753
34766
34783
34786
34802
34804
34819
34832
34832
34837
34839
34840
34854
34873
34874
34876
34882
34895
34897
34902
34908
34916
34930
34939
34955
34957
34959
35001
35003
35023
35023
35028
35031
35056
35060
35069
35078
35081
35082
35085
35106
35107
35128
35144
35147
35155
35163
35173
35201
35202
35215
35228
35230
35246
35251
35253
35254
35273
35298
35322
35342
35344
35348
35348
35355
35358
35369
35411
35421
35440
35453
35453
35454
35467
35469
35470
35477
35477
35483
35510
35514
35526
35528
35530
35534
35548
35549
35561
35571
35575
35589
35591
35616
35627
35638
35652
35652
35656
35679
35682
35685
35693
35693
35702
35711
35717
35721
35726
35727
35752
35754
35778
35785
35785
35789
35789
35792
35796
35808
35820
35821
35824
35826
35831
35837
35842
35843
35857
35863
35864
35866
35867
35871
35935
35959
35963
35987
35995
35995
36050
36051
36051
36052
36071
36075
36079
36105
36106
36121
36126
36143
36160
36166
36183
36186
36189
36214
36216
36258
36259
36265
36287
36292
36300
36309
36309
36315
36333
36334
36341
36349
36352
36367
36393
36399
36418
36425
36431
36443
36452
36453
36465
36468
36482
36490
36498
36502
36528
36550
36590
36613
36639
36656
36662
36680
36686
36687
36695
36720
36722
36734
36742
36746
36748
36760
36764
36783
36785
36815
36822
36827
36850
36854
36859
36861
36867
36874
36876
36879
36885
36886
36896
36898
36901
36901
36910
36918
36920
36921
36931
36949
36970
36984
37008
37009
37024
37028
37031
37043
37047
37066
37069
37077
37100
37117
37131
37157
37162
37169
37173
37194
37225
37227
37230
37288
37295
37301
37307
37317
37318
37329
37339
37344
37355
37361
37369
37371
37375
37381
37402
37426
37430
37435
37436
37447
37448
37454
37465
37475
37477
37485
37502
37507
37518
37540
37555
37565
37568
37570
37592
37593
37596
37600
37603
37605
37625
37640
37644
37654
37716
37727
37730
37732
37741
37762
37780
37782
37790
37825
37846
37853
37858
37860
37863
37867
37867
37867
37867
37886
37905
37920
37922
37925
37928
37939
37947
37952
37966
37978
37985
37987
37989
38024
38026
38033
38041
38053
38058
38077
38078
38081
38084
38091
38094
38113
38120
38131
38133
38135
38148
38149
38152
38153
38197
38214
38230
38234
38235
38238
38253
38260
38267
38284
38299
38308
38316
38316
38319
38363
38383
38387
38402
38405
38421
38440
38452
38458
38477
38486
38488
38492
38495
38515
38516
38518
38528
38546
38548
38548
38549
38574
38578
38592
38593
38597
38624
38624
38625
38646
38649
38651
38674
38677
38704
38705
38714
38716
38721
38740
38761
38762
38765
38770
38778
38781
38790
38794
38797
38814
38815
38818
38829
38841
38854
38855
38870
38871
38902
38943
38953
38960
38963
38995
39002
39003
39005
39019
39022
39030
39043
39044
39048
39055
39058
39063
39072
39073
39097
39103
39106
39106
39147
39152
39153
39160
39165
39189
39226
39230
39233
39234
39234
39250
39281
39293
39305
39308
39318
39345
39383
39385
39400
39401
39402
39414
39418
39433
39435
39443
39450
39450
39466
39475
39483
39500
39514
39518
39527
39532
39532
39544
39554
39566
39567
39592
39626
39638
39648
39653
39659
39668
39682
39687
39693
39731
39759
39772
39775
39811
39812
39818
39823
39850
39853
39862
39876
39880
39887
39907
39915
39922
39929
39938
39962
39966
39967
39978
39989
40007
40013
40017
40017
40018
40066
40074
40093
40104
40108
40109
40112
40112
40116
40116
40118
40118
40134
40140
40144
40156
40173
40188
40220
40230
40245
40265
40265
40300
40350
40357
40363
40379
40380
40396
40406
40420
40428
40437
40437
40462
40462
40477
40477
40521
40532
40558
40561
40570
40585
40586
40593
40594
40596
40600
40611
40624
40648
40653
40656
40661
40661
40661
40676
40705
40729
40732
40740
40752
40759
40762
40768
40785
40811
40815
40819
40866
40870
40877
40883
40914
40931
40935
40943
40958
40992
40994
40998
40998
41017
41021
41029
41052
41056
41064
41065
41071
41084
41096
41110
41116
41116
41131
41132
41141
41142
41143
41163
41179
41193
41218
41227
41230
41234
41246
41255
41257
41263
41277
41308
41309
41311
41317
41320
41341
41343
41345
41360
41363
41376
41385
41399
41400
41406
41407
41409
41416
41428
41428
41453
41453
41467
41479
41488
41493
41515
41521
41523
41548
41550
41562
41571
41571
41576
41577
41593
41596
41617
41679
41684
41686
41692
41697
41699
41732
41734
41742
41755
41756
41773
41775
41798
41816
41821
41831
41839
41843
41851
41857
41876
41880
41887
41889
41894
41902
41906
41908
41916
41924
41928
41931
41947
41947
41968
41977
41978
42002
42002
42005
42020
42022
42023
42036
42044
42055
42057
42061
42065
42066
42073
42087
42108
42113
42126
42130
42144
42149
42176
42186
42190
42191
42193
42197
42200
42205
42208
42215
42215
42216
42227
42233
42242
42250
42271
42290
42292
42294
42305
42315
42330
42350
42353
42356
42359
42368
42383
42386
42388
42398
42411
42436
42437
42462
42482
42498
42517
42518
42521
42553
42560
42568
42569
42577
42593
42614
42616
42621
42629
42633
42643
42648
42678
42679
42686
42696
42701
42705
42708
42733
42735
42744
42754
42762
42774
42805
42815
42819
42823
42826
42830
42830
42831
42844
42845
42853
42853
42876
42885
42886
42887
42891
42892
42897
42916
42918
42925
42926
42935
42935
42938
42963
42964
42971
42979
42980
42986
42997
43018
43037
43061
43080
43088
43090
43104
43105
43110
43122
43123
43144
43152
43189
43190
43196
43196
43198
43217
43220
43221
43230
43252
43266
43269
43294
43308
43322
43329
43343
43364
43368
43373
43378
43382
43388
43394
43394
43396
43397
43397
43400
43411
43429
43431
43432
43441
43462
43468
43475
43490
43491
43491
43517
43522
43532
43558
43560
43562
43584
43603
43613
43623
43624
43637
43647
43648
43656
43659
43680
43684
43697
43704
43704
43712
43716
43745
43746
43759
43767
43773
43784
43804
43810
43816
43816
43840
43841
43843
43851
43851
43865
43881
43882
43894
43895
43902
43906
43935
43971
43983
43998
44008
44031
44032
44034
44051
44054
44059
44060
44063
44084
44086
44087
44109
44119
44119
44120
44122
44122
44133
44138
44151
44168
44173
44191
44192
44201
44208
44212
44214
44222
44222
44242
44246
44255
44287
44288
44294
44302
44307
44308
44309
44317
44348
44354
44358
44361
44371
44376
44379
44381
44381
44383
44409
44438
44440
44444
44446
44466
44474
44478
44480
44491
44494
44501
44509
44516
44519
44523
44534
44543
44554
44561
44563
44569
44572
44583
44614
44615
44633
44637
44653
44660
44670
44686
44689
44700
44701
44715
44722
44723
44767
44769
44776
44785
44790
44814
44822
44845
44871
44874
44882
44899
44902
44906
44921
44957
44966
44972
44998
45011
45033
45034
45043
45045
45050
45052
45059
45066
45067
45073
45086
45095
45096
45097
45099
45102
45102
45112
45137
45143
45150
45159
45168
45181
45186
45198
45216
45218
45220
45227
45230
45233
45242
45259
45273
45274
45286
45292
45303
45304
45324
45333
45339
45348
45350
45375
45377
45377
45414
45422
45436
45454
45460
45462
45468
45472
45476
45480
45527
45527
45551
45554
45559
45575
45576
45590
45614
45634
45664
45673
45674
45685
45693
45700
45737
45745
45763
45773
45775
45776
45779
45841
45846
45850
45863
45868
45869
45874
45879
45880
45887
45889
45894
45902
45902
45912
45929
45930
45934
45941
45947
45972
45972
45984
45995
45998
46005
46008
46010
46012
46020
46020
46044
46050
46053
46063
46070
46076
46076
46076
46096
46101
46105
46119
46122
46123
46138
46143
46143
46168
46206
46225
46231
46232
46233
46238
46243
46255
46265
46269
46306
46311
46315
46317
46330
46350
46365
46375
46378
46389
46398
46413
46420
46432
46437
46464
46465
46465
46480
46483
46501
46507
46516
46556
46556
46560
46564
46583
46586
46589
46591
46592
46628
46630
46631
46641
46663
46669
46695
46707
46708
46711
46725
46729
46732
46735
46736
46748
46761
46762
46770
46771
46772
46773
46775
46782
46787
46788
46790
46797
46803
46808
46811
46814
46817
46819
46826
46828
46830
46835
46836
46860
46878
46885
46902
46909
46912
46942
46954
46972
46976
46982
46984
46985
46987
46995
46996
46998
47011
47026
47032
47033
47047
47072
47077
47092
47127
47135
47141
47143
47149
47156
47200
47202
47237
47247
47256
47259
47261
47263
47265
47274
47279
47280
47328
47330
47350
47356
47359
47382
47385
47385
47389
47397
47415
47425
47438
47446
47448
47453
47454
47457
47461
47469
47476
47481
47481
47485
47492
47504
47515
47532
47552
47553
47557
47588
47593
47613
47617
47632
47640
47641
47648
47650
47658
47668
47680
47682
47693
47699
47714
47736
47740
47749
47777
47781
47801
47805
47819
47826
47842
47849
47862
47862
47871
47872
47886
47895
47896
47917
47920
47931
47943
47951
47954
47954
47970
47975
48016
48028
48029
48029
48052
48062
48072
48081
48087
48095
48101
48107
48159
48170
48184
48187
48192
48218
48227
48242
48247
48248
48260
48267
48287
48291
48307
48316
48317
48330
48338
48338
48341
48343
48350
48351
48354
48387
48409
48412
48415
48428
48437
48450
48472
48477
48484
48485
48504
48538
48547
48555
48560
48565
48590
48611
48630
48632
48632
48642
48653
48661
48664
48665
48667
48671
48672
48679
48685
48722
48755
48762
48771
48777
48794
48801
48803
48811
48821
48829
48833
48851
48880
48902
48913
48914
48916
48916
48921
48924
48930
48936
48937
48942
49045
49067
49085
49101
49101
49108
49111
49118
49122
49128
49141
49149
49166
49169
49180
49190
49196
49200
49208
49214
49226
49231
49237
49259
49272
49298
49301
49303
49319
49349
49351
49382
49386
49400
49410
49412
49433
49436
49437
49442
49443
49445
49445
49457
49458
49460
49463
49473
49490
49495
49501
49502
49504
49505
49511
49531
49537
49545
49555
49555
49583
49612
49668
49681
49696
49722
49738
49766
49768
49772
49784
49785
49791
49796
49796
49799
49802
49808
49813
49817
49841
49876
49878
49879
49882
49886
49889
49894
49897
49912
49932
49933
49936
49947
49958
49968
49972
49992
50002
50012
50019
50020
50059
50060
50064
50066
50067
50071
50091
50124
50146
50156
50164
50184
50189
50205
50245
50286
50308
50311
50328
50331
50357
50361
50390
50390
50429
50436
50450
50490
50491
50503
50518
50549
50552
50583
50604
50605
50606
50612
50612
50639
50646
50658
50667
50684
50685
50698
50705
50716
50719
50750
50760
50760
50777
50784
50786
50799
50814
50819
50835
50841
50841
50866
50881
50889
50894
50920
50936
50977
50988
50992
50993
50995
50999
51017
51066
51073
51076
51095
51101
51103
51106
51108
51111
51113
51119
51143
51153
51160
51165
51173
51183
51187
51210
51212
51225
51236
51242
51247
51254
51256
51262
51264
51285
51292
51302
51307
51318
51322
51324
51351
51351
51352
51352
51367
51386
51418
51419
51434
51439
51444
51450
51486
51489
51521
51526
51537
51539
51539
51541
51543
51549
51567
51575
51581
51588
51590
51593
51600
51602
51606
51619
51632
51634
51639
51644
51651
51663
51670
51679
51687
51694
51699
51717
51723
51723
51740
51752
51761
51765
51769
51775
51776
51781
51784
51785
51793
51810
51835
51837
51842
51846
51857
51882
51892
51893
51893
51895
51903
51907
51909
51909
51934
51938
51947
51960
51973
51975
51978
51979
51980
52001
52001
52007
52020
52038
52042
52045
52055
52069
52070
52078
52082
52096
52099
52102
52145
52153
52166
52175
52233
52244
52260
52263
52271
52277
52293
52295
52302
52310
52319
52325
52329
52340
52366
52379
52403
52404
52408
52417
52421
52430
52438
52479
52481
52489
52489
52496
52498
52507
52508
52510
52532
52542
52542
52544
52572
52575
52575
52590
52593
52609
52615
52636
52649
52654
52656
52663
52663
52671
52688
52697
52737
52768
52772
52776
52778
52802
52808
52813
52818
52834
52834
52834
52837
52860
52867
52888
52896
52913
52923
52925
52948
52968
52969
52977
52990
52993
52998
53014
53016
53031
53033
53035
53044
53060
53067
53068
53072
53105
53105
53129
53143
53148
53172
53173
53181
53202
53205
53206
53207
53208
53216
53218
53248
53260
53265
53267
53315
53316
53319
53327
53327
53334
53343
53375
53380
53389
53392
53411
53419
53422
53423
53431
53436
53452
53453
53461
53467
53488
53494
53506
53520
53534
53555
53572
53584
53598
53604
53604
53636
53667
53681
53684
53703
53712
53723
53735
53741
53747
53758
53767
53770
53787
53803
53807
53809
53812
53839
53857
53859
53875
53876
53882
53885
53890
53890
53896
53900
53925
53956
53972
53975
53977
53979
53985
53995
54012
54033
54088
54091
54115
54115
54150
54160
54164
54171
54175
54175
54176
54180
54186
54188
54189
54191
54194
54195
54208
54210
54217
54237
54237
54250
54251
54252
54255
54289
54291
54298
54305
54306
54316
54319
54325
54347
54350
54350
54358
54376
54401
54409
54425
54431
54432
54446
54462
54462
54477
54477
54478
54479
54481
54495
54507
54508
54517
54534
54540
54549
54565
54574
54577
54578
54578
54581
54588
54606
54622
54626
54644
54647
54657
54665
54668
54673
54675
54678
54686
54689
54694
54701
54726
54734
54734
54746
54753
54764
54766
54769
54772
54790
54795
54796
54805
54807
54815
54841
54867
54872
54873
54875
54876
54895
54900
54903
54910
54916
54920
54929
54943
54991
54995
55009
55009
55024
55035
55037
55058
55073
55090
55092
55096
55096
55098
55099
55114
55118
55141
55145
55160
55163
55181
55186
55197
55206
55212
55221
55226
55226
55227
55250
55276
55291
55299
55327
55331
55338
55410
55424
55429
55433
55441
55444
55451
55488
55508
55512
55536
55549
55551
55594
55608
55615
55615
55622
55625
55648
55648
55658
55661
55668
55675
55708
55759
55780
55783
55786
55793
55817
55833
55864
55887
55891
55900
55912
55912
55916
55921
55927
55933
55946
55953
55958
55972
55973
56015
56029
56050
56057
56074
56109
56117
56139
56139
56142
56148
56155
56157
56158
56163
56173
56199
56201
56205
56214
56216
56220
56242
56249
56251
56254
56261
56279
56292
56297
56298
56342
56356
56375
56378
56380
56382
56386
56399
56400
56408
56417
56454
56455
56470
56480
56486
56500
56504
56519
56531
56541
56544
56550
56552
56554
56568
56571
56578
56595
56610
56613
56651
56655
56663
56671
56679
56693
56695
56706
56715
56723
56724
56735
56738
56756
56773
56784
56799
56802
56817
56826
56830
56847
56865
56866
56867
56870
56877
56878
56919
56951
56955
56961
56968
56977
56989
56991
56998
57038
57057
57075
57078
57081
57083
57086
57098
57099
57132
57133
57136
57145
57157
57158
57178
57216
57234
57234
57240
57254
57256
57272
57277
57285
57287
57304
57314
57338
57341
57347
57399
57408
57408
57416
57419
57429
57435
57437
57444
57447
57455
57456
57468
57491
57505
57507
57514
57533
57552
57558
57558
57559
57588
57619
57625
57632
57637
57672
57700
57701
57701
57706
57709
57713
57724
57741
57760
57795
57807
57809
57811
57821
57860
57860
57877
57892
57902
57905
57908
57917
57928
57960
57961
57963
57964
57979
57983
57992
58000
58001
58004
58039
58044
58064
58088
58090
58090
58091
58096
58100
58116
58119
58124
58130
58133
58135
58172
58172
58176
58178
58186
58190
58199
58210
58212
58212
58214
58215
58237
58250
58276
58281
58283
58283
58285
58288
58297
58310
58329
58349
58350
58377
58384
58388
58395
58404
58415
58430
58440
58441
58470
58482
58485
58500
58502
58503
58508
58511
58518
58532
58537
58540
58541
58563
58597
58599
58605
58618
58620
58627
58630
58641
58651
58667
58668
58671
58674
58684
58695
58699
58715
58716
58720
58721
58729
58729
58737
58774
58792
58801
58809
58809
58817
58841
58841
58841
58844
58845
58855
58855
58873
58883
58886
58900
58903
58903
58909
58914
58952
58958
58960
58973
58976
58993
59045
59049
59050
59054
59065
59066
59071
59083
59086
59090
59103
59111
59120
59133
59135
59146
59151
59157
59165
59170
59186
59204
59209
59209
59212
59235
59238
59243
59249
59255
59264
59266
59269
59275
59285
59288
59325
59328
59335
59336
59353
59358
59359
59378
59406
59409
59429
59439
59444
59450
59463
59463
59464
59465
59490
59500
59500
59508
59517
59519
59526
59528
59541
59546
59552
59560
59566
59573
59583
59608
59612
59617
59618
59642
59642
59651
59670
59686
59687
59696
59698
59713
59716
59719
59725
59739
59740
59766
59770
59776
59786
59788
59796
59802
59803
59811
59811
59814
59819
59849
59864
59885
59904
59906
59922
59931
59944
59949
59960
59988
59989
59997
60004
60010
60020
60054
60076
60092
60105
60117
60122
60140
60153
60160
60172
60180
60192
60194
60210
60214
60228
60232
60233
60251
60254
60261
60263
60269
60281
60288
60314
60316
60326
60372
60389
60391
60391
60401
60415
60420
60429
60449
60467
60472
60495
60500
60526
60527
60529
60535
60550
60556
60575
60588
60610
60616
60628
60631
60635
60637
60639
60650
60674
60677
60706
60711
60716
60722
60729
60735
60738
60739
60751
60791
60795
60796
60798
60825
60833
60839
60841
60859
60867
60894
60901
60930
60935
60935
60946
60947
60959
60959
60981
61071
61072
61086
61110
61130
61147
61155
61163
61166
61184
61190
61196
61205
61222
61224
61232
61243
61245
61254
61255
61262
61266
61286
61291
61310
61311
61322
61338
61342
61356
61370
61372
61382
61401
61409
61411
61413
61439
61468
61468
61471
61478
61480
61480
61485
61499
61502
61525
61526
61535
61536
61543
61569
61581
61620
61622
61639
61640
61654
61660
61665
61665
61681
61701
61713
61715
61718
61722
61724
61749
61755
61761
61770
61777
61790
61805
61806
61827
61829
61845
61863
61876
61877
61880
61882
61888
61892
61904
61912
61978
61981
62014
62015
62021
62026
62038
62087
62106
62123
62177
62178
62195
62204
62214
62233
62234
62243
62255
62260
62260
62303
62304
62305
62306
62316
62319
62329
62343
62345
62359
62364
62366
62370
62381
62382
62388
62393
62400
62405
62407
62416
62430
62435
62444
62456
62463
62467
62468
62485
62494
62497
62504
62526
62527
62528
62533
62549
62564
62580
62603
62605
62613
62614
62616
62635
62647
62703
62724
62736
62750
62757
62788
62812
62827
62832
62838
62857
62865
62873
62874
62878
62914
62924
62924
62929
62937
62950
62950
62952
62977
62983
62985
62985
62987
62988
62991
62999
63008
63013
63014
63016
63018
63029
63049
63052
63056
63064
63070
63082
63083
63087
63093
63105
63106
63109
63122
63126
63139
63142
63149
63154
63159
63164
63166
63209
63240
63241
63243
63249
63253
63276
63283
63286
63312
63340
63344
63377
63381
63382
63383
63448
63460
63461
63466
63468
63477
63500
63509
63522
63528
63544
63545
63558
63566
63567
63568
63569
63574
63580
63597
63610
63615
63623
63633
63635
63640
63643
63645
63671
63686
63722
63728
63734
63746
63759
63764
63766
63773
63790
63791
63798
63802
63807
63818
63835
63840
63849
63851
63883
63883
63916
63931
63939
63941
63942
63957
63960
63970
63979
63986
64005
64019
64024
64034
64038
64052
64081
64081
64081
64082
64089
64102
64109
64120
64124
64130
64134
64138
64139
64154
64179
64184
64201
64203
64222
64227
64232
64243
64244
64250
64250
64252
64275
64291
64297
64304
64306
64320
64331
64342
64352
64365
64368
64395
64403
64421
64431
64436
64439
64452
64455
64479
64483
64521
64574
64576
64585
64594
64607
64607
64630
64654
64654
64660
64668
64675
64681
64683
64685
64708
64708
64724
64740
64746
64756
64774
64797
64817
64825
64826
64828
64831
64836
64841
64850
64860
64861
64862
64864
64871
64885
64886
64895
64899
64928
64952
64986
64987
64998
65009
65017
65019
65025
65034
65049
65058
65061
65062
65082
65094
65103
65117
65123
65129
65131
65139
65163
65172
65179
65187
65188
65188
65189
65195
65198
65209
65226
65226
65228
65233
65245
65250
65252
65262
65276
65283
65293
65315
65329
65332
65344
65358
65365
65367
65412
65428
65439
65445
65446
65446
65460
65462
65468
65472
65480
65481
65489
65510
65517
65527
65529
65552
65552
65556
65566
65572
65598
65626
65636
65642
65657
65659
65664
65690
65700
65706
65708
65729
65731
65748
65749
65757
65758
65763
65764
65794
65799
65801
65809
65809
65829
65830
65836
65839
65849
65850
65860
65871
65892
65903
65933
65934
65953
65965
65973
65974
65975
65985
65987
65988
65996
66012
66021
66021
66039
66044
66058
66095
66102
66111
66144
66146
66153
66164
66200
66208
66212
66213
66239
66249
66251
66272
66291
66306
66314
66315
66326
66330
66337
66341
66349
66362
66368
66384
66398
66419
66420
66431
66436
66445
66452
66467
66470
66476
66504
66504
66508
66527
66536
66545
66546
66558
66564
66589
66605
66606
66617
66619
66661
66672
66681
66682
66686
66716
66717
66741
66754
66767
66768
66770
66783
66802
66816
66826
66832
66834
66836
66859
66866
66871
66872
66879
66894
66907
66945
66948
66952
66964
66967
66992
66993
67005
67011
67034
67037
67066
67070
67071
67074
67091
67093
67094
67110
67111
67115
67116
67153
67155
67164
67166
67182
67194
67201
67204
67230
67234
67240
67249
67259
67265
67274
67276
67276
67289
67303
67305
67313
67321
67325
67326
67334
67344
67350
67351
67361
67363
67366
67375
67386
67391
67392
67396
67398
67459
67462
67465
67471
67471
67474
67531
67532
67533
67561
67573
67593
67599
67606
67606
67611
67623
67628
67638
67659
67668
67684
67694
67702
67707
67721
67724
67735
67747
67751
67766
67782
67805
67805
67806
67866
67878
67880
67889
67889
67897
67913
67925
67927
67933
67945
67945
67965
67965
67975
67980
67984
67987
67995
67995
68012
68023
68030
68047
68053
68065
68079
68083
68103
68104
68110
68121
68125
68170
68172
68204
68205
68207
68214
68215
68225
68229
68242
68244
68248
68256
68279
68286
68287
68292
68302
68321
68336
68352
68356
68365
68371
68373
68377
68380
68384
68433
68470
68493
68503
68505
68524
68542
68563
68572
68594
68603
68621
68629
68640
68645
68651
68655
68661
68663
68680
68764
68766
68770
68775
68792
68812
68821
68821
68825
68826
68826
68834
68839
68841
68844
68871
68874
68875
68881
68890
68892
68908
68916
68919
68921
68926
68944
68949
68959
68967
68967
68969
68978
68986
69003
69012
69015
69017
69032
69034
69037
69039
69043
69060
69069
69075
69078
69079
69080
69081
69092
69101
69103
69106
69132
69136
69137
69148
69157
69166
69175
69182
69187
69187
69201
69207
69207
69238
69239
69240
69246
69250
69260
69267
69281
69292
69302
69313
69314
69319
69320
69328
69343
69343
69343
69351
69360
69370
69384
69385
69406
69415
69432
69443
69456
69466
69478
69489
69509
69529
69543
69550
69555
69566
69570
69574
69581
69585
69590
69591
69591
69594
69597
69598
69604
69615
69618
69619
69625
69631
69635
69635
69641
69642
69653
69663
69684
69686
69687
69690
69748
69792
69796
69797
69800
69802
69839
69846
69850
69860
69864
69864
69893
69898
69952
69965
69967
69973
69981
69981
69982
69991
69999
70009
70011
70014
70043
70061
70067
70068
70069
70072
70081
70092
70116
70125
70130
70134
70135
70139
70144
70149
70197
70217
70228
70231
70238
70267
70269
70284
70284
70287
70288
70289
70328
70331
70335
70357
70379
70385
70399
70405
70410
70413
70415
70427
70441
70441
70444
70456
70457
70460
70466
70481
70497
70502
70506
70530
70544
70559
70561
70565
70572
70575
70579
70581
70583
70592
70608
70617
70618
70623
70645
70653
70660
70668
70717
70738
70750
70768
70771
70773
70776
70777
70781
70785
70794
70801
70834
70839
70845
70853
70857
70874
70876
70884
70889
70905
70912
70935
70940
70946
70952
70954
70962
70964
70979
70980
70993
71021
71028
71031
71039
71051
71057
71070
71074
71077
71079
71089
71094
71095
71104
71110
71111
71120
71129
71135
71161
71168
71180
71203
71212
71219
71223
71228
71230
71236
71237
71260
71264
71267
71272
71277
71277
71285
71296
71315
71316
71318
71320
71321
71322
71336
71337
71361
71361
71381
71387
71408
71409
71410
71414
71416
71423
71455
71455
71462
71469
71478
71485
71487
71497
71507
71515
71537
71549
71553
71556
71576
71581
71595
71619
71622
71635
71645
71653
71664
71665
71669
71676
71698
71701
71730
71751
71761
71796
71807
71832
71852
71889
71894
71928
71930
71948
71957
71963
71973
71992
72013
72020
72029
72037
72038
72051
72054
72055
72057
72063
72065
72080
72097
72102
72102
72122
72148
72152
72154
72159
72164
72169
72170
72181
72192
72206
72219
72222
72238
72247
72255
72307
72313
72317
72317
72318
72335
72342
72345
72350
72355
72366
72369
72371
72391
72405
72409
72416
72456
72496
72501
72515
72519
72527
72531
72533
72534
72539
72549
72552
72557
72570
72580
72620
72622
72623
72693
72706
72713
72716
72724
72742
72743
72767
72770
72812
72814
72815
72836
72869
72873
72877
72884
72884
72887
72890
72901
72919
72922
72930
72935
72946
72995
73019
73047
73058
73061
73076
73093
73114
73116
73144
73165
73167
73171
73195
73206
73226
73256
73261
73265
73269
73281
73288
73292
73303
73313
73325
73370
73373
73400
73408
73411
73420
73421
73440
73444
73447
73460
73467
73477
73482
73487
73499
73511
73520
73524
73535
73544
73548
73554
73564
73581
73601
73601
73643
73649
73660
73669
73678
73681
73711
73716
73717
73729
73742
73750
73752
73765
73784
73785
73786
73805
73839
73846
73854
73855
73874
73874
73886
73904
73904
73919
73921
73922
73933
73934
73942
73958
73963
73970
73973
73977
73989
74008
74011
74016
74026
74030
74037
74037
74048
74063
74064
74082
74084
74085
74095
74103
74108
74115
74126
74136
74140
74144
74157
74172
74176
74177
74185
74194
74207
74277
74279
74279
74296
74310
74325
74350
74365
74368
74368
74380
74408
74421
74434
74435
74439
74445
74455
74456
74480
74492
74492
74512
74518
74524
74528
74530
74540
74545
74551
74564
74571
74572
74588
74601
74603
74608
74614
74617
74623
74626
74630
74635
74647
74651
74655
74663
74669
74684
74690
74693
74753
74755
74766
74770
74786
74791
74792
74798
74802
74804
74806
74833
74833
74855
74870
74891
74895
74912
74957
74968
74975
74976
74995
75011
75012
75023
75026
75033
75033
75037
75048
75077
75093
75103
75115
75125
75134
75138
75150
75150
75167
75176
75182
75198
75205
75211
75214
75222
75234
75245
75250
75251
75254
75265
75270
75281
75288
75297
75303
75303
75305
75306
75309
75329
75352
75352
75355
75370
75384
75398
75412
75412
75427
75439
75447
75449
75462
75468
75469
75479
75504
75516
75522
75533
75549
75551
75568
75597
75603
75603
75616
75617
75618
75621
75629
75644
75648
75657
75671
75673
75677
75678
75690
75694
75753
75783
75785
75788
75822
75832
75852
75858
75870
75881
75889
75892
75894
75899
75902
75908
75911
75918
75919
75923
75928
75934
75950
75956
75960
75962
75975
75980
75997
76009
76015
76026
76028
76034
76052
76055
76060
76063
76070
76082
76087
76092
76100
76107
76113
76116
76117
76160
76161
76183
76193
76196
76199
76214
76216
76223
76246
76253
76255
76268
76268
76276
76280
76285
76301
76323
76330
76331
76333
76335
76341
76344
76346
76369
76392
76421
76436
76441
76444
76449
76464
76465
76473
76475
76480
76484
76486
76488
76500
76526
76581
76585
76590
76608
76633
76653
76661
76675
76682
76687
76694
76707
76712
76723
76726
76732
76740
76744
76748
76750
76762
76788
76791
76792
76799
76807
76822
76824
76838
76839
76860
76885
76892
76902
76910
76925
76936
76944
76965
76969
76969
76972
76983
76987
77001
77014
77023
77041
77058
77083
77127
77138
77159
77164
77166
77177
77186
77199
77205
77253
77256
77257
77260
77274
77276
77281
77291
77297
77305
77309
77316
77341
77351
77360
77363
77378
77385
77391
77410
77413
77419
77425
77430
77455
77463
77479
77497
77499
77501
77502
77509
77509
77509
77512
77517
77544
77558
77569
77576
77632
77644
77685
77703
77705
77726
77754
77757
77758
77764
77786
77796
77813
77820
77824
77825
77834
77852
77855
77864
77890
77892
77900
77904
77914
77917
77931
77955
77974
77992
77992
77993
77998
78028
78033
78038
78042
78050
78050
78050
78058
78063
78068
78098
78100
78100
78102
78104
78108
78118
78122
78144
78146
78149
78157
78165
78168
78176
78185
78196
78201
78209
78210
78212
78220
78223
78224
78226
78227
78229
78247
78249
78253
78261
78262
78278
78283
78293
78297
78299
78319
78334
78352
78356
78410
78419
78433
78434
78438
78451
78453
78467
78470
78470
78485
78494
78494
78509
78514
78515
78520
78524
78534
78535
78549
78563
78566
78571
78581
78581
78587
78587
78590
78594
78595
78613
78614
78615
78627
78631
78656
78661
78662
78682
78685
78710
78712
78722
78726
78774
78775
78792
78799
78799
78801
78802
78805
78819
78823
78825
78828
78834
78838
78845
78860
78872
78875
78886
78894
78902
78926
78928
78934
78935
78936
78936
78945
78958
78967
78968
78969
78980
78984
78995
79003
79010
79038
79070
79083
79093
79103
79116
79120
79150
79161
79168
79181
79194
79198
79210
79214
79218
79226
79229
79233
79259
79260
79270
79285
79287
79287
79291
79295
79305
79315
79321
79338
79340
79377
79380
79385
79432
79438
79444
79453
79468
79497
79522
79549
79550
79551
79559
79565
79568
79584
79612
79624
79639
79685
79707
79713
79728
79746
79782
79791
79803
79811
79817
79825
79826
79829
79847
79847
79860
79864
79878
79880
79885
79919
79929
79932
79937
79947
79948
79982
79997
80002
80002
80024
80053
80087
80094
80105
80119
80119
80121
80122
80131
80137
80158
80161
80169
80175
80178
80188
80197
80206
80233
80236
80244
80250
80257
80275
80283
80292
80301
80316
80340
80349
80362
80398
80405
80409
80410
80468
80477
80484
80489
80490
80491
80521
80526
80554
80554
80571
80571
80580
80589
80601
80622
80627
80639
80645
80668
80673
80674
80680
80684
80699
80702
80711
80711
80719
80721
80733
80744
80764
80766
80785
80792
80812
80820
80822
80832
80833
80852
80856
80859
80882
80882
80920
80922
80963
80968
80997
81014
81031
81032
81056
81058
81069
81075
81088
81103
81104
81149
81158
81161
81168
81191
81202
81243
81245
81251
81260
81266
81270
81277
81284
81286
81295
81321
81323
81349
81352
81360
81379
81394
81397
81428
81432
81444
81446
81449
81452
81474
81505
81510
81515
81533
81562
81578
81593
81594
81597
81600
81602
81602
81613
81615
81625
81632
81641
81643
81647
81656
81669
81673
81681
81690
81711
81721
81729
81731
81749
81761
81782
81794
81803
81805
81824
81824
81833
81842
81870
81877
81894
81896
81899
81923
81933
81935
81938
81948
81951
81962
81965
81967
81970
81973
81974
81987
81988
81997
81998
82018
82018
82031
82033
82047
82048
82054
82055
82081
82100
82104
82120
82131
82134
82139
82153
82159
82187
82187
82194
82198
82214
82224
82235
82238
82249
82255
82259
82263
82275
82282
82284
82285
82298
82303
82305
82313
82339
82344
82347
82353
82356
82366
82378
82381
82381
82382
82398
82399
82408
82418
82420
82425
82430
82430
82438
82441
82442
82476
82478
82486
82489
82494
82496
82511
82520
82527
82527
82528
82534
82538
82538
82546
82548
82548
82550
82556
82572
82576
82582
82589
82592
82598
82601
82625
82626
82629
82636
82645
82657
82660
82678
82706
82715
82720
82721
82730
82753
82777
82785
82786
82795
82796
82803
82810
82822
82827
82832
82836
82845
82856
82858
82863
82863
82903
82941
82950
82957
82960
82990
82994
82994
82997
83003
83004
83006
83023
83024
83033
83033
83050
83068
83077
83101
83109
83115
83115
83120
83138
83145
83152
83175
83191
83204
83212
83218
83239
83244
83254
83259
83274
83276
83292
83347
83366
83367
83383
83384
83385
83391
83399
83400
83411
83422
83432
83443
83444
83447
83454
83493
83496
83500
83520
83528
83531
83537
83549
83549
83554
83557
83564
83564
83577
83595
83601
83602
83604
83620
83634
83647
83665
83665
83667
83676
83683
83716
83719
83730
83745
83778
83794
83796
83807
83812
83827
83830
83832
83833
83839
83914
83920
83921
83925
83928
83930
83935
83946
83948
83952
83959
83963
83983
83984
83992
84001
84014
84050
84060
84122
84123
84140
84144
84161
84171
84172
84179
84180
84185
84208
84211
84225
84231
84243
84246
84258
84275
84276
84281
84289
84290
84313
84314
84366
84370
84388
84404
84409
84414
84417
84418
84423
84430
84430
84432
84446
84450
84457
84486
84489
84496
84509
84515
84527
84540
84540
84545
84548
84548
84555
84564
84564
84565
84570
84572
84575
84576
84576
84580
84604
84607
84639
84652
84656
84657
84664
84694
84722
84726
84741
84743
84751
84751
84757
84760
84798
84802
84813
84835
84848
84850
84861
84865
84885
84893
84909
84925
84946
84959
84970
84979
84987
84988
84995
85051
85054
85060
85064
85081
85089
85089
85111
85111
85115
85117
85123
85125
85135
85138
85138
85139
85142
85143
85146
85149
85172
85205
85239
85268
85271
85295
85299
85300
85305
85309
85311
85322
85333
85337
85354
85374
85385
85404
85411
85417
85422
85426
85433
85444
85456
85472
85488
85496
85515
85519
85545
85559
85566
85573
85583
85588
85590
85602
85614
85622
85622
85645
85647
85654
85668
85673
85675
85691
85704
85704
85705
85725
85731
85737
85738
85760
85788
85799
85809
85810
85814
85815
85828
85828
85849
85861
85866
85874
85882
85905
85939
85943
85961
85970
85985
85988
86011
86016
86024
86024
86044
86052
86081
86108
86130
86130
86130
86153
86159
86185
86187
86199
86230
86233
86238
86249
86251
86252
86258
86260
86275
86285
86311
86313
86314
86346
86365
86368
86382
86386
86420
86439
86454
86456
86465
86470
86481
86483
86485
86489
86495
86502
86510
86513
86514
86524
86536
86536
86538
86539
86550
86553
86555
86563
86565
86573
86578
86589
86608
86611
86612
86633
86636
86637
86663
86673
86673
86674
86677
86679
86684
86689
86700
86702
86708
86711
86716
86722
86723
86729
86736
86741
86743
86769
86770
86774
86774
86776
86780
86786
86800
86807
86837
86846
86849
86880
86903
86910
86930
86931
86945
86953
86955
86968
86989
87003
87013
87028
87043
87048
87064
87071
87082
87083
87092
87095
87098
87112
87119
87123
87126
87127
87146
87155
87168
87172
87173
87183
87189
87197
87200
87201
87210
87227
87232
87234
87236
87258
87273
87276
87277
87285
87285
87296
87297
87298
87309
87313
87333
87334
87337
87375
87388
87389
87390
87390
87396
87398
87401
87404
87411
87431
87431
87447
87461
87473
87476
87480
87493
87500
87508
87514
87527
87527
87534
87553
87556
87557
87557
87575
87600
87603
87604
87624
87643
87643
87656
87674
87682
87703
87707
87711
87713
87714
87720
87730
87757
87758
87759
87784
87791
87826
87831
87836
87838
87859
87894
87912
87915
87917
87919
87921
87923
87931
87933
87934
87937
87947
87951
87956
87972
87974
87990
87992
87995
88015
88022
88041
88069
88070
88072
88077
88082
88091
88094
88099
88101
88118
88142
88150
88153
88156
88159
88181
88184
88193
88204
88227
88228
88236
88257
88259
88267
88275
88276
88297
88310
88316
88329
88337
88341
88346
88366
88370
88377
88382
88418
88421
88428
88450
88451
88464
88465
88486
88519
88519
88525
88534
88537
88550
88570
88572
88585
88588
88592
88616
88635
88645
88649
88670
88681
88700
88720
88729
88734
88750
88750
88769
88774
88781
88822
88833
88835
88860
88863
88889
88892
88904
88915
88933
88934
88940
88962
88973
89014
89018
89080
89080
89089
89096
89098
89100
89107
89114
89126
89151
89154
89157
89167
89179
89179
89195
89221
89229
89235
89252
89258
89260
89265
89269
89308
89313
89313
89322
89342
89343
89365
89370
89378
89379
89384
89387
89403
89420
89436
89436
89448
89488
89493
89507
89513
89515
89518
89538
89539
89551
89560
89592
89607
89626
89664
89674
89685
89697
89702
89705
89721
89741
89747
89747
89769
89769
89770
89777
89780
89806
89807
89815
89821
89824
89824
89826
89826
89829
89829
89849
89854
89855
89855
89871
89893
89894
89894
89912
89925
89933
89950
89966
89968
89988
90005
90008
90010
90012
90049
90061
90061
90066
90091
90098
90100
90115
90189
90199
90199
90209
90230
90244
90249
90253
90269
90279
90290
90292
90297
90299
90309
90322
90335
90336
90336
90342
90351
90366
90366
90367
90383
90386
90402
90407
90419
90434
90436
90442
90449
90450
90450
90455
90467
90479
90479
90489
90490
90492
90511
90538
90547
90564
90565
90570
90580
90580
90595
90619
90625
90632
90664
90667
90668
90699
90707
90711
90712
90731
90733
90745
90760
90761
90779
90788
90793
90804
90817
90819
90834
90837
90843
90867
90868
90872
90878
90886
90891
90895
90903
90910
90911
90928
90934
90938
90947
90959
90994
91010
91015
91017
91037
91043
91047
91093
91193
91193
91199
91209
91219
91224
91231
91257
91266
91283
91287
91288
91303
91306
91314
91317
91336
91344
91357
91380
91390
91390
91393
91413
91425
91433
91435
91459
91464
91482
91495
91527
91546
91556
91561
91578
91603
91604
91612
91613
91617
91622
91631
91631
91645
91646
91652
91671
91699
91716
91720
91726
91731
91738
91738
91747
91749
91781
91793
91812
91817
91843
91852
91857
91868
91873
91877
91878
91903
91919
91926
91929
91952
91964
91976
91989
91998
92006
92009
92009
92011
92017
92021
92028
92045
92046
92053
92062
92092
92094
92095
92107
92115
92116
92132
92149
92150
92172
92172
92183
92187
92194
92208
92217
92236
92249
92271
92273
92274
92276
92293
92317
92322
92336
92356
92382
92382
92383
92389
92393
92404
92405
92409
92412
92469
92496
92512
92540
92548
92558
92563
92564
92566
92573
92598
92601
92602
92602
92613
92624
92633
92670
92674
92686
92690
92692
92697
92712
92716
92721
92724
92749
92754
92756
92764
92799
92816
92821
92822
92827
92835
92840
92847
92847
92848
92890
92903
92904
92915
92943
92950
92968
92997
93028
93042
93044
93047
93050
93053
93053
93086
93098
93100
93132
93140
93164
93168
93184
93190
93208
93214
93219
93221
93222
93224
93229
93239
93244
93262
93280
93289
93292
93336
93341
93351
93353
93356
93361
93363
93373
93387
93391
93426
93427
93427
93439
93445
93446
93473
93478
93485
93486
93489
93497
93497
93497
93501
93507
93509
93516
93518
93520
93526
93539
93550
93553
93585
93597
93605
93613
93630
93639
93641
93661
93672
93690
93694
93694
93700
93701
93707
93714
93726
93738
93741
93744
93790
93790
93797
93808
93810
93812
93828
93828
93842
93848
93850
93860
93876
93877
93880
93900
93904
93906
93917
93921
93923
93930
93931
93958
93965
93979
94008
94019
94043
94058
94089
94112
94117
94126
94131
94140
94144
94154
94157
94161
94174
94193
94196
94202
94217
94236
94268
94272
94281
94291
94300
94307
94314
94327
94327
94330
94336
94344
94354
94355
94360
94363
94370
94371
94373
94392
94416
94425
94430
94432
94435
94493
94510
94510
94512
94522
94524
94543
94556
94559
94560
94575
94577
94583
94593
94601
94610
94621
94632
94632
94640
94648
94658
94663
94699
94703
94710
94718
94730
94757
94761
94763
94779
94783
94786
94787
94803
94805
94808
94834
94836
94844
94863
94868
94883
94892
94900
94914
94914
94915
94932
94940
94955
94989
94989
95024
95026
95030
95038
95042
95048
95062
95068
95076
95086
95147
95165
95170
95172
95187
95195
95197
95197
95202
95212
95228
95246
95287
95311
95314
95326
95328
95335
95350
95354
95361
95367
95392
95393
95413
95420
95430
95441
95448
95457
95465
95465
95484
95485
95489
95491
95495
95508
95515
95515
95535
95555
95555
95571
95583
95593
95597
95631
95641
95686
95694
95714
95727
95728
95735
95740
95755
95763
95764
95790
95791
95791
95810
95814
95845
95871
95930
95982
95994
96005
96009
96022
96055
96066
96071
96078
96083
96086
96089
96096
96107
96109
96114
96132
96134
96158
96166
96175
96195
96207
96215
96221
96229
96231
96235
96258
96282
96333
96355
96383
96388
96395
96395
96398
96412
96416
96431
96436
96449
96464
96473
96478
96481
96483
96498
96511
96519
96531
96550
96554
96564
96575
96610
96610
96643
96645
96657
96659
96696
96699
96712
96716
96720
96731
96733
96775
96785
96794
96815
96818
96823
96829
96829
96835
96839
96843
96852
96879
96887
96907
96916
96917
96923
96925
96930
96945
96951
96973
96978
96995
97009
97014
97021
97028
97037
97050
97052
97061
97066
97099
97112
97122
97138
97147
97149
97150
97156
97164
97165
97169
97206
97215
97217
97269
97286
97288
97295
97301
97315
97321
97342
97359
97361
97363
97375
97380
97388
97389
97394
97415
97417
97427
97429
97430
97438
97440
97451
97457
97457
97468
97469
97481
97498
97525
97537
97543
97547
97547
97553
97554
97561
97562
97587
97608
97617
97624
97644
97671
97676
97705
97713
97717
97718
97718
97754
97758
97780
97781
97785
97786
97792
97793
97830
97832
97843
97848
97849
97873
97889
97898
97926
97932
97946
97972
98003
98022
98027
98036
98054
98064
98116
98122
98122
98126
98140
98143
98145
98164
98165
98213
98244
98265
98280
98312
98323
98353
98367
98368
98372
98381
98391
98406
98419
98462
98469
98471
98481
98491
98494
98495
98496
98497
98498
98502
98513
98517
98542
98551
98557
98563
98589
98628
98632
98649
98657
98657
98670
98674
98680
98696
98701
98701
98702
98707
98717
98721
98722
98725
98736
98739
98773
98775
98779
98780
98788
98813
98845
98851
98867
98870
98872
98875
98880
98894
98903
98913
98919
98924
98926
98946
98948
98971
98972
98972
98973
98974
98974
98992
99001
99020
99040
99052
99075
99078
99081
99083
99093
99101
99118
99135
99139
99141
99151
99220
99249
99262
99272
99274
99277
99282
99295
99311
99350
99353
99364
99371
99374
99376
99405
99416
99434
99449
99453
99508
99524
99530
99530
99541
99574
99578
99589
99599
99622
99635
99636
99639
99641
99644
99659
99700
99708
99715
99737
99771
99780
99789
99820
99828
99842
99854
99863
99886
99903
99907
99917
99928
99929
99931
99936
99938
99979
99980
