0
6
26
38
67
86
90
96
98
139
148
153
156
167
185
192
232
247
258
282
294
314
328
337
348
351
358
362
365
379
379
380
383
385
389
395
398
405
424
424
475
512
518
529
536
540
546
561
577
577
587
591
596
620
640
644
645
658
662
675
690
693
705
712
713
719
720
724
743
746
760
763
767
782
788
789
808
815
823
826
836
852
858
870
910
943
945
980
993
997
998
1005
1012
1019
1020
1027
1037
1042
1062
1064
1068
1076
1078
1099
1104
1109
1110
1111
1116
1117
1123
1133
1145
1147
1166
1181
1194
1220
1226
1233
1237
1251
1265
1268
1270
1282
1286
1291
1297
1297
1301
1310
1340
1348
1360
1382
1405
1407
1409
1416
1424
1426
1428
1441
1449
1452
1478
1479
1479
1479
1495
1513
1533
1542
1545
1577
1583
1585
1598
1599
1602
1616
1632
1642
1644
1657
1660
1663
1670
1671
1676
1707
1712
1713
1720
1732
1737
1747
1759
1766
1768
1778
1804
1812
1819
1836
1842
1847
1871
1889
1893
1893
1918
1930
1954
1966
1969
1969
1976
1990
1991
1995
1995
2008
2020
2051
2071
2078
2080
2081
2095
2109
2135
2151
2189
2194
2208
2213
2215
2228
2230
2237
2257
2259
2265
2273
2298
2305
2322
2322
2365
2399
2408
2415
2419
2442
2458
2462
2504
2505
2506
2518
2520
2521
2523
2529
2532
2554
2558
2564
2596
2604
2605
2626
2642
2652
2654
2663
2679
2701
2715
2739
2778
2779
2781
2785
2785
2792
2814
2828
2830
2835
2853
2854
2865
2868
2874
2884
2897
2908
2911
2932
2942
2955
2961
2963
2968
2975
2981
3021
3024
3027
3070
3084
3108
3126
3134
3150
3150
3152
3195
3219
3224
3228
3237
3254
3259
3274
3299
3299
3300
3323
3325
3327
3339
3349
3353
3353
3361
3371
3375
3381
3396
3399
3424
3438
3449
3449
3453
3454
3462
3462
3483
3489
3511
3525
3527
3530
3541
3543
3555
3567
3593
3610
3614
3619
3620
3622
3632
3633
3638
3645
3654
3657
3658
3662
3672
3691
3691
3706
3723
3731
3735
3736
3737
3737
3745
3765
3775
3783
3785
3792
3803
3846
3848
3852
3865
3869
3871
3879
3906
3930
3934
3936
3945
3966
3983
3985
3989
3997
4000
4012
4015
4031
4033
4041
4049
4074
4075
4084
4084
4104
4108
4115
4118
4122
4125
4147
4152
4154
4155
4169
4173
4196
4219
4221
4240
4251
4255
4262
4268
4277
4311
4355
4369
4386
4392
4399
4401
4424
4445
4456
4476
4479
4504
4508
4511
4528
4529
4538
4539
4540
4543
4550
4556
4563
4583
4587
4601
4613
4630
4642
4655
4658
4664
4670
4690
4692
4698
4699
4702
4711
4721
4722
4745
4747
4748
4758
4760
4763
4778
4780
4785
4815
4817
4832
4847
4887
4911
4914
4914
4919
4928
4937
4948
4972
4996
4996
4997
4998
5003
5005
5005
5008
5010
5016
5021
5028
5082
5090
5095
5097
5105
5131
5139
5143
5178
5181
5182
5190
5202
5203
5205
5207
5213
5215
5224
5247
5248
5255
5269
5275
5277
5278
5313
5328
5367
5373
5385
5430
5436
5446
5453
5456
5464
5469
5481
5489
5498
5512
5514
5532
5537
5545
5548
5554
5564
5588
5617
5632
5647
5659
5670
5673
5674
5681
5682
5682
5686
5697
5709
5709
5732
5740
5754
5773
5785
5832
5836
5842
5853
5867
5877
5879
5887
5888
5889
5892
5909
5929
5951
5960
5985
5996
5999
6004
6005
6006
6015
6031
6054
6059
6066
6078
6092
6096
6099
6108
6146
6149
6167
6195
6201
6208
6213
6229
6236
6252
6256
6263
6276
6288
6311
6316
6323
6334
6337
6341
6346
6360
6361
6399
6410
6411
6420
6467
6471
6476
6483
6503
6508
6532
6563
6573
6591
6620
6641
6651
6651
6661
6666
6678
6680
6700
6704
6706
6714
6715
6726
6726
6747
6759
6766
6768
6768
6794
6811
6817
6818
6832
6838
6849
6851
6852
6865
6889
6890
6915
6918
6934
6936
6948
6953
6957
6965
6966
6968
6971
6973
6974
6975
6978
6993
7007
7011
7022
7027
7045
7048
7068
7071
7086
7100
7124
7142
7148
7152
7152
7157
7158
7161
7175
7178
7182
7185
7187
7192
7205
7232
7233
7239
7245
7248
7269
7277
7278
7295
7306
7316
7316
7326
7332
7340
7341
7342
7344
7344
7348
7356
7369
7374
7377
7381
7397
7419
7448
7486
7488
7496
7500
7512
7529
7530
7533
7542
7563
7585
7585
7590
7603
7609
7612
7618
7634
7649
7662
7663
7689
7698
7699
7707
7707
7709
7712
7723
7741
7744
7747
7752
7758
7759
7770
7783
7796
7804
7812
7821
7859
7860
7860
7864
7868
7886
7908
7913
7921
7941
7947
7989
8030
8041
8043
8047
8054
8066
8068
8073
8080
8102
8109
8116
8117
8117
8131
8134
8136
8136
8140
8143
8149
8163
8173
8186
8206
8223
8226
8248
8249
8260
8265
8319
8330
8347
8352
8360
8369
8389
8419
8429
8434
8447
8455
8459
8462
8476
8480
8484
8514
8528
8537
8542
8548
8553
8596
8607
8611
8615
8630
8632
8642
8643
8645
8657
8674
8678
8679
8695
8701
8713
8718
8739
8742
8807
8830
8833
8841
8861
8864
8872
8894
8896
8934
8948
8953
8954
8996
9012
9015
9016
9016
9018
9021
9047
9081
9093
9099
9101
9124
9133
9151
9188
9233
9237
9241
9248
9251
9263
9282
9284
9284
9290
9303
9304
9308
9318
9329
9335
9336
9341
9353
9361
9371
9385
9385
9391
9421
9425
9428
9449
9458
9469
9475
9490
9503
9514
9519
9522
9525
9532
9535
9556
9570
9577
9596
9604
9610
9613
9614
9627
9628
9641
9644
9655
9656
9663
9680
9682
9689
9702
9712
9715
9730
9747
9760
9762
9823
9827
9856
9860
9861
9897
9900
9909
9910
9917
9921
9943
9968
9975
9980
9985
9987
9988
9996
9996
10003
10029
10032
10037
10066
10076
10077
10078
10092
10116
10129
10141
10142
10144
10145
10151
10154
10167
10168
10170
10182
10210
10215
10218
10229
10231
10246
10255
10258
10261
10278
10284
10290
10296
10296
10302
10313
10322
10328
10361
10374
10387
10404
10406
10413
10431
10452
10457
10487
10488
10495
10512
10525
10528
10535
10537
10549
10567
10576
10577
10590
10597
10599
10608
10616
10619
10622
10624
10625
10634
10644
10645
10655
10666
10675
10694
10709
10725
10733
10756
10763
10773
10812
10824
10847
10848
10858
10858
10871
10872
10896
10911
10916
10926
10944
10955
10955
10967
10975
10978
10980
10986
11003
11007
11008
11039
11042
11045
11054
11057
11080
11088
11105
11115
11122
11124
11124
11125
11126
11126
11139
11141
11141
11151
11165
11165
11169
11183
11185
11190
11198
11204
11227
11233
11241
11247
11259
11259
11262
11273
11275
11285
11285
11290
11290
11300
11302
11310
11316
11327
11333
11354
11360
11370
11373
11384
11384
11397
11398
11402
11408
11432
11470
11473
11484
11522
11536
11536
11580
11585
11610
11614
11617
11629
11647
11655
11658
11659
11664
11670
11670
11687
11696
11728
11734
11756
11758
11814
11819
11820
11831
11848
11857
11860
11873
11875
11882
11883
11897
11902
11907
11909
11911
11915
11945
11956
11957
11986
11996
12001
12010
12023
12036
12076
12077
12082
12094
12097
12136
12145
12151
12152
12168
12188
12214
12219
12225
12233
12236
12245
12262
12275
12283
12291
12304
12307
12312
12315
12322
12349
12364
12395
12405
12419
12423
12428
12433
12466
12469
12481
12491
12493
12495
12500
12503
12510
12519
12534
12544
12584
12589
12591
12610
12611
12613
12617
12617
12618
12621
12651
12696
12705
12733
12735
12744
12762
12772
12782
12788
12789
12825
12827
12829
12833
12837
12839
12843
12846
12862
12865
12878
12884
12905
12917
12925
12927
12940
12949
12956
12969
12980
12986
13001
13006
13021
13032
13035
13047
13048
13049
13055
13074
13075
13083
13097
13097
13101
13108
13120
13127
13128
13134
13145
13150
13151
13164
13175
13188
13194
13196
13202
13204
13206
13221
13243
13244
13244
13247
13254
13271
13273
13288
13310
13324
13326
13338
13343
13354
13359
13376
13378
13382
13401
13402
13429
13434
13452
13460
13474
13490
13499
13518
13531
13534
13542
13544
13545
13545
13555
13612
13643
13644
13648
13656
13659
13670
13675
13677
13681
13698
13708
13729
13742
13757
13757
13764
13803
13822
13828
13845
13877
13879
13886
13886
13896
13900
13911
13915
13919
13925
13928
13938
13946
13963
13966
13980
13985
14012
14024
14027
14033
14037
14041
14077
14096
14104
14110
14116
14122
14134
14162
14167
14189
14199
14202
14235
14243
14258
14312
14314
14326
14331
14343
14351
14361
14364
14368
14370
14372
14374
14378
14385
14390
14396
14409
14420
14445
14472
14480
14481
14482
14561
14578
14597
14602
14605
14611
14629
14630
14634
14637
14649
14649
14650
14674
14687
14699
14715
14721
14734
14753
14756
14768
14781
14786
14824
14837
14841
14851
14856
14874
14876
14876
14893
14895
14932
14938
14947
14957
14962
14977
14984
14986
14987
14992
14995
15054
15075
15081
15091
15100
15103
15104
15116
15117
15119
15121
15126
15143
15144
15175
15186
15188
15207
15207
15220
15235
15242
15246
15252
15252
15257
15259
15261
15275
15280
15289
15293
15296
15304
15312
15316
15330
15340
15365
15372
15374
15375
15392
15394
15410
15446
15452
15460
15461
15475
15475
15488
15505
15505
15513
15515
15519
15523
15592
15595
15600
15609
15613
15617
15634
15638
15643
15649
15663
15672
15675
15683
15690
15696
15708
15713
15728
15738
15739
15743
15753
15780
15780
15781
15801
15803
15839
15859
15864
15872
15873
15893
15915
15921
15946
15952
15956
15975
15993
15996
16001
16007
16011
16026
16034
16038
16042
16045
16082
16099
16107
16123
16139
16143
16144
16155
16158
16167
16186
16188
16192
16200
16245
16250
16259
16261
16263
16278
16286
16299
16307
16316
16318
16323
16337
16341
16342
16361
16363
16371
16411
16419
16435
16447
16464
16471
16486
16488
16519
16523
16536
16538
16553
16565
16565
16569
16578
16584
16591
16591
16591
16599
16628
16636
16652
16670
16678
16692
16705
16708
16722
16725
16726
16735
16746
16746
16790
16801
16807
16809
16821
16822
16832
16864
16865
16874
16876
16876
16883
16886
16888
16894
16897
16911
16913
16916
16922
16946
16969
16981
16992
16999
17030
17041
17053
17068
17085
17095
17115
17120
17128
17137
17141
17147
17163
17164
17167
17175
17189
17196
17204
17225
17231
17234
17235
17237
17240
17250
17254
17278
17279
17282
17293
17296
17296
17307
17308
17312
17319
17332
17349
17369
17381
17393
17426
17439
17440
17470
17471
17476
17481
17481
17512
17521
17570
17584
17590
17606
17621
17624
17659
17669
17669
17676
17681
17687
17695
17712
17713
17718
17759
17768
17778
17779
17784
17801
17802
17806
17807
17812
17812
17816
17826
17831
17836
17848
17851
17853
17869
17876
17893
17904
17928
17950
17966
17971
17987
17992
18009
18011
18019
18021
18032
18069
18090
18095
18107
18116
18135
18136
18140
18142
18158
18165
18187
18203
18236
18236
18254
18320
18324
18348
18404
18404
18464
18478
18496
18501
18505
18506
18523
18525
18527
18528
18552
18554
18620
18624
18626
18631
18657
18678
18698
18706
18716
18719
18731
18732
18748
18749
18756
18768
18777
18787
18798
18807
18809
18812
18812
18819
18822
18829
18883
18886
18916
18922
18940
18946
18951
18953
18953
18957
18966
18991
18998
19000
19011
19016
19023
19029
19040
19042
19060
19065
19069
19096
19113
19118
19128
19135
19154
19178
19189
19216
19225
19226
19241
19257
19265
19267
19271
19278
19290
19296
19314
19321
19324
19335
19336
19362
19372
19372
19381
19382
19422
19424
19425
19459
19469
19480
19494
19498
19502
19508
19510
19533
19541
19541
19548
19550
19564
19586
19589
19594
19594
19615
19617
19619
19643
19643
19663
19670
19687
19692
19715
19739
19743
19744
19750
19768
19777
19784
19788
19811
19821
19855
19857
19861
19862
19870
19872
19873
19879
19904
19910
19924
19956
19971
20006
20018
20019
20023
20033
20036
20038
20039
20041
20042
20062
20064
20082
20082
20083
20116
20124
20128
20131
20141
20144
20149
20150
20164
20192
20201
20211
20214
20221
20231
20234
20236
20240
20262
20266
20273
20292
20297
20302
20384
20397
20404
20406
20411
20432
20437
20444
20444
20455
20461
20490
20508
20510
20513
20540
20542
20544
20544
20567
20581
20585
20608
20630
20647
20663
20664
20667
20670
20671
20672
20691
20693
20696
20702
20720
20729
20731
20781
20785
20796
20815
20816
20820
20821
20844
20849
20870
20870
20881
20891
20898
20938
20940
20949
20955
20977
20978
20982
21001
21007
21029
21044
21044
21045
21047
21053
21053
21059
21071
21092
21095
21117
21147
21159
21163
21187
21192
21199
21237
21245
21248
21261
21265
21265
21273
21281
21283
21289
21301
21304
21304
21308
21318
21324
21358
21374
21376
21406
21408
21410
21420
21420
21427
21440
21456
21461
21474
21504
21507
21508
21510
21515
21530
21548
21554
21559
21577
21586
21594
21605
21609
21610
21616
21632
21656
21666
21672
21692
21707
21709
21719
21725
21742
21756
21759
21763
21776
21777
21781
21789
21802
21821
21827
21833
21848
21857
21870
21875
21882
21887
21894
21921
21934
21963
21967
21983
21996
21999
22012
22015
22035
22048
22064
22078
22083
22089
22092
22093
22102
22106
22109
22116
22116
22120
22127
22147
22153
22177
22180
22186
22191
22192
22197
22204
22233
22249
22258
22263
22280
22285
22297
22300
22303
22312
22318
22330
22350
22403
22423
22439
22451
22467
22467
22477
22485
22493
22513
22521
22528
22533
22534
22553
22567
22569
22571
22573
22577
22593
22613
22622
22634
22667
22676
22677
22684
22687
22694
22696
22715
22717
22720
22760
22764
22782
22789
22795
22823
22825
22858
22860
22863
22870
22879
22900
22917
22930
22947
22953
22969
22997
23000
23040
23060
23085
23091
23116
23136
23152
23175
23175
23185
23188
23193
23200
23218
23222
23224
23238
23246
23257
23279
23292
23297
23299
23302
23304
23307
23309
23310
23320
23322
23324
23327
23331
23338
23347
23369
23378
23383
23395
23420
23425
23428
23429
23432
23435
23436
23450
23457
23460
23469
23473
23487
23489
23506
23507
23509
23521
23544
23563
23604
23613
23622
23623
23631
23651
23672
23683
23691
23703
23705
23710
23715
23717
23718
23720
23725
23739
23741
23743
23747
23762
23763
23764
23768
23776
23810
23813
23823
23825
23829
23836
23845
23848
23852
23859
23859
23864
23896
23904
23904
23924
23964
23968
23980
23982
23987
24000
24001
24006
24027
24028
24029
24049
24057
24059
24062
24072
24079
24081
24081
24088
24096
24106
24120
24128
24129
24129
24142
24144
24161
24188
24193
24236
24281
24293
24298
24303
24321
24321
24324
24335
24344
24345
24350
24377
24413
24419
24428
24474
24477
24489
24501
24502
24541
24548
24551
24552
24566
24570
24587
24605
24610
24621
24632
24635
24637
24649
24654
24657
24671
24685
24685
24713
24718
24719
24723
24757
24760
24760
24762
24763
24771
24773
24802
24802
24805
24818
24830
24839
24850
24853
24855
24867
24880
24881
24885
24887
24909
24914
24941
24941
24949
24951
24957
24980
24987
25020
25022
25030
25045
25050
25074
25075
25075
25089
25095
25096
25113
25117
25122
25145
25150
25152
25152
25154
25156
25159
25210
25216
25217
25225
25229
25234
25263
25271
25281
25291
25292
25298
25313
25320
25343
25344
25361
25365
25378
25387
25401
25405
25418
25429
25430
25433
25444
25465
25467
25482
25498
25508
25510
25514
25515
25515
25527
25532
25541
25548
25568
25571
25572
25588
25602
25607
25612
25626
25631
25638
25638
25639
25642
25645
25645
25650
25669
25683
25688
25697
25742
25774
25782
25789
25831
25832
25873
25875
25880
25891
25893
25903
25923
25927
25928
25944
25968
26008
26011
26011
26015
26015
26016
26022
26032
26068
26073
26082
26097
26100
26102
26117
26132
26157
26165
26168
26181
26188
26189
26210
26224
26230
26234
26241
26253
26257
26263
26265
26270
26271
26290
26294
26302
26304
26313
26314
26319
26320
26325
26345
26348
26374
26378
26386
26398
26422
26481
26511
26516
26524
26525
26528
26530
26538
26545
26555
26567
26599
26606
26612
26619
26621
26626
26633
26635
26637
26645
26646
26656
26659
26695
26734
26752
26762
26772
26777
26784
26790
26803
26829
26831
26832
26836
26838
26847
26852
26873
26877
26879
26882
26882
26883
26891
26898
26909
26924
26944
26945
26950
26973
26973
26983
26987
26998
27015
27017
27026
27043
27065
27074
27076
27111
27112
27129
27129
27138
27160
27188
27191
27195
27197
27217
27222
27223
27235
27235
27246
27258
27259
27287
27292
27319
27325
27331
27335
27347
27356
27379
27394
27396
27398
27421
27421
27427
27443
27448
27453
27472
27496
27496
27501
27505
27507
27528
27550
27551
27571
27575
27577
27579
27583
27597
27608
27615
27617
27619
27625
27635
27643
27646
27653
27657
27674
27682
27687
27689
27697
27702
27705
27706
27707
27723
27734
27735
27739
27746
27755
27787
27794
27799
27800
27803
27812
27812
27819
27842
27845
27847
27851
27854
27872
27879
27884
27909
27932
27976
27985
27990
28014
28022
28037
28047
28051
28072
28082
28089
28109
28110
28111
28128
28135
28136
28144
28144
28155
28172
28172
28180
28192
28235
28243
28247
28260
28260
28276
28280
28282
28286
28293
28296
28302
28315
28320
28354
28367
28373
28395
28398
28417
28420
28441
28442
28472
28479
28490
28495
28497
28522
28535
28539
28555
28565
28586
28595
28603
28605
28608
28625
28628
28633
28635
28642
28655
28660
28662
28666
28672
28696
28714
28724
28734
28752
28755
28763
28768
28770
28776
28780
28780
28801
28816
28829
28830
28831
28836
28840
28843
28847
28847
28854
28857
28887
28904
28912
28912
28918
28922
28923
28933
28934
28936
28949
28968
28985
29013
29022
29022
29040
29041
29060
29065
29067
29072
29074
29078
29081
29082
29087
29104
29110
29114
29119
29129
29158
29169
29170
29178
29204
29210
29213
29215
29226
29227
29230
29234
29246
29251
29252
29258
29261
29263
29287
29298
29328
29336
29340
29345
29355
29363
29380
29393
29395
29397
29399
29402
29404
29407
29419
29419
29425
29434
29438
29441
29449
29450
29451
29491
29492
29503
29513
29545
29548
29550
29554
29594
29633
29651
29652
29657
29690
29692
29695
29705
29719
29724
29727
29741
29753
29767
29792
29804
29824
29826
29828
29836
29838
29864
29873
29878
29886
29893
29907
29915
29935
29940
29948
29949
29989
29995
29999
30016
30017
30021
30035
30037
30040
30046
30054
30058
30074
30079
30079
30088
30103
30112
30143
30147
30147
30178
30179
30185
30190
30201
30216
30222
30223
30236
30249
30258
30260
30271
30279
30289
30304
30330
30336
30359
30362
30364
30389
30391
30393
30413
30415
30442
30446
30451
30459
30459
30461
30471
30471
30481
30493
30493
30512
30520
30526
30543
30554
30571
30576
30583
30593
30597
30612
30615
30621
30623
30635
30637
30643
30646
30661
30665
30683
30687
30688
30699
30712
30722
30722
30728
30728
30737
30741
30741
30794
30810
30821
30826
30847
30856
30863
30871
30878
30879
30882
30883
30895
30903
30906
30918
30919
30928
30935
30942
30999
31003
31005
31022
31036
31043
31049
31053
31059
31067
31075
31096
31097
31100
31104
31115
31115
31121
31127
31131
31134
31139
31144
31156
31157
31159
31164
31179
31190
31190
31202
31211
31214
31225
31230
31234
31238
31242
31249
31252
31257
31264
31266
31278
31282
31291
31341
31347
31350
31350
31373
31384
31389
31421
31422
31437
31438
31442
31450
31459
31460
31462
31462
31505
31515
31530
31537
31541
31555
31558
31560
31570
31577
31578
31578
31582
31584
31588
31595
31596
31607
31613
31621
31623
31630
31638
31675
31676
31679
31684
31684
31729
31733
31735
31737
31748
31754
31774
31793
31795
31801
31814
31819
31840
31843
31846
31851
31871
31878
31881
31886
31907
31923
31932
31939
31947
31950
31975
31985
31997
32001
32012
32013
32014
32020
32022
32023
32026
32045
32048
32071
32100
32102
32102
32104
32107
32115
32115
32119
32127
32139
32141
32141
32142
32151
32182
32187
32206
32219
32220
32222
32230
32231
32249
32271
32273
32312
32313
32316
32317
32320
32325
32328
32328
32336
32338
32345
32366
32366
32392
32401
32419
32427
32429
32430
32438
32452
32457
32457
32460
32473
32482
32493
32517
32520
32524
32530
32537
32540
32551
32573
32583
32584
32586
32627
32643
32658
32685
32688
32696
32708
32713
32715
32720
32722
32726
32736
32739
32751
32757
32762
32783
32834
32837
32840
32868
32872
32875
32908
32912
32920
32921
32932
32935
32940
32942
32943
32944
32964
32966
32992
32996
33017
33032
33039
33053
33066
33066
33068
33073
33082
33091
33094
33154
33192
33203
33203
33204
33205
33209
33226
33231
33236
33250
33258
33258
33270
33282
33284
33315
33325
33329
33338
33344
33348
33379
33385
33391
33397
33421
33431
33437
33472
33483
33488
33497
33506
33511
33524
33527
33537
33551
33579
33580
33592
33596
33620
33624
33630
33634
33643
33655
33661
33665
33667
33676
33682
33683
33714
33719
33757
33768
33778
33780
33803
33809
33816
33826
33827
33868
33894
33897
33911
33912
33948
33954
33960
33980
33988
33995
33999
34005
34019
34019
34026
34033
34063
34064
34078
34088
34117
34137
34158
34170
34172
34174
34181
34183
34183
34185
34195
34203
34211
34214
34230
34237
34237
34240
34242
34247
34255
34275
34289
34290
34312
34313
34342
34343
34344
34346
34356
34367
34374
34377
34377
34401
34418
34435
34439
34465
34466
34469
34486
34519
34526
34538
34541
34546
34547
34549
34563
34564
34576
34597
34603
34611
34612
34624
34628
34641
34654
34659
34663
34671
34682
34686
34709
34733
34751
34775
34796
34797
34798
34806
34829
34845
34863
34893
34924
34943
34964
34973
34980
34982
34982
34984
34985
35005
35021
35024
35025
35025
35034
35047
35047
35060
35061
35063
35074
35076
35078
35084
35110
35112
35118
35125
35130
35131
35134
35146
35177
35189
35193
35197
35197
35213
35232
35238
35238
35241
35249
35252
35278
35308
35318
35320
35359
35374
35403
35420
35426
35428
35429
35437
35440
35458
35477
35505
35513
35515
35523
35530
35537
35550
35563
35565
35608
35608
35614
35651
35658
35665
35677
35679
35697
35721
35723
35725
35740
35768
35773
35785
35786
35804
35808
35813
35838
35875
35893
35895
35897
35900
35901
35907
35915
35922
35924
35929
35930
35933
35955
35955
35977
35988
35994
36004
36024
36025
36036
36060
36069
36079
36082
36089
36105
36124
36126
36129
36134
36142
36145
36146
36167
36177
36206
36224
36229
36234
36236
36248
36261
36270
36289
36297
36302
36304
36314
36321
36331
36336
36359
36373
36377
36383
36410
36430
36431
36435
36436
36436
36441
36441
36443
36472
36474
36477
36497
36553
36553
36561
36577
36616
36617
36619
36624
36626
36643
36653
36659
36695
36698
36712
36723
36724
36726
36728
36732
36774
36775
36790
36803
36814
36834
36848
36853
36856
36875
36878
36884
36887
36889
36894
36917
36927
36956
36964
36967
36972
36975
37012
37014
37020
37035
37050
37051
37056
37072
37082
37086
37087
37103
37116
37116
37117
37132
37156
37168
37174
37180
37189
37189
37194
37199
37223
37225
37229
37251
37255
37260
37260
37262
37263
37292
37293
37306
37308
37308
37325
37344
37345
37358
37364
37378
37382
37429
37430
37434
37436
37447
37453
37491
37496
37497
37502
37525
37531
37546
37549
37563
37564
37593
37607
37628
37654
37691
37694
37699
37702
37721
37725
37768
37783
37791
37805
37805
37811
37829
37850
37896
37899
37902
37911
37913
37946
37955
37963
37975
37991
37999
38009
38015
38019
38059
38073
38074
38085
38091
38145
38161
38161
38173
38175
38180
38187
38189
38192
38211
38216
38238
38239
38248
38265
38271
38285
38294
38308
38308
38311
38322
38324
38326
38355
38362
38369
38387
38394
38402
38414
38427
38428
38436
38440
38443
38455
38471
38489
38498
38502
38526
38540
38547
38563
38574
38581
38589
38602
38618
38631
38644
38647
38660
38662
38677
38702
38709
38730
38738
38759
38761
38789
38791
38801
38804
38814
38830
38836
38837
38839
38854
38864
38883
38902
38904
38914
38919
38920
38927
38933
38935
38939
38962
38990
38998
39016
39041
39046
39047
39049
39075
39097
39108
39113
39121
39131
39135
39160
39173
39174
39180
39184
39185
39191
39195
39201
39221
39229
39235
39295
39296
39308
39310
39319
39322
39349
39371
39393
39396
39398
39400
39402
39430
39433
39434
39444
39453
39455
39456
39483
39491
39500
39528
39532
39535
39564
39569
39569
39583
39605
39608
39609
39610
39613
39613
39624
39633
39636
39669
39678
39712
39734
39760
39763
39792
39809
39819
39844
39889
39902
39924
39932
39950
39961
39962
39977
40006
40025
40029
40060
40067
40105
40109
40116
40163
40170
40185
40188
40190
40198
40217
40267
40270
40272
40273
40282
40298
40307
40313
40334
40355
40361
40363
40392
40399
40408
40444
40472
40475
40480
40507
40513
40524
40525
40526
40535
40546
40551
40566
40568
40569
40580
40597
40598
40602
40608
40610
40637
40641
40660
40665
40668
40711
40743
40768
40784
40785
40793
40828
40832
40857
40860
40866
40873
40883
40913
40943
40949
40950
40952
40963
40965
40971
40977
40988
40988
40992
41004
41011
41011
41028
41029
41034
41060
41067
41067
41077
41080
41105
41113
41143
41149
41156
41179
41183
41186
41196
41229
41260
41277
41281
41282
41288
41309
41310
41316
41319
41331
41340
41349
41361
41381
41402
41404
41450
41468
41469
41474
41481
41518
41534
41547
41559
41559
41559
41562
41563
41589
41590
41599
41612
41618
41632
41634
41646
41648
41656
41657
41657
41660
41664
41669
41675
41681
41714
41715
41715
41724
41729
41730
41745
41756
41759
41765
41774
41786
41829
41833
41853
41876
41888
41914
41916
41937
41937
41964
41971
41971
41984
41984
41996
42002
42034
42046
42047
42057
42073
42087
42096
42104
42117
42117
42140
42149
42154
42159
42163
42167
42167
42176
42176
42191
42222
42231
42237
42242
42248
42258
42267
42290
42293
42294
42299
42321
42322
42322
42323
42332
42338
42339
42358
42360
42365
42367
42376
42382
42383
42388
42390
42421
42429
42438
42443
42455
42463
42486
42493
42500
42503
42517
42555
42557
42571
42587
42592
42612
42640
42652
42654
42679
42684
42696
42700
42714
42728
42743
42757
42789
42790
42804
42813
42816
42823
42826
42837
42841
42864
42879
42900
42922
42922
42925
42948
42957
42967
42975
42976
42994
43019
43040
43052
43057
43058
43060
43088
43095
43101
43108
43111
43122
43123
43133
43142
43161
43166
43188
43201
43210
43218
43253
43263
43273
43276
43283
43289
43295
43304
43304
43306
43310
43337
43350
43358
43362
43366
43388
43396
43422
43428
43435
43439
43449
43452
43478
43497
43512
43512
43524
43529
43551
43551
43556
43559
43577
43583
43587
43599
43611
43631
43633
43634
43642
43642
43642
43647
43652
43688
43690
43694
43697
43706
43710
43746
43749
43753
43776
43798
43799
43800
43814
43830
43830
43873
43877
43885
43892
43898
43908
43925
43930
43938
43960
43964
43964
43966
43971
43977
43977
43978
44010
44014
44021
44033
44045
44071
44077
44080
44081
44082
44088
44095
44096
44100
44102
44112
44127
44141
44144
44148
44177
44183
44212
44226
44230
44242
44248
44277
44284
44285
44287
44307
44309
44310
44326
44327
44334
44353
44372
44377
44387
44394
44403
44403
44408
44416
44438
44441
44476
44498
44512
44514
44527
44537
44553
44554
44574
44586
44608
44639
44654
44657
44677
44694
44703
44715
44717
44747
44771
44775
44808
44817
44823
44837
44847
44857
44861
44862
44864
44876
44885
44887
44902
44921
44922
44925
44949
44960
44972
44974
44986
44993
44995
44999
45043
45067
45071
45099
45107
45123
45140
45140
45155
45159
45161
45166
45174
45193
45204
45225
45228
45249
45256
45266
45269
45273
45282
45323
45332
45345
45347
45352
45377
45394
45398
45400
45412
45432
45437
45462
45463
45472
45475
45478
45482
45489
45493
45495
45505
45510
45511
45513
45529
45529
45536
45569
45588
45591
45610
45611
45618
45629
45654
45666
45670
45688
45694
45698
45698
45700
45713
45717
45738
45749
45757
45761
45774
45776
45796
45806
45810
45829
45832
45863
45868
45883
45889
45903
45916
45919
45927
45935
45953
45964
45983
45985
45998
46000
46040
46080
46083
46083
46086
46092
46094
46108
46110
46110
46114
46117
46127
46131
46139
46143
46149
46152
46153
46157
46159
46162
46164
46182
46218
46232
46235
46237
46246
46248
46250
46262
46263
46264
46272
46278
46291
46293
46293
46296
46298
46310
46330
46344
46350
46356
46371
46377
46383
46383
46434
46461
46470
46470
46480
46501
46503
46511
46520
46520
46525
46535
46547
46567
46572
46591
46597
46597
46608
46641
46666
46667
46680
46692
46696
46697
46698
46726
46738
46774
46782
46805
46808
46814
46819
46833
46845
46852
46903
46906
46907
46937
46957
46962
46963
46966
46969
46974
46985
46999
47057
47070
47092
47094
47103
47111
47123
47126
47129
47131
47131
47131
47137
47153
47156
47174
47219
47225
47227
47249
47257
47266
47293
47315
47339
47368
47369
47376
47376
47382
47382
47386
47391
47399
47409
47426
47427
47431
47473
47484
47488
47509
47514
47531
47537
47539
47557
47562
47566
47582
47585
47591
47592
47598
47607
47618
47625
47628
47630
47633
47640
47648
47656
47658
47678
47681
47709
47710
47734
47739
47746
47757
47760
47765
47772
47785
47801
47805
47812
47857
47866
47873
47878
47934
47950
47952
47960
47963
47966
47967
47970
47974
47990
48006
48015
48019
48029
48032
48038
48042
48044
48055
48056
48094
48102
48118
48121
48131
48137
48176
48181
48185
48191
48196
48205
48207
48217
48227
48232
48239
48242
48249
48257
48259
48283
48287
48302
48302
48314
48315
48318
48319
48328
48328
48328
48333
48344
48350
48353
48356
48379
48399
48409
48423
48427
48435
48439
48479
48496
48500
48506
48507
48519
48529
48538
48554
48580
48593
48601
48607
48613
48632
48650
48655
48658
48662
48671
48672
48677
48680
48684
48699
48705
48708
48711
48720
48726
48730
48735
48754
48754
48756
48758
48772
48776
48780
48806
48814
48823
48848
48850
48863
48868
48885
48909
48912
48922
48923
48930
48931
48951
48963
48972
48978
48996
49010
49015
49015
49022
49034
49045
49047
49063
49077
49099
49134
49135
49138
49138
49141
49145
49156
49178
49182
49185
49215
49231
49238
49243
49243
49258
49274
49281
49285
49293
49295
49302
49305
49312
49318
49318
49335
49336
49338
49346
49348
49353
49356
49365
49369
49377
49404
49406
49422
49428
49429
49440
49459
49462
49468
49473
49478
49505
49523
49538
49539
49545
49549
49555
49577
49593
49598
49602
49610
49618
49618
49635
49637
49645
49657
49657
49663
49670
49682
49697
49710
49711
49724
49736
49760
49769
49774
49780
49781
49790
49792
49800
49804
49827
49830
49830
49832
49838
49850
49855
49857
49877
49878
49887
49891
49892
49893
49898
49905
49922
49931
49955
49956
49975
49979
49988
49991
50001
50018
50025
50046
50049
50053
50055
50068
50073
50078
50080
50081
50093
50108
50119
50129
50136
50158
50175
50178
50183
50213
50232
50248
50266
50266
50267
50274
50326
50326
50375
50392
50410
50417
50429
50431
50452
50453
50460
50477
50484
50501
50504
50537
50561
50583
50591
50601
50609
50610
50613
50626
50647
50649
50657
50672
50688
50698
50703
50705
50707
50708
50725
50730
50732
50738
50741
50744
50749
50765
50769
50776
50781
50791
50817
50826
50832
50904
50914
50923
50929
50952
50952
50965
50970
50982
50985
51010
51027
51031
51046
51056
51057
51075
51095
51126
51137
51142
51152
51164
51164
51169
51177
51177
51190
51205
51220
51222
51237
51248
51258
51267
51278
51288
51301
51312
51314
51320
51322
51333
51334
51355
51372
51372
51382
51382
51392
51399
51411
51416
51420
51425
51441
51443
51444
51449
51462
51466
51475
51475
51485
51498
51503
51530
51530
51533
51548
51581
51595
51596
51598
51605
51625
51640
51648
51651
51665
51666
51690
51691
51709
51743
51744
51790
51801
51810
51820
51824
51890
51898
51916
51919
51933
51942
51947
51966
51973
51981
51984
51984
51997
51999
52011
52017
52033
52043
52060
52077
52085
52126
52150
52163
52174
52211
52248
52250
52263
52281
52286
52296
52320
52331
52344
52350
52402
52414
52414
52427
52434
52439
52441
52474
52523
52536
52537
52552
52552
52560
52570
52593
52597
52603
52603
52608
52609
52609
52613
52628
52630
52641
52659
52672
52701
52709
52722
52736
52738
52743
52748
52748
52759
52773
52774
52778
52780
52783
52787
52792
52804
52824
52825
52837
52846
52852
52856
52857
52864
52880
52892
52895
52896
52907
52911
52928
52936
52952
52968
52987
52993
53046
53048
53051
53054
53055
53063
53071
53081
53092
53110
53119
53128
53147
53153
53156
53162
53186
53207
53229
53242
53245
53248
53250
53251
53258
53266
53271
53286
53296
53306
53310
53320
53328
53331
53334
53344
53357
53361
53371
53372
53403
53425
53428
53445
53455
53478
53479
53503
53522
53526
53532
53553
53557
53559
53559
53586
53588
53596
53597
53618
53631
53643
53644
53665
53665
53666
53719
53725
53737
53745
53752
53759
53766
53772
53775
53784
53794
53799
53831
53831
53835
53836
53843
53853
53855
53856
53857
53862
53894
53901
53935
53937
53942
53942
53945
53973
53992
54010
54019
54020
54023
54045
54070
54085
54098
54111
54117
54146
54158
54169
54169
54174
54175
54177
54179
54199
54226
54249
54260
54268
54276
54283
54287
54295
54303
54316
54338
54341
54351
54354
54371
54373
54380
54383
54384
54396
54426
54435
54438
54439
54449
54449
54459
54472
54480
54485
54488
54492
54494
54497
54509
54522
54527
54528
54529
54532
54534
54547
54549
54554
54556
54556
54575
54577
54589
54589
54597
54600
54609
54627
54634
54657
54657
54665
54668
54674
54690
54709
54727
54736
54736
54740
54747
54748
54750
54750
54752
54755
54757
54776
54783
54795
54795
54797
54809
54820
54833
54883
54888
54896
54899
54901
54917
54932
54936
54947
54950
54955
54964
54964
54974
54975
54975
54994
54994
54999
55005
55016
55028
55030
55043
55057
55067
55083
55096
55097
55143
55156
55158
55166
55178
55200
55215
55224
55230
55234
55244
55256
55274
55276
55277
55284
55297
55317
55322
55322
55331
55355
55393
55395
55411
55412
55417
55424
55428
55429
55438
55440
55443
55459
55462
55464
55474
55479
55504
55508
55510
55528
55536
55551
55558
55594
55604
55631
55639
55643
55652
55659
55663
55664
55672
55689
55705
55715
55732
55736
55741
55746
55749
55750
55750
55755
55773
55774
55779
55792
55801
55807
55810
55826
55829
55832
55870
55884
55885
55894
55923
55925
55933
55937
55941
55955
55976
55977
55996
56005
56010
56022
56026
56032
56033
56040
56041
56042
56045
56055
56074
56088
56100
56102
56107
56111
56126
56135
56157
56197
56210
56214
56219
56223
56236
56274
56280
56281
56290
56305
56307
56315
56326
56332
56333
56335
56348
56349
56353
56358
56384
56392
56405
56407
56408
56430
56458
56469
56469
56491
56498
56516
56516
56533
56534
56542
56545
56548
56587
56598
56599
56604
56614
56621
56633
56646
56652
56660
56665
56671
56675
56677
56695
56730
56748
56770
56777
56783
56796
56808
56809
56816
56816
56825
56827
56841
56862
56869
56896
56902
56912
56920
56924
56924
56950
56957
56979
56983
56983
56998
57032
57068
57080
57102
57124
57135
57143
57145
57149
57150
57160
57161
57185
57187
57194
57204
57219
57239
57251
57252
57254
57254
57258
57267
57268
57272
57276
57285
57286
57289
57291
57294
57294
57312
57313
57316
57319
57333
57355
57373
57387
57391
57397
57397
57398
57403
57412
57417
57423
57430
57444
57476
57480
57484
57491
57502
57547
57550
57555
57584
57630
57668
57688
57692
57695
57699
57701
57718
57721
57726
57741
57741
57750
57764
57782
57787
57789
57791
57820
57825
57865
57867
57885
57891
57894
57898
57918
57924
57925
57933
57943
57945
57947
57962
57987
57989
58001
58009
58051
58058
58078
58082
58084
58103
58133
58136
58138
58159
58162
58176
58184
58216
58218
58221
58223
58233
58257
58258
58264
58282
58296
58301
58318
58319
58326
58330
58337
58345
58348
58351
58392
58412
58433
58434
58447
58448
58464
58484
58494
58501
58519
58522
58535
58541
58543
58548
58549
58565
58567
58578
58592
58600
58621
58628
58638
58640
58645
58649
58669
58673
58681
58691
58711
58714
58725
58747
58751
58759
58760
58770
58781
58787
58788
58794
58801
58806
58809
58815
58822
58822
58834
58841
58845
58859
58859
58864
58866
58893
58913
58945
58955
58956
58966
58971
58986
58988
58990
59019
59024
59033
59038
59048
59070
59090
59091
59124
59138
59139
59140
59155
59158
59168
59187
59218
59220
59223
59224
59242
59243
59269
59283
59305
59311
59319
59337
59348
59361
59363
59376
59386
59389
59395
59400
59406
59415
59417
59420
59423
59448
59458
59478
59482
59489
59490
59494
59500
59502
59503
59509
59539
59556
59573
59580
59605
59605
59613
59613
59619
59630
59646
59667
59671
59680
59683
59689
59695
59695
59704
59705
59715
59726
59760
59772
59774
59775
59800
59814
59829
59832
59836
59866
59874
59879
59879
59879
59901
59908
59916
59931
59944
59946
59948
59972
59974
59980
59981
59984
59991
60014
60029
60035
60038
60043
60063
60066
60086
60130
60135
60141
60145
60163
60173
60174
60178
60214
60217
60229
60231
60253
60254
60258
60263
60269
60276
60282
60283
60312
60315
60319
60323
60342
60349
60358
60362
60382
60383
60392
60394
60397
60400
60402
60406
60407
60415
60421
60426
60441
60442
60449
60451
60467
60468
60477
60485
60506
60513
60542
60550
60572
60573
60576
60582
60584
60599
60599
60601
60611
60614
60629
60635
60639
60654
60655
60703
60726
60734
60744
60753
60760
60771
60771
60771
60771
60772
60778
60796
60803
60807
60808
60834
60841
60846
60860
60862
60864
60867
60900
60901
60903
60937
60952
60956
60995
61001
61006
61015
61016
61025
61028
61048
61052
61071
61072
61072
61077
61083
61089
61100
61128
61152
61172
61172
61180
61182
61191
61195
61203
61208
61216
61217
61223
61238
61262
61270
61274
61278
61281
61303
61309
61322
61323
61326
61330
61334
61334
61335
61341
61346
61349
61349
61355
61371
61372
61387
61389
61399
61411
61415
61429
61432
61461
61472
61512
61516
61521
61522
61548
61555
61572
61575
61583
61628
61637
61639
61646
61657
61676
61687
61725
61726
61729
61732
61732
61736
61739
61756
61775
61781
61782
61787
61788
61791
61813
61820
61823
61828
61837
61844
61855
61895
61908
61909
61930
61932
61937
61939
61953
61957
61962
61979
61992
61994
62000
62014
62023
62026
62060
62065
62079
62095
62097
62112
62123
62135
62154
62168
62187
62192
62202
62213
62215
62230
62257
62270
62275
62288
62291
62308
62314
62326
62333
62335
62340
62348
62367
62384
62386
62427
62437
62447
62451
62460
62466
62473
62487
62489
62515
62536
62539
62553
62554
62576
62580
62584
62587
62593
62595
62596
62627
62644
62649
62680
62683
62684
62700
62703
62709
62711
62712
62731
62733
62733
62735
62738
62754
62760
62765
62767
62771
62779
62794
62854
62859
62869
62870
62876
62878
62879
62880
62882
62885
62889
62906
62907
62923
62936
62954
62960
62967
62973
62985
62994
62998
62999
63009
63012
63028
63054
63056
63074
63097
63100
63125
63160
63181
63185
63190
63195
63206
63226
63231
63231
63232
63239
63256
63269
63285
63305
63308
63316
63349
63372
63379
63389
63392
63403
63421
63451
63468
63468
63477
63481
63495
63499
63501
63514
63516
63537
63540
63541
63542
63550
63582
63596
63604
63605
63619
63628
63632
63654
63656
63673
63676
63688
63708
63716
63729
63732
63736
63772
63774
63778
63778
63795
63804
63812
63835
63842
63861
63865
63880
63902
63920
63923
63924
63932
63937
63941
63945
63949
63990
64004
64013
64016
64030
64035
64041
64048
64055
64086
64092
64105
64107
64115
64125
64134
64136
64146
64149
64160
64164
64165
64174
64180
64195
64196
64209
64224
64243
64243
64253
64260
64267
64282
64295
64307
64315
64315
64323
64347
64358
64361
64362
64362
64369
64374
64378
64400
64410
64411
64442
64473
64503
64531
64534
64560
64561
64575
64578
64585
64613
64620
64642
64653
64663
64667
64671
64678
64678
64681
64693
64694
64698
64713
64727
64744
64747
64755
64756
64760
64768
64773
64775
64794
64816
64817
64828
64833
64835
64838
64852
64862
64862
64880
64891
64908
64973
64979
64979
64984
65019
65028
65049
65049
65049
65058
65068
65097
65120
65129
65136
65153
65153
65158
65159
65184
65190
65194
65194
65203
65219
65224
65228
65250
65261
65263
65272
65274
65278
65314
65315
65319
65323
65325
65333
65338
65343
65344
65359
65360
65365
65439
65451
65459
65460
65467
65467
65483
65505
65506
65520
65529
65531
65532
65539
65547
65561
65561
65581
65594
65605
65620
65657
65657
65671
65672
65691
65708
65711
65715
65723
65723
65727
65769
65789
65800
65805
65806
65815
65817
65837
65838
65841
65844
65846
65853
65868
65881
65883
65884
65889
65895
65907
65907
65933
65935
65935
65941
65941
65950
65963
65966
65969
65974
66023
66034
66040
66047
66057
66058
66074
66076
66078
66085
66088
66088
66096
66119
66127
66134
66139
66145
66154
66177
66178
66180
66188
66190
66194
66201
66208
66211
66213
66214
66229
66230
66234
66243
66285
66303
66322
66361
66369
66373
66383
66405
66419
66430
66436
66436
66455
66458
66465
66475
66487
66489
66500
66503
66512
66513
66531
66541
66545
66553
66573
66576
66583
66591
66604
66606
66616
66618
66619
66622
66640
66642
66647
66663
66672
66699
66707
66713
66727
66734
66749
66762
66767
66767
66768
66807
66807
66814
66819
66840
66848
66850
66861
66880
66893
66893
66895
66896
66899
66900
66901
66930
66954
66965
66977
66987
66990
67000
67011
67014
67017
67022
67024
67026
67041
67047
67053
67055
67057
67059
67069
67070
67073
67076
67083
67091
67104
67114
67130
67141
67148
67160
67162
67177
67182
67193
67195
67205
67206
67216
67220
67236
67244
67246
67247
67257
67285
67286
67288
67290
67308
67313
67358
67369
67372
67375
67378
67380
67395
67396
67417
67420
67428
67436
67485
67511
67525
67528
67528
67549
67573
67581
67582
67587
67604
67604
67613
67627
67646
67649
67651
67680
67680
67690
67693
67701
67710
67725
67729
67734
67750
67761
67765
67770
67789
67797
67798
67801
67816
67836
67838
67847
67856
67866
67871
67900
67902
67961
67962
67972
67974
67981
67983
67985
68003
68007
68009
68026
68030
68038
68043
68057
68066
68067
68072
68078
68080
68082
68087
68090
68093
68115
68115
68123
68139
68142
68144
68151
68158
68166
68174
68184
68184
68193
68201
68223
68226
68252
68266
68290
68293
68313
68317
68350
68358
68371
68381
68384
68388
68392
68396
68425
68428
68431
68443
68448
68459
68464
68467
68469
68487
68496
68501
68502
68514
68514
68530
68537
68538
68558
68558
68560
68570
68572
68579
68582
68588
68593
68642
68643
68645
68647
68648
68652
68657
68676
68679
68681
68744
68755
68772
68814
68818
68818
68836
68848
68851
68855
68871
68873
68878
68906
68911
68915
68932
68943
68949
68961
68964
68972
68982
68993
68999
69002
69002
69006
69020
69040
69042
69045
69050
69050
69062
69077
69082
69101
69105
69113
69117
69174
69181
69187
69211
69233
69240
69242
69246
69253
69259
69296
69310
69315
69316
69343
69393
69398
69405
69421
69428
69429
69452
69456
69460
69462
69473
69478
69482
69486
69486
69491
69506
69512
69543
69543
69553
69595
69603
69608
69617
69619
69669
69676
69695
69702
69719
69724
69725
69732
69746
69749
69754
69800
69822
69822
69830
69858
69870
69893
69902
69907
69925
69930
69944
69945
69952
69954
69993
70007
70009
70032
70045
70049
70063
70067
70069
70071
70081
70109
70111
70132
70146
70149
70153
70158
70159
70163
70164
70166
70166
70199
70224
70226
70232
70234
70257
70267
70285
70289
70299
70300
70306
70314
70329
70338
70345
70345
70355
70355
70370
70374
70393
70400
70402
70408
70414
70420
70423
70428
70430
70440
70445
70457
70457
70464
70490
70492
70497
70509
70521
70529
70543
70545
70545
70585
70605
70617
70617
70626
70630
70650
70660
70676
70684
70703
70734
70735
70748
70754
70755
70756
70771
70790
70805
70810
70811
70813
70814
70816
70826
70831
70836
70861
70874
70892
70901
70924
70976
70977
70979
70987
70993
71023
71028
71028
71046
71064
71071
71074
71074
71078
71095
71098
71098
71122
71124
71127
71139
71159
71162
71188
71189
71199
71222
71230
71274
71282
71289
71305
71313
71336
71343
71345
71384
71393
71401
71407
71411
71412
71416
71422
71424
71444
71492
71520
71528
71531
71540
71542
71549
71549
71552
71555
71561
71564
71566
71580
71586
71587
71600
71604
71607
71623
71633
71635
71637
71642
71659
71667
71675
71688
71690
71700
71730
71745
71753
71754
71760
71779
71787
71809
71853
71871
71877
71917
71917
71950
71953
71959
71965
71980
71987
72007
72011
72021
72026
72055
72093
72100
72109
72123
72127
72158
72165
72166
72168
72169
72173
72176
72186
72195
72195
72195
72196
72198
72201
72206
72226
72236
72248
72253
72254
72274
72280
72301
72324
72349
72373
72385
72411
72414
72469
72473
72486
72490
72501
72505
72517
72525
72526
72535
72543
72548
72550
72552
72557
72574
72583
72604
72613
72619
72624
72629
72643
72644
72648
72669
72669
72673
72674
72677
72686
72689
72692
72693
72696
72698
72703
72706
72710
72712
72722
72723
72772
72779
72788
72794
72796
72798
72805
72807
72816
72817
72832
72844
72853
72854
72860
72868
72870
72872
72872
72875
72880
72888
72895
72938
72941
72971
72972
72985
73000
73007
73027
73048
73049
73069
73071
73103
73115
73115
73127
73131
73133
73138
73145
73156
73158
73165
73179
73180
73183
73192
73202
73203
73228
73236
73241
73249
73269
73276
73292
73293
73306
73321
73326
73356
73363
73380
73385
73387
73409
73414
73428
73430
73435
73440
73462
73473
73474
73495
73498
73509
73511
73538
73559
73566
73582
73592
73597
73642
73654
73668
73749
73764
73777
73803
73822
73838
73866
73880
73880
73885
73918
73925
73929
73952
73961
73973
73995
74019
74027
74049
74051
74052
74058
74066
74101
74105
74108
74110
74114
74119
74121
74127
74142
74143
74150
74162
74164
74174
74179
74180
74197
74204
74213
74228
74232
74236
74239
74257
74261
74266
74276
74280
74287
74292
74295
74310
74315
74318
74330
74331
74346
74350
74351
74369
74375
74388
74404
74405
74416
74429
74440
74440
74451
74466
74476
74486
74493
74515
74517
74522
74528
74534
74547
74563
74594
74598
74610
74617
74627
74630
74640
74653
74663
74671
74695
74709
74743
74746
74749
74762
74770
74792
74803
74828
74857
74871
74874
74878
74878
74881
74887
74894
74895
74898
74901
74910
74912
74915
74924
74931
74937
74946
74949
74961
74980
74994
74997
75006
75017
75032
75033
75042
75049
75069
75080
75082
75083
75091
75106
75110
75114
75136
75137
75150
75170
75176
75177
75199
75200
75210
75210
75301
75318
75352
75368
75395
75418
75421
75430
75439
75464
75468
75468
75473
75474
75477
75479
75488
75490
75491
75500
75515
75519
75539
75559
75586
75592
75600
75618
75619
75645
75646
75646
75651
75666
75673
75695
75695
75696
75702
75702
75702
75706
75714
75720
75722
75724
75744
75755
75761
75781
75785
75805
75818
75818
75821
75837
75851
75859
75860
75867
75884
75911
75921
75927
75932
75933
75933
75985
75986
76014
76028
76032
76035
76040
76056
76072
76073
76083
76087
76095
76107
76108
76112
76120
76131
76144
76156
76160
76193
76196
76198
76198
76201
76208
76216
76224
76224
76227
76241
76243
76249
76252
76254
76258
76271
76272
76274
76283
76284
76293
76304
76314
76325
76331
76358
76374
76398
76400
76409
76411
76413
76413
76425
76430
76443
76449
76470
76471
76485
76495
76509
76516
76524
76529
76538
76550
76591
76610
76622
76630
76631
76645
76648
76669
76669
76674
76697
76703
76705
76735
76746
76754
76755
76758
76758
76761
76763
76775
76780
76789
76791
76804
76825
76828
76861
76891
76898
76901
76901
76910
76910
76911
76927
76936
76938
76943
76950
76954
76974
76977
76980
76985
76986
76988
76989
77010
77030
77049
77050
77061
77065
77081
77092
77103
77109
77131
77137
77139
77144
77147
77148
77158
77173
77181
77184
77203
77204
77207
77210
77212
77225
77246
77271
77280
77281
77283
77293
77296
77302
77316
77330
77331
77338
77368
77386
77392
77405
77414
77418
77434
77443
77448
77454
77455
77457
77459
77470
77480
77483
77497
77519
77550
77550
77551
77565
77566
77569
77571
77578
77579
77592
77593
77594
77596
77606
77607
77615
77622
77622
77628
77648
77655
77658
77681
77689
77727
77730
77739
77763
77764
77775
77784
77792
77792
77796
77798
77815
77816
77825
77831
77860
77865
77878
77880
77891
77895
77897
77910
77911
77912
77918
77932
77940
77941
77956
77963
77966
78007
78010
78014
78016
78025
78033
78040
78040
78041
78055
78061
78077
78085
78089
78104
78112
78114
78115
78130
78139
78144
78144
78145
78148
78153
78160
78165
78168
78190
78196
78228
78231
78249
78257
78265
78278
78305
78311
78318
78331
78346
78349
78352
78365
78365
78383
78388
78392
78394
78443
78452
78452
78489
78496
78503
78525
78526
78527
78532
78537
78539
78559
78569
78571
78571
78580
78601
78603
78604
78606
78608
78629
78652
78653
78660
78662
78680
78684
78689
78691
78728
78744
78756
78773
78797
78802
78817
78833
78839
78852
78853
78853
78863
78879
78883
78893
78901
78945
78947
78956
78989
78990
78992
78998
79005
79012
79015
79018
79032
79034
79041
79049
79052
79066
79102
79103
79126
79129
79137
79147
79151
79160
79162
79175
79192
79197
79213
79216
79275
79283
79296
79314
79332
79337
79351
79355
79364
79367
79380
79380
79392
79408
79415
79424
79439
79440
79442
79450
79450
79450
79451
79457
79468
79471
79472
79473
79492
79496
79517
79519
79520
79529
79546
79552
79577
79579
79582
79586
79588
79663
79669
79673
79694
79696
79714
79730
79746
79747
79757
79760
79767
79773
79779
79780
79792
79792
79799
79809
79818
79820
79823
79836
79856
79874
79895
79901
79906
79907
79910
79936
79938
79942
79947
79967
79971
79973
79975
79988
80004
80012
80029
80052
80054
80076
80096
80102
80103
80117
80128
80132
80133
80137
80140
80141
80148
80149
80152
80156
80158
80161
80176
80176
80181
80181
80186
80186
80188
80210
80226
80227
80234
80247
80256
80257
80261
80275
80292
80295
80296
80313
80335
80336
80354
80358
80361
80377
80378
80396
80402
80420
80424
80456
80457
80459
80472
80491
80500
80505
80528
80532
80534
80558
80560
80565
80588
80596
80606
80618
80623
80626
80630
80666
80671
80686
80688
80703
80706
80712
80745
80746
80757
80769
80784
80809
80821
80822
80822
80842
80848
80858
80860
80875
80921
80930
80942
80945
80946
80958
80966
80967
80974
80983
80995
81015
81016
81017
81023
81031
81033
81034
81038
81048
81097
81098
81099
81101
81108
81116
81123
81150
81162
81171
81180
81188
81218
81223
81228
81230
81232
81254
81257
81265
81300
81301
81304
81306
81309
81309
81315
81335
81352
81354
81377
81395
81398
81409
81423
81437
81462
81488
81494
81499
81499
81507
81507
81534
81540
81556
81565
81569
81583
81584
81599
81601
81602
81608
81610
81612
81614
81617
81667
81668
81680
81683
81704
81713
81717
81735
81741
81758
81760
81787
81798
81826
81834
81839
81844
81851
81854
81857
81860
81869
81887
81901
81916
81928
81944
81949
81952
81966
81976
81990
82000
82001
82013
82022
82023
82027
82041
82043
82056
82058
82070
82072
82087
82095
82103
82104
82104
82116
82121
82125
82157
82191
82197
82203
82204
82221
82225
82230
82230
82231
82242
82246
82248
82250
82271
82273
82284
82296
82313
82323
82328
82331
82333
82355
82368
82388
82388
82389
82403
82414
82423
82435
82451
82451
82462
82466
82469
82470
82485
82495
82506
82509
82517
82518
82529
82538
82542
82552
82556
82556
82561
82575
82580
82584
82593
82607
82607
82609
82610
82633
82636
82644
82649
82664
82665
82674
82680
82681
82688
82696
82703
82704
82704
82714
82725
82728
82745
82752
82776
82777
82803
82810
82822
82823
82857
82874
82878
82894
82920
82923
82924
82925
82929
82930
82932
82943
82946
82947
82974
83004
83012
83024
83053
83073
83083
83085
83086
83087
83087
83091
83101
83112
83131
83140
83153
83165
83167
83190
83197
83200
83202
83203
83204
83215
83229
83242
83246
83247
83254
83256
83266
83271
83286
83290
83293
83296
83309
83366
83389
83391
83416
83431
83435
83450
83472
83477
83486
83496
83502
83503
83513
83517
83525
83527
83530
83530
83547
83553
83562
83592
83592
83597
83599
83617
83636
83653
83654
83658
83663
83668
83671
83671
83672
83721
83721
83722
83730
83738
83739
83747
83758
83759
83786
83793
83797
83801
83823
83827
83835
83873
83874
83875
83879
83888
83906
83927
83927
83930
83949
83967
83967
83974
83979
83981
83999
84000
84002
84023
84049
84050
84105
84108
84137
84146
84159
84161
84171
84181
84183
84184
84191
84200
84202
84213
84217
84222
84225
84231
84239
84241
84289
84299
84303
84310
84340
84349
84353
84371
84398
84413
84416
84421
84428
84433
84437
84451
84457
84465
84465
84468
84476
84492
84495
84499
84503
84504
84506
84507
84522
84530
84564
84576
84580
84606
84626
84643
84647
84688
84707
84807
84840
84864
84868
84869
84871
84886
84906
84926
84928
84966
84976
84982
85003
85003
85015
85021
85035
85035
85038
85049
85053
85054
85058
85059
85063
85068
85076
85099
85102
85102
85115
85116
85121
85126
85128
85129
85148
85158
85164
85167
85171
85174
85178
85187
85191
85205
85219
85222
85232
85241
85255
85260
85267
85278
85286
85307
85309
85335
85342
85367
85372
85374
85393
85395
85410
85432
85432
85438
85443
85461
85472
85510
85511
85511
85517
85519
85537
85548
85553
85554
85567
85596
85610
85652
85658
85659
85665
85665
85671
85675
85678
85679
85687
85688
85708
85732
85786
85787
85788
85792
85792
85798
85811
85823
85824
85824
85834
85852
85862
85873
85878
85900
85901
85901
85909
85910
85910
85915
85930
85934
85934
85948
85950
85965
85987
85987
85988
86010
86011
86013
86018
86026
86030
86043
86048
86064
86068
86071
86072
86074
86076
86076
86077
86108
86118
86137
86149
86160
86162
86165
86169
86170
86174
86174
86177
86180
86194
86214
86233
86234
86235
86242
86247
86248
86251
86316
86319
86327
86328
86331
86334
86354
86369
86373
86377
86378
86383
86394
86399
86417
86418
86419
86419
86423
86436
86439
86440
86450
86464
86471
86476
86479
86488
86489
86511
86542
86544
86560
86577
86591
86598
86605
86617
86629
86638
86641
86657
86679
86699
86705
86711
86722
86724
86724
86724
86734
86743
86758
86759
86763
86764
86766
86784
86796
86797
86808
86809
86816
86850
86852
86862
86867
86873
86874
86907
86910
86929
86931
86938
86948
86963
86965
86966
86981
86996
87007
87018
87033
87044
87069
87071
87074
87093
87096
87103
87113
87114
87133
87149
87161
87186
87190
87217
87218
87243
87279
87280
87297
87311
87311
87311
87313
87343
87355
87358
87367
87370
87379
87380
87385
87394
87395
87432
87447
87453
87471
87487
87494
87499
87502
87508
87525
87530
87533
87542
87544
87551
87561
87565
87584
87595
87597
87607
87608
87625
87630
87643
87643
87644
87649
87659
87662
87667
87669
87690
87722
87727
87754
87759
87761
87771
87789
87790
87791
87795
87803
87803
87805
87816
87826
87829
87835
87858
87869
87880
87883
87893
87904
87908
87930
87970
88016
88025
88025
88026
88034
88038
88040
88042
88063
88068
88070
88071
88089
88090
88090
88092
88100
88103
88118
88121
88141
88145
88152
88153
88179
88180
88234
88234
88241
88261
88264
88273
88285
88296
88311
88314
88327
88327
88348
88356
88356
88369
88381
88404
88413
88437
88438
88444
88449
88452
88459
88494
88500
88504
88508
88520
88526
88539
88559
88563
88574
88580
88597
88604
88626
88643
88658
88677
88680
88696
88703
88735
88743
88754
88766
88770
88776
88783
88791
88794
88797
88801
88806
88811
88833
88846
88859
88869
88873
88873
88900
88920
88934
88938
88941
88949
88960
88977
89003
89029
89039
89083
89088
89088
89094
89104
89112
89117
89133
89145
89161
89170
89173
89175
89181
89192
89194
89196
89197
89214
89216
89222
89231
89231
89235
89236
89237
89256
89266
89269
89276
89285
89285
89287
89305
89310
89313
89354
89372
89385
89403
89411
89421
89429
89441
89464
89469
89469
89484
89486
89486
89489
89494
89502
89509
89511
89531
89543
89561
89565
89570
89571
89582
89589
89595
89597
89600
89608
89612
89626
89632
89655
89660
89666
89677
89681
89714
89719
89721
89722
89731
89739
89739
89750
89756
89776
89780
89788
89818
89819
89821
89840
89845
89883
89883
89899
89902
89909
89916
89927
89928
89929
89937
89945
89976
89977
89987
90015
90019
90032
90039
90067
90070
90077
90085
90090
90090
90100
90116
90118
90124
90151
90165
90174
90181
90184
90186
90220
90228
90260
90264
90272
90273
90283
90291
90301
90310
90327
90331
90336
90341
90352
90354
90364
90374
90380
90380
90383
90403
90415
90423
90431
90434
90441
90449
90453
90472
90478
90492
90497
90517
90528
90553
90565
90572
90578
90587
90603
90615
90616
90619
90626
90630
90642
90642
90643
90686
90689
90696
90705
90723
90724
90736
90748
90748
90751
90770
90771
90771
90781
90782
90800
90804
90852
90881
90897
90899
90910
90912
90913
90921
90944
90947
90958
90958
90964
90978
90997
91002
91004
91007
91010
91011
91027
91031
91060
91069
91083
91085
91089
91109
91113
91116
91118
91126
91132
91135
91136
91143
91143
91145
91168
91174
91184
91199
91202
91202
91210
91220
91220
91222
91231
91236
91271
91286
91306
91321
91324
91327
91332
91339
91357
91361
91362
91362
91363
91414
91436
91456
91463
91475
91479
91493
91501
91507
91512
91519
91519
91540
91547
91551
91562
91612
91616
91627
91628
91632
91634
91648
91649
91650
91657
91664
91671
91672
91678
91686
91690
91704
91708
91712
91723
91728
91739
91743
91773
91777
91778
91785
91787
91792
91798
91812
91815
91827
91833
91834
91835
91837
91847
91856
91857
91875
91876
91881
91886
91890
91890
91908
91914
91926
91934
91942
91943
91956
91983
91986
91988
91998
92026
92043
92054
92059
92063
92066
92071
92074
92077
92085
92101
92105
92128
92138
92143
92150
92151
92158
92172
92176
92176
92177
92179
92181
92192
92198
92204
92216
92217
92228
92231
92240
92279
92301
92311
92318
92337
92337
92356
92359
92367
92374
92381
92402
92407
92414
92415
92434
92459
92468
92478
92498
92511
92535
92541
92553
92566
92568
92571
92575
92578
92610
92613
92617
92633
92634
92636
92640
92656
92656
92673
92675
92677
92685
92689
92698
92715
92716
92721
92723
92752
92775
92782
92783
92803
92815
92815
92816
92825
92858
92865
92865
92875
92896
92902
92902
92902
92912
92926
92927
92937
92941
92955
92956
92957
92964
92971
93013
93038
93081
93092
93113
93115
93117
93119
93127
93141
93154
93180
93199
93201
93208
93227
93235
93246
93248
93253
93258
93261
93262
93265
93276
93278
93279
93283
93289
93300
93319
93320
93334
93357
93366
93369
93372
93373
93379
93382
93388
93390
93391
93402
93409
93422
93441
93459
93463
93485
93486
93487
93510
93521
93534
93539
93544
93562
93567
93570
93577
93620
93625
93626
93650
93656
93660
93664
93669
93687
93695
93717
93743
93748
93754
93759
93773
93788
93790
93794
93795
93798
93810
93817
93820
93824
93831
93832
93844
93850
93865
93866
93870
93890
93895
93900
93943
93943
93944
93949
93955
93965
93983
93989
93989
93990
94018
94029
94032
94040
94049
94052
94076
94090
94124
94125
94129
94149
94168
94174
94187
94189
94199
94205
94206
94235
94253
94259
94272
94276
94283
94301
94321
94322
94323
94336
94358
94359
94375
94390
94392
94407
94411
94421
94421
94438
94454
94456
94471
94480
94507
94523
94533
94568
94573
94593
94610
94616
94628
94632
94637
94645
94684
94687
94697
94698
94698
94715
94723
94723
94744
94762
94764
94773
94778
94780
94782
94786
94796
94796
94816
94833
94839
94843
94858
94879
94886
94903
94911
94922
94926
94946
94972
94985
95002
95012
95025
95048
95057
95091
95100
95150
95169
95173
95180
95195
95205
95236
95242
95247
95247
95260
95260
95283
95292
95301
95301
95309
95312
95314
95321
95331
95335
95350
95353
95355
95356
95356
95362
95375
95378
95382
95387
95394
95410
95413
95418
95429
95434
95434
95443
95449
95503
95519
95519
95520
95522
95526
95535
95544
95547
95547
95553
95557
95574
95597
95597
95603
95603
95609
95609
95610
95616
95620
95628
95643
95652
95654
95657
95657
95676
95694
95697
95697
95704
95710
95741
95758
95766
95771
95774
95775
95780
95792
95792
95798
95811
95837
95838
95840
95846
95855
95861
95865
95881
95887
95889
95908
95913
95919
95930
95948
95958
95961
95962
95964
95992
96004
96015
96027
96030
96058
96060
96070
96071
96091
96092
96108
96116
96126
96136
96142
96142
96155
96163
96179
96185
96201
96211
96218
96238
96259
96293
96316
96330
96341
96379
96383
96385
96396
96408
96414
96415
96423
96428
96429
96434
96444
96452
96458
96464
96466
96471
96477
96505
96506
96512
96520
96530
96531
96551
96556
96556
96557
96568
96570
96576
96598
96612
96638
96641
96660
96683
96684
96689
96690
96697
96715
96737
96739
96743
96746
96751
96753
96777
96788
96801
96809
96809
96837
96846
96858
96869
96883
96885
96897
96902
96913
96918
96942
96958
96963
96963
97003
97025
97033
97046
97050
97073
97073
97082
97083
97101
97113
97122
97140
97149
97172
97174
97188
97188
97188
97189
97208
97214
97218
97229
97247
97250
97266
97275
97277
97284
97295
97296
97301
97303
97313
97316
97329
97330
97362
97373
97377
97382
97400
97414
97421
97435
97452
97456
97460
97462
97468
97468
97470
97505
97508
97530
97549
97556
97565
97565
97569
97581
97607
97609
97613
97630
97644
97656
97657
97657
97660
97665
97675
97726
97732
97732
97735
97742
97748
97775
97789
97790
97794
97799
97802
97810
97810
97817
97819
97854
97867
97881
97884
97891
97931
97934
97956
97965
97967
97982
97983
97986
97997
98000
98032
98040
98072
98072
98082
98082
98090
98090
98096
98104
98118
98118
98147
98168
98195
98202
98203
98210
98210
98225
98228
98229
98255
98268
98272
98278
98280
98289
98295
98356
98382
98391
98405
98443
98457
98461
98466
98467
98473
98477
98502
98516
98533
98559
98561
98566
98569
98571
98580
98589
98594
98616
98628
98666
98668
98674
98677
98677
98693
98702
98709
98730
98749
98753
98763
98771
98782
98784
98794
98800
98810
98820
98824
98827
98827
98827
98828
98840
98850
98861
98862
98893
98895
98904
98918
98918
98964
98967
98976
98980
98982
98994
99007
99008
99015
99023
99027
99033
99034
99035
99043
99061
99114
99120
99125
99132
99139
99145
99157
99159
99181
99193
99199
99204
99209
99225
99237
99239
99253
99258
99289
99294
99300
99301
99310
99332
99333
99340
99340
99341
99379
99387
99409
99420
99442
99448
99451
99455
99455
99458
99469
99497
99510
99511
99525
99528
99530
99538
99538
99539
99567
99570
99604
99610
99613
99621
99649
99651
99665
99677
99684
99692
99725
99727
99729
99745
99754
99756
99783
99786
99804
99822
99838
99842
99849
99898
99901
99902
99916
99925
99944
99952
99960
99962
