11
20
41
47
91
96
118
131
136
143
162
169
191
198
203
207
215
223
227
256
264
271
275
282
293
311
335
337
340
346
356
362
367
375
390
399
439
441
442
452
470
476
480
488
521
522
528
540
548
550
550
557
569
576
583
587
588
610
618
657
660
666
683
686
693
713
766
781
794
799
829
832
854
887
888
889
903
907
917
918
944
945
984
986
996
1025
1032
1037
1060
1072
1096
1096
1100
1105
1122
1132
1143
1153
1160
1167
1171
1172
1177
1181
1183
1184
1186
1188
1196
1206
1242
1248
1260
1267
1291
1306
1308
1319
1319
1327
1338
1347
1362
1365
1381
1411
1421
1422
1434
1443
1445
1464
1470
1479
1481
1488
1498
1509
1525
1548
1551
1553
1557
1559
1560
1564
1589
1592
1623
1629
1699
1704
1727
1739
1760
1781
1790
1825
1828
1838
1847
1888
1888
1896
1905
1914
1918
1926
1930
1952
1955
2000
2017
2043
2044
2044
2060
2090
2100
2104
2110
2116
2118
2130
2133
2138
2141
2151
2152
2155
2168
2168
2182
2189
2196
2209
2240
2253
2269
2272
2276
2291
2300
2311
2313
2316
2316
2317
2331
2331
2334
2342
2351
2356
2359
2362
2363
2402
2404
2433
2436
2438
2443
2454
2454
2456
2462
2466
2472
2473
2479
2481
2516
2518
2525
2535
2536
2546
2557
2566
2588
2600
2602
2606
2622
2623
2626
2648
2653
2655
2665
2667
2678
2688
2704
2707
2716
2737
2745
2760
2767
2770
2775
2817
2857
2861
2867
2868
2870
2898
2908
2919
2924
2933
2956
2964
2976
2979
2984
3002
3012
3050
3058
3063
3089
3091
3103
3109
3141
3141
3147
3151
3160
3163
3183
3213
3217
3224
3241
3290
3318
3328
3331
3334
3342
3349
3359
3374
3378
3380
3391
3404
3412
3417
3418
3419
3422
3425
3451
3478
3488
3502
3507
3514
3535
3576
3585
3594
3601
3618
3620
3635
3636
3648
3649
3672
3682
3683
3693
3711
3720
3756
3762
3763
3800
3809
3821
3828
3847
3887
3893
3901
3914
3917
3922
3926
3935
3946
3947
3960
3966
3968
3968
4004
4017
4022
4023
4024
4032
4046
4047
4059
4068
4082
4112
4121
4129
4132
4141
4145
4145
4161
4190
4195
4218
4248
4263
4271
4283
4285
4286
4290
4295
4331
4333
4334
4340
4344
4359
4366
4377
4416
4418
4422
4426
4432
4443
4467
4467
4469
4470
4486
4502
4503
4515
4521
4527
4536
4582
4588
4607
4624
4661
4663
4674
4677
4677
4695
4704
4706
4709
4735
4740
4754
4756
4757
4757
4767
4776
4784
4790
4793
4795
4800
4805
4808
4835
4843
4857
4858
4860
4880
4882
4891
4892
4905
4905
4921
4921
4935
4943
4946
4953
4956
4967
4980
4985
4990
4991
4998
5006
5018
5021
5024
5024
5066
5068
5083
5096
5104
5104
5115
5135
5135
5156
5168
5170
5181
5183
5187
5202
5203
5203
5209
5209
5222
5226
5231
5243
5271
5284
5290
5291
5306
5306
5331
5333
5337
5341
5343
5356
5365
5366
5378
5383
5386
5405
5431
5433
5456
5525
5531
5538
5541
5542
5544
5549
5575
5577
5600
5611
5615
5639
5644
5659
5691
5695
5699
5704
5704
5740
5748
5759
5766
5783
5799
5805
5813
5824
5825
5848
5855
5871
5931
5939
5961
5974
5991
6015
6033
6052
6055
6072
6076
6102
6111
6116
6132
6142
6144
6168
6182
6194
6208
6231
6242
6243
6270
6270
6274
6276
6284
6296
6309
6325
6339
6358
6366
6367
6370
6400
6410
6422
6432
6437
6446
6447
6471
6480
6489
6494
6495
6499
6526
6526
6529
6544
6553
6554
6582
6610
6631
6637
6653
6691
6699
6699
6701
6705
6723
6732
6755
6763
6770
6771
6780
6787
6788
6792
6793
6802
6802
6805
6806
6825
6825
6830
6845
6876
6880
6882
6897
6918
6934
6966
6971
6978
6988
6990
6998
7003
7014
7016
7024
7031
7045
7052
7071
7082
7084
7100
7101
7104
7107
7122
7134
7134
7134
7150
7152
7168
7168
7196
7221
7225
7227
7236
7237
7255
7297
7329
7340
7375
7376
7385
7402
7436
7494
7516
7519
7520
7534
7543
7544
7577
7581
7610
7621
7624
7636
7637
7638
7644
7651
7657
7672
7681
7687
7698
7702
7710
7721
7729
7753
7760
7771
7791
7795
7803
7806
7876
7882
7888
7905
7909
7911
7922
7936
7938
7947
7951
7959
7967
7967
7971
7972
7973
7979
8015
8028
8032
8034
8035
8035
8038
8041
8044
8058
8059
8065
8080
8080
8096
8097
8106
8116
8118
8129
8135
8136
8150
8150
8159
8171
8171
8182
8184
8192
8194
8195
8197
8203
8212
8212
8234
8237
8241
8241
8260
8271
8276
8292
8297
8322
8323
8326
8338
8344
8359
8378
8384
8385
8403
8433
8443
8453
8485
8502
8509
8547
8548
8578
8586
8587
8592
8597
8618
8632
8642
8645
8655
8659
8661
8665
8666
8686
8704
8722
8731
8747
8772
8777
8783
8786
8806
8811
8811
8819
8820
8820
8859
8861
8889
8890
8892
8896
8906
8912
8912
8917
8926
8933
8933
8935
8936
8952
8960
8981
8989
8991
8993
9003
9010
9021
9035
9040
9040
9045
9074
9091
9112
9119
9136
9139
9153
9154
9185
9188
9212
9215
9227
9268
9276
9286
9288
9295
9298
9323
9324
9336
9338
9346
9346
9353
9366
9376
9386
9397
9432
9436
9483
9487
9488
9512
9525
9526
9534
9534
9542
9547
9547
9556
9562
9564
9566
9580
9618
9630
9655
9660
9660
9663
9679
9700
9732
9746
9788
9829
9836
9854
9859
9886
9901
9920
9948
9989
9993
9996
10017
10028
10032
10038
10083
10099
10112
10120
10122
10125
10133
10169
10182
10200
10201
10225
10227
10258
10273
10280
10281
10287
10288
10291
10294
10296
10299
10311
10313
10328
10335
10338
10343
10352
10373
10386
10395
10399
10399
10401
10439
10439
10445
10449
10458
10461
10461
10465
10486
10490
10496
10508
10509
10540
10551
10552
10585
10593
10608
10628
10628
10637
10647
10662
10674
10674
10676
10683
10684
10708
10711
10715
10725
10759
10764
10765
10778
10788
10794
10799
10802
10812
10846
10856
10861
10904
10925
10926
10933
10936
10945
10952
10963
10972
10989
10994
11019
11020
11025
11048
11067
11067
11073
11089
11120
11147
11154
11154
11178
11180
11185
11187
11207
11207
11208
11212
11217
11226
11241
11245
11245
11250
11269
11274
11282
11285
11291
11293
11328
11335
11345
11346
11354
11400
11413
11416
11419
11420
11421
11430
11434
11436
11438
11443
11444
11471
11474
11494
11505
11519
11526
11542
11562
11569
11577
11618
11625
11634
11635
11640
11654
11656
11680
11688
11688
11703
11704
11713
11713
11720
11743
11751
11758
11777
11785
11796
11796
11797
11808
11831
11839
11839
11843
11860
11887
11890
11914
11931
11933
11941
11951
11963
11986
12021
12045
12076
12081
12093
12096
12099
12101
12113
12124
12124
12132
12136
12136
12146
12160
12161
12169
12189
12210
12241
12248
12249
12286
12306
12314
12321
12323
12328
12332
12343
12343
12351
12356
12376
12383
12408
12428
12434
12437
12472
12482
12486
12486
12494
12503
12508
12516
12529
12549
12573
12576
12593
12599
12601
12620
12636
12638
12660
12679
12684
12694
12697
12702
12707
12718
12721
12742
12749
12752
12761
12773
12791
12791
12798
12842
12842
12844
12846
12858
12889
12904
12910
12913
12923
12936
12937
12943
12943
12959
12967
12969
12976
13005
13007
13007
13028
13065
13074
13101
13116
13121
13162
13164
13165
13167
13172
13177
13177
13183
13193
13208
13213
13225
13226
13238
13253
13261
13272
13282
13302
13327
13342
13352
13358
13374
13377
13379
13399
13402
13431
13441
13444
13460
13468
13471
13512
13522
13539
13546
13571
13587
13599
13624
13628
13646
13649
13663
13664
13666
13698
13699
13702
13704
13726
13727
13731
13739
13755
13758
13761
13816
13837
13846
13849
13869
13871
13873
13879
13881
13906
13915
13917
13925
13942
13942
13965
13967
13975
13984
14006
14010
14017
14033
14049
14050
14059
14072
14074
14075
14082
14084
14103
14111
14114
14141
14173
14182
14186
14193
14194
14197
14218
14230
14242
14268
14273
14275
14293
14295
14319
14352
14356
14357
14367
14375
14410
14416
14426
14467
14482
14487
14499
14514
14528
14529
14535
14536
14546
14556
14558
14572
14573
14587
14592
14598
14617
14618
14619
14638
14641
14646
14665
14667
14672
14711
14730
14735
14748
14749
14792
14797
14804
14814
14843
14849
14858
14859
14861
14868
14873
14877
14885
14916
14931
14970
14972
14972
14972
14981
14988
14997
15017
15020
15038
15057
15065
15066
15075
15077
15087
15089
15094
15100
15101
15123
15124
15127
15128
15128
15156
15161
15163
15174
15182
15189
15203
15209
15235
15278
15288
15311
15340
15345
15348
15379
15385
15403
15412
15414
15419
15435
15448
15448
15468
15478
15481
15483
15486
15495
15498
15545
15552
15557
15573
15578
15578
15580
15581
15592
15621
15628
15633
15649
15650
15665
15673
15698
15698
15698
15699
15709
15732
15739
15750
15754
15776
15777
15804
15809
15815
15842
15847
15849
15861
15878
15903
15905
15909
15913
15926
15933
15934
15944
15964
15968
16002
16013
16024
16029
16044
16048
16059
16077
16078
16085
16108
16116
16120
16131
16145
16155
16163
16180
16190
16202
16203
16233
16252
16280
16289
16308
16318
16326
16328
16330
16338
16339
16343
16350
16373
16398
16404
16413
16432
16439
16439
16447
16448
16449
16452
16454
16462
16483
16492
16498
16510
16527
16537
16545
16548
16548
16549
16561
16579
16591
16610
16613
16629
16638
16655
16661
16682
16682
16704
16708
16710
16719
16750
16752
16761
16762
16768
16796
16806
16810
16812
16819
16838
16842
16844
16845
16866
16879
16881
16887
16891
16901
16911
16918
16927
16928
16932
16940
16942
16942
16947
16952
16966
16972
16976
16994
16995
17010
17015
17017
17024
17027
17037
17037
17046
17081
17082
17108
17109
17122
17125
17133
17148
17156
17175
17184
17189
17198
17205
17208
17209
17212
17213
17256
17292
17292
17295
17303
17303
17329
17341
17352
17353
17359
17367
17381
17397
17398
17400
17405
17409
17409
17416
17416
17417
17421
17421
17425
17427
17436
17437
17437
17438
17452
17488
17501
17539
17545
17546
17562
17574
17576
17581
17586
17599
17607
17610
17618
17663
17687
17710
17710
17716
17734
17746
17766
17777
17782
17804
17829
17844
17863
17866
17875
17901
17901
17917
17917
17919
17922
17925
17927
17931
17942
17943
17951
17953
17953
17955
17972
17973
17974
17978
17996
18000
18029
18042
18052
18065
18069
18078
18149
18168
18169
18170
18171
18174
18181
18188
18192
18208
18212
18258
18260
18312
18315
18326
18333
18336
18359
18370
18372
18383
18395
18398
18410
18426
18436
18456
18463
18463
18466
18479
18485
18492
18492
18493
18498
18509
18512
18513
18530
18549
18554
18560
18561
18562
18566
18572
18572
18593
18606
18609
18613
18618
18625
18628
18645
18650
18661
18662
18676
18708
18709
18737
18746
18790
18795
18825
18847
18850
18851
18863
18866
18872
18886
18889
18910
18915
18921
18943
18963
18964
18977
19003
19027
19032
19037
19040
19047
19050
19061
19077
19084
19099
19121
19121
19129
19140
19143
19151
19160
19162
19163
19187
19194
19200
19211
19226
19233
19238
19243
19246
19258
19262
19268
19289
19295
19297
19313
19318
19319
19322
19325
19326
19342
19348
19355
19356
19358
19372
19389
19398
19401
19413
19420
19429
19432
19441
19451
19452
19455
19458
19467
19497
19504
19517
19537
19538
19543
19553
19579
19580
19622
19634
19649
19651
19653
19693
19701
19704
19705
19707
19713
19714
19728
19735
19754
19785
19801
19815
19823
19840
19852
19876
19879
19891
19895
19895
19927
19931
19947
19956
19958
19964
19980
19985
19987
19987
19994
20001
20017
20024
20040
20051
20063
20105
20128
20136
20159
20159
20159
20161
20168
20172
20181
20191
20194
20197
20213
20218
20220
20227
20230
20254
20287
20292
20304
20322
20326
20328
20337
20337
20339
20353
20356
20361
20378
20381
20381
20383
20390
20392
20393
20399
20410
20416
20446
20447
20455
20460
20462
20469
20502
20510
20513
20514
20514
20516
20538
20539
20547
20549
20568
20568
20573
20590
20607
20609
20612
20613
20641
20642
20658
20678
20685
20688
20691
20706
20757
20762
20770
20798
20800
20811
20814
20829
20839
20857
20857
20887
20896
20901
20904
20917
20919
20923
20940
20964
20967
20976
20986
20987
20991
21010
21021
21038
21051
21057
21063
21068
21078
21080
21090
21114
21115
21116
21123
21133
21136
21162
21166
21170
21172
21187
21189
21192
21195
21221
21222
21223
21238
21238
21241
21248
21251
21283
21293
21296
21318
21335
21353
21386
21392
21403
21424
21438
21453
21459
21466
21479
21488
21492
21504
21512
21518
21518
21519
21556
21562
21574
21575
21584
21586
21605
21606
21612
21615
21700
21702
21735
21756
21800
21805
21843
21871
21880
21882
21891
21900
21900
21905
21907
21941
21942
21948
21965
21977
21987
21988
22005
22022
22024
22039
22072
22080
22082
22084
22094
22112
22123
22145
22152
22170
22177
22192
22212
22227
22242
22267
22268
22296
22305
22313
22318
22326
22333
22398
22411
22416
22421
22428
22443
22450
22451
22464
22475
22475
22490
22496
22505
22510
22543
22549
22563
22585
22592
22592
22596
22608
22613
22614
22623
22625
22642
22657
22668
22668
22684
22690
22691
22702
22720
22723
22753
22763
22778
22784
22794
22804
22816
22818
22829
22830
22835
22840
22858
22864
22873
22874
22879
22880
22884
22896
22909
22909
22945
22951
22956
22959
22960
22966
22970
22973
22976
22989
23037
23040
23055
23058
23064
23068
23083
23087
23100
23100
23105
23124
23130
23132
23133
23133
23159
23184
23202
23214
23221
23227
23248
23254
23266
23283
23293
23302
23303
23318
23323
23324
23330
23344
23362
23384
23388
23403
23411
23415
23447
23461
23461
23462
23467
23472
23485
23501
23506
23511
23529
23530
23536
23545
23545
23548
23555
23579
23588
23590
23609
23628
23640
23641
23662
23681
23713
23718
23724
23734
23756
23758
23770
23804
23827
23854
23860
23864
23884
23896
23918
23927
23937
23943
23943
23950
24008
24019
24020
24020
24025
24029
24052
24090
24117
24135
24148
24164
24169
24183
24202
24213
24225
24239
24246
24267
24269
24284
24287
24294
24303
24311
24313
24324
24337
24340
24343
24344
24345
24345
24375
24376
24378
24389
24403
24405
24416
24425
24442
24444
24444
24455
24473
24473
24474
24479
24489
24490
24491
24503
24513
24539
24545
24546
24572
24595
24601
24602
24606
24609
24639
24640
24670
24703
24705
24706
24707
24708
24710
24744
24758
24768
24771
24778
24788
24790
24794
24797
24798
24805
24806
24809
24818
24825
24830
24830
24871
24895
24896
24909
24920
24925
24928
24930
24938
24940
24942
24955
24969
24993
24994
25007
25007
25018
25031
25047
25068
25079
25081
25103
25114
25124
25151
25167
25170
25170
25173
25178
25183
25189
25198
25205
25212
25222
25230
25232
25239
25245
25255
25259
25268
25274
25281
25309
25309
25323
25323
25326
25330
25331
25331
25360
25384
25394
25412
25431
25440
25456
25462
25475
25481
25483
25484
25485
25490
25496
25500
25504
25507
25522
25527
25537
25556
25559
25575
25608
25659
25664
25680
25714
25718
25737
25738
25744
25751
25752
25753
25759
25778
25798
25799
25803
25805
25819
25822
25835
25839
25851
25852
25858
25878
25880
25896
25896
25930
25932
25936
25941
25948
25960
25964
25981
25990
25991
26003
26011
26020
26026
26029
26047
26053
26088
26088
26099
26102
26128
26141
26176
26180
26206
26237
26243
26245
26249
26257
26269
26269
26280
26295
26305
26311
26313
26316
26329
26335
26358
26369
26372
26377
26384
26409
26421
26436
26452
26453
26522
26535
26549
26559
26568
26571
26572
26581
26593
26600
26604
26609
26613
26616
26626
26632
26656
26659
26712
26726
26728
26736
26747
26756
26760
26760
26792
26805
26807
26812
26830
26835
26854
26859
26859
26873
26876
26877
26882
26888
26896
26897
26900
26907
26913
26915
26927
26940
26941
26941
26981
26988
26998
27014
27014
27018
27018
27034
27049
27057
27086
27089
27104
27117
27118
27126
27158
27158
27184
27191
27213
27220
27225
27235
27249
27250
27280
27287
27292
27298
27333
27351
27358
27361
27363
27379
27395
27403
27404
27427
27449
27462
27493
27494
27496
27500
27503
27510
27519
27521
27565
27573
27575
27577
27578
27581
27596
27620
27638
27647
27650
27651
27664
27670
27673
27680
27692
27714
27721
27724
27731
27749
27751
27782
27784
27792
27806
27822
27823
27824
27825
27835
27873
27879
27881
27884
27906
27907
27915
27936
27981
27989
28014
28016
28018
28026
28035
28048
28088
28102
28140
28162
28179
28181
28243
28246
28251
28253
28261
28288
28303
28325
28345
28365
28365
28370
28372
28390
28398
28435
28435
28471
28486
28490
28493
28493
28499
28503
28508
28536
28538
28540
28559
28564
28572
28621
28635
28656
28669
28681
28687
28693
28709
28714
28754
28755
28805
28810
28814
28852
28853
28858
28868
28892
28899
28919
28921
28928
28933
28962
28964
28986
28992
29024
29026
29042
29053
29062
29091
29100
29121
29132
29137
29138
29138
29146
29154
29180
29197
29205
29209
29226
29231
29244
29254
29260
29263
29283
29316
29322
29322
29326
29341
29342
29362
29386
29387
29417
29443
29447
29450
29453
29456
29475
29487
29493
29494
29495
29506
29509
29517
29518
29528
29530
29534
29546
29550
29565
29578
29581
29594
29602
29604
29604
29607
29613
29618
29636
29662
29664
29666
29674
29678
29681
29696
29702
29705
29706
29711
29726
29738
29770
29779
29787
29798
29798
29800
29807
29807
29809
29828
29854
29854
29857
29872
29876
29888
29902
29903
29919
29923
29937
29947
29953
29955
29957
29961
29971
30011
30018
30029
30037
30079
30079
30081
30081
30101
30106
30112
30114
30149
30153
30159
30159
30179
30181
30200
30207
30216
30220
30224
30232
30240
30252
30270
30276
30277
30288
30290
30309
30313
30324
30325
30326
30344
30345
30345
30349
30354
30364
30368
30368
30368
30369
30374
30386
30387
30394
30397
30408
30414
30430
30452
30456
30495
30497
30505
30528
30540
30542
30550
30551
30583
30596
30598
30624
30626
30651
30660
30673
30679
30696
30696
30699
30711
30731
30735
30748
30753
30762
30772
30830
30840
30843
30846
30854
30858
30872
30907
30915
30923
30925
30929
30935
30938
30945
30949
30949
30960
30962
30970
30974
30985
30990
30991
30994
31005
31018
31022
31034
31051
31056
31068
31091
31100
31101
31109
31110
31128
31137
31142
31149
31150
31155
31155
31211
31220
31224
31237
31267
31277
31287
31290
31292
31296
31303
31305
31335
31375
31393
31400
31401
31417
31424
31427
31436
31448
31454
31459
31460
31469
31471
31476
31476
31486
31493
31507
31509
31517
31528
31538
31547
31566
31567
31574
31590
31603
31608
31611
31631
31637
31638
31649
31661
31666
31673
31684
31692
31694
31696
31710
31711
31729
31746
31751
31766
31778
31805
31818
31821
31838
31849
31864
31868
31885
31887
31897
31913
31913
31949
31962
31969
31974
31980
31986
31996
32018
32022
32048
32048
32048
32050
32053
32084
32091
32096
32100
32104
32133
32138
32142
32182
32186
32207
32210
32229
32230
32240
32253
32256
32259
32264
32274
32282
32286
32303
32320
32333
32341
32369
32370
32374
32392
32396
32400
32413
32434
32434
32440
32448
32452
32459
32489
32490
32499
32500
32507
32512
32522
32530
32570
32602
32603
32605
32611
32613
32617
32618
32632
32635
32640
32642
32657
32658
32665
32689
32719
32739
32739
32744
32750
32756
32766
32767
32781
32782
32783
32789
32791
32799
32804
32816
32820
32835
32855
32863
32866
32881
32902
32905
32928
32948
32969
32975
32984
33001
33002
33011
33013
33014
33015
33020
33025
33041
33042
33052
33083
33093
33095
33125
33131
33135
33143
33157
33173
33183
33188
33198
33199
33219
33233
33235
33247
33251
33266
33268
33277
33283
33298
33298
33301
33331
33353
33378
33384
33408
33426
33426
33439
33447
33459
33462
33463
33479
33491
33495
33510
33517
33533
33534
33542
33555
33556
33588
33598
33605
33610
33626
33633
33633
33642
33656
33657
33657
33667
33668
33670
33672
33676
33695
33699
33736
33743
33743
33750
33758
33758
33781
33790
33790
33793
33801
33803
33805
33811
33816
33824
33829
33840
33878
33899
33909
33911
33931
33933
33955
33957
33979
34033
34040
34053
34053
34058
34066
34080
34095
34102
34106
34117
34131
34163
34171
34179
34181
34194
34197
34200
34204
34211
34212
34215
34224
34224
34233
34234
34237
34247
34251
34257
34267
34268
34300
34301
34302
34311
34318
34321
34354
34357
34374
34375
34378
34385
34389
34395
34397
34465
34465
34483
34486
34495
34505
34510
34511
34520
34562
34575
34576
34583
34591
34619
34620
34633
34634
34638
34639
34674
34693
34695
34702
34738
34740
34749
34754
34761
34774
34783
34786
34799
34811
34818
34832
34840
34841
34844
34858
34864
34869
34879
34881
34889
34954
34955
34967
34974
34977
34987
35010
35014
35037
35037
35042
35043
35051
35064
35075
35075
35076
35076
35079
35086
35111
35149
35169
35173
35182
35189
35208
35219
35242
35244
35254
35262
35265
35275
35290
35295
35306
35322
35323
35326
35344
35356
35381
35388
35408
35414
35415
35422
35435
35458
35468
35474
35476
35479
35484
35488
35489
35510
35554
35555
35566
35595
35610
35656
35660
35681
35683
35689
35695
35704
35712
35714
35717
35723
35747
35766
35773
35784
35791
35802
35807
35811
35815
35844
35847
35851
35851
35865
35884
35892
35899
35903
35913
35931
35972
35973
35974
35976
35977
35977
35996
35996
36006
36039
36044
36048
36050
36053
36054
36058
36058
36066
36069
36109
36111
36113
36123
36126
36154
36154
36158
36172
36229
36231
36237
36251
36256
36261
36308
36328
36362
36368
36385
36387
36390
36404
36435
36443
36470
36486
36488
36490
36502
36510
36519
36520
36531
36532
36538
36540
36541
36549
36553
36557
36563
36567
36575
36580
36581
36584
36597
36600
36602
36611
36622
36632
36659
36662
36668
36679
36684
36702
36703
36745
36799
36804
36805
36817
36832
36839
36842
36846
36854
36859
36864
36906
36921
36933
36934
36941
36947
36950
36962
36969
36969
36969
36974
37007
37031
37033
37035
37071
37071
37075
37080
37091
37105
37108
37108
37113
37119
37119
37145
37165
37182
37209
37210
37212
37235
37236
37252
37254
37264
37271
37275
37280
37305
37318
37324
37324
37332
37335
37340
37355
37356
37358
37372
37378
37383
37387
37391
37394
37419
37429
37456
37464
37505
37518
37567
37584
37595
37604
37607
37610
37622
37625
37628
37654
37671
37683
37687
37693
37694
37698
37700
37703
37716
37719
37727
37746
37761
37772
37776
37789
37792
37798
37815
37828
37839
37846
37854
37874
37884
37889
37931
37950
37950
37955
37956
37965
37982
37986
37996
38000
38009
38035
38052
38063
38064
38091
38096
38099
38108
38118
38122
38125
38128
38137
38144
38144
38160
38162
38171
38187
38190
38190
38202
38210
38213
38214
38225
38235
38236
38239
38243
38247
38254
38268
38269
38288
38303
38311
38312
38317
38319
38320
38342
38348
38349
38351
38365
38367
38402
38406
38415
38428
38434
38448
38466
38472
38496
38501
38510
38516
38526
38542
38550
38559
38579
38603
38616
38620
38621
38625
38683
38684
38686
38703
38707
38730
38737
38755
38757
38773
38776
38782
38791
38793
38793
38796
38799
38805
38822
38828
38842
38862
38863
38865
38867
38868
38882
38896
38900
38902
38935
38955
38955
38970
38983
38997
39001
39006
39009
39038
39060
39064
39069
39078
39078
39080
39091
39092
39097
39099
39101
39111
39122
39124
39146
39157
39165
39211
39239
39242
39247
39254
39261
39261
39272
39281
39285
39288
39290
39298
39301
39301
39318
39321
39325
39351
39353
39364
39370
39392
39407
39408
39426
39433
39435
39462
39474
39474
39477
39479
39481
39484
39486
39508
39518
39531
39532
39547
39552
39554
39572
39575
39576
39585
39592
39602
39604
39610
39617
39624
39638
39655
39655
39673
39705
39711
39713
39714
39714
39714
39718
39721
39721
39742
39760
39760
39761
39781
39805
39809
39831
39841
39843
39861
39877
39890
39930
39943
39946
39964
39992
39994
39996
40000
40014
40020
40022
40036
40065
40105
40124
40151
40164
40195
40207
40214
40226
40270
40272
40292
40300
40308
40319
40328
40335
40341
40347
40354
40359
40363
40365
40367
40371
40382
40389
40406
40420
40425
40448
40455
40456
40470
40474
40496
40496
40523
40531
40541
40546
40555
40579
40581
40581
40600
40609
40609
40615
40622
40637
40663
40665
40671
40673
40680
40683
40716
40726
40766
40784
40786
40810
40818
40829
40857
40876
40892
40893
40907
40910
40942
40954
40971
40975
41007
41035
41052
41054
41074
41075
41076
41115
41124
41126
41129
41131
41132
41144
41153
41160
41197
41206
41215
41215
41232
41238
41242
41244
41247
41255
41269
41275
41276
41281
41288
41293
41293
41293
41297
41298
41307
41329
41331
41345
41357
41363
41368
41370
41385
41385
41398
41422
41424
41425
41425
41446
41463
41475
41503
41552
41557
41559
41613
41638
41653
41654
41656
41660
41665
41673
41673
41692
41705
41714
41730
41740
41746
41749
41753
41759
41772
41775
41782
41785
41785
41798
41804
41813
41819
41821
41824
41825
41829
41836
41843
41865
41867
41883
41885
41899
41901
41902
41932
41935
41941
41955
41965
41977
41982
42000
42000
42007
42016
42031
42056
42061
42066
42076
42077
42111
42114
42122
42128
42130
42148
42161
42189
42221
42240
42242
42243
42245
42258
42261
42263
42268
42276
42286
42288
42301
42304
42327
42343
42347
42347
42353
42357
42368
42381
42390
42414
42423
42427
42431
42437
42442
42444
42484
42499
42504
42522
42539
42540
42542
42543
42544
42585
42597
42601
42620
42620
42632
42633
42657
42685
42688
42696
42708
42710
42719
42748
42750
42768
42768
42772
42773
42795
42795
42809
42813
42835
42836
42857
42862
42868
42873
42874
42909
42910
42915
42921
42933
42937
42989
42990
43023
43032
43033
43113
43114
43144
43150
43178
43187
43187
43196
43222
43224
43238
43255
43263
43263
43269
43281
43290
43319
43330
43331
43339
43342
43353
43363
43375
43378
43380
43387
43389
43395
43395
43406
43429
43430
43451
43458
43471
43479
43489
43504
43526
43532
43537
43548
43553
43574
43582
43618
43629
43632
43669
43691
43702
43704
43717
43725
43745
43752
43765
43771
43839
43839
43844
43869
43887
43898
43943
43958
43958
43967
44003
44023
44029
44048
44049
44063
44067
44080
44107
44113
44133
44152
44157
44167
44174
44182
44213
44215
44225
44232
44250
44258
44295
44310
44314
44315
44320
44338
44346
44361
44362
44367
44368
44370
44375
44376
44382
44384
44384
44403
44439
44456
44465
44465
44469
44485
44524
44544
44563
44565
44568
44577
44593
44595
44597
44598
44604
44605
44658
44668
44677
44684
44685
44696
44701
44705
44728
44736
44741
44751
44766
44771
44774
44782
44798
44801
44811
44813
44817
44824
44833
44848
44861
44861
44867
44881
44892
44900
44911
44950
44964
44976
44993
45001
45051
45062
45069
45075
45086
45108
45117
45125
45125
45167
45185
45185
45197
45231
45237
45242
45248
45250
45254
45262
45265
45276
45280
45285
45290
45292
45302
45312
45314
45315
45325
45349
45357
45358
45377
45392
45400
45405
45409
45414
45419
45419
45428
45430
45463
45475
45485
45488
45488
45534
45540
45573
45613
45622
45624
45628
45643
45659
45667
45670
45685
45692
45694
45695
45712
45712
45723
45735
45750
45758
45767
45775
45793
45798
45801
45841
45847
45849
45879
45883
45919
45938
45939
45946
45952
45958
45958
46009
46009
46034
46052
46060
46086
46087
46102
46103
46104
46113
46118
46125
46129
46149
46151
46153
46154
46159
46161
46178
46183
46185
46213
46226
46232
46244
46248
46252
46257
46272
46289
46296
46296
46330
46332
46336
46339
46352
46357
46367
46383
46386
46388
46399
46416
46425
46425
46443
46448
46464
46468
46469
46471
46487
46492
46501
46513
46513
46555
46559
46573
46575
46603
46616
46643
46674
46685
46687
46716
46732
46744
46746
46784
46792
46798
46798
46800
46810
46811
46820
46823
46831
46836
46846
46867
46870
46872
46905
46911
46917
46918
46919
46928
46938
46956
46957
46960
46960
46976
46978
46986
46997
47020
47023
47033
47040
47058
47068
47073
47088
47100
47104
47106
47109
47115
47127
47141
47149
47151
47151
47165
47169
47174
47178
47191
47222
47236
47236
47238
47251
47262
47263
47264
47268
47279
47280
47287
47295
47304
47333
47333
47344
47349
47371
47382
47387
47405
47421
47444
47446
47459
47471
47483
47500
47503
47504
47512
47525
47527
47532
47537
47545
47551
47553
47555
47560
47560
47564
47579
47581
47587
47596
47601
47609
47622
47625
47678
47680
47691
47698
47701
47703
47720
47721
47723
47726
47783
47788
47789
47791
47795
47796
47801
47812
47816
47837
47859
47879
47888
47900
47915
47930
47941
47948
47958
47959
47966
47967
47969
47979
47980
47985
48012
48013
48018
48034
48037
48074
48083
48087
48088
48095
48095
48098
48113
48130
48148
48149
48150
48165
48196
48208
48224
48233
48270
48274
48276
48307
48311
48315
48321
48324
48330
48332
48334
48347
48357
48374
48377
48386
48438
48448
48449
48458
48465
48465
48469
48493
48494
48508
48514
48515
48520
48541
48554
48600
48601
48604
48605
48622
48625
48635
48649
48654
48656
48663
48678
48679
48683
48694
48712
48719
48736
48746
48760
48763
48783
48790
48802
48802
48860
48863
48872
48880
48885
48891
48901
48916
48930
48931
48937
48952
48963
48965
48977
48989
48994
49068
49073
49081
49107
49118
49120
49124
49133
49136
49140
49157
49175
49188
49196
49208
49216
49225
49227
49227
49227
49234
49260
49283
49298
49302
49307
49312
49315
49320
49334
49340
49340
49340
49342
49359
49372
49377
49380
49390
49391
49398
49399
49419
49423
49451
49462
49470
49479
49514
49519
49547
49551
49554
49563
49575
49580
49586
49626
49639
49669
49670
49671
49704
49706
49714
49715
49724
49736
49741
49750
49760
49761
49773
49801
49803
49841
49843
49844
49848
49861
49862
49867
49895
49899
49900
49907
49918
49922
49924
49930
49932
49945
49964
49977
49986
50014
50018
50030
50031
50035
50041
50042
50043
50057
50092
50096
50098
50105
50116
50119
50122
50128
50129
50144
50153
50170
50172
50183
50192
50203
50222
50224
50227
50232
50236
50236
50252
50274
50279
50328
50331
50334
50340
50352
50370
50391
50394
50438
50451
50451
50463
50468
50471
50471
50476
50480
50482
50488
50492
50504
50524
50534
50538
50543
50550
50553
50565
50570
50583
50585
50611
50619
50622
50642
50648
50654
50661
50663
50677
50719
50721
50724
50725
50732
50735
50749
50753
50755
50757
50783
50793
50796
50799
50805
50810
50821
50829
50846
50864
50865
50875
50889
50896
50905
50912
50913
50930
50952
50959
50971
50987
50995
51001
51001
51006
51020
51030
51033
51035
51051
51053
51057
51059
51065
51096
51101
51112
51113
51128
51133
51135
51158
51185
51187
51198
51198
51206
51217
51220
51220
51238
51239
51240
51241
51260
51262
51266
51283
51330
51334
51343
51357
51376
51376
51377
51385
51388
51393
51407
51415
51418
51432
51437
51438
51443
51456
51460
51465
51473
51474
51481
51526
51529
51538
51552
51561
51562
51562
51575
51579
51618
51622
51635
51643
51650
51655
51662
51666
51674
51680
51681
51695
51696
51697
51697
51716
51723
51754
51758
51761
51762
51765
51770
51781
51790
51802
51808
51817
51824
51827
51833
51847
51857
51869
51873
51873
51876
51889
51920
51923
51935
51937
51941
51960
51981
51995
51996
52011
52013
52023
52028
52033
52060
52067
52068
52071
52094
52100
52103
52104
52156
52177
52186
52190
52198
52201
52201
52201
52212
52218
52226
52250
52258
52259
52263
52291
52297
52302
52310
52310
52325
52332
52339
52359
52371
52381
52388
52389
52393
52413
52433
52471
52476
52482
52488
52500
52504
52510
52512
52513
52529
52532
52539
52555
52560
52561
52562
52606
52606
52617
52642
52650
52659
52681
52681
52683
52693
52718
52725
52728
52752
52757
52761
52762
52769
52772
52773
52774
52794
52804
52808
52814
52815
52841
52843
52846
52859
52869
52869
52871
52876
52897
52899
52908
52910
52919
52945
52948
52951
52970
52978
52991
52992
53005
53009
53010
53025
53037
53042
53050
53053
53113
53120
53125
53195
53196
53197
53197
53200
53216
53219
53230
53235
53248
53252
53258
53259
53262
53267
53276
53290
53307
53330
53343
53345
53350
53350
53354
53355
53363
53366
53371
53380
53383
53396
53396
53397
53407
53407
53408
53408
53419
53426
53454
53472
53480
53491
53492
53501
53516
53526
53532
53539
53540
53550
53552
53561
53563
53568
53588
53591
53597
53622
53624
53628
53638
53654
53667
53681
53707
53710
53716
53725
53736
53744
53754
53755
53760
53765
53768
53772
53777
53778
53787
53840
53843
53849
53857
53862
53863
53885
53886
53890
53892
53900
53916
53925
53932
53957
53967
53972
53977
54003
54007
54014
54030
54041
54064
54068
54076
54085
54107
54124
54131
54139
54170
54193
54208
54223
54228
54229
54236
54243
54263
54265
54272
54273
54275
54301
54307
54308
54321
54332
54343
54352
54361
54400
54409
54430
54440
54465
54469
54469
54475
54486
54490
54492
54526
54575
54590
54591
54614
54628
54631
54634
54637
54660
54664
54676
54681
54718
54726
54745
54753
54772
54776
54777
54810
54814
54814
54820
54828
54847
54857
54859
54880
54884
54888
54892
54931
54937
54947
54958
54968
54968
54970
54971
54986
54991
54996
55033
55042
55045
55048
55054
55090
55092
55098
55103
55103
55115
55123
55123
55148
55149
55155
55160
55172
55181
55182
55216
55223
55225
55226
55241
55245
55246
55249
55269
55275
55290
55302
55348
55362
55374
55384
55412
55413
55415
55418
55428
55446
55453
55466
55468
55469
55472
55490
55506
55508
55509
55527
55529
55543
55543
55547
55548
55552
55583
55583
55588
55589
55595
55605
55608
55623
55624
55625
55662
55665
55674
55677
55682
55684
55687
55687
55702
55708
55718
55726
55726
55730
55731
55737
55744
55757
55787
55787
55789
55797
55807
55820
55830
55830
55831
55837
55847
55853
55853
55861
55862
55871
55872
55874
55892
55899
55900
55903
55928
55931
55944
55963
55978
55984
55999
56001
56002
56032
56045
56056
56059
56060
56065
56071
56081
56088
56091
56110
56112
56114
56122
56127
56128
56145
56145
56157
56163
56164
56178
56182
56230
56236
56236
56237
56244
56246
56256
56283
56291
56294
56302
56309
56311
56317
56318
56331
56335
56338
56365
56368
56375
56387
56389
56404
56411
56412
56415
56418
56425
56448
56460
56477
56486
56487
56504
56506
56507
56514
56517
56531
56542
56551
56553
56561
56566
56567
56569
56580
56582
56593
56601
56607
56645
56648
56652
56654
56659
56666
56681
56686
56689
56698
56700
56721
56721
56730
56739
56741
56751
56754
56764
56769
56781
56788
56798
56815
56821
56823
56840
56896
56919
56920
56927
56929
56935
56936
56939
56977
56983
56990
56999
57002
57013
57023
57031
57032
57032
57032
57045
57046
57059
57061
57070
57070
57071
57077
57098
57134
57139
57141
57142
57151
57168
57175
57186
57206
57206
57206
57218
57239
57243
57249
57250
57256
57260
57280
57283
57291
57309
57343
57347
57350
57355
57365
57371
57380
57383
57400
57407
57415
57429
57435
57442
57467
57508
57510
57523
57531
57535
57536
57538
57550
57554
57570
57575
57580
57598
57603
57618
57625
57627
57653
57673
57699
57699
57715
57737
57763
57766
57773
57779
57797
57799
57852
57853
57857
57878
57884
57897
57909
57944
57977
58001
58007
58021
58021
58023
58049
58052
58066
58074
58074
58088
58095
58095
58102
58106
58125
58131
58135
58156
58173
58178
58182
58187
58195
58196
58215
58221
58233
58235
58241
58248
58256
58261
58261
58262
58274
58277
58289
58291
58293
58296
58296
58302
58306
58347
58351
58361
58386
58423
58424
58468
58470
58473
58524
58527
58535
58557
58557
58586
58593
58630
58638
58655
58662
58672
58686
58693
58700
58705
58715
58716
58733
58737
58739
58742
58743
58743
58746
58754
58772
58775
58794
58816
58842
58852
58870
58894
58897
58906
58911
58920
58953
58971
58986
58994
59042
59043
59058
59059
59086
59088
59104
59108
59109
59112
59131
59154
59157
59168
59180
59181
59191
59191
59196
59203
59205
59223
59226
59228
59229
59272
59287
59301
59321
59329
59331
59339
59341
59342
59370
59373
59381
59386
59410
59418
59422
59424
59425
59449
59452
59459
59463
59466
59469
59470
59471
59476
59520
59524
59525
59525
59528
59532
59551
59557
59558
59562
59593
59597
59599
59599
59601
59632
59635
59637
59638
59647
59660
59664
59675
59702
59714
59724
59724
59725
59736
59748
59763
59763
59769
59769
59791
59797
59804
59806
59858
59860
59865
59866
59880
59894
59896
59897
59898
59901
59910
59915
59916
59921
59945
59960
59972
59999
60029
60049
60055
60059
60068
60088
60096
60114
60114
60122
60124
60125
60134
60137
60147
60153
60154
60178
60189
60189
60190
60216
60219
60229
60229
60233
60247
60259
60261
60266
60267
60271
60298
60298
60300
60305
60316
60323
60331
60336
60338
60347
60348
60355
60359
60363
60367
60368
60371
60386
60391
60399
60408
60424
60429
60429
60436
60442
60446
60448
60453
60473
60482
60492
60504
60509
60533
60534
60536
60541
60544
60546
60557
60564
60574
60582
60592
60602
60606
60617
60630
60655
60688
60691
60705
60718
60722
60741
60747
60748
60749
60752
60754
60762
60763
60773
60774
60778
60779
60782
60786
60800
60806
60807
60818
60826
60852
60857
60909
60911
60912
60949
60958
60967
60979
60987
61005
61005
61021
61029
61037
61037
61064
61067
61068
61074
61076
61096
61104
61117
61154
61167
61171
61175
61180
61205
61215
61225
61238
61270
61273
61276
61278
61284
61287
61305
61317
61317
61323
61344
61344
61367
61368
61382
61411
61412
61433
61440
61448
61450
61466
61470
61478
61480
61490
61505
61507
61518
61518
61527
61536
61541
61556
61563
61567
61587
61603
61631
61641
61648
61653
61675
61692
61695
61730
61742
61752
61755
61769
61772
61773
61775
61781
61781
61786
61803
61804
61813
61832
61835
61838
61838
61841
61843
61847
61860
61861
61870
61879
61894
61894
61896
61907
61919
61927
61929
61935
61947
61948
61974
61976
61977
61983
61994
61995
62004
62044
62070
62078
62088
62091
62094
62100
62109
62117
62120
62128
62132
62136
62152
62158
62159
62161
62165
62193
62196
62230
62239
62244
62248
62249
62275
62278
62284
62311
62321
62330
62343
62361
62383
62410
62418
62448
62453
62454
62456
62463
62489
62508
62514
62518
62522
62529
62552
62581
62600
62607
62609
62634
62639
62643
62646
62657
62703
62714
62734
62741
62746
62757
62772
62789
62805
62811
62834
62837
62865
62867
62873
62874
62892
62903
62910
62920
62949
62950
62952
62957
62970
62975
62995
62998
63004
63006
63009
63038
63041
63064
63070
63086
63090
63096
63101
63106
63107
63107
63108
63123
63136
63147
63148
63164
63173
63204
63204
63208
63226
63255
63265
63268
63268
63294
63301
63314
63315
63319
63322
63336
63343
63349
63363
63370
63376
63398
63418
63425
63446
63449
63453
63458
63490
63511
63539
63539
63541
63546
63554
63559
63592
63592
63600
63620
63644
63645
63664
63669
63684
63689
63696
63697
63714
63724
63737
63748
63749
63764
63769
63789
63800
63808
63823
63824
63825
63871
63876
63885
63908
63936
63943
63945
63948
63951
63956
63958
63967
63975
63990
64008
64008
64011
64040
64049
64054
64057
64058
64078
64087
64094
64110
64110
64112
64123
64131
64152
64160
64187
64211
64218
64219
64224
64232
64235
64261
64268
64272
64278
64283
64290
64298
64345
64349
64355
64389
64391
64393
64394
64402
64413
64420
64428
64429
64444
64445
64460
64469
64474
64480
64481
64482
64488
64493
64504
64514
64521
64528
64546
64553
64554
64559
64564
64569
64609
64612
64617
64649
64654
64661
64670
64689
64701
64703
64707
64730
64776
64776
64797
64800
64804
64807
64808
64816
64829
64831
64840
64846
64854
64855
64863
64865
64870
64884
64886
64894
64900
64915
64918
64918
64927
64938
64965
64984
64988
65000
65011
65019
65022
65043
65058
65058
65063
65086
65093
65101
65104
65105
65105
65112
65133
65138
65149
65153
65180
65180
65200
65201
65202
65211
65213
65214
65218
65228
65245
65281
65281
65300
65301
65313
65313
65316
65322
65345
65345
65362
65413
65414
65414
65429
65432
65435
65437
65437
65459
65466
65467
65468
65474
65503
65506
65508
65509
65514
65528
65538
65561
65584
65597
65601
65657
65658
65661
65663
65680
65686
65692
65714
65718
65736
65736
65739
65761
65762
65772
65774
65788
65789
65805
65806
65807
65820
65832
65838
65841
65849
65849
65855
65857
65880
65906
65916
65917
65925
65930
65978
66015
66054
66068
66084
66092
66111
66121
66130
66135
66147
66180
66192
66201
66205
66228
66238
66250
66259
66269
66271
66284
66288
66290
66295
66304
66305
66306
66319
66324
66325
66327
66337
66342
66346
66352
66367
66368
66375
66388
66403
66405
66407
66414
66418
66437
66445
66460
66474
66480
66483
66487
66498
66506
66509
66516
66520
66529
66549
66571
66600
66600
66607
66618
66628
66643
66649
66664
66665
66698
66709
66712
66713
66727
66772
66773
66774
66783
66786
66793
66806
66817
66818
66825
66827
66834
66857
66881
66883
66894
66899
66899
66901
66903
66924
66925
66937
66946
66951
66953
66982
66983
66988
66988
66993
66994
66994
66997
66999
67000
67014
67021
67037
67039
67041
67044
67057
67058
67073
67081
67089
67102
67112
67115
67125
67126
67127
67146
67189
67189
67228
67237
67252
67266
67271
67296
67297
67332
67347
67359
67367
67381
67391
67397
67397
67413
67417
67418
67423
67440
67479
67486
67512
67514
67533
67561
67566
67578
67579
67580
67586
67592
67594
67601
67614
67614
67617
67630
67641
67645
67654
67657
67673
67700
67712
67716
67734
67739
67742
67759
67765
67780
67780
67790
67793
67802
67811
67852
67864
67871
67876
67880
67885
67893
67894
67904
67913
67919
67971
67974
67986
68000
68002
68006
68014
68025
68053
68069
68083
68100
68116
68139
68142
68144
68148
68154
68155
68175
68175
68176
68180
68193
68202
68205
68231
68236
68237
68256
68274
68284
68289
68297
68311
68311
68311
68340
68352
68382
68383
68385
68392
68406
68425
68430
68434
68435
68435
68440
68445
68455
68456
68457
68484
68491
68495
68503
68510
68516
68520
68532
68541
68551
68553
68560
68561
68572
68584
68592
68592
68594
68630
68632
68634
68684
68706
68706
68710
68711
68743
68763
68773
68785
68789
68796
68799
68805
68813
68814
68817
68823
68833
68838
68842
68843
68845
68852
68853
68864
68886
68894
68909
68917
68924
68942
68951
68958
68959
68964
68968
68969
68977
68990
68997
69013
69016
69020
69036
69038
69057
69061
69067
69070
69071
69078
69083
69097
69098
69119
69128
69133
69135
69136
69171
69177
69226
69231
69233
69261
69280
69286
69292
69307
69308
69329
69332
69346
69346
69352
69386
69387
69388
69393
69410
69412
69416
69423
69428
69460
69486
69494
69520
69523
69524
69542
69548
69563
69563
69572
69579
69584
69587
69587
69593
69606
69616
69616
69634
69634
69635
69652
69662
69668
69680
69687
69687
69691
69706
69736
69758
69765
69768
69778
69792
69796
69803
69809
69842
69868
69875
69876
69876
69882
69892
69897
69897
69904
69906
69919
69920
69920
69933
69941
69951
69952
69955
69959
69966
69983
69992
69993
70004
70009
70024
70039
70042
70042
70045
70047
70054
70068
70079
70109
70116
70118
70119
70121
70126
70126
70135
70136
70138
70140
70145
70157
70158
70160
70167
70182
70184
70192
70217
70225
70236
70239
70242
70256
70278
70280
70304
70304
70315
70348
70353
70358
70360
70365
70378
70392
70396
70398
70398
70408
70416
70419
70424
70425
70432
70433
70453
70455
70461
70468
70481
70488
70496
70534
70546
70562
70573
70581
70588
70590
70592
70596
70601
70605
70625
70627
70628
70630
70634
70640
70710
70728
70743
70750
70754
70764
70765
70770
70777
70778
70782
70801
70806
70844
70849
70855
70865
70869
70875
70887
70893
70900
70908
70909
70911
70924
70952
70954
70961
70965
70976
70980
70983
70985
70992
71007
71009
71020
71038
71048
71049
71050
71073
71075
71116
71127
71130
71134
71137
71149
71152
71152
71168
71170
71176
71176
71179
71180
71183
71185
71189
71190
71211
71220
71222
71268
71280
71289
71298
71302
71347
71355
71359
71360
71371
71381
71391
71393
71401
71407
71421
71431
71438
71439
71443
71453
71453
71468
71474
71481
71494
71502
71503
71509
71523
71529
71570
71594
71598
71613
71618
71621
71623
71640
71644
71668
71673
71699
71706
71719
71774
71778
71785
71785
71788
71795
71796
71807
71812
71822
71831
71839
71848
71866
71877
71901
71905
71911
71915
71931
71934
71949
71980
71981
71999
72001
72008
72019
72028
72067
72075
72075
72086
72091
72092
72099
72108
72132
72142
72147
72153
72157
72159
72173
72177
72185
72212
72219
72241
72250
72253
72267
72282
72314
72322
72325
72327
72331
72331
72335
72390
72391
72394
72399
72414
72415
72421
72422
72425
72430
72437
72437
72448
72460
72469
72474
72477
72478
72502
72510
72510
72518
72544
72546
72557
72565
72572
72577
72579
72588
72592
72598
72605
72615
72634
72637
72657
72671
72700
72723
72723
72724
72737
72756
72765
72781
72799
72803
72820
72821
72847
72858
72861
72883
72885
72887
72888
72905
72911
72933
72958
72963
73004
73013
73017
73017
73018
73057
73060
73070
73072
73074
73074
73075
73078
73084
73097
73104
73104
73104
73111
73116
73129
73136
73148
73176
73186
73200
73203
73211
73211
73213
73218
73221
73231
73273
73287
73318
73319
73323
73360
73381
73386
73394
73396
73419
73435
73470
73477
73485
73500
73510
73552
73561
73563
73576
73613
73617
73628
73629
73651
73655
73668
73677
73691
73700
73708
73716
73717
73723
73723
73755
73783
73791
73800
73802
73803
73810
73826
73827
73832
73860
73866
73869
73873
73876
73884
73915
73916
73924
73928
73932
73936
73948
73951
73963
73973
73981
73999
74021
74027
74045
74061
74104
74105
74116
74121
74143
74143
74147
74150
74150
74153
74153
74173
74175
74192
74241
74293
74309
74311
74334
74336
74342
74347
74357
74360
74371
74383
74385
74397
74413
74431
74435
74445
74453
74457
74465
74478
74493
74497
74502
74504
74507
74514
74528
74535
74555
74571
74577
74583
74610
74627
74634
74635
74642
74659
74664
74674
74679
74707
74724
74728
74758
74774
74790
74809
74817
74841
74852
74855
74875
74890
74912
74912
74917
74918
74933
74937
74943
74946
74958
74988
74988
74998
75009
75016
75017
75017
75063
75070
75073
75076
75099
75102
75144
75152
75153
75181
75214
75221
75231
75234
75239
75254
75261
75263
75263
75273
75275
75284
75287
75294
75295
75312
75319
75329
75359
75402
75437
75439
75484
75486
75486
75486
75498
75498
75513
75522
75529
75547
75551
75551
75564
75566
75569
75569
75603
75604
75618
75620
75624
75630
75631
75637
75667
75679
75685
75688
75690
75694
75700
75716
75758
75767
75774
75798
75799
75800
75814
75820
75825
75845
75855
75896
75908
75916
75916
75931
75934
75936
75947
75958
75959
75959
75969
75971
75988
75992
75997
76019
76025
76029
76030
76030
76033
76079
76082
76084
76102
76105
76123
76136
76148
76168
76174
76191
76195
76200
76201
76204
76206
76224
76230
76272
76277
76301
76303
76310
76311
76329
76355
76379
76380
76388
76405
76409
76414
76423
76424
76431
76434
76440
76443
76443
76445
76452
76465
76469
76471
76485
76485
76499
76532
76540
76551
76552
76557
76566
76567
76598
76602
76617
76626
76627
76672
76674
76676
76680
76687
76693
76728
76730
76748
76764
76774
76788
76792
76812
76812
76857
76860
76868
76868
76870
76902
76903
76907
76913
76919
76922
76931
76939
76954
77005
77025
77029
77032
77058
77059
77070
77077
77082
77083
77086
77093
77094
77107
77113
77121
77136
77138
77143
77156
77157
77157
77163
77176
77190
77193
77196
77203
77212
77217
77235
77239
77270
77278
77284
77285
77292
77296
77297
77311
77335
77339
77343
77348
77367
77368
77382
77383
77395
77396
77410
77425
77429
77439
77479
77492
77493
77499
77508
77509
77510
77512
77516
77521
77528
77530
77537
77540
77541
77547
77551
77552
77559
77566
77571
77599
77605
77619
77620
77626
77649
77653
77659
77660
77663
77668
77670
77692
77696
77708
77709
77712
77751
77751
77758
77770
77771
77780
77789
77804
77808
77814
77822
77831
77837
77842
77844
77859
77868
77868
77880
77884
77900
77900
77901
77908
77911
77954
77958
77972
77977
77988
77999
78003
78007
78035
78055
78055
78058
78069
78082
78089
78090
78102
78112
78123
78126
78160
78173
78183
78184
78198
78213
78216
78216
78217
78227
78247
78269
78278
78308
78315
78325
78330
78343
78355
78364
78382
78397
78399
78406
78411
78431
78437
78470
78475
78480
78483
78485
78487
78492
78496
78503
78507
78524
78530
78549
78553
78562
78570
78571
78583
78587
78589
78600
78607
78618
78623
78629
78643
78646
78661
78687
78689
78701
78704
78726
78732
78740
78768
78772
78772
78801
78822
78826
78826
78844
78863
78866
78874
78883
78890
78914
78917
78917
78926
78951
78951
78955
78956
78967
78974
78987
78995
79001
79009
79018
79024
79037
79039
79042
79047
79055
79061
79062
79068
79082
79091
79094
79108
79113
79132
79139
79144
79166
79170
79173
79189
79194
79198
79204
79221
79223
79224
79225
79225
79243
79252
79254
79256
79257
79283
79291
79294
79304
79307
79313
79344
79351
79355
79361
79362
79364
79369
79389
79389
79397
79408
79418
79426
79443
79465
79474
79496
79510
79522
79541
79546
79547
79549
79552
79554
79589
79600
79600
79600
79621
79652
79655
79657
79668
79669
79690
79692
79742
79743
79748
79760
79771
79772
79783
79791
79792
79806
79825
79829
79835
79857
79863
79874
79875
79880
79891
79920
79923
79924
79931
79952
79952
79966
79975
80003
80023
80028
80029
80037
80060
80070
80073
80076
80081
80084
80097
80110
80121
80127
80141
80150
80165
80182
80186
80186
80200
80214
80231
80240
80245
80249
80250
80257
80264
80272
80285
80296
80334
80350
80351
80361
80374
80380
80396
80402
80414
80438
80441
80459
80470
80473
80474
80481
80487
80501
80514
80514
80526
80536
80540
80543
80555
80558
80560
80560
80568
80577
80584
80600
80605
80614
80615
80615
80625
80626
80650
80654
80659
80665
80671
80676
80679
80688
80693
80696
80702
80704
80712
80724
80746
80770
80795
80798
80801
80803
80808
80819
80827
80833
80837
80873
80906
80925
80927
80943
80946
80948
80960
80960
80965
80966
80972
80999
81011
81015
81021
81046
81060
81060
81063
81086
81092
81105
81109
81117
81125
81125
81135
81141
81159
81184
81193
81204
81206
81215
81229
81230
81235
81236
81238
81242
81250
81286
81288
81292
81332
81364
81382
81383
81390
81408
81408
81415
81415
81441
81450
81452
81454
81456
81461
81467
81476
81487
81488
81502
81507
81519
81524
81534
81540
81558
81559
81569
81585
81605
81608
81611
81616
81628
81653
81654
81664
81674
81678
81688
81714
81722
81760
81781
81804
81806
81808
81813
81817
81837
81853
81861
81874
81890
81892
81892
81900
81906
81922
81926
81928
81930
81930
81936
81938
81939
81943
81963
81969
81979
82001
82008
82019
82019
82032
82072
82091
82111
82122
82134
82148
82184
82189
82190
82220
82244
82250
82270
82276
82277
82292
82294
82304
82313
82329
82334
82375
82406
82407
82408
82410
82440
82461
82467
82468
82479
82489
82498
82536
82542
82547
82550
82553
82565
82568
82584
82609
82613
82625
82626
82648
82654
82671
82675
82686
82690
82695
82710
82731
82738
82745
82769
82777
82778
82780
82783
82791
82820
82825
82827
82836
82844
82849
82849
82861
82872
82884
82889
82898
82913
82949
82951
83004
83014
83020
83030
83060
83098
83104
83109
83114
83124
83127
83133
83134
83149
83156
83162
83169
83171
83171
83183
83202
83203
83213
83222
83227
83232
83245
83252
83253
83268
83276
83278
83281
83287
83289
83307
83334
83340
83351
83369
83369
83390
83408
83419
83424
83424
83448
83452
83469
83469
83490
83494
83497
83498
83523
83523
83558
83559
83562
83585
83596
83601
83610
83611
83616
83617
83631
83643
83662
83680
83691
83697
83706
83706
83707
83716
83720
83721
83763
83767
83768
83788
83798
83815
83845
83849
83861
83874
83874
83901
83911
83928
83960
83971
83989
83998
84029
84029
84031
84032
84040
84050
84056
84058
84081
84093
84119
84122
84129
84142
84145
84145
84161
84164
84165
84174
84175
84180
84184
84185
84193
84196
84197
84212
84217
84226
84243
84246
84254
84258
84269
84270
84280
84317
84325
84347
84352
84353
84356
84359
84370
84376
84379
84380
84393
84400
84410
84411
84412
84414
84414
84442
84443
84446
84464
84465
84477
84486
84490
84497
84504
84514
84515
84547
84562
84562
84570
84570
84594
84625
84637
84659
84670
84675
84678
84679
84684
84689
84694
84697
84714
84714
84718
84734
84736
84744
84774
84780
84789
84801
84801
84810
84818
84833
84842
84842
84855
84856
84862
84865
84871
84885
84908
84910
84911
84914
84935
84935
84937
84956
84958
84972
84980
85036
85070
85080
85080
85081
85087
85091
85103
85114
85125
85128
85134
85139
85155
85165
85165
85166
85175
85189
85229
85243
85247
85250
85269
85270
85272
85299
85311
85316
85322
85333
85343
85350
85352
85354
85361
85373
85378
85385
85386
85389
85403
85406
85413
85415
85421
85441
85450
85453
85454
85455
85456
85463
85465
85467
85470
85482
85490
85497
85515
85521
85536
85541
85542
85551
85560
85571
85575
85576
85582
85596
85606
85608
85608
85620
85621
85647
85682
85700
85700
85706
85732
85740
85752
85753
85761
85781
85794
85823
85840
85846
85856
85864
85873
85897
85914
85922
85922
85927
85931
85950
85954
85954
85969
85978
85980
85987
85995
86004
86010
86015
86022
86024
86025
86044
86044
86057
86067
86078
86091
86093
86113
86123
86128
86134
86134
86161
86166
86179
86188
86201
86207
86208
86215
86217
86247
86256
86257
86270
86283
86297
86302
86322
86335
86340
86360
86367
86377
86384
86395
86404
86405
86408
86408
86431
86443
86445
86447
86461
86480
86492
86505
86524
86544
86546
86553
86556
86564
86566
86574
86576
86628
86631
86633
86635
86637
86643
86648
86652
86663
86696
86705
86712
86713
86743
86758
86768
86776
86786
86788
86815
86819
86840
86858
86861
86867
86873
86875
86877
86886
86895
86896
86903
86903
86910
86920
86950
86952
86959
86965
86972
86975
87027
87033
87037
87058
87083
87090
87120
87144
87154
87156
87160
87161
87165
87169
87182
87207
87208
87216
87222
87234
87247
87253
87254
87254
87300
87335
87343
87344
87352
87379
87380
87384
87396
87414
87427
87438
87452
87463
87492
87501
87503
87520
87520
87522
87528
87535
87537
87541
87550
87554
87555
87567
87575
87580
87588
87592
87616
87619
87622
87634
87651
87655
87658
87660
87662
87665
87668
87681
87683
87690
87710
87715
87731
87733
87733
87756
87757
87766
87797
87802
87805
87808
87820
87834
87852
87856
87863
87865
87886
87892
87901
87905
87909
87916
87953
87954
87957
87960
87970
87978
87981
87982
88012
88021
88028
88029
88045
88048
88053
88056
88070
88072
88077
88081
88087
88087
88088
88103
88108
88126
88143
88150
88163
88182
88219
88220
88260
88260
88262
88267
88300
88321
88344
88361
88362
88372
88387
88392
88409
88429
88440
88495
88520
88545
88547
88576
88577
88588
88589
88591
88594
88595
88597
88602
88614
88640
88664
88694
88710
88716
88720
88744
88751
88752
88760
88797
88818
88844
88844
88845
88851
88851
88851
88858
88859
88891
88912
88943
88947
88959
88965
88966
88983
88989
88990
88994
89010
89012
89012
89023
89034
89048
89050
89052
89078
89084
89085
89092
89134
89138
89142
89143
89153
89164
89169
89171
89172
89179
89197
89204
89217
89225
89229
89231
89233
89237
89244
89262
89278
89283
89303
89318
89324
89331
89339
89344
89346
89358
89360
89381
89386
89389
89394
89397
89426
89433
89440
89441
89445
89453
89453
89465
89487
89498
89501
89511
89520
89527
89532
89533
89547
89555
89562
89564
89565
89569
89574
89577
89599
89601
89603
89615
89615
89619
89649
89654
89698
89698
89707
89710
89712
89714
89716
89721
89785
89790
89795
89807
89812
89816
89821
89843
89856
89860
89865
89872
89873
89881
89882
89887
89889
89899
89904
89907
89919
89933
89945
89959
89970
89976
90000
90005
90017
90030
90033
90043
90044
90060
90069
90078
90080
90085
90092
90120
90123
90126
90131
90247
90262
90267
90271
90292
90300
90310
90328
90333
90349
90353
90356
90356
90360
90394
90414
90427
90429
90438
90439
90441
90442
90444
90460
90468
90474
90535
90536
90544
90549
90549
90552
90564
90579
90593
90594
90594
90596
90599
90600
90608
90646
90657
90666
90667
90668
90681
90682
90697
90701
90729
90740
90745
90764
90769
90785
90795
90816
90816
90817
90819
90820
90821
90828
90829
90838
90848
90856
90869
90872
90875
90890
90892
90900
90926
90942
90950
90958
90968
90971
90989
90993
91009
91016
91017
91017
91019
91020
91023
91027
91032
91050
91064
91076
91079
91107
91123
91153
91170
91171
91174
91177
91182
91193
91211
91212
91215
91221
91227
91236
91245
91251
91260
91290
91293
91298
91300
91327
91328
91329
91337
91371
91392
91397
91401
91401
91416
91421
91448
91454
91460
91461
91468
91480
91497
91500
91503
91512
91527
91535
91537
91544
91550
91554
91566
91580
91596
91616
91626
91660
91668
91681
91702
91723
91724
91740
91747
91783
91784
91787
91790
91799
91805
91818
91824
91843
91849
91852
91853
91861
91868
91876
91903
91905
91909
91909
91915
91942
91943
91956
91961
91964
91964
91966
91992
91996
92005
92006
92022
92027
92036
92041
92045
92087
92088
92101
92108
92122
92122
92139
92149
92163
92164
92170
92176
92197
92203
92237
92238
92258
92259
92262
92274
92280
92309
92310
92315
92334
92335
92336
92351
92362
92371
92371
92387
92388
92391
92395
92402
92413
92421
92424
92427
92429
92434
92448
92448
92460
92474
92476
92481
92505
92505
92517
92530
92531
92532
92535
92546
92547
92563
92563
92590
92602
92613
92615
92622
92662
92674
92692
92692
92697
92703
92706
92708
92708
92723
92738
92738
92748
92768
92773
92784
92788
92808
92813
92813
92821
92835
92837
92840
92840
92842
92859
92865
92865
92875
92878
92880
92880
92883
92887
92888
92898
92912
92952
92983
92992
92996
93011
93019
93022
93037
93038
93044
93046
93049
93088
93110
93125
93135
93154
93157
93174
93200
93207
93217
93222
93223
93226
93241
93241
93249
93250
93262
93266
93266
93280
93286
93287
93322
93326
93343
93354
93365
93423
93428
93449
93465
93468
93479
93483
93484
93490
93497
93519
93521
93527
93536
93551
93560
93567
93574
93583
93583
93593
93595
93606
93614
93619
93625
93640
93640
93643
93645
93647
93660
93662
93679
93690
93692
93694
93698
93701
93702
93707
93722
93725
93727
93737
93738
93739
93754
93758
93760
93765
93797
93813
93824
93832
93833
93836
93850
93851
93854
93878
93887
93889
93893
93907
93909
93912
93916
93918
93920
93923
93926
93926
93935
93949
93990
93991
93997
94000
94003
94004
94011
94041
94043
94045
94067
94077
94078
94081
94084
94086
94088
94090
94110
94141
94144
94152
94170
94188
94195
94202
94207
94214
94222
94230
94239
94267
94267
94268
94272
94279
94280
94281
94282
94299
94300
94317
94337
94344
94351
94357
94361
94364
94398
94422
94431
94433
94436
94448
94459
94486
94490
94497
94505
94505
94523
94528
94530
94534
94547
94552
94570
94570
94578
94604
94616
94621
94623
94625
94636
94639
94649
94664
94665
94678
94698
94702
94708
94710
94726
94736
94738
94742
94777
94789
94802
94806
94829
94830
94845
94849
94850
94851
94856
94858
94859
94887
94892
94894
94903
94927
94939
94958
94962
94971
94972
94979
94980
95006
95010
95010
95015
95024
95042
95056
95061
95064
95071
95083
95089
95091
95094
95096
95109
95111
95125
95134
95145
95179
95183
95186
95188
95195
95216
95220
95230
95249
95259
95265
95265
95277
95293
95299
95300
95308
95310
95316
95317
95321
95323
95326
95327
95332
95333
95342
95345
95379
95386
95387
95389
95396
95409
95417
95438
95463
95469
95488
95489
95502
95506
95512
95518
95550
95551
95558
95558
95588
95598
95611
95622
95636
95647
95654
95664
95667
95680
95695
95699
95718
95729
95746
95750
95770
95778
95783
95806
95818
95831
95836
95837
95846
95856
95863
95882
95882
95885
95899
95901
95901
95916
95933
95937
95956
95963
95971
95976
95979
95997
96000
96002
96007
96025
96034
96045
96047
96050
96059
96068
96075
96076
96078
96105
96114
96114
96117
96121
96126
96134
96139
96149
96152
96157
96169
96181
96194
96196
96200
96201
96202
96205
96206
96206
96210
96220
96221
96235
96240
96260
96263
96266
96270
96286
96288
96324
96328
96330
96338
96362
96366
96383
96392
96392
96402
96407
96410
96429
96433
96433
96436
96447
96465
96467
96469
96470
96474
96495
96505
96525
96535
96553
96562
96578
96579
96598
96614
96615
96634
96643
96643
96650
96668
96671
96675
96682
96702
96711
96714
96732
96751
96773
96779
96780
96796
96805
96810
96811
96813
96840
96847
96854
96859
96887
96895
96902
96907
96942
96944
96964
96981
96986
97005
97009
97014
97020
97030
97043
97050
97051
97062
97062
97065
97079
97080
97093
97098
97119
97122
97149
97167
97170
97170
97175
97187
97206
97218
97218
97225
97240
97251
97284
97291
97293
97305
97319
97333
97340
97342
97351
97384
97385
97389
97390
97401
97401
97402
97416
97420
97446
97447
97448
97466
97483
97487
97501
97520
97532
97539
97556
97557
97559
97573
97582
97583
97596
97603
97606
97614
97618
97619
97622
97636
97647
97649
97651
97658
97663
97675
97687
97687
97688
97689
97702
97704
97705
97714
97716
97725
97728
97729
97735
97782
97789
97791
97797
97797
97802
97803
97805
97838
97842
97845
97848
97851
97865
97867
97877
97882
97906
97906
97908
97909
97913
97924
97929
97930
97941
97945
97951
97955
97957
97962
97962
97971
97973
97983
97983
97984
97996
98001
98016
98019
98025
98036
98038
98050
98085
98098
98106
98112
98115
98116
98170
98175
98182
98183
98215
98221
98234
98237
98243
98247
98274
98280
98304
98306
98308
98316
98335
98342
98347
98358
98370
98376
98380
98389
98390
98393
98416
98423
98430
98432
98456
98464
98465
98498
98521
98530
98538
98543
98552
98560
98584
98586
98604
98606
98607
98607
98610
98617
98619
98633
98636
98643
98645
98653
98658
98661
98665
98686
98689
98690
98699
98705
98706
98714
98727
98735
98741
98745
98749
98766
98791
98794
98794
98805
98817
98834
98835
98836
98840
98853
98858
98866
98875
98879
98893
98923
98943
98948
98953
98958
98963
98964
98965
98978
98978
99009
99019
99030
99032
99079
99083
99084
99097
99102
99102
99107
99108
99109
99117
99127
99186
99194
99195
99202
99214
99221
99225
99230
99232
99241
99242
99255
99266
99271
99276
99286
99301
99303
99310
99323
99359
99367
99371
99374
99388
99392
99399
99469
99483
99492
99525
99527
99543
99546
99547
99548
99555
99584
99584
99601
99610
99617
99625
99627
99628
99630
99633
99653
99660
99662
99665
99672
99686
99695
99696
99714
99716
99718
99722
99724
99733
99737
99738
99745
99753
99758
99776
99779
99833
99838
99844
99846
99869
99879
99888
99902
99910
99929
99929
99929
99929
99931
99941
99964
99982
99983
99992
