2
3
9
22
23
42
48
66
68
148
154
155
160
160
162
168
175
198
218
222
223
228
229
250
265
266
271
272
273
276
279
281
283
306
311
311
317
326
331
339
342
362
365
369
370
378
380
386
410
444
454
456
456
482
492
514
536
536
540
543
545
545
561
571
574
575
581
599
605
625
629
634
636
650
664
691
718
727
734
755
767
770
771
776
788
792
801
811
826
828
851
862
862
869
898
907
911
916
921
927
932
939
978
979
981
984
1015
1033
1036
1038
1039
1054
1058
1060
1087
1112
1147
1159
1185
1189
1193
1205
1219
1227
1227
1228
1241
1250
1256
1261
1271
1280
1285
1290
1290
1297
1297
1316
1341
1343
1343
1345
1355
1357
1373
1376
1379
1383
1406
1407
1429
1431
1434
1435
1443
1467
1477
1512
1519
1530
1533
1535
1547
1550
1555
1589
1590
1633
1635
1655
1658
1675
1678
1690
1710
1726
1727
1734
1750
1751
1770
1772
1775
1778
1790
1797
1807
1821
1822
1860
1876
1897
1897
1901
1938
1952
2015
2039
2049
2053
2056
2057
2067
2079
2087
2101
2114
2124
2133
2134
2134
2142
2161
2164
2179
2194
2213
2237
2248
2259
2261
2262
2266
2276
2279
2289
2304
2308
2311
2316
2329
2333
2338
2344
2346
2378
2387
2392
2410
2411
2417
2425
2429
2431
2446
2447
2471
2475
2480
2492
2493
2528
2534
2563
2605
2622
2623
2631
2662
2664
2668
2672
2680
2701
2703
2705
2711
2733
2760
2786
2787
2790
2791
2797
2805
2830
2831
2832
2857
2866
2872
2875
2888
2909
2922
2953
2969
2986
3026
3043
3081
3082
3097
3103
3112
3113
3117
3127
3134
3142
3152
3155
3158
3164
3176
3178
3195
3228
3228
3231
3232
3233
3248
3249
3251
3257
3277
3277
3277
3286
3295
3300
3317
3317
3350
3351
3353
3362
3384
3387
3398
3404
3409
3411
3441
3455
3474
3486
3487
3495
3503
3505
3512
3518
3524
3530
3534
3544
3548
3565
3580
3603
3604
3639
3639
3643
3647
3670
3677
3681
3683
3686
3713
3723
3734
3736
3746
3755
3809
3814
3816
3818
3826
3832
3836
3837
3838
3857
3859
3911
3922
3963
3987
3992
3993
3994
4000
4013
4027
4028
4028
4056
4068
4069
4077
4086
4101
4118
4119
4144
4148
4201
4209
4216
4217
4234
4256
4276
4283
4297
4297
4301
4312
4318
4339
4348
4353
4357
4359
4360
4385
4399
4405
4409
4412
4417
4420
4442
4475
4479
4487
4514
4553
4560
4564
4569
4578
4589
4593
4615
4622
4633
4638
4641
4653
4682
4720
4735
4753
4755
4759
4761
4764
4766
4769
4779
4801
4815
4817
4820
4822
4831
4839
4848
4860
4866
4867
4870
4879
4882
4891
4891
4912
4943
4949
4950
4950
4958
4972
4986
4992
4999
5005
5005
5007
5009
5015
5034
5045
5049
5050
5059
5060
5065
5077
5079
5086
5103
5113
5126
5138
5167
5202
5208
5212
5212
5217
5218
5225
5238
5249
5259
5262
5270
5271
5271
5272
5277
5302
5315
5329
5366
5373
5381
5383
5385
5386
5393
5413
5433
5434
5441
5479
5483
5492
5497
5497
5499
5515
5524
5527
5532
5535
5543
5544
5564
5576
5597
5647
5670
5687
5700
5701
5704
5730
5736
5767
5772
5784
5795
5798
5826
5827
5829
5845
5856
5859
5864
5866
5867
5879
5887
5890
5904
5904
5908
5909
5925
5938
5954
5971
5974
5980
5993
5996
6070
6080
6083
6091
6091
6094
6100
6117
6127
6145
6148
6156
6158
6178
6180
6189
6197
6231
6237
6272
6292
6298
6307
6330
6335
6341
6353
6361
6365
6390
6418
6430
6432
6451
6453
6467
6470
6474
6478
6480
6498
6504
6549
6561
6570
6575
6581
6587
6611
6622
6649
6662
6669
6678
6707
6746
6749
6778
6787
6807
6818
6818
6827
6849
6863
6863
6866
6873
6895
6897
6922
6925
6943
6950
6953
6960
6991
7002
7010
7022
7042
7054
7055
7063
7065
7075
7086
7091
7099
7102
7104
7105
7112
7124
7125
7131
7133
7144
7150
7157
7161
7172
7203
7210
7240
7288
7303
7320
7326
7331
7333
7335
7345
7365
7368
7369
7384
7420
7420
7423
7438
7445
7445
7445
7456
7459
7467
7476
7494
7498
7538
7544
7550
7552
7569
7571
7585
7587
7601
7601
7602
7607
7629
7633
7649
7655
7675
7685
7691
7714
7718
7733
7733
7739
7746
7747
7748
7751
7758
7772
7774
7778
7801
7802
7809
7822
7825
7828
7828
7833
7837
7843
7847
7856
7861
7867
7869
7870
7884
7888
7897
7901
7921
7922
7929
7939
7947
7949
7956
7975
7976
7981
7994
7995
8022
8036
8039
8055
8056
8077
8097
8109
8109
8112
8128
8148
8164
8189
8191
8194
8235
8243
8252
8273
8275
8279
8287
8289
8307
8315
8340
8362
8365
8375
8386
8408
8419
8425
8426
8431
8438
8444
8451
8453
8465
8467
8482
8486
8492
8505
8507
8509
8512
8530
8532
8550
8561
8569
8573
8593
8597
8597
8602
8613
8616
8624
8625
8650
8657
8685
8690
8719
8731
8732
8742
8747
8759
8815
8815
8818
8825
8830
8833
8835
8852
8864
8879
8894
8898
8904
8909
8914
8921
8927
8927
8929
8931
8935
8974
8985
8999
9008
9020
9021
9024
9043
9078
9089
9101
9155
9169
9182
9184
9184
9197
9235
9261
9266
9282
9298
9299
9313
9320
9327
9335
9353
9369
9373
9375
9378
9389
9397
9407
9413
9422
9449
9456
9457
9457
9463
9468
9473
9492
9497
9499
9501
9506
9513
9514
9520
9545
9556
9562
9580
9602
9618
9623
9627
9632
9642
9650
9658
9660
9664
9673
9679
9695
9699
9707
9727
9728
9729
9735
9742
9751
9778
9826
9833
9833
9835
9836
9845
9849
9873
9878
9886
9907
9911
9923
9926
9937
9941
9955
9965
9977
10010
10013
10014
10014
10015
10027
10034
10047
10054
10056
10057
10064
10071
10076
10094
10102
10104
10142
10144
10148
10158
10171
10175
10176
10203
10209
10217
10245
10252
10255
10276
10295
10298
10301
10303
10303
10305
10320
10326
10357
10357
10377
10382
10400
10400
10403
10405
10414
10421
10492
10499
10513
10516
10531
10538
10538
10573
10582
10582
10587
10589
10601
10602
10647
10649
10653
10664
10666
10684
10695
10703
10707
10713
10714
10734
10737
10739
10749
10761
10765
10770
10776
10815
10825
10839
10844
10864
10867
10884
10885
10903
10908
10922
10926
10933
10934
10936
10938
10944
10949
10956
10960
10963
10968
10977
10982
11011
11019
11053
11059
11064
11064
11066
11069
11075
11076
11088
11091
11093
11107
11109
11113
11122
11132
11166
11181
11189
11200
11207
11233
11241
11244
11256
11266
11277
11322
11323
11337
11337
11349
11361
11361
11373
11374
11379
11401
11409
11409
11409
11415
11426
11427
11478
11478
11500
11511
11517
11540
11540
11557
11584
11595
11603
11621
11628
11631
11632
11640
11663
11667
11678
11682
11696
11706
11713
11713
11731
11749
11750
11752
11770
11775
11789
11839
11870
11931
11945
11950
11963
11963
11967
11977
11981
12007
12014
12015
12015
12029
12035
12037
12058
12059
12070
12077
12103
12104
12112
12119
12126
12136
12137
12148
12148
12152
12154
12194
12209
12222
12227
12232
12248
12253
12267
12267
12269
12276
12279
12281
12287
12288
12292
12297
12326
12327
12336
12338
12368
12399
12418
12424
12429
12448
12460
12490
12492
12519
12536
12543
12549
12560
12570
12582
12606
12608
12615
12656
12664
12682
12688
12703
12727
12741
12744
12746
12752
12759
12771
12789
12799
12810
12826
12833
12834
12839
12862
12865
12884
12889
12928
12929
12930
12963
12987
12990
12992
12998
13008
13024
13033
13042
13063
13079
13085
13085
13087
13088
13094
13102
13109
13140
13144
13145
13145
13167
13170
13170
13196
13198
13200
13207
13209
13231
13240
13255
13256
13277
13279
13314
13316
13330
13349
13350
13355
13376
13401
13407
13407
13410
13449
13456
13482
13497
13502
13504
13504
13531
13536
13539
13556
13558
13567
13574
13590
13594
13623
13626
13627
13629
13638
13668
13672
13700
13706
13721
13737
13737
13765
13774
13803
13813
13845
13848
13866
13866
13867
13868
13870
13881
13899
13910
13920
13929
13953
13961
13970
13972
13994
14000
14006
14018
14022
14028
14038
14039
14071
14109
14129
14135
14150
14173
14176
14181
14212
14216
14219
14221
14249
14269
14272
14296
14308
14309
14312
14315
14320
14327
14331
14347
14373
14374
14374
14379
14380
14390
14404
14406
14423
14427
14437
14440
14444
14486
14497
14502
14509
14528
14529
14529
14530
14531
14545
14551
14565
14568
14595
14602
14602
14610
14613
14614
14619
14634
14641
14646
14647
14674
14676
14680
14692
14703
14712
14743
14772
14808
14814
14843
14850
14871
14872
14897
14902
14907
14941
14950
14950
14952
14953
14963
14965
14977
14987
15003
15015
15027
15031
15033
15047
15050
15054
15066
15080
15096
15097
15135
15137
15165
15167
15167
15173
15228
15255
15260
15267
15279
15282
15297
15303
15308
15313
15321
15321
15321
15325
15354
15362
15369
15373
15386
15392
15396
15404
15411
15421
15432
15438
15439
15441
15448
15449
15456
15464
15473
15532
15541
15544
15568
15574
15587
15591
15601
15626
15648
15660
15666
15666
15670
15684
15689
15695
15699
15703
15714
15716
15716
15719
15743
15746
15758
15762
15771
15787
15795
15796
15797
15797
15805
15816
15833
15839
15840
15855
15864
15864
15892
15906
15907
15909
15913
15928
15932
15948
15952
15956
15957
15959
15969
15985
15995
15998
15999
16004
16005
16015
16031
16034
16068
16070
16080
16089
16103
16125
16133
16147
16148
16150
16185
16186
16206
16213
16222
16228
16236
16241
16251
16265
16291
16294
16300
16338
16338
16340
16353
16362
16373
16388
16389
16395
16404
16405
16407
16411
16412
16412
16415
16426
16440
16454
16460
16468
16475
16476
16483
16510
16525
16533
16545
16555
16574
16576
16578
16604
16615
16618
16633
16638
16642
16665
16683
16697
16698
16698
16703
16709
16715
16725
16746
16751
16776
16792
16804
16805
16806
16806
16814
16818
16819
16821
16822
16827
16829
16837
16838
16844
16850
16872
16873
16955
16965
16993
17022
17054
17074
17096
17100
17107
17127
17134
17142
17151
17168
17222
17225
17233
17236
17283
17297
17315
17317
17331
17355
17362
17387
17400
17417
17427
17435
17448
17451
17470
17489
17495
17497
17503
17513
17516
17523
17529
17580
17582
17597
17597
17604
17612
17618
17620
17636
17641
17658
17662
17674
17692
17707
17713
17715
17718
17719
17736
17751
17751
17770
17773
17779
17781
17787
17820
17828
17850
17857
17864
17864
17872
17872
17872
17907
17910
17945
17951
17952
17954
17958
17979
17981
17981
17989
17989
17993
18009
18030
18046
18048
18053
18056
18059
18064
18102
18113
18148
18155
18159
18166
18180
18206
18213
18220
18233
18245
18246
18263
18275
18276
18279
18285
18295
18300
18304
18306
18308
18322
18329
18343
18349
18360
18362
18363
18367
18371
18375
18382
18411
18425
18434
18461
18466
18474
18491
18491
18496
18515
18541
18547
18547
18556
18558
18571
18574
18585
18601
18612
18626
18640
18669
18688
18691
18692
18692
18701
18703
18710
18719
18749
18760
18766
18776
18802
18809
18814
18816
18830
18831
18835
18845
18849
18867
18879
18881
18943
18953
19066
19068
19072
19081
19094
19106
19108
19108
19120
19125
19135
19144
19151
19169
19179
19183
19214
19230
19231
19235
19237
19243
19246
19256
19262
19265
19296
19316
19317
19330
19347
19348
19349
19359
19364
19368
19369
19373
19388
19410
19413
19414
19426
19426
19428
19438
19441
19448
19473
19475
19476
19482
19487
19488
19493
19498
19515
19517
19549
19560
19561
19576
19602
19624
19633
19643
19707
19712
19712
19718
19724
19739
19748
19749
19755
19760
19763
19766
19769
19776
19803
19804
19810
19818
19828
19829
19846
19856
19861
19870
19880
19884
19887
19890
19890
19891
19902
19905
19918
19946
19954
19955
19960
19974
19978
20002
20019
20027
20030
20031
20034
20038
20041
20063
20063
20081
20083
20084
20092
20102
20115
20120
20123
20124
20125
20133
20143
20172
20185
20195
20199
20201
20206
20220
20241
20251
20255
20273
20276
20277
20337
20337
20357
20373
20385
20390
20405
20417
20426
20453
20466
20482
20487
20507
20509
20521
20575
20584
20588
20590
20616
20621
20624
20648
20649
20653
20670
20680
20688
20697
20697
20711
20716
20717
20737
20746
20747
20753
20761
20765
20771
20773
20781
20789
20790
20791
20803
20820
20827
20850
20853
20855
20867
20871
20871
20876
20889
20890
20902
20915
20917
20922
20930
20941
20946
20948
20957
20959
20982
21018
21019
21055
21068
21082
21083
21088
21092
21093
21096
21108
21149
21151
21163
21164
21166
21170
21175
21180
21187
21195
21201
21202
21207
21216
21226
21244
21246
21266
21287
21310
21325
21325
21329
21331
21337
21344
21346
21347
21358
21360
21360
21378
21391
21392
21403
21403
21424
21431
21432
21445
21450
21458
21461
21463
21481
21493
21495
21500
21519
21521
21545
21554
21554
21578
21587
21593
21598
21598
21605
21614
21619
21621
21627
21635
21703
21707
21709
21730
21762
21767
21776
21785
21794
21805
21805
21823
21824
21824
21831
21832
21840
21842
21843
21848
21857
21866
21875
21879
21887
21891
21897
21902
21914
21922
21935
21968
21979
22021
22024
22056
22064
22066
22068
22088
22095
22127
22145
22153
22155
22183
22185
22188
22248
22254
22255
22273
22282
22300
22300
22313
22322
22323
22351
22364
22393
22399
22413
22442
22445
22471
22478
22483
22520
22520
22527
22541
22546
22548
22565
22581
22594
22612
22655
22656
22661
22664
22673
22679
22683
22684
22686
22694
22699
22713
22734
22741
22752
22758
22762
22772
22781
22782
22785
22791
22802
22810
22813
22846
22846
22858
22867
22868
22872
22872
22881
22884
22886
22898
22906
22922
22931
22931
22937
22939
22939
22955
22958
22960
22966
22970
22979
22985
22997
23006
23019
23043
23045
23045
23064
23069
23075
23078
23079
23113
23115
23120
23124
23137
23142
23153
23163
23165
23173
23188
23221
23250
23260
23305
23314
23315
23339
23357
23376
23378
23398
23416
23420
23433
23438
23458
23480
23517
23525
23528
23534
23570
23584
23589
23591
23606
23610
23617
23625
23631
23642
23648
23656
23672
23677
23687
23698
23710
23727
23744
23747
23758
23774
23775
23789
23806
23813
23822
23831
23833
23839
23854
23866
23871
23875
23900
23907
23909
23910
23912
23913
23914
23917
23920
23938
23949
23952
23961
23972
24008
24021
24021
24023
24033
24033
24044
24078
24086
24089
24094
24103
24104
24128
24142
24161
24170
24171
24173
24184
24214
24237
24241
24248
24256
24259
24260
24273
24278
24286
24294
24302
24312
24319
24325
24350
24366
24372
24375
24379
24402
24403
24403
24415
24415
24428
24439
24443
24445
24449
24454
24455
24455
24472
24475
24476
24496
24502
24517
24521
24524
24546
24546
24553
24580
24591
24608
24616
24618
24620
24621
24634
24639
24641
24645
24647
24653
24659
24659
24698
24730
24733
24739
24745
24767
24767
24776
24786
24791
24792
24796
24823
24831
24852
24854
24860
24870
24888
24919
24920
24958
24966
24983
25001
25030
25044
25054
25054
25067
25075
25078
25088
25118
25123
25138
25143
25148
25149
25154
25159
25164
25185
25196
25211
25215
25239
25244
25253
25261
25261
25274
25290
25293
25300
25303
25303
25311
25312
25312
25318
25322
25324
25347
25356
25381
25394
25397
25402
25404
25409
25416
25417
25432
25441
25444
25481
25492
25500
25507
25511
25514
25520
25525
25532
25576
25582
25588
25590
25603
25603
25617
25618
25630
25638
25641
25664
25673
25680
25693
25699
25707
25713
25718
25728
25742
25743
25758
25758
25762
25774
25781
25796
25803
25804
25818
25821
25841
25851
25860
25877
25887
25894
25895
25904
25906
25929
25975
25979
25996
25997
26011
26011
26029
26029
26034
26036
26042
26057
26079
26087
26101
26103
26112
26113
26133
26141
26155
26157
26163
26192
26200
26210
26252
26254
26262
26275
26299
26299
26312
26313
26317
26317
26319
26321
26333
26358
26359
26371
26390
26393
26397
26397
26400
26420
26422
26446
26460
26491
26497
26501
26507
26533
26548
26554
26559
26561
26590
26594
26596
26600
26607
26607
26611
26622
26654
26655
26659
26666
26669
26674
26693
26694
26714
26726
26728
26731
26736
26749
26749
26770
26773
26779
26817
26823
26843
26848
26854
26862
26865
26868
26894
26910
26913
26922
26928
26929
26930
26939
26940
26942
26946
26947
26959
26962
26963
26963
26971
26971
26975
26987
26993
27004
27005
27017
27041
27047
27060
27085
27103
27106
27115
27136
27142
27164
27179
27184
27191
27193
27203
27204
27236
27244
27265
27278
27279
27306
27308
27313
27320
27328
27349
27364
27373
27387
27392
27393
27396
27436
27441
27444
27444
27445
27452
27454
27482
27487
27505
27509
27520
27528
27548
27557
27563
27582
27585
27608
27630
27636
27641
27660
27666
27671
27674
27701
27707
27708
27710
27714
27735
27737
27740
27760
27770
27778
27792
27805
27814
27814
27816
27817
27822
27834
27842
27848
27862
27865
27868
27872
27876
27894
27896
27914
27919
27926
27926
27938
27949
27958
27972
28006
28017
28021
28025
28030
28036
28045
28046
28047
28052
28063
28064
28075
28080
28094
28125
28126
28157
28173
28182
28184
28191
28200
28224
28225
28228
28241
28243
28263
28269
28280
28282
28303
28311
28311
28340
28343
28350
28367
28370
28374
28391
28397
28402
28439
28441
28456
28458
28460
28463
28472
28475
28491
28506
28510
28515
28521
28530
28548
28550
28579
28584
28585
28591
28614
28617
28621
28627
28628
28633
28644
28646
28651
28687
28704
28714
28720
28726
28742
28757
28759
28762
28769
28808
28817
28822
28832
28838
28843
28867
28876
28880
28902
28902
28912
28914
28926
28927
28929
28944
28945
28949
28951
28951
28970
28986
29008
29027
29036
29043
29044
29049
29061
29062
29069
29071
29080
29081
29083
29098
29099
29102
29114
29116
29162
29163
29166
29215
29223
29224
29224
29243
29244
29252
29276
29283
29302
29304
29315
29317
29321
29346
29351
29358
29358
29378
29384
29385
29424
29431
29433
29464
29470
29477
29481
29499
29507
29515
29530
29541
29547
29548
29550
29559
29566
29568
29586
29587
29591
29624
29626
29632
29642
29662
29666
29668
29677
29679
29681
29687
29689
29705
29712
29725
29736
29743
29750
29753
29754
29754
29754
29757
29770
29779
29781
29782
29821
29822
29838
29839
29846
29874
29885
29886
29913
29924
29937
29938
29938
29940
29943
29944
29967
29974
29975
29996
29999
30001
30015
30027
30028
30033
30036
30037
30043
30044
30051
30053
30059
30078
30092
30095
30099
30104
30122
30128
30144
30153
30154
30166
30179
30184
30194
30200
30212
30235
30243
30246
30252
30259
30265
30266
30267
30273
30287
30295
30323
30327
30327
30334
30338
30350
30351
30353
30363
30383
30391
30407
30415
30437
30449
30451
30453
30457
30460
30471
30471
30476
30477
30488
30492
30494
30495
30502
30502
30503
30505
30543
30549
30564
30565
30568
30568
30570
30614
30617
30628
30640
30686
30687
30692
30698
30706
30711
30715
30722
30725
30735
30737
30751
30752
30763
30769
30771
30810
30811
30814
30826
30830
30835
30840
30864
30872
30874
30874
30887
30893
30902
30911
30913
30965
30970
30973
30984
30986
30991
31033
31060
31069
31086
31133
31134
31136
31138
31139
31164
31171
31174
31195
31197
31209
31211
31212
31214
31228
31229
31234
31235
31241
31244
31262
31264
31279
31280
31293
31294
31310
31322
31326
31327
31331
31336
31399
31463
31481
31491
31508
31528
31537
31561
31576
31614
31633
31650
31658
31663
31680
31685
31696
31698
31718
31727
31738
31741
31772
31774
31774
31775
31778
31784
31789
31794
31800
31806
31809
31810
31819
31830
31833
31849
31852
31857
31865
31866
31904
31920
31924
31942
31952
31960
31983
32006
32011
32036
32036
32036
32038
32057
32062
32067
32069
32073
32084
32087
32097
32103
32103
32108
32152
32175
32176
32177
32181
32184
32184
32193
32193
32200
32202
32204
32208
32208
32221
32229
32234
32248
32261
32287
32290
32291
32296
32301
32305
32306
32353
32358
32359
32395
32396
32396
32398
32417
32452
32458
32475
32485
32491
32537
32559
32569
32575
32587
32598
32612
32626
32662
32672
32682
32708
32730
32740
32741
32742
32749
32751
32760
32773
32786
32786
32804
32812
32837
32865
32894
32898
32902
32909
32918
32927
32936
32940
32959
32970
32980
32994
33006
33016
33020
33022
33038
33046
33054
33072
33076
33083
33090
33095
33095
33103
33118
33127
33132
33138
33157
33159
33160
33182
33186
33193
33195
33203
33209
33214
33217
33228
33241
33258
33259
33274
33287
33304
33305
33308
33312
33322
33351
33352
33383
33385
33385
33426
33446
33455
33457
33459
33460
33465
33466
33468
33473
33497
33497
33510
33536
33537
33539
33551
33569
33575
33576
33617
33621
33623
33638
33656
33663
33671
33677
33691
33699
33701
33703
33722
33727
33730
33738
33742
33746
33748
33749
33778
33778
33789
33791
33794
33807
33813
33816
33820
33824
33824
33838
33856
33877
33879
33896
33915
33927
33929
33952
33959
33982
33989
33996
33998
34000
34000
34006
34009
34030
34037
34056
34065
34072
34118
34122
34130
34131
34134
34137
34141
34144
34150
34173
34175
34182
34185
34186
34197
34245
34277
34296
34310
34321
34327
34334
34347
34347
34352
34363
34364
34388
34410
34410
34447
34448
34476
34478
34480
34489
34518
34522
34551
34554
34555
34559
34563
34571
34621
34624
34650
34678
34682
34682
34710
34738
34771
34775
34790
34799
34806
34813
34816
34816
34830
34835
34857
34858
34865
34871
34889
34889
34900
34911
34915
34915
34919
34934
34939
34942
34973
34977
34980
34986
34990
35008
35032
35048
35056
35056
35063
35108
35112
35117
35119
35120
35122
35123
35161
35166
35180
35184
35199
35205
35208
35226
35228
35232
35238
35250
35253
35289
35293
35315
35316
35330
35330
35342
35359
35370
35418
35424
35434
35434
35464
35466
35469
35476
35477
35493
35499
35505
35506
35516
35517
35518
35529
35530
35552
35553
35558
35579
35583
35585
35586
35589
35593
35666
35673
35676
35698
35701
35712
35714
35716
35717
35720
35720
35723
35724
35729
35736
35761
35761
35786
35788
35795
35800
35809
35817
35825
35852
35855
35858
35885
35885
35899
35900
35951
35969
35970
35988
35990
36017
36021
36025
36026
36028
36055
36064
36074
36082
36082
36111
36112
36115
36121
36151
36177
36194
36212
36214
36220
36223
36226
36236
36246
36272
36275
36277
36278
36292
36296
36304
36312
36322
36323
36341
36353
36360
36377
36385
36386
36398
36398
36415
36432
36434
36458
36471
36522
36551
36551
36561
36574
36585
36585
36586
36590
36595
36617
36621
36624
36625
36631
36640
36655
36661
36690
36708
36714
36722
36742
36746
36754
36754
36757
36761
36771
36780
36789
36843
36853
36869
36880
36889
36893
36893
36898
36900
36906
36908
36910
36926
36935
36943
36948
36963
36969
36978
36980
36983
36987
36996
37002
37041
37042
37075
37086
37086
37095
37111
37113
37118
37125
37134
37147
37161
37174
37175
37177
37192
37196
37206
37207
37225
37231
37235
37236
37241
37258
37266
37291
37299
37300
37311
37318
37324
37331
37331
37331
37344
37351
37352
37358
37370
37396
37398
37427
37427
37427
37428
37436
37439
37440
37447
37447
37450
37450
37459
37488
37491
37517
37517
37530
37546
37549
37552
37552
37553
37557
37563
37566
37571
37571
37576
37581
37596
37598
37601
37613
37617
37618
37643
37645
37652
37656
37665
37671
37673
37684
37691
37693
37697
37699
37718
37725
37725
37726
37727
37743
37744
37773
37778
37779
37782
37798
37808
37827
37827
37839
37850
37861
37867
37875
37876
37879
37891
37900
37907
37908
37912
37915
37947
37958
37960
37990
37994
38014
38015
38015
38021
38024
38035
38038
38041
38091
38092
38113
38116
38137
38148
38149
38170
38183
38188
38189
38199
38209
38209
38216
38225
38229
38233
38243
38251
38253
38261
38264
38316
38318
38335
38339
38342
38352
38377
38380
38391
38437
38439
38447
38453
38460
38463
38464
38476
38483
38490
38493
38505
38528
38536
38547
38551
38556
38564
38568
38605
38605
38620
38659
38662
38684
38691
38696
38698
38720
38726
38727
38731
38732
38736
38751
38755
38756
38759
38765
38770
38776
38777
38789
38808
38817
38831
38843
38847
38852
38854
38870
38872
38892
38909
38920
38932
38950
38965
38967
38971
38972
38977
38989
38995
38997
38999
39005
39038
39051
39057
39059
39067
39068
39079
39105
39115
39115
39115
39125
39135
39144
39147
39159
39165
39171
39174
39174
39181
39200
39208
39213
39233
39235
39238
39239
39246
39251
39291
39303
39312
39315
39318
39321
39331
39333
39333
39335
39342
39343
39355
39356
39356
39358
39369
39375
39375
39375
39379
39384
39386
39389
39396
39398
39401
39411
39436
39453
39457
39470
39473
39489
39494
39506
39507
39507
39508
39515
39515
39517
39539
39541
39551
39553
39555
39560
39576
39576
39584
39603
39606
39611
39643
39659
39664
39675
39715
39719
39725
39735
39765
39771
39774
39782
39784
39790
39792
39793
39811
39819
39821
39821
39841
39844
39862
39863
39884
39891
39893
39902
39906
39908
39910
39912
39918
39922
39933
39940
39950
39962
39970
39971
39980
39986
39994
40002
40004
40011
40013
40013
40017
40031
40032
40039
40080
40084
40084
40095
40112
40121
40132
40134
40147
40148
40160
40161
40176
40186
40217
40231
40233
40236
40239
40241
40255
40261
40271
40275
40293
40307
40309
40354
40356
40359
40381
40399
40412
40425
40432
40438
40456
40470
40472
40472
40474
40484
40491
40504
40505
40507
40515
40520
40540
40541
40542
40556
40557
40590
40601
40609
40609
40613
40615
40618
40628
40631
40634
40690
40690
40694
40722
40723
40733
40740
40749
40750
40761
40773
40775
40778
40780
40781
40782
40791
40797
40808
40814
40820
40828
40868
40870
40874
40903
40909
40935
40938
40952
40958
40977
40987
41034
41054
41062
41077
41083
41160
41161
41165
41174
41175
41189
41211
41231
41235
41249
41256
41256
41257
41262
41271
41284
41305
41320
41356
41370
41371
41375
41419
41431
41437
41441
41443
41449
41451
41461
41480
41497
41500
41515
41523
41528
41536
41537
41540
41545
41566
41577
41585
41586
41601
41610
41615
41621
41622
41624
41625
41665
41681
41701
41725
41728
41732
41777
41787
41813
41822
41838
41852
41859
41865
41881
41881
41907
41908
41933
41959
41977
41983
42004
42011
42024
42036
42037
42067
42079
42082
42082
42084
42084
42091
42095
42103
42104
42114
42119
42121
42157
42158
42159
42170
42172
42178
42191
42200
42212
42215
42220
42225
42228
42247
42256
42257
42262
42271
42273
42287
42291
42303
42312
42338
42349
42351
42356
42363
42373
42374
42380
42403
42405
42425
42428
42429
42439
42445
42461
42461
42477
42478
42495
42500
42509
42514
42535
42536
42538
42548
42559
42565
42572
42573
42575
42591
42604
42612
42614
42618
42621
42632
42634
42637
42649
42658
42669
42681
42685
42696
42747
42766
42797
42811
42824
42845
42855
42864
42867
42872
42877
42886
42909
42919
42952
42985
43009
43014
43048
43059
43067
43075
43083
43092
43125
43132
43139
43147
43158
43162
43168
43177
43177
43187
43194
43199
43219
43241
43244
43266
43268
43271
43304
43306
43315
43322
43338
43340
43342
43343
43350
43351
43375
43386
43392
43394
43412
43413
43420
43439
43446
43456
43469
43481
43483
43485
43489
43498
43498
43508
43508
43519
43541
43556
43556
43561
43574
43580
43604
43605
43610
43614
43625
43634
43636
43645
43653
43667
43669
43673
43680
43681
43688
43693
43695
43707
43715
43728
43729
43732
43735
43745
43754
43760
43763
43776
43776
43796
43801
43811
43812
43838
43841
43841
43858
43878
43916
43916
43920
43931
43941
43943
43950
43951
43962
43969
43969
43990
43992
44003
44005
44013
44037
44062
44070
44078
44085
44093
44125
44164
44181
44190
44210
44235
44240
44271
44275
44275
44284
44290
44295
44303
44305
44309
44316
44320
44345
44350
44365
44371
44378
44383
44384
44385
44389
44390
44399
44406
44415
44420
44426
44435
44446
44451
44478
44527
44528
44547
44549
44561
44573
44583
44586
44593
44597
44601
44619
44630
44635
44650
44676
44678
44687
44699
44701
44723
44730
44733
44734
44737
44748
44753
44764
44774
44782
44789
44795
44809
44815
44832
44838
44856
44875
44876
44878
44892
44893
44915
44925
44932
44935
44937
44940
44945
44945
44996
44998
45006
45030
45044
45063
45090
45090
45090
45095
45096
45096
45105
45125
45140
45151
45163
45176
45179
45191
45193
45204
45208
45253
45261
45261
45301
45308
45315
45321
45327
45356
45364
45369
45381
45382
45384
45401
45411
45423
45441
45448
45451
45461
45484
45497
45511
45520
45539
45542
45544
45555
45557
45560
45566
45573
45578
45630
45635
45639
45640
45641
45641
45642
45650
45651
45664
45689
45735
45735
45745
45750
45766
45768
45768
45772
45807
45820
45826
45829
45834
45864
45866
45886
45892
45932
45955
45974
45989
46005
46015
46022
46031
46035
46054
46055
46058
46060
46066
46080
46082
46083
46085
46105
46116
46119
46139
46146
46152
46154
46160
46177
46205
46207
46241
46244
46259
46270
46279
46312
46313
46319
46335
46340
46351
46356
46360
46363
46372
46373
46380
46385
46387
46401
46417
46421
46422
46436
46438
46440
46444
46451
46460
46461
46474
46497
46517
46526
46533
46540
46547
46555
46565
46570
46585
46599
46609
46631
46636
46649
46661
46674
46690
46692
46698
46707
46715
46716
46744
46748
46749
46770
46775
46777
46779
46790
46800
46810
46861
46894
46897
46920
46931
46961
46986
46989
46991
46994
46994
46997
46997
47008
47012
47013
47028
47032
47062
47067
47117
47133
47147
47149
47158
47163
47169
47170
47176
47179
47193
47196
47215
47215
47216
47227
47230
47230
47236
47250
47268
47294
47335
47354
47359
47376
47383
47388
47392
47396
47402
47402
47443
47448
47465
47468
47506
47516
47525
47527
47542
47547
47551
47551
47563
47571
47583
47600
47603
47605
47607
47616
47618
47634
47636
47652
47658
47662
47663
47665
47672
47683
47697
47706
47725
47727
47742
47751
47775
47790
47792
47797
47814
47815
47823
47835
47841
47842
47844
47844
47846
47853
47856
47864
47865
47867
47868
47869
47886
47906
47907
47916
47920
47920
47922
47932
47934
47945
47950
47951
47953
47956
47960
47966
47968
47978
48009
48012
48020
48021
48034
48042
48043
48053
48065
48070
48075
48076
48097
48105
48114
48122
48133
48133
48153
48159
48186
48187
48201
48208
48214
48216
48220
48227
48228
48233
48240
48244
48246
48246
48263
48274
48278
48286
48303
48309
48317
48324
48334
48341
48365
48367
48369
48388
48397
48399
48409
48410
48423
48424
48445
48453
48454
48464
48467
48482
48496
48536
48541
48549
48567
48587
48589
48595
48608
48616
48618
48626
48637
48638
48645
48656
48657
48665
48725
48728
48746
48746
48754
48755
48757
48762
48765
48777
48782
48782
48805
48824
48834
48839
48842
48843
48856
48862
48873
48892
48904
48909
48913
48932
48933
48947
48956
48963
48963
48963
48964
48971
48982
48983
48989
48992
49001
49003
49020
49023
49029
49032
49036
49043
49048
49105
49105
49109
49112
49120
49121
49123
49135
49164
49168
49193
49193
49195
49205
49223
49227
49235
49241
49256
49259
49264
49282
49287
49291
49292
49299
49302
49314
49334
49345
49347
49350
49351
49354
49357
49365
49372
49383
49389
49399
49434
49455
49459
49461
49462
49467
49473
49483
49483
49493
49500
49511
49524
49525
49527
49528
49534
49542
49549
49558
49587
49608
49635
49643
49646
49652
49655
49659
49669
49671
49673
49685
49692
49693
49702
49706
49728
49731
49734
49748
49759
49765
49770
49770
49789
49839
49845
49846
49852
49854
49883
49885
49886
49890
49891
49897
49903
49913
49921
49936
49943
49946
49965
49987
49998
50002
50028
50039
50044
50053
50065
50078
50088
50090
50091
50100
50138
50148
50150
50155
50171
50192
50193
50198
50199
50223
50223
50223
50228
50253
50260
50278
50281
50291
50298
50300
50302
50307
50307
50323
50324
50326
50329
50343
50355
50363
50369
50370
50426
50454
50462
50476
50481
50496
50525
50537
50559
50565
50570
50570
50570
50575
50590
50615
50615
50629
50642
50658
50660
50671
50680
50683
50689
50701
50716
50724
50743
50749
50767
50769
50781
50792
50801
50804
50811
50818
50818
50819
50846
50850
50859
50872
50890
50893
50917
50917
50918
50934
50937
50951
50970
50972
50978
50979
50979
50984
50985
50991
51001
51017
51030
51045
51046
51053
51061
51098
51102
51108
51117
51125
51134
51147
51151
51166
51218
51219
51227
51228
51232
51288
51295
51298
51317
51323
51334
51340
51344
51346
51349
51371
51401
51402
51422
51426
51437
51451
51459
51460
51469
51472
51479
51486
51488
51489
51497
51506
51506
51510
51521
51557
51564
51564
51565
51580
51582
51604
51610
51611
51612
51617
51627
51645
51677
51681
51684
51685
51687
51711
51720
51739
51740
51775
51791
51809
51812
51816
51817
51820
51821
51837
51845
51854
51865
51867
51881
51883
51915
51917
51925
51952
51965
51978
51981
51986
51989
52002
52016
52025
52048
52057
52063
52065
52072
52085
52093
52099
52102
52106
52128
52133
52142
52145
52153
52154
52181
52186
52199
52235
52263
52269
52272
52273
52277
52284
52313
52319
52344
52379
52381
52388
52394
52398
52406
52413
52418
52433
52459
52462
52464
52476
52478
52479
52495
52507
52552
52553
52559
52578
52580
52587
52617
52632
52667
52671
52675
52675
52677
52679
52683
52684
52693
52711
52724
52739
52744
52777
52788
52788
52830
52862
52873
52920
52943
52961
53002
53028
53041
53045
53079
53087
53089
53105
53113
53138
53148
53162
53179
53186
53195
53198
53210
53221
53245
53248
53252
53261
53275
53284
53290
53295
53302
53308
53309
53311
53329
53329
53345
53362
53364
53371
53385
53389
53402
53402
53438
53448
53455
53460
53468
53470
53477
53477
53479
53494
53498
53511
53516
53516
53523
53534
53536
53540
53540
53551
53554
53609
53611
53615
53621
53626
53638
53671
53672
53677
53679
53701
53719
53729
53746
53748
53758
53765
53778
53801
53804
53811
53816
53823
53825
53829
53842
53866
53879
53885
53890
53900
53904
53922
53922
53922
53941
53952
53960
53964
53967
53973
53974
53975
53986
53987
54013
54034
54041
54041
54045
54048
54048
54072
54087
54108
54113
54116
54132
54141
54142
54145
54145
54147
54147
54148
54160
54178
54211
54212
54215
54216
54235
54239
54248
54259
54259
54262
54273
54278
54291
54312
54321
54323
54336
54339
54343
54348
54349
54349
54352
54371
54401
54417
54454
54455
54455
54460
54483
54485
54486
54514
54525
54532
54543
54544
54551
54551
54567
54575
54577
54588
54599
54614
54629
54630
54690
54695
54741
54750
54751
54778
54782
54792
54796
54797
54804
54805
54811
54814
54826
54831
54844
54865
54865
54893
54918
54922
54963
54972
54987
55014
55048
55050
55059
55060
55061
55094
55096
55097
55108
55109
55113
55119
55135
55147
55158
55185
55207
55219
55221
55235
55245
55250
55253
55262
55272
55290
55291
55296
55305
55317
55321
55323
55325
55328
55344
55344
55345
55363
55377
55396
55396
55398
55409
55410
55426
55442
55451
55451
55472
55510
55548
55556
55624
55624
55648
55653
55672
55683
55693
55714
55732
55734
55735
55750
55756
55764
55771
55773
55799
55801
55809
55815
55827
55827
55837
55842
55848
55854
55858
55861
55876
55880
55881
55883
55884
55884
55894
55916
55921
55922
55931
55936
55949
55961
55961
55969
55987
55989
55992
55994
56002
56005
56019
56043
56052
56070
56071
56081
56097
56135
56161
56165
56165
56167
56182
56184
56190
56201
56225
56235
56266
56288
56289
56302
56316
56320
56335
56335
56336
56336
56337
56352
56362
56372
56376
56378
56381
56382
56403
56421
56439
56448
56456
56466
56468
56488
56501
56519
56527
56545
56564
56569
56587
56604
56633
56644
56655
56679
56699
56728
56744
56754
56756
56768
56772
56773
56796
56808
56823
56832
56835
56843
56845
56847
56852
56853
56859
56873
56892
56902
56907
56911
56912
56929
56930
56931
56941
56954
56958
56967
56969
56971
56971
56972
56978
56998
56999
57004
57006
57007
57009
57010
57021
57030
57033
57033
57039
57049
57065
57074
57120
57127
57131
57139
57149
57149
57152
57161
57190
57192
57209
57220
57223
57230
57232
57238
57257
57259
57276
57287
57295
57312
57337
57359
57370
57371
57381
57382
57383
57392
57392
57396
57401
57414
57422
57435
57478
57482
57489
57503
57503
57527
57544
57564
57579
57588
57592
57594
57610
57621
57624
57629
57631
57632
57641
57661
57675
57706
57729
57731
57734
57739
57747
57767
57786
57787
57804
57811
57832
57835
57835
57837
57839
57863
57868
57876
57883
57885
57913
57921
57923
57926
57929
57931
57941
57964
57991
58015
58017
58017
58024
58032
58034
58034
58050
58057
58057
58061
58063
58067
58070
58072
58086
58089
58091
58098
58099
58111
58124
58144
58170
58175
58205
58206
58222
58235
58254
58260
58283
58289
58290
58299
58370
58370
58387
58391
58391
58404
58407
58419
58428
58459
58463
58469
58477
58509
58525
58534
58550
58553
58578
58591
58593
58600
58617
58642
58651
58656
58663
58682
58700
58702
58713
58714
58730
58732
58737
58737
58752
58753
58755
58763
58773
58774
58785
58787
58797
58823
58831
58848
58857
58860
58874
58875
58897
58898
58899
58900
58919
58929
58932
58932
58932
58942
58943
58944
58964
58968
58973
58975
58980
58993
58998
59028
59029
59048
59096
59099
59101
59102
59110
59122
59124
59138
59138
59139
59144
59145
59150
59160
59173
59176
59179
59187
59188
59191
59193
59194
59225
59228
59236
59256
59257
59263
59264
59268
59268
59271
59284
59287
59294
59298
59320
59322
59323
59325
59345
59345
59346
59371
59376
59388
59392
59410
59411
59413
59420
59422
59437
59446
59447
59502
59505
59510
59512
59516
59518
59519
59527
59539
59545
59554
59557
59584
59588
59611
59621
59625
59627
59654
59668
59669
59683
59702
59736
59737
59741
59744
59763
59772
59797
59822
59823
59827
59830
59858
59866
59874
59876
59883
59896
59900
59924
59935
59935
59939
59939
59955
59963
59965
59971
59989
59996
60005
60007
60008
60012
60040
60046
60051
60060
60083
60095
60117
60119
60129
60129
60130
60131
60141
60142
60164
60166
60189
60200
60202
60216
60226
60228
60261
60262
60299
60300
60307
60322
60325
60331
60331
60332
60345
60346
60356
60376
60377
60398
60415
60422
60445
60448
60452
60465
60476
60481
60517
60519
60520
60524
60528
60533
60534
60542
60542
60553
60560
60561
60600
60607
60607
60621
60643
60655
60661
60670
60674
60682
60690
60690
60694
60696
60703
60704
60704
60705
60706
60728
60730
60759
60762
60769
60795
60797
60825
60827
60851
60853
60856
60859
60863
60879
60891
60893
60927
60932
60940
60942
60963
60970
60989
61029
61037
61043
61053
61055
61064
61080
61087
61101
61139
61151
61175
61177
61190
61191
61220
61239
61249
61250
61258
61263
61269
61286
61297
61302
61303
61304
61305
61312
61333
61369
61370
61376
61388
61395
61414
61418
61426
61429
61436
61438
61447
61466
61469
61469
61492
61513
61526
61535
61537
61542
61553
61574
61583
61600
61606
61610
61632
61635
61640
61645
61646
61666
61687
61693
61696
61717
61729
61734
61770
61773
61779
61781
61799
61832
61857
61866
61871
61877
61889
61898
61912
61916
61918
61919
61922
61924
61928
61932
61936
61936
61946
61946
61969
61992
62004
62012
62014
62022
62037
62039
62048
62055
62056
62064
62076
62095
62101
62112
62113
62124
62137
62155
62157
62158
62172
62179
62189
62192
62228
62252
62252
62279
62281
62284
62286
62290
62299
62302
62306
62329
62338
62338
62340
62342
62357
62376
62380
62383
62416
62418
62434
62434
62448
62451
62465
62468
62469
62475
62480
62487
62491
62499
62504
62505
62506
62510
62528
62546
62571
62596
62599
62608
62610
62611
62613
62633
62656
62672
62674
62700
62701
62704
62706
62717
62740
62746
62748
62761
62774
62791
62796
62797
62806
62809
62834
62858
62861
62872
62874
62877
62880
62882
62894
62899
62901
62919
62919
62925
62932
62944
62945
62955
62956
62957
62967
62977
62978
62985
62999
63003
63003
63015
63019
63029
63058
63063
63102
63107
63113
63117
63139
63140
63150
63156
63158
63165
63176
63188
63191
63252
63267
63267
63267
63299
63324
63343
63351
63357
63373
63377
63378
63407
63411
63454
63456
63470
63482
63485
63489
63490
63492
63497
63502
63525
63525
63558
63569
63573
63600
63616
63621
63629
63655
63657
63658
63667
63690
63693
63710
63754
63795
63806
63823
63838
63841
63862
63868
63871
63879
63890
63919
63926
63937
63938
63943
63954
63958
63960
63973
63983
64001
64009
64010
64017
64021
64024
64033
64035
64044
64053
64064
64069
64072
64078
64081
64087
64094
64100
64101
64125
64141
64152
64158
64158
64190
64193
64202
64216
64227
64232
64236
64239
64244
64273
64279
64281
64320
64330
64339
64351
64406
64421
64436
64470
64482
64488
64495
64495
64497
64510
64531
64539
64548
64583
64600
64602
64626
64636
64637
64639
64639
64648
64655
64660
64684
64703
64708
64717
64768
64781
64781
64785
64794
64810
64816
64823
64825
64856
64858
64859
64870
64874
64878
64887
64889
64898
64909
64911
64917
64919
64925
64933
64941
64951
64967
64983
65052
65054
65062
65062
65076
65082
65121
65154
65187
65195
65196
65202
65207
65208
65209
65214
65235
65250
65254
65262
65269
65289
65292
65299
65337
65352
65358
65360
65366
65367
65382
65388
65399
65401
65405
65408
65412
65415
65436
65442
65450
65464
65470
65480
65492
65496
65507
65526
65550
65555
65572
65579
65579
65586
65594
65605
65622
65624
65627
65647
65658
65689
65689
65692
65693
65704
65711
65713
65723
65727
65751
65752
65784
65786
65788
65789
65794
65810
65825
65831
65849
65853
65854
65862
65863
65871
65875
65882
65888
65896
65904
65922
65941
65942
65949
65953
65954
65965
65974
65978
65991
65995
65997
66004
66007
66017
66020
66025
66029
66043
66046
66060
66064
66066
66081
66086
66095
66102
66103
66108
66123
66159
66163
66181
66189
66200
66204
66207
66207
66208
66210
66230
66233
66260
66261
66268
66284
66293
66297
66299
66304
66318
66335
66346
66348
66358
66359
66359
66365
66383
66391
66418
66438
66441
66446
66446
66463
66520
66527
66528
66560
66572
66609
66668
66675
66679
66686
66706
66718
66730
66731
66736
66756
66762
66768
66782
66783
66791
66794
66810
66821
66838
66849
66851
66863
66879
66894
66895
66907
66916
66921
66951
66961
66971
66981
66985
67003
67011
67015
67022
67027
67032
67032
67044
67052
67059
67069
67073
67074
67082
67096
67101
67107
67119
67123
67156
67160
67229
67265
67275
67281
67286
67287
67289
67290
67291
67306
67320
67324
67326
67335
67336
67349
67362
67367
67372
67375
67390
67395
67402
67406
67410
67414
67428
67436
67436
67443
67448
67460
67470
67481
67494
67497
67497
67510
67521
67525
67525
67528
67530
67550
67557
67558
67571
67582
67606
67611
67613
67618
67624
67627
67631
67644
67646
67657
67701
67703
67709
67733
67736
67737
67751
67779
67783
67784
67801
67803
67806
67833
67845
67846
67861
67880
67881
67882
67884
67890
67916
67934
67941
67963
67987
67988
68009
68012
68016
68052
68055
68064
68065
68066
68067
68074
68111
68116
68130
68138
68153
68158
68172
68188
68195
68200
68203
68214
68244
68253
68257
68278
68287
68330
68335
68337
68342
68382
68384
68390
68428
68429
68432
68445
68468
68480
68491
68494
68513
68516
68521
68525
68526
68528
68544
68572
68578
68587
68607
68609
68612
68614
68624
68631
68638
68641
68647
68658
68679
68681
68681
68693
68705
68709
68715
68725
68737
68737
68738
68746
68756
68758
68771
68782
68785
68795
68797
68798
68802
68802
68825
68846
68854
68881
68888
68888
68888
68902
68905
68907
68907
68916
68922
68928
68951
68964
68974
68978
68990
69005
69005
69020
69023
69023
69055
69069
69080
69086
69089
69092
69103
69121
69122
69146
69159
69173
69184
69187
69194
69225
69235
69238
69251
69256
69295
69304
69337
69338
69342
69347
69349
69361
69371
69396
69402
69413
69423
69434
69447
69455
69457
69460
69470
69488
69490
69492
69497
69501
69504
69510
69523
69532
69538
69549
69557
69567
69568
69572
69593
69593
69625
69634
69671
69680
69686
69687
69733
69744
69746
69751
69769
69772
69772
69783
69792
69811
69816
69818
69820
69827
69847
69850
69866
69867
69871
69875
69904
69907
69929
69934
69934
69948
69948
69962
69981
69983
69997
70008
70011
70016
70032
70043
70048
70051
70065
70074
70076
70076
70080
70083
70116
70116
70117
70130
70135
70147
70158
70165
70166
70194
70195
70207
70210
70232
70240
70243
70260
70263
70295
70308
70312
70328
70333
70334
70342
70342
70347
70362
70367
70392
70431
70456
70459
70469
70472
70495
70505
70526
70542
70549
70566
70569
70571
70583
70588
70590
70598
70606
70619
70622
70626
70630
70651
70652
70656
70660
70677
70681
70682
70689
70695
70700
70708
70714
70723
70728
70734
70752
70776
70777
70778
70792
70805
70806
70815
70820
70828
70840
70845
70855
70857
70873
70883
70888
70890
70896
70906
70915
70918
70922
70927
71003
71004
71004
71014
71017
71040
71049
71058
71075
71094
71098
71098
71109
71110
71120
71120
71125
71157
71173
71206
71211
71213
71221
71227
71257
71261
71275
71277
71282
71318
71320
71325
71351
71356
71357
71367
71397
71434
71473
71482
71504
71507
71508
71514
71519
71574
71593
71595
71602
71602
71613
71622
71635
71646
71653
71664
71666
71675
71678
71687
71712
71726
71732
71737
71737
71742
71759
71760
71762
71762
71786
71786
71796
71806
71812
71815
71818
71820
71823
71832
71842
71850
71851
71851
71859
71865
71885
71894
71907
71907
71918
71920
71924
71927
71944
71946
71954
71975
71987
71987
71989
72004
72009
72018
72021
72022
72025
72028
72049
72052
72061
72068
72069
72071
72078
72110
72111
72118
72121
72131
72148
72153
72155
72168
72180
72189
72192
72203
72210
72219
72221
72224
72226
72238
72246
72261
72264
72285
72287
72307
72308
72318
72330
72349
72352
72381
72381
72390
72390
72395
72397
72405
72427
72431
72444
72446
72471
72480
72490
72495
72496
72501
72516
72516
72518
72538
72539
72544
72556
72600
72622
72628
72636
72644
72647
72658
72672
72681
72687
72706
72708
72709
72713
72728
72739
72746
72750
72752
72764
72770
72774
72776
72789
72820
72832
72845
72852
72872
72875
72879
72884
72894
72908
72918
72931
72975
72978
72978
72985
72995
73002
73007
73011
73017
73018
73022
73029
73036
73043
73066
73076
73086
73095
73109
73116
73139
73148
73150
73151
73153
73167
73181
73198
73200
73205
73218
73242
73248
73254
73259
73269
73274
73274
73275
73287
73328
73333
73336
73352
73367
73373
73390
73411
73420
73421
73423
73423
73424
73434
73440
73463
73470
73479
73481
73488
73501
73515
73523
73527
73527
73538
73544
73549
73577
73586
73592
73604
73621
73649
73652
73668
73679
73691
73702
73709
73717
73734
73749
73762
73793
73812
73825
73861
73881
73885
73891
73904
73904
73911
73926
73941
73943
73947
73985
73998
74034
74054
74055
74063
74086
74090
74115
74118
74124
74126
74131
74132
74141
74142
74142
74146
74148
74153
74165
74178
74179
74209
74210
74233
74248
74279
74282
74308
74320
74328
74347
74350
74364
74365
74371
74380
74385
74412
74416
74419
74441
74477
74497
74501
74511
74514
74523
74529
74544
74551
74563
74580
74592
74593
74598
74623
74634
74637
74639
74662
74668
74678
74679
74695
74700
74703
74706
74721
74725
74725
74726
74736
74739
74739
74748
74772
74804
74814
74828
74886
74891
74900
74909
74938
74944
74953
74958
74959
74963
74969
74970
74972
74980
74985
75003
75006
75009
75010
75021
75045
75048
75077
75089
75092
75092
75108
75117
75119
75121
75125
75125
75133
75135
75135
75138
75147
75163
75182
75186
75199
75207
75217
75225
75240
75252
75256
75258
75270
75276
75282
75283
75283
75293
75310
75313
75322
75324
75329
75335
75369
75382
75385
75395
75447
75447
75487
75490
75499
75503
75503
75525
75527
75563
75579
75580
75592
75609
75611
75615
75624
75624
75634
75635
75654
75660
75673
75688
75691
75693
75707
75724
75745
75751
75756
75758
75776
75779
75803
75806
75814
75816
75823
75825
75830
75851
75868
75876
75877
75889
75897
75906
75906
75909
75910
75916
75917
75918
75921
75947
75948
75954
75988
76001
76009
76014
76015
76020
76052
76058
76081
76088
76088
76101
76105
76109
76124
76127
76128
76131
76136
76152
76161
76186
76195
76195
76208
76214
76237
76238
76241
76260
76278
76295
76298
76299
76313
76316
76328
76329
76351
76356
76359
76369
76379
76384
76384
76389
76392
76395
76426
76444
76453
76473
76516
76538
76564
76601
76612
76617
76626
76629
76630
76631
76637
76646
76695
76710
76721
76733
76750
76778
76803
76832
76833
76839
76845
76848
76868
76892
76893
76893
76900
76910
76931
76945
76950
76969
76982
77009
77038
77050
77077
77099
77101
77122
77128
77133
77144
77146
77150
77158
77183
77191
77194
77212
77213
77214
77222
77241
77250
77253
77260
77262
77269
77291
77302
77303
77304
77310
77312
77323
77336
77378
77384
77397
77410
77423
77428
77431
77432
77441
77487
77488
77493
77513
77534
77562
77563
77568
77572
77578
77601
77602
77609
77618
77635
77638
77641
77641
77659
77663
77668
77670
77689
77691
77700
77717
77723
77739
77743
77749
77766
77772
77802
77814
77825
77828
77837
77850
77865
77867
77869
77892
77894
77904
77907
77909
77922
77925
77929
77943
77945
77947
77948
77951
77954
77969
77972
77976
77979
77984
78037
78046
78056
78067
78079
78081
78111
78123
78125
78141
78160
78164
78195
78199
78201
78223
78265
78271
78288
78294
78301
78314
78325
78337
78367
78370
78386
78401
78417
78425
78437
78446
78451
78459
78459
78496
78500
78515
78521
78534
78542
78545
78548
78549
78550
78553
78559
78560
78584
78594
78594
78626
78638
78675
78678
78691
78703
78706
78723
78784
78797
78809
78814
78819
78819
78827
78853
78860
78877
78882
78923
78929
78930
78948
78950
78961
78964
78979
78985
78996
79002
79035
79054
79098
79101
79110
79114
79143
79172
79178
79179
79186
79195
79197
79225
79237
79238
79243
79269
79297
79302
79309
79310
79321
79325
79357
79371
79376
79383
79397
79398
79424
79426
79440
79448
79455
79462
79473
79478
79486
79493
79499
79501
79507
79527
79530
79551
79552
79552
79555
79563
79597
79622
79638
79652
79661
79669
79691
79724
79725
79759
79760
79769
79774
79791
79836
79837
79863
79866
79878
79882
79898
79901
79909
79911
79922
79934
79934
79946
79951
79954
79957
79961
80001
80010
80017
80022
80023
80042
80051
80060
80092
80100
80101
80104
80108
80122
80138
80145
80148
80174
80192
80221
80256
80261
80280
80287
80305
80323
80332
80347
80366
80372
80379
80380
80391
80394
80400
80405
80426
80428
80450
80475
80508
80569
80622
80627
80629
80639
80644
80649
80654
80656
80664
80668
80677
80687
80701
80708
80713
80715
80726
80726
80727
80734
80759
80784
80787
80817
80823
80838
80839
80840
80844
80862
80867
80880
80882
80908
80912
80918
80928
80945
80953
80963
80970
80972
80975
80991
80993
81000
81000
81006
81007
81015
81023
81036
81039
81053
81056
81072
81080
81084
81091
81098
81101
81101
81103
81114
81138
81152
81158
81202
81228
81229
81231
81236
81248
81251
81267
81275
81281
81285
81302
81304
81309
81315
81327
81328
81375
81377
81390
81397
81407
81408
81414
81436
81437
81442
81457
81460
81469
81480
81496
81507
81509
81542
81560
81562
81572
81573
81575
81577
81578
81592
81605
81608
81611
81614
81651
81657
81666
81673
81692
81693
81712
81715
81728
81750
81765
81768
81775
81788
81808
81811
81816
81816
81820
81826
81826
81827
81830
81832
81843
81851
81874
81875
81877
81878
81889
81909
81910
81916
81917
81938
81947
81958
81968
81982
82001
82007
82021
82034
82054
82067
82079
82080
82085
82097
82101
82104
82107
82109
82109
82123
82126
82133
82137
82175
82183
82193
82196
82202
82257
82261
82261
82275
82276
82283
82295
82304
82322
82328
82332
82338
82339
82339
82343
82398
82457
82459
82471
82472
82496
82503
82510
82516
82521
82537
82559
82560
82562
82575
82579
82596
82605
82636
82671
82688
82688
82697
82713
82732
82733
82758
82768
82776
82783
82802
82812
82819
82820
82824
82831
82832
82832
82857
82862
82882
82896
82897
82899
82908
82922
82931
82943
82967
82970
82975
82983
82986
82990
82992
83007
83021
83023
83037
83055
83057
83067
83071
83103
83116
83122
83126
83133
83163
83174
83175
83189
83194
83203
83204
83214
83216
83218
83236
83244
83247
83250
83261
83264
83298
83305
83310
83320
83320
83325
83328
83346
83351
83356
83357
83358
83378
83382
83394
83413
83416
83422
83434
83440
83442
83448
83466
83468
83469
83495
83498
83507
83532
83537
83541
83560
83569
83572
83585
83590
83594
83599
83627
83657
83666
83669
83681
83690
83694
83702
83705
83714
83758
83763
83780
83790
83819
83822
83848
83855
83867
83873
83875
83898
83900
83902
83919
83921
83928
83933
83936
83949
83952
83973
83974
83981
83982
83983
83985
84018
84023
84030
84039
84051
84075
84076
84078
84079
84083
84084
84084
84088
84098
84111
84115
84124
84133
84138
84161
84181
84182
84185
84193
84205
84207
84209
84211
84221
84245
84263
84265
84306
84309
84313
84319
84320
84328
84328
84363
84371
84382
84407
84412
84426
84440
84444
84447
84451
84459
84473
84479
84521
84523
84528
84531
84541
84541
84544
84575
84576
84585
84622
84624
84635
84639
84640
84641
84644
84659
84668
84668
84691
84713
84720
84726
84735
84735
84737
84742
84751
84752
84755
84758
84763
84782
84783
84787
84788
84789
84857
84860
84883
84883
84886
84891
84891
84894
84898
84903
84913
84918
84945
84964
84975
84981
84988
84991
84992
85001
85008
85012
85014
85029
85041
85044
85045
85054
85054
85058
85068
85074
85090
85092
85100
85103
85148
85182
85182
85229
85243
85252
85270
85270
85277
85280
85280
85281
85290
85301
85303
85322
85328
85361
85382
85395
85416
85418
85422
85439
85439
85470
85473
85477
85486
85509
85521
85549
85571
85574
85582
85595
85601
85614
85628
85633
85640
85651
85652
85671
85681
85695
85707
85716
85718
85721
85742
85751
85763
85780
85800
85802
85817
85821
85822
85822
85841
85852
85858
85858
85863
85880
85898
85902
85922
85930
85933
85951
85979
85986
85987
86010
86013
86018
86022
86040
86045
86060
86066
86077
86081
86084
86087
86090
86102
86105
86133
86134
86135
86143
86152
86165
86173
86175
86177
86181
86205
86205
86206
86238
86241
86244
86246
86261
86276
86284
86292
86293
86294
86307
86336
86342
86347
86349
86396
86407
86414
86415
86443
86449
86454
86471
86471
86474
86491
86496
86504
86511
86517
86530
86545
86547
86560
86574
86580
86582
86582
86594
86601
86611
86618
86631
86654
86666
86686
86699
86712
86715
86725
86729
86735
86749
86759
86774
86777
86778
86782
86786
86808
86810
86810
86821
86838
86849
86853
86866
86870
86874
86876
86897
86900
86908
86920
86966
86969
86998
87023
87032
87033
87042
87043
87050
87061
87063
87092
87098
87100
87156
87166
87171
87175
87183
87220
87230
87236
87236
87247
87248
87266
87273
87293
87302
87307
87319
87339
87339
87341
87349
87351
87373
87383
87397
87398
87401
87402
87411
87425
87436
87443
87448
87454
87454
87459
87464
87480
87494
87495
87508
87524
87528
87530
87531
87543
87545
87546
87551
87559
87570
87581
87587
87597
87627
87629
87634
87655
87666
87670
87689
87720
87720
87722
87728
87732
87747
87769
87774
87782
87787
87798
87831
87856
87867
87880
87892
87907
87911
87912
87928
87931
87936
87986
87987
87995
87998
88009
88021
88041
88050
88050
88056
88062
88067
88071
88082
88086
88090
88108
88112
88119
88123
88130
88133
88133
88142
88149
88150
88168
88173
88178
88198
88208
88220
88237
88245
88248
88273
88276
88280
88284
88289
88302
88306
88308
88313
88316
88319
88331
88334
88345
88356
88366
88373
88380
88388
88405
88409
88416
88428
88435
88448
88449
88476
88477
88498
88509
88513
88518
88518
88523
88527
88528
88530
88531
88536
88539
88549
88570
88590
88593
88615
88622
88632
88635
88669
88686
88718
88734
88753
88768
88779
88782
88783
88789
88797
88807
88808
88812
88816
88816
88818
88850
88851
88858
88874
88894
88904
88909
88914
88926
88934
88970
89000
89002
89009
89019
89024
89034
89041
89042
89042
89049
89049
89059
89060
89062
89069
89081
89087
89094
89113
89114
89121
89124
89140
89148
89165
89166
89166
89170
89172
89189
89193
89196
89201
89208
89209
89210
89224
89230
89232
89244
89244
89284
89290
89291
89310
89311
89334
89338
89343
89344
89350
89357
89364
89378
89417
89431
89437
89446
89451
89469
89473
89477
89483
89484
89489
89505
89520
89543
89564
89582
89585
89606
89608
89613
89624
89644
89648
89671
89671
89681
89688
89703
89719
89730
89740
89740
89745
89761
89762
89763
89769
89769
89786
89791
89794
89798
89799
89801
89814
89819
89842
89848
89855
89878
89907
89909
89912
89936
89952
89969
89987
89991
89995
90001
90021
90031
90046
90049
90055
90059
90074
90116
90121
90123
90147
90150
90168
90176
90178
90186
90201
90201
90228
90230
90236
90240
90244
90254
90281
90283
90286
90289
90289
90291
90323
90327
90328
90335
90349
90355
90357
90358
90368
90377
90386
90395
90396
90413
90417
90424
90431
90451
90474
90475
90483
90487
90492
90500
90508
90514
90530
90542
90553
90564
90574
90575
90578
90582
90586
90600
90602
90609
90621
90622
90630
90632
90639
90643
90646
90655
90664
90683
90694
90697
90709
90714
90729
90732
90767
90770
90808
90823
90823
90837
90839
90850
90853
90861
90918
90922
90927
90952
90960
90960
90986
90991
90992
90993
91010
91017
91025
91040
91046
91055
91058
91067
91094
91101
91106
91117
91118
91119
91128
91131
91139
91145
91162
91163
91169
91186
91205
91207
91208
91210
91224
91235
91243
91293
91304
91314
91320
91326
91329
91344
91350
91351
91353
91378
91388
91396
91399
91403
91410
91423
91423
91434
91438
91463
91467
91474
91478
91484
91485
91493
91530
91532
91543
91560
91578
91602
91619
91657
91697
91708
91709
91725
91728
91742
91750
91761
91762
91765
91771
91773
91792
91817
91833
91850
91852
91873
91890
91895
91967
91978
91980
91981
91984
91998
92000
92001
92016
92025
92028
92040
92042
92044
92067
92076
92091
92095
92096
92097
92100
92103
92113
92132
92160
92162
92173
92183
92193
92205
92232
92236
92245
92250
92250
92258
92271
92293
92299
92306
92313
92313
92351
92353
92369
92376
92384
92385
92389
92394
92397
92403
92441
92443
92450
92451
92459
92471
92489
92491
92492
92518
92530
92537
92546
92547
92557
92580
92593
92593
92594
92604
92609
92614
92632
92646
92654
92665
92673
92680
92688
92699
92712
92718
92738
92754
92758
92780
92780
92785
92822
92829
92843
92844
92847
92851
92865
92900
92905
92908
92923
92931
92935
92956
92961
92965
92975
92977
92980
92983
92986
92988
92996
92999
93029
93036
93049
93072
93090
93095
93101
93106
93145
93147
93158
93186
93191
93193
93196
93220
93226
93264
93285
93297
93323
93345
93345
93351
93355
93361
93362
93366
93376
93380
93381
93401
93402
93405
93409
93419
93435
93440
93442
93451
93460
93462
93496
93498
93499
93515
93517
93528
93534
93537
93545
93554
93570
93571
93579
93586
93610
93620
93626
93632
93652
93674
93700
93724
93728
93801
93813
93828
93838
93839
93840
93854
93855
93878
93882
93902
93903
93903
93912
93921
93922
93924
93936
93937
94000
94010
94034
94037
94040
94042
94045
94047
94048
94073
94092
94099
94105
94105
94114
94118
94120
94122
94126
94133
94150
94166
94195
94234
94240
94252
94253
94262
94269
94270
94285
94296
94301
94304
94329
94350
94359
94363
94367
94367
94375
94376
94402
94413
94417
94436
94440
94455
94463
94470
94471
94476
94482
94512
94513
94517
94532
94544
94547
94554
94554
94555
94559
94568
94571
94573
94594
94600
94608
94609
94609
94615
94624
94681
94685
94691
94696
94697
94698
94715
94726
94736
94757
94791
94802
94826
94827
94831
94848
94849
94881
94888
94893
94897
94902
94907
94910
94921
94925
94928
94936
94948
94952
94954
94969
95004
95022
95024
95024
95050
95052
95053
95056
95077
95082
95088
95091
95110
95111
95120
95126
95131
95134
95142
95148
95154
95154
95162
95170
95172
95176
95179
95181
95194
95222
95226
95274
95279
95281
95286
95291
95302
95305
95324
95334
95347
95349
95356
95362
95363
95377
95386
95387
95420
95422
95425
95431
95435
95436
95438
95454
95466
95470
95478
95500
95507
95522
95549
95551
95567
95570
95575
95600
95610
95616
95669
95683
95692
95692
95692
95705
95710
95713
95739
95741
95745
95756
95766
95768
95769
95803
95808
95812
95831
95857
95879
95899
95916
95918
95919
95925
95941
95950
95975
95991
96019
96034
96040
96043
96053
96054
96072
96078
96078
96089
96093
96097
96105
96124
96131
96151
96161
96185
96218
96227
96231
96235
96251
96264
96271
96278
96282
96285
96295
96318
96334
96348
96361
96377
96389
96391
96391
96395
96405
96408
96409
96409
96420
96420
96428
96439
96458
96469
96477
96480
96487
96491
96495
96496
96503
96509
96531
96546
96557
96561
96581
96599
96602
96604
96605
96606
96615
96632
96633
96648
96657
96658
96661
96667
96671
96672
96689
96695
96717
96732
96734
96739
96740
96751
96756
96788
96797
96809
96839
96844
96846
96849
96861
96865
96873
96885
96887
96888
96896
96932
96933
96935
96941
96969
96969
97002
97009
97024
97025
97035
97035
97040
97057
97061
97077
97080
97087
97089
97091
97108
97137
97145
97152
97154
97156
97162
97172
97197
97200
97204
97223
97230
97239
97244
97262
97295
97298
97303
97314
97320
97323
97356
97366
97378
97384
97391
97402
97423
97432
97438
97440
97447
97467
97534
97538
97549
97551
97555
97569
97582
97592
97606
97621
97624
97636
97652
97662
97662
97665
97690
97690
97697
97699
97710
97714
97722
97724
97729
97754
97774
97775
97787
97791
97797
97841
97858
97871
97880
97888
97893
97909
97921
97930
97959
97961
97967
97980
98005
98012
98016
98017
98021
98047
98060
98075
98084
98106
98108
98116
98117
98120
98134
98137
98144
98144
98147
98149
98182
98196
98224
98227
98236
98243
98256
98329
98341
98355
98359
98382
98389
98414
98415
98417
98439
98439
98456
98463
98477
98494
98507
98539
98542
98549
98563
98565
98569
98573
98578
98581
98582
98584
98588
98593
98600
98601
98603
98612
98613
98626
98626
98627
98651
98672
98688
98690
98712
98713
98732
98748
98750
98752
98768
98777
98779
98790
98824
98825
98830
98836
98840
98846
98848
98852
98860
98862
98876
98888
98892
98920
98935
98954
98955
98968
98972
98973
98987
98989
98992
99006
99022
99023
99043
99044
99055
99060
99063
99078
99092
99093
99096
99111
99115
99115
99116
99117
99133
99144
99147
99151
99171
99189
99194
99200
99295
99305
99326
99329
99338
99344
99357
99359
99371
99377
99377
99380
99396
99415
99421
99434
99441
99476
99499
99542
99560
99560
99561
99562
99563
99565
99570
99598
99609
99623
99639
99641
99649
99652
99673
99677
99685
99708
99718
99781
99785
99797
99798
99802
99809
99811
99828
99835
99866
99867
99878
99916
99925
99946
99959
99960
99962
99970
99971
99971
99974
99980
99986
