6
18
18
20
28
42
46
64
84
88
101
103
126
128
129
141
153
163
165
176
178
200
200
208
222
233
248
275
322
323
335
350
353
356
359
361
378
391
408
424
447
464
468
488
499
502
514
519
519
562
566
569
582
593
608
615
620
629
642
650
650
660
662
672
678
682
684
691
702
706
720
724
725
727
729
740
743
750
766
768
802
804
807
810
810
828
836
841
860
861
865
899
903
904
914
965
985
1006
1032
1035
1040
1045
1064
1081
1084
1088
1094
1116
1138
1139
1141
1148
1154
1174
1189
1206
1211
1238
1242
1244
1252
1261
1288
1288
1292
1298
1348
1351
1362
1367
1375
1380
1389
1418
1432
1434
1438
1443
1452
1458
1468
1483
1491
1519
1521
1532
1540
1546
1548
1550
1563
1567
1568
1569
1589
1592
1597
1599
1612
1627
1629
1630
1642
1643
1644
1656
1658
1703
1704
1734
1739
1741
1745
1748
1769
1789
1796
1797
1799
1803
1803
1813
1845
1856
1858
1862
1884
1891
1892
1898
1899
1912
1913
1920
1927
1955
1968
1976
2012
2029
2035
2039
2041
2052
2052
2057
2081
2109
2146
2147
2158
2160
2163
2201
2229
2242
2263
2277
2281
2286
2288
2293
2305
2318
2343
2343
2352
2365
2377
2406
2446
2446
2450
2452
2454
2470
2479
2482
2492
2506
2509
2510
2518
2539
2550
2553
2559
2560
2566
2568
2570
2571
2593
2597
2600
2613
2614
2633
2637
2664
2668
2674
2682
2683
2689
2689
2691
2699
2709
2709
2721
2746
2758
2769
2771
2772
2786
2790
2809
2812
2824
2834
2841
2849
2860
2871
2880
2885
2892
2922
2932
2941
2953
2976
2978
2981
2985
3010
3012
3044
3075
3077
3085
3097
3106
3113
3125
3129
3145
3146
3150
3156
3168
3176
3185
3186
3186
3186
3192
3192
3199
3204
3208
3217
3229
3240
3263
3273
3277
3278
3280
3284
3295
3307
3307
3312
3314
3334
3334
3338
3340
3342
3352
3367
3371
3374
3400
3421
3450
3466
3501
3509
3514
3518
3541
3543
3556
3560
3574
3588
3588
3591
3591
3626
3638
3653
3654
3654
3671
3672
3674
3695
3702
3706
3715
3721
3724
3735
3743
3760
3772
3773
3787
3795
3798
3807
3813
3814
3815
3819
3848
3861
3882
3895
3896
3897
3905
3911
3922
3956
3961
3965
3965
3968
3978
3982
3996
3999
4000
4017
4019
4038
4041
4045
4049
4054
4058
4063
4064
4074
4076
4077
4088
4092
4110
4117
4130
4134
4135
4176
4177
4189
4196
4237
4237
4237
4243
4246
4260
4275
4281
4284
4286
4286
4294
4297
4298
4301
4314
4332
4336
4336
4342
4343
4353
4355
4363
4366
4392
4402
4419
4426
4455
4474
4477
4496
4504
4541
4549
4549
4588
4589
4591
4592
4594
4597
4599
4618
4619
4625
4626
4631
4637
4639
4656
4661
4664
4669
4680
4713
4723
4733
4734
4739
4741
4748
4750
4782
4786
4817
4833
4843
4843
4874
4909
4915
4917
4928
4939
4944
4955
4965
4974
4984
5000
5009
5011
5033
5042
5063
5074
5076
5090
5099
5127
5139
5146
5147
5150
5155
5162
5182
5191
5194
5195
5196
5212
5240
5256
5258
5276
5282
5290
5310
5316
5331
5341
5350
5367
5389
5404
5422
5436
5447
5451
5477
5482
5486
5517
5525
5533
5537
5546
5549
5552
5572
5573
5582
5584
5589
5592
5595
5596
5598
5624
5641
5645
5666
5669
5672
5675
5682
5688
5696
5720
5723
5726
5740
5753
5776
5779
5779
5786
5788
5799
5811
5833
5835
5845
5853
5879
5899
5899
5908
5925
5937
5969
5974
6013
6019
6022
6039
6080
6092
6094
6108
6151
6190
6218
6222
6232
6236
6237
6239
6243
6243
6260
6263
6271
6273
6308
6309
6312
6314
6330
6347
6385
6392
6395
6396
6403
6409
6418
6429
6431
6431
6437
6437
6441
6453
6457
6461
6467
6474
6492
6495
6509
6510
6510
6516
6518
6521
6531
6540
6547
6548
6552
6565
6567
6571
6573
6588
6591
6605
6606
6617
6618
6620
6621
6633
6638
6652
6656
6660
6685
6696
6708
6723
6726
6727
6732
6733
6750
6751
6771
6787
6815
6833
6833
6834
6837
6839
6839
6888
6890
6906
6920
6986
6991
6993
7000
7009
7015
7037
7039
7040
7049
7049
7053
7064
7065
7069
7088
7088
7120
7129
7150
7152
7155
7155
7164
7166
7167
7188
7220
7274
7287
7300
7308
7329
7339
7341
7353
7362
7367
7378
7379
7382
7382
7416
7430
7433
7454
7471
7476
7478
7494
7499
7505
7512
7520
7523
7525
7527
7535
7541
7546
7549
7559
7564
7572
7572
7574
7590
7613
7617
7620
7636
7639
7639
7665
7669
7679
7684
7686
7707
7708
7719
7727
7734
7736
7755
7796
7798
7818
7825
7825
7835
7853
7870
7900
7903
7905
7918
7918
7928
7952
7956
7956
7993
8001
8018
8026
8038
8043
8053
8054
8066
8067
8100
8111
8122
8127
8174
8180
8189
8191
8211
8230
8243
8256
8259
8269
8278
8279
8280
8284
8288
8295
8302
8307
8320
8339
8353
8356
8360
8369
8376
8382
8385
8386
8387
8409
8421
8426
8441
8453
8457
8460
8467
8473
8484
8500
8501
8507
8519
8519
8524
8528
8534
8544
8548
8549
8556
8575
8577
8580
8606
8620
8634
8635
8663
8668
8687
8697
8704
8705
8712
8749
8754
8782
8799
8813
8815
8817
8820
8825
8829
8841
8860
8863
8884
8899
8905
8905
8910
8918
8927
8931
8945
8945
8958
8972
8982
8997
9012
9024
9036
9041
9059
9060
9061
9062
9095
9100
9105
9111
9135
9145
9158
9178
9184
9205
9208
9224
9227
9228
9232
9237
9240
9263
9271
9271
9275
9304
9320
9324
9330
9333
9344
9358
9360
9364
9366
9380
9402
9419
9439
9454
9459
9472
9472
9510
9521
9526
9538
9553
9561
9566
9568
9590
9621
9624
9627
9631
9648
9659
9765
9772
9806
9813
9825
9839
9845
9853
9853
9861
9873
9875
9898
9901
9904
9925
9926
9933
9938
9956
9973
9993
9998
9998
10004
10014
10043
10045
10065
10078
10080
10080
10092
10112
10138
10140
10146
10156
10166
10168
10171
10183
10184
10193
10208
10245
10270
10274
10279
10286
10292
10343
10344
10365
10375
10376
10385
10389
10390
10398
10414
10420
10427
10446
10446
10447
10456
10459
10469
10478
10496
10510
10511
10529
10533
10533
10536
10543
10555
10563
10566
10580
10581
10582
10586
10586
10589
10590
10594
10596
10597
10604
10620
10625
10636
10664
10668
10669
10673
10701
10755
10807
10820
10846
10852
10880
10929
10935
10938
10939
10940
10956
10986
10991
10996
10999
11015
11034
11048
11062
11066
11084
11092
11100
11145
11165
11171
11176
11176
11177
11186
11193
11204
11210
11242
11257
11271
11279
11281
11289
11296
11308
11310
11334
11349
11350
11359
11395
11412
11413
11434
11441
11447
11449
11450
11457
11462
11462
11473
11477
11486
11490
11493
11509
11510
11522
11540
11546
11550
11550
11551
11565
11575
11577
11609
11638
11648
11655
11667
11670
11674
11686
11687
11694
11701
11701
11702
11703
11707
11720
11729
11730
11733
11738
11753
11756
11771
11782
11801
11807
11816
11824
11834
11852
11860
11891
11898
11913
11918
11922
11924
11952
11956
11957
11965
11990
12004
12007
12017
12029
12052
12054
12064
12069
12080
12091
12099
12104
12109
12128
12152
12162
12177
12182
12183
12186
12187
12192
12193
12194
12261
12269
12276
12277
12308
12323
12329
12348
12350
12352
12362
12370
12370
12380
12391
12407
12429
12438
12453
12457
12470
12474
12487
12504
12521
12536
12551
12555
12555
12558
12568
12579
12584
12590
12594
12597
12613
12623
12627
12633
12641
12672
12681
12686
12693
12693
12707
12727
12727
12728
12739
12740
12742
12743
12752
12755
12799
12811
12847
12859
12887
12892
12908
12911
12913
12925
12938
12955
12955
13003
13006
13044
13046
13062
13067
13086
13090
13104
13119
13128
13131
13131
13137
13138
13140
13141
13144
13161
13173
13186
13188
13209
13232
13270
13291
13298
13302
13309
13323
13331
13332
13340
13350
13352
13357
13362
13366
13375
13393
13409
13409
13429
13438
13451
13462
13470
13474
13475
13475
13496
13512
13515
13525
13541
13542
13546
13552
13554
13555
13574
13614
13689
13695
13695
13703
13703
13721
13735
13741
13754
13764
13783
13805
13817
13818
13819
13825
13846
13847
13856
13869
13878
13938
13957
13971
13990
14009
14012
14039
14046
14090
14097
14114
14124
14127
14128
14142
14152
14160
14161
14164
14172
14178
14190
14199
14205
14213
14235
14254
14255
14270
14274
14277
14297
14299
14305
14309
14310
14311
14354
14362
14377
14386
14389
14396
14409
14415
14434
14443
14446
14449
14451
14453
14455
14467
14469
14482
14490
14497
14525
14530
14548
14554
14563
14591
14602
14603
14612
14613
14613
14616
14626
14644
14645
14659
14672
14676
14691
14694
14698
14700
14707
14715
14720
14721
14736
14737
14739
14740
14758
14764
14765
14771
14779
14781
14781
14788
14799
14800
14809
14825
14827
14828
14836
14851
14853
14865
14912
14913
14934
14940
14950
14953
14963
14965
14967
14970
14976
14977
14984
14990
15007
15016
15020
15021
15044
15048
15055
15062
15071
15071
15074
15080
15083
15087
15089
15093
15096
15112
15123
15129
15143
15143
15157
15167
15171
15197
15201
15204
15219
15251
15252
15260
15271
15277
15278
15279
15280
15281
15284
15286
15290
15296
15314
15322
15335
15350
15356
15377
15379
15386
15399
15411
15417
15431
15432
15432
15434
15436
15451
15451
15454
15469
15481
15495
15495
15529
15529
15539
15548
15548
15551
15552
15560
15581
15586
15586
15594
15630
15648
15648
15651
15688
15693
15709
15728
15741
15748
15752
15762
15775
15780
15786
15787
15790
15798
15798
15821
15822
15842
15844
15848
15863
15874
15891
15903
15906
15915
15925
15929
15947
15959
15969
15974
15978
15991
16002
16012
16013
16015
16027
16047
16050
16054
16064
16081
16090
16115
16116
16117
16135
16136
16137
16139
16152
16153
16160
16162
16163
16166
16191
16217
16227
16232
16233
16235
16235
16247
16268
16306
16326
16329
16330
16332
16332
16355
16361
16388
16400
16411
16433
16444
16473
16477
16491
16497
16500
16502
16508
16510
16520
16529
16547
16547
16548
16555
16556
16565
16573
16573
16582
16587
16588
16589
16605
16605
16614
16625
16626
16641
16643
16653
16663
16665
16675
16690
16703
16764
16765
16767
16785
16805
16807
16809
16811
16817
16830
16839
16846
16848
16849
16851
16858
16870
16874
16880
16891
16911
16921
16932
16955
16991
16993
17014
17016
17028
17034
17037
17041
17060
17065
17069
17072
17080
17085
17098
17105
17125
17136
17140
17152
17167
17195
17198
17211
17212
17218
17230
17231
17238
17243
17253
17281
17296
17308
17315
17319
17331
17338
17356
17374
17381
17385
17396
17403
17408
17415
17420
17421
17424
17431
17439
17446
17446
17467
17501
17515
17519
17527
17529
17535
17556
17582
17615
17628
17629
17635
17637
17645
17647
17666
17666
17670
17679
17692
17705
17710
17710
17717
17725
17752
17754
17777
17778
17800
17815
17848
17883
17885
17885
17901
17905
17925
17937
17943
17946
17952
17954
17954
17966
17967
17969
17974
17994
17997
18001
18014
18049
18049
18059
18068
18099
18109
18121
18128
18129
18132
18133
18167
18170
18171
18172
18184
18185
18189
18210
18215
18216
18217
18231
18235
18249
18255
18271
18278
18291
18294
18300
18300
18312
18320
18322
18323
18328
18329
18333
18335
18341
18344
18353
18370
18371
18383
18388
18389
18391
18400
18410
18418
18427
18427
18436
18443
18448
18451
18457
18459
18464
18465
18468
18470
18474
18477
18484
18526
18551
18553
18563
18564
18566
18569
18578
18582
18591
18593
18622
18640
18641
18648
18649
18656
18676
18702
18727
18729
18731
18759
18766
18771
18779
18780
18825
18828
18840
18848
18851
18852
18862
18873
18888
18889
18895
18900
18904
18914
18915
18918
18925
18930
18941
18944
18946
18950
18960
18966
18969
18969
18977
19004
19015
19022
19022
19054
19062
19064
19067
19092
19105
19115
19121
19127
19127
19128
19134
19137
19148
19153
19187
19188
19199
19208
19218
19245
19248
19253
19253
19288
19291
19303
19304
19306
19314
19315
19319
19339
19339
19345
19347
19352
19364
19368
19368
19379
19379
19400
19418
19419
19422
19433
19438
19439
19440
19457
19458
19480
19481
19505
19517
19529
19529
19531
19535
19543
19543
19543
19544
19551
19551
19568
19572
19572
19575
19576
19580
19595
19606
19615
19629
19630
19633
19633
19643
19643
19647
19652
19675
19679
19699
19701
19710
19711
19713
19717
19719
19721
19721
19722
19737
19754
19760
19762
19767
19773
19775
19777
19786
19803
19819
19821
19826
19847
19857
19864
19900
19913
19922
19937
19938
19938
19947
19949
19956
19964
19978
19991
19995
19999
20000
20005
20007
20014
20040
20040
20056
20073
20073
20090
20099
20150
20174
20178
20181
20181
20202
20214
20237
20247
20250
20268
20273
20273
20283
20287
20289
20292
20294
20319
20321
20363
20373
20378
20383
20384
20395
20417
20421
20431
20457
20457
20469
20486
20508
20527
20542
20543
20545
20574
20595
20623
20629
20659
20666
20670
20686
20688
20688
20696
20702
20712
20737
20746
20748
20757
20764
20773
20774
20779
20796
20808
20846
20854
20860
20879
20879
20893
20901
20906
20906
20910
20936
20950
20990
21016
21023
21029
21030
21032
21044
21045
21047
21054
21072
21121
21130
21133
21155
21176
21177
21206
21219
21232
21234
21247
21258
21267
21270
21278
21287
21295
21296
21318
21359
21369
21376
21377
21380
21386
21399
21404
21405
21416
21425
21426
21427
21429
21435
21454
21454
21466
21470
21481
21482
21495
21503
21510
21524
21527
21531
21540
21552
21555
21562
21564
21577
21585
21593
21610
21616
21651
21657
21659
21661
21661
21665
21704
21726
21750
21752
21761
21772
21773
21780
21802
21808
21809
21811
21816
21827
21828
21842
21842
21849
21866
21866
21869
21871
21873
21876
21893
21894
21895
21898
21902
21907
21925
21936
21937
21947
21968
21978
21989
22002
22017
22025
22030
22036
22040
22044
22049
22051
22055
22067
22071
22075
22077
22085
22095
22103
22105
22117
22120
22133
22135
22146
22152
22154
22163
22164
22202
22204
22217
22218
22221
22247
22247
22250
22253
22260
22284
22286
22292
22293
22296
22298
22318
22336
22344
22346
22355
22385
22385
22399
22410
22416
22433
22439
22444
22445
22449
22451
22455
22461
22464
22506
22509
22512
22521
22522
22529
22569
22583
22601
22601
22615
22640
22644
22655
22672
22686
22692
22693
22702
22722
22746
22774
22776
22799
22828
22838
22852
22890
22894
22897
22903
22903
22921
22930
22931
22951
22955
22957
22979
22986
22997
22999
23030
23049
23049
23061
23081
23082
23094
23106
23118
23177
23182
23187
23195
23198
23206
23208
23214
23216
23219
23224
23227
23242
23249
23250
23254
23261
23281
23287
23296
23304
23305
23308
23310
23312
23312
23321
23340
23366
23368
23381
23387
23427
23456
23460
23474
23476
23484
23495
23511
23522
23549
23565
23565
23572
23582
23596
23597
23611
23635
23638
23648
23654
23659
23660
23666
23692
23722
23722
23741
23759
23764
23783
23783
23787
23799
23800
23817
23841
23852
23856
23865
23873
23873
23887
23903
23911
23927
23928
23932
23935
23939
23940
23944
23960
23962
23970
23985
23991
24023
24032
24054
24087
24098
24102
24127
24133
24134
24137
24142
24149
24157
24179
24197
24201
24203
24215
24231
24234
24242
24247
24247
24249
24259
24311
24317
24328
24329
24338
24342
24350
24355
24361
24368
24374
24379
24396
24406
24415
24427
24438
24455
24461
24472
24475
24476
24507
24513
24520
24522
24535
24559
24568
24574
24574
24580
24582
24604
24604
24609
24633
24671
24682
24698
24706
24717
24733
24748
24751
24751
24757
24779
24795
24811
24820
24824
24834
24834
24842
24864
24867
24878
24907
24910
24915
24926
24941
24954
24985
25012
25017
25018
25019
25035
25038
25078
25092
25095
25101
25106
25114
25114
25128
25160
25166
25169
25174
25190
25215
25217
25223
25225
25227
25236
25244
25250
25262
25264
25304
25309
25318
25333
25343
25357
25374
25380
25390
25391
25424
25449
25473
25479
25489
25492
25530
25544
25559
25582
25590
25591
25623
25630
25637
25644
25659
25689
25694
25706
25708
25712
25720
25741
25752
25765
25771
25773
25783
25784
25789
25795
25804
25828
25830
25847
25847
25850
25859
25863
25865
25867
25909
25920
25928
25939
25944
25953
25961
25962
25985
25989
25991
26014
26017
26018
26023
26035
26042
26045
26049
26049
26057
26065
26066
26067
26089
26098
26111
26146
26151
26166
26177
26198
26220
26231
26239
26256
26299
26315
26321
26338
26351
26388
26398
26420
26424
26426
26444
26446
26460
26464
26474
26490
26499
26520
26522
26548
26553
26577
26583
26586
26595
26596
26608
26611
26616
26617
26618
26621
26627
26658
26660
26663
26673
26688
26702
26710
26715
26737
26751
26759
26764
26778
26782
26785
26796
26796
26798
26817
26823
26843
26845
26868
26871
26876
26889
26920
26925
26936
26941
26987
26987
26999
27016
27017
27026
27044
27045
27049
27064
27066
27088
27113
27118
27119
27120
27125
27146
27149
27159
27183
27218
27221
27223
27238
27245
27247
27254
27260
27288
27316
27331
27332
27337
27343
27347
27350
27368
27368
27391
27413
27437
27456
27466
27467
27491
27505
27514
27553
27565
27573
27589
27592
27593
27597
27613
27620
27624
27629
27648
27656
27658
27660
27662
27689
27692
27702
27705
27758
27770
27775
27796
27804
27809
27810
27841
27932
27933
27945
27946
27950
27954
27973
27995
28001
28006
28024
28025
28040
28058
28066
28072
28084
28085
28093
28104
28125
28126
28129
28134
28136
28141
28161
28166
28168
28174
28188
28203
28207
28215
28235
28243
28274
28284
28291
28292
28311
28315
28315
28321
28331
28335
28338
28348
28349
28350
28362
28368
28371
28375
28376
28381
28386
28404
28406
28408
28413
28424
28429
28439
28446
28448
28475
28477
28477
28491
28495
28501
28505
28506
28515
28527
28542
28552
28565
28581
28606
28613
28636
28641
28652
28666
28672
28679
28682
28709
28712
28714
28732
28741
28747
28753
28756
28761
28763
28770
28771
28775
28795
28801
28805
28812
28843
28853
28863
28866
28874
28890
28898
28900
28904
28916
28922
28923
28926
28929
28944
28957
28978
28984
29002
29018
29021
29023
29030
29050
29067
29080
29107
29110
29114
29119
29130
29147
29169
29173
29183
29186
29191
29192
29200
29203
29218
29227
29263
29265
29272
29281
29282
29289
29293
29307
29322
29325
29342
29352
29354
29360
29364
29371
29387
29393
29409
29423
29428
29437
29463
29474
29475
29479
29487
29503
29519
29532
29532
29542
29552
29558
29575
29575
29582
29605
29606
29613
29628
29633
29634
29640
29644
29645
29647
29668
29677
29693
29712
29725
29731
29735
29735
29735
29736
29748
29755
29803
29805
29814
29824
29830
29840
29842
29851
29856
29858
29878
29884
29890
29893
29895
29896
29900
29902
29904
29923
29943
29954
29967
29985
30002
30011
30029
30034
30035
30042
30046
30053
30059
30074
30083
30084
30086
30109
30123
30127
30135
30139
30149
30191
30192
30201
30234
30262
30270
30271
30292
30298
30337
30340
30345
30352
30378
30391
30394
30403
30409
30420
30439
30461
30474
30476
30476
30484
30505
30532
30533
30534
30540
30554
30591
30596
30600
30601
30604
30607
30616
30618
30629
30636
30638
30642
30665
30686
30705
30707
30710
30737
30768
30775
30799
30830
30832
30840
30854
30865
30904
30907
30912
30930
30934
30940
30943
30946
30951
30958
30960
30979
30991
31003
31015
31046
31065
31070
31076
31091
31095
31114
31120
31124
31132
31137
31140
31149
31150
31152
31153
31186
31208
31213
31221
31225
31230
31238
31251
31258
31261
31271
31278
31279
31293
31301
31320
31325
31330
31352
31355
31360
31374
31397
31399
31401
31409
31411
31412
31422
31431
31447
31448
31456
31459
31462
31505
31525
31526
31536
31544
31545
31553
31553
31562
31564
31580
31582
31583
31587
31595
31602
31608
31613
31613
31618
31647
31647
31654
31665
31667
31675
31681
31684
31698
31700
31700
31725
31732
31734
31734
31746
31754
31761
31791
31795
31797
31802
31805
31814
31817
31819
31821
31831
31834
31836
31837
31841
31861
31863
31872
31872
31880
31891
31896
31901
31915
31927
31930
31930
31930
31932
31937
31950
31956
31957
31961
31980
31983
31988
31992
31997
32005
32023
32027
32038
32059
32060
32067
32072
32073
32075
32078
32087
32090
32090
32092
32102
32130
32132
32150
32151
32157
32169
32185
32194
32200
32205
32205
32213
32214
32217
32232
32235
32257
32261
32279
32311
32312
32319
32327
32337
32345
32347
32351
32356
32362
32370
32401
32427
32476
32481
32497
32509
32533
32543
32549
32558
32558
32569
32585
32588
32597
32617
32634
32641
32646
32649
32650
32662
32667
32670
32684
32688
32708
32723
32731
32733
32733
32737
32744
32746
32770
32772
32778
32790
32822
32839
32841
32843
32863
32867
32880
32894
32905
32924
32925
32954
32954
32967
32970
32971
32986
32992
33003
33010
33014
33016
33017
33017
33056
33058
33074
33074
33117
33137
33138
33139
33140
33151
33180
33185
33186
33187
33190
33208
33218
33220
33226
33228
33239
33243
33254
33261
33266
33299
33300
33305
33319
33321
33335
33337
33339
33340
33345
33355
33362
33384
33385
33395
33412
33420
33431
33453
33461
33465
33489
33494
33522
33539
33578
33580
33604
33618
33620
33632
33636
33664
33685
33691
33715
33717
33734
33755
33760
33783
33789
33799
33804
33818
33824
33832
33857
33862
33867
33868
33898
33899
33908
33924
33926
33943
33959
33959
33978
33981
33984
34018
34022
34038
34041
34059
34063
34064
34072
34078
34084
34087
34090
34105
34116
34117
34128
34131
34134
34150
34170
34170
34173
34177
34187
34197
34216
34224
34229
34237
34251
34262
34267
34275
34277
34282
34289
34298
34304
34308
34311
34317
34331
34360
34363
34365
34383
34384
34405
34408
34413
34435
34440
34446
34492
34505
34508
34523
34529
34538
34541
34542
34542
34551
34555
34566
34593
34593
34595
34603
34605
34606
34606
34606
34608
34611
34645
34651
34669
34698
34707
34708
34730
34731
34731
34731
34749
34750
34756
34765
34768
34769
34770
34772
34781
34783
34784
34803
34808
34810
34827
34841
34877
34882
34908
34928
34938
34960
34962
34981
34981
34984
34993
35001
35007
35017
35027
35037
35040
35041
35049
35049
35059
35069
35082
35085
35090
35102
35111
35114
35124
35129
35137
35144
35149
35164
35175
35207
35207
35208
35212
35224
35233
35236
35237
35255
35255
35264
35276
35276
35279
35285
35287
35292
35303
35305
35316
35321
35323
35331
35338
35350
35363
35364
35381
35402
35405
35408
35409
35421
35422
35437
35441
35443
35447
35452
35467
35471
35485
35494
35495
35506
35522
35538
35545
35550
35553
35570
35576
35577
35585
35606
35606
35608
35629
35631
35633
35660
35668
35673
35676
35680
35683
35708
35710
35712
35723
35731
35736
35748
35769
35775
35778
35782
35791
35796
35801
35808
35830
35835
35847
35862
35865
35868
35870
35880
35890
35895
35903
35914
35921
35929
35954
35956
35967
35973
35991
35993
36000
36021
36056
36057
36058
36091
36095
36105
36114
36118
36130
36131
36147
36151
36161
36164
36172
36178
36179
36190
36209
36210
36223
36228
36228
36231
36233
36242
36247
36248
36269
36269
36291
36299
36341
36342
36351
36352
36359
36371
36391
36393
36397
36398
36400
36410
36413
36445
36457
36498
36505
36510
36516
36517
36525
36538
36551
36570
36574
36607
36617
36621
36623
36636
36639
36641
36643
36647
36650
36666
36692
36703
36706
36723
36732
36732
36733
36740
36748
36751
36753
36765
36769
36821
36829
36832
36834
36871
36888
36896
36896
36907
36908
36941
36948
36961
36968
36983
37023
37033
37046
37051
37059
37079
37091
37100
37106
37107
37112
37124
37143
37147
37160
37170
37176
37263
37278
37285
37289
37304
37318
37331
37337
37340
37348
37364
37369
37385
37388
37390
37391
37395
37401
37426
37438
37453
37480
37481
37517
37546
37554
37558
37589
37594
37595
37612
37613
37629
37636
37648
37655
37661
37666
37687
37702
37708
37710
37710
37721
37730
37736
37740
37767
37776
37779
37796
37850
37851
37855
37859
37860
37890
37898
37900
37907
37933
37941
37945
37949
37949
37956
37976
37978
37984
37995
37998
38004
38011
38027
38042
38048
38049
38050
38060
38076
38091
38118
38118
38132
38132
38145
38154
38186
38209
38216
38233
38239
38242
38249
38254
38258
38260
38265
38274
38275
38299
38319
38321
38334
38334
38354
38362
38372
38381
38388
38390
38403
38408
38416
38417
38418
38448
38466
38476
38483
38491
38500
38529
38562
38611
38635
38639
38642
38649
38670
38675
38683
38688
38689
38711
38723
38734
38738
38743
38743
38747
38753
38757
38767
38767
38776
38786
38793
38799
38806
38812
38814
38821
38824
38834
38860
38869
38880
38886
38890
38894
38895
38895
38920
38926
38930
38935
38941
38947
38993
38994
38998
39002
39010
39024
39055
39057
39068
39091
39117
39118
39122
39126
39171
39191
39200
39202
39205
39210
39215
39218
39220
39226
39234
39247
39263
39280
39280
39295
39297
39300
39302
39306
39345
39352
39371
39375
39376
39377
39382
39385
39411
39417
39435
39437
39449
39458
39461
39467
39501
39502
39521
39522
39536
39556
39569
39579
39579
39596
39599
39606
39609
39610
39610
39614
39620
39635
39656
39669
39674
39688
39720
39728
39741
39744
39750
39754
39760
39769
39777
39778
39788
39831
39838
39839
39840
39844
39851
39851
39869
39876
39881
39889
39890
39907
39932
39980
39982
39985
39987
40004
40021
40037
40037
40038
40041
40053
40074
40076
40081
40083
40084
40097
40111
40119
40124
40138
40141
40152
40159
40162
40167
40180
40183
40192
40200
40236
40239
40277
40279
40283
40284
40287
40304
40307
40308
40327
40340
40361
40377
40400
40408
40409
40414
40437
40445
40467
40480
40483
40483
40485
40502
40505
40509
40536
40538
40545
40570
40571
40574
40580
40601
40635
40638
40644
40654
40656
40670
40674
40677
40683
40703
40707
40723
40727
40736
40736
40742
40747
40754
40764
40770
40770
40789
40792
40796
40813
40828
40830
40834
40835
40839
40841
40868
40880
40888
40906
40907
40910
40911
40922
40938
40950
40955
40956
40963
40966
40968
40981
40984
41001
41013
41015
41021
41030
41034
41035
41058
41061
41061
41065
41069
41075
41081
41089
41091
41097
41098
41120
41130
41159
41160
41185
41194
41197
41202
41218
41250
41262
41284
41290
41294
41298
41307
41355
41357
41374
41378
41383
41420
41423
41435
41437
41439
41450
41450
41454
41477
41485
41496
41521
41527
41562
41572
41581
41583
41654
41663
41668
41675
41681
41714
41719
41726
41726
41734
41744
41767
41775
41781
41784
41786
41787
41789
41796
41796
41837
41857
41865
41866
41870
41871
41883
41890
41894
41896
41939
41958
41967
41974
41979
41981
41986
42002
42026
42038
42039
42045
42046
42050
42065
42069
42069
42082
42086
42088
42106
42117
42119
42125
42144
42168
42169
42174
42176
42189
42212
42213
42213
42224
42226
42228
42241
42249
42254
42257
42276
42294
42298
42299
42367
42368
42371
42393
42395
42400
42402
42445
42447
42457
42461
42463
42471
42475
42476
42485
42496
42509
42509
42514
42515
42533
42537
42539
42559
42564
42566
42574
42578
42599
42614
42621
42635
42640
42654
42657
42664
42676
42687
42696
42702
42702
42724
42728
42728
42745
42747
42749
42750
42754
42763
42769
42778
42794
42806
42807
42816
42880
42881
42894
42896
42896
42905
42906
42922
42934
42946
42947
42958
42975
43013
43016
43030
43058
43062
43096
43132
43151
43169
43189
43199
43201
43215
43216
43224
43225
43235
43245
43265
43266
43267
43268
43273
43301
43312
43320
43321
43322
43334
43338
43338
43345
43353
43362
43365
43370
43371
43372
43374
43377
43395
43396
43400
43433
43449
43451
43458
43466
43477
43492
43512
43519
43520
43522
43546
43571
43572
43587
43592
43604
43617
43626
43656
43663
43668
43696
43712
43724
43724
43728
43729
43733
43745
43751
43755
43769
43772
43783
43797
43800
43801
43805
43810
43835
43838
43844
43846
43863
43890
43894
43904
43904
43908
43914
43917
43930
43931
43931
43933
43943
43944
43951
43952
43968
43969
43975
43977
43991
44023
44028
44044
44070
44094
44098
44106
44116
44127
44135
44141
44143
44155
44155
44159
44197
44202
44217
44224
44230
44251
44257
44262
44262
44272
44276
44308
44315
44329
44340
44360
44365
44371
44374
44379
44383
44386
44415
44436
44436
44455
44455
44456
44485
44516
44531
44534
44543
44558
44571
44571
44574
44576
44584
44589
44606
44631
44634
44655
44671
44682
44684
44688
44695
44701
44718
44725
44725
44740
44749
44755
44772
44778
44782
44796
44803
44807
44811
44817
44821
44840
44847
44849
44859
44862
44870
44877
44893
44896
44900
44907
44934
44947
44956
44974
44975
44991
45023
45050
45059
45062
45078
45086
45097
45100
45104
45104
45105
45113
45125
45144
45147
45147
45177
45177
45190
45203
45250
45250
45255
45264
45266
45290
45303
45352
45398
45415
45419
45428
45434
45435
45446
45449
45457
45460
45468
45503
45504
45514
45519
45532
45537
45574
45582
45586
45586
45594
45630
45630
45647
45649
45654
45665
45671
45684
45684
45695
45698
45698
45718
45740
45743
45744
45746
45758
45775
45794
45809
45823
45830
45830
45844
45847
45855
45859
45877
45885
45899
45910
45920
45921
45937
45944
45951
45958
45968
46015
46021
46029
46034
46043
46065
46070
46088
46097
46103
46106
46106
46115
46142
46172
46181
46182
46183
46211
46212
46216
46219
46225
46227
46231
46240
46247
46271
46343
46345
46346
46372
46379
46396
46397
46399
46408
46412
46433
46443
46449
46450
46471
46479
46518
46531
46552
46561
46567
46572
46573
46578
46605
46610
46614
46622
46625
46626
46632
46653
46680
46681
46690
46693
46704
46715
46724
46724
46728
46732
46753
46769
46776
46782
46795
46802
46820
46859
46868
46898
46898
46924
46925
46929
46936
46952
46960
46962
46977
46977
46991
46997
47010
47025
47040
47045
47054
47060
47062
47069
47078
47096
47128
47131
47147
47167
47176
47192
47202
47234
47251
47260
47263
47271
47281
47300
47321
47322
47328
47343
47354
47354
47367
47376
47378
47381
47387
47387
47387
47400
47404
47405
47436
47436
47468
47470
47491
47501
47503
47505
47510
47542
47546
47553
47554
47565
47569
47572
47602
47621
47626
47627
47628
47628
47630
47632
47636
47639
47665
47683
47685
47691
47708
47725
47728
47734
47738
47790
47821
47822
47849
47864
47884
47886
47922
47932
47943
47955
47957
47958
47968
47975
47987
47987
47989
47994
47995
48017
48021
48029
48038
48039
48040
48043
48083
48090
48090
48102
48112
48125
48126
48130
48145
48158
48168
48177
48188
48208
48231
48239
48242
48264
48266
48270
48276
48281
48293
48294
48296
48298
48308
48326
48336
48348
48353
48357
48379
48384
48394
48422
48425
48450
48473
48473
48474
48480
48521
48527
48529
48546
48547
48549
48579
48586
48607
48615
48621
48629
48633
48651
48662
48663
48672
48672
48673
48677
48681
48693
48707
48718
48720
48739
48752
48760
48760
48773
48776
48776
48789
48794
48806
48806
48808
48817
48820
48821
48824
48840
48840
48841
48847
48865
48880
48899
48903
48907
48914
48927
48938
48948
48949
48955
48958
48963
48967
48972
49006
49014
49030
49031
49033
49038
49041
49045
49046
49055
49058
49063
49066
49081
49097
49115
49116
49124
49126
49151
49168
49170
49173
49176
49183
49189
49194
49195
49198
49224
49225
49232
49235
49253
49258
49258
49260
49266
49270
49270
49274
49289
49289
49308
49315
49320
49343
49367
49374
49377
49397
49398
49409
49424
49428
49446
49449
49472
49481
49507
49522
49530
49531
49547
49563
49568
49597
49610
49628
49638
49662
49668
49671
49718
49718
49729
49738
49747
49768
49770
49810
49812
49812
49861
49861
49864
49865
49870
49887
49893
49927
49929
49935
49983
49989
49998
50013
50019
50026
50026
50028
50032
50038
50041
50041
50058
50059
50063
50071
50074
50079
50083
50084
50097
50101
50111
50131
50139
50142
50162
50184
50185
50185
50201
50206
50229
50230
50241
50248
50252
50253
50256
50267
50275
50276
50279
50288
50306
50322
50325
50368
50375
50403
50418
50420
50426
50429
50430
50452
50454
50461
50470
50471
50487
50500
50500
50507
50514
50544
50566
50583
50592
50594
50625
50632
50635
50643
50669
50702
50728
50733
50751
50752
50763
50763
50791
50793
50800
50803
50819
50822
50828
50896
50903
50909
50914
50917
50920
50927
50935
50961
50971
50979
50999
51002
51002
51013
51047
51048
51050
51055
51113
51138
51148
51166
51171
51174
51176
51178
51184
51195
51220
51228
51229
51230
51248
51262
51267
51268
51270
51270
51271
51288
51288
51314
51317
51318
51321
51326
51327
51331
51332
51344
51366
51384
51387
51388
51393
51413
51415
51422
51451
51453
51460
51465
51485
51498
51518
51525
51532
51547
51561
51563
51567
51572
51574
51587
51591
51597
51614
51618
51620
51639
51680
51688
51699
51720
51729
51749
51755
51770
51788
51789
51805
51822
51827
51831
51837
51845
51851
51853
51878
51885
51890
51899
51900
51901
51911
51915
51922
51950
51953
51954
51966
51970
51981
51983
51987
51994
52020
52027
52037
52039
52054
52069
52069
52072
52073
52111
52115
52135
52156
52166
52180
52183
52194
52244
52254
52262
52265
52268
52288
52290
52305
52310
52311
52328
52346
52355
52363
52373
52389
52412
52432
52436
52443
52446
52469
52471
52476
52486
52515
52515
52527
52531
52534
52544
52549
52589
52593
52602
52609
52619
52621
52624
52636
52637
52680
52682
52684
52703
52725
52735
52736
52738
52783
52795
52807
52829
52832
52847
52852
52857
52879
52894
52896
52926
52930
52940
52950
52954
52956
52962
52996
53007
53024
53031
53049
53051
53065
53077
53082
53084
53085
53086
53088
53091
53096
53116
53123
53136
53151
53158
53167
53183
53185
53193
53213
53219
53220
53225
53232
53235
53245
53250
53252
53285
53292
53301
53301
53303
53318
53322
53332
53344
53359
53366
53404
53404
53411
53422
53446
53451
53458
53460
53461
53468
53475
53480
53481
53486
53488
53495
53510
53512
53515
53537
53538
53549
53567
53568
53606
53607
53608
53611
53613
53614
53617
53621
53624
53630
53646
53668
53668
53673
53693
53709
53725
53727
53732
53747
53756
53760
53765
53768
53780
53784
53790
53802
53804
53805
53813
53818
53829
53832
53838
53840
53844
53847
53851
53860
53876
53881
53883
53900
53923
53924
53932
53935
53937
53938
53939
53946
53976
53978
53979
53986
54002
54027
54040
54051
54053
54054
54058
54062
54071
54087
54089
54093
54101
54113
54131
54136
54140
54141
54143
54145
54157
54173
54176
54182
54200
54223
54234
54253
54256
54259
54271
54276
54277
54285
54289
54289
54291
54312
54313
54314
54318
54321
54326
54343
54351
54358
54364
54369
54373
54385
54387
54393
54431
54441
54443
54454
54467
54480
54490
54496
54497
54504
54504
54506
54516
54532
54541
54541
54556
54574
54579
54579
54625
54632
54638
54657
54657
54662
54674
54689
54695
54700
54712
54713
54744
54749
54759
54775
54778
54780
54780
54790
54794
54797
54811
54824
54848
54853
54861
54862
54875
54879
54881
54889
54915
54933
54935
54938
54940
54954
54968
54981
54996
55026
55042
55047
55058
55065
55066
55066
55083
55083
55097
55101
55102
55126
55137
55158
55170
55193
55194
55202
55204
55216
55218
55237
55243
55245
55257
55257
55263
55292
55313
55321
55329
55331
55334
55335
55349
55349
55349
55369
55380
55391
55393
55399
55401
55404
55438
55441
55447
55451
55455
55459
55464
55470
55473
55473
55488
55516
55521
55521
55523
55525
55537
55563
55582
55599
55600
55604
55626
55628
55631
55635
55637
55641
55644
55644
55645
55666
55667
55670
55692
55715
55721
55736
55738
55741
55748
55755
55763
55766
55784
55794
55796
55801
55814
55814
55838
55840
55851
55854
55858
55885
55896
55896
55900
55907
55929
55955
55964
55978
55995
56010
56017
56026
56030
56037
56060
56074
56094
56107
56142
56142
56143
56144
56163
56166
56169
56181
56184
56199
56201
56206
56206
56233
56235
56243
56262
56277
56304
56327
56337
56337
56339
56346
56370
56376
56377
56389
56393
56407
56411
56416
56422
56427
56446
56450
56451
56455
56470
56473
56481
56489
56499
56517
56536
56537
56542
56549
56561
56561
56565
56567
56569
56577
56580
56582
56582
56589
56596
56600
56617
56623
56642
56665
56681
56683
56688
56692
56708
56724
56749
56754
56757
56762
56765
56768
56772
56795
56801
56806
56812
56815
56831
56832
56873
56878
56894
56898
56921
56921
56950
56969
56990
57024
57027
57028
57039
57039
57039
57047
57049
57067
57076
57090
57095
57112
57114
57143
57151
57158
57170
57173
57174
57203
57204
57205
57210
57231
57246
57256
57295
57295
57299
57316
57317
57368
57379
57390
57392
57399
57402
57432
57433
57453
57456
57476
57479
57514
57523
57548
57556
57556
57563
57572
57612
57621
57628
57636
57648
57652
57652
57658
57662
57672
57681
57683
57688
57698
57730
57779
57781
57786
57792
57793
57809
57813
57814
57825
57831
57860
57869
57880
57910
57911
57925
57926
57929
57932
57937
57946
57971
57985
57994
57998
58007
58013
58022
58024
58027
58038
58055
58057
58060
58084
58095
58101
58112
58122
58126
58135
58137
58139
58140
58153
58170
58176
58187
58221
58240
58259
58260
58264
58267
58283
58291
58305
58305
58322
58326
58340
58341
58341
58351
58366
58378
58398
58428
58448
58495
58538
58541
58547
58556
58565
58566
58571
58574
58597
58598
58599
58610
58613
58618
58636
58644
58650
58651
58654
58660
58674
58691
58693
58702
58718
58742
58743
58749
58763
58763
58766
58780
58781
58803
58813
58821
58824
58856
58857
58865
58865
58889
58898
58905
58909
58917
58917
58922
58931
58941
58942
58956
58958
58959
58970
58987
58988
58990
58996
59009
59017
59018
59019
59031
59036
59043
59058
59068
59078
59085
59088
59096
59100
59102
59104
59111
59140
59142
59148
59160
59164
59171
59189
59196
59211
59228
59234
59235
59239
59240
59244
59259
59261
59269
59280
59288
59316
59329
59352
59363
59366
59367
59369
59373
59385
59395
59398
59402
59406
59411
59419
59422
59426
59451
59454
59466
59473
59475
59478
59493
59509
59512
59512
59512
59524
59525
59528
59529
59531
59538
59545
59553
59557
59561
59573
59591
59623
59625
59634
59651
59677
59679
59693
59706
59706
59708
59734
59735
59738
59743
59745
59753
59753
59759
59788
59789
59802
59803
59804
59808
59838
59842
59843
59848
59857
59861
59870
59876
59877
59877
59892
59896
59903
59905
59909
59917
59941
59947
59957
59969
59989
59990
59995
60004
60005
60009
60012
60016
60017
60021
60029
60035
60041
60045
60075
60081
60084
60106
60109
60114
60127
60138
60143
60148
60149
60160
60167
60186
60188
60189
60190
60192
60205
60206
60219
60225
60228
60230
60246
60256
60256
60268
60272
60274
60286
60299
60312
60316
60351
60371
60375
60407
60448
60460
60471
60474
60479
60485
60509
60512
60517
60518
60521
60525
60565
60573
60582
60614
60648
60649
60672
60694
60701
60709
60709
60730
60739
60743
60758
60778
60785
60789
60817
60826
60836
60850
60855
60881
60892
60928
60939
60952
60952
60957
61000
61004
61030
61034
61037
61041
61049
61051
61052
61072
61087
61087
61096
61096
61104
61106
61134
61148
61163
61178
61191
61232
61242
61249
61251
61257
61258
61261
61263
61263
61272
61277
61281
61281
61298
61308
61309
61325
61330
61333
61341
61343
61350
61350
61363
61396
61400
61401
61405
61406
61410
61420
61422
61437
61441
61445
61462
61465
61465
61465
61496
61512
61566
61576
61589
61605
61622
61657
61661
61663
61675
61723
61739
61755
61781
61789
61790
61795
61804
61806
61813
61820
61821
61824
61844
61845
61918
61920
61927
61971
61979
61987
61998
62000
62008
62011
62068
62070
62111
62122
62123
62126
62127
62153
62154
62157
62182
62186
62195
62196
62205
62206
62207
62214
62218
62219
62230
62231
62252
62253
62254
62260
62267
62285
62289
62291
62328
62341
62347
62370
62372
62379
62397
62400
62426
62427
62433
62442
62445
62445
62460
62462
62485
62505
62513
62544
62552
62564
62588
62588
62590
62596
62616
62628
62651
62654
62660
62683
62686
62686
62707
62721
62724
62728
62738
62740
62748
62757
62770
62773
62787
62808
62812
62818
62841
62843
62845
62848
62863
62874
62900
62903
62952
62954
62968
62969
62983
62995
63009
63011
63016
63046
63048
63048
63061
63066
63089
63099
63109
63114
63119
63125
63126
63134
63137
63143
63150
63158
63174
63175
63177
63179
63203
63224
63225
63254
63255
63270
63271
63275
63285
63290
63312
63331
63340
63344
63357
63380
63381
63391
63399
63407
63430
63432
63435
63435
63436
63460
63461
63463
63465
63471
63485
63488
63505
63512
63513
63514
63519
63522
63526
63547
63574
63583
63586
63595
63606
63615
63624
63625
63632
63641
63663
63673
63693
63708
63712
63736
63737
63740
63761
63774
63777
63780
63783
63794
63796
63797
63799
63810
63818
63819
63843
63847
63857
63872
63878
63903
63904
63922
63923
63949
63952
63972
63977
63980
63991
63995
63996
64002
64002
64003
64006
64009
64013
64038
64050
64057
64072
64079
64080
64086
64104
64118
64135
64136
64153
64168
64173
64183
64195
64202
64230
64291
64296
64296
64321
64332
64353
64361
64372
64411
64422
64448
64453
64460
64478
64491
64492
64498
64509
64520
64539
64559
64581
64587
64597
64607
64638
64648
64650
64668
64671
64707
64716
64720
64734
64736
64762
64766
64788
64794
64805
64819
64828
64836
64848
64856
64865
64879
64901
64926
64928
64974
64977
64978
64987
65018
65026
65031
65032
65040
65060
65081
65126
65139
65161
65164
65166
65170
65174
65185
65205
65222
65230
65248
65259
65261
65278
65279
65288
65289
65303
65319
65355
65356
65362
65374
65392
65423
65428
65431
65435
65435
65445
65454
65465
65470
65474
65481
65489
65499
65511
65539
65571
65597
65598
65604
65606
65608
65619
65626
65648
65662
65665
65673
65682
65720
65724
65725
65740
65743
65757
65761
65771
65774
65774
65795
65797
65802
65828
65834
65869
65919
65945
65949
65949
65955
65958
65961
65970
65972
65984
65988
65998
65998
66015
66021
66021
66021
66032
66036
66057
66058
66063
66075
66094
66108
66110
66111
66123
66123
66131
66140
66144
66146
66146
66147
66158
66159
66175
66186
66197
66212
66217
66230
66236
66255
66263
66268
66288
66290
66330
66345
66355
66356
66364
66377
66379
66383
66415
66419
66421
66430
66436
66445
66447
66449
66450
66454
66461
66464
66489
66497
66503
66517
66533
66551
66560
66564
66568
66569
66584
66585
66591
66595
66606
66618
66626
66645
66664
66665
66680
66688
66692
66711
66713
66723
66731
66734
66747
66772
66777
66789
66790
66800
66815
66818
66820
66840
66871
66872
66887
66887
66902
66926
66928
66943
66946
66950
66955
66956
66960
66975
66979
66983
67003
67008
67014
67026
67031
67032
67070
67072
67081
67100
67102
67103
67118
67134
67138
67152
67153
67170
67173
67217
67234
67245
67246
67254
67281
67283
67288
67291
67305
67318
67320
67325
67360
67360
67385
67396
67397
67427
67432
67437
67444
67474
67476
67482
67488
67492
67512
67513
67530
67552
67566
67575
67584
67591
67594
67623
67630
67631
67656
67663
67690
67732
67740
67743
67745
67747
67752
67755
67764
67765
67778
67798
67805
67819
67819
67822
67839
67843
67848
67850
67864
67876
67879
67903
67904
67915
67917
67934
67935
67952
67955
67957
67961
67968
67969
67974
67982
67992
68002
68023
68033
68050
68053
68071
68072
68081
68082
68091
68120
68139
68148
68150
68157
68166
68189
68190
68235
68244
68253
68258
68260
68261
68269
68270
68286
68290
68291
68302
68313
68322
68335
68338
68363
68385
68399
68400
68414
68424
68428
68428
68430
68433
68446
68449
68459
68459
68459
68466
68476
68476
68477
68480
68491
68494
68495
68498
68502
68512
68522
68524
68524
68527
68536
68542
68549
68549
68550
68560
68567
68577
68578
68582
68601
68606
68613
68626
68654
68657
68659
68666
68676
68679
68688
68698
68704
68722
68724
68735
68752
68752
68792
68795
68799
68809
68812
68826
68834
68893
68918
68940
68956
68957
68959
68959
68970
68994
68996
69000
69011
69018
69019
69020
69028
69040
69063
69085
69117
69117
69120
69129
69150
69210
69212
69220
69220
69233
69233
69237
69241
69247
69248
69267
69271
69277
69279
69284
69332
69335
69368
69398
69412
69428
69434
69440
69441
69446
69466
69475
69498
69504
69512
69524
69570
69584
69594
69598
69599
69624
69625
69643
69653
69667
69673
69690
69698
69707
69707
69722
69727
69730
69732
69733
69749
69754
69776
69777
69785
69798
69807
69807
69815
69821
69831
69834
69836
69839
69849
69868
69873
69884
69890
69893
69918
69931
69932
69940
69943
69945
69958
69959
69968
69987
70024
70035
70051
70069
70072
70101
70116
70121
70129
70139
70143
70145
70155
70159
70176
70179
70179
70189
70201
70202
70204
70213
70240
70248
70248
70256
70257
70265
70267
70294
70294
70306
70322
70330
70331
70334
70336
70339
70343
70359
70383
70385
70386
70419
70445
70474
70497
70514
70528
70542
70571
70584
70599
70609
70612
70635
70636
70644
70647
70658
70676
70695
70704
70716
70718
70758
70772
70774
70783
70793
70802
70815
70822
70838
70840
70866
70874
70914
70928
70945
70948
70955
70955
70960
70989
71008
71016
71024
71030
71031
71033
71035
71050
71060
71061
71068
71079
71082
71090
71098
71099
71101
71109
71115
71125
71130
71137
71149
71160
71166
71176
71198
71208
71212
71234
71276
71276
71281
71287
71292
71296
71317
71335
71339
71341
71345
71348
71391
71393
71462
71485
71488
71511
71513
71521
71540
71561
71565
71571
71579
71580
71587
71609
71610
71617
71626
71630
71649
71671
71684
71689
71692
71694
71712
71715
71719
71723
71725
71738
71762
71777
71777
71778
71788
71805
71807
71819
71822
71842
71854
71861
71890
71900
71903
71914
71923
71930
71939
71954
71961
71964
71974
71994
71995
72000
72000
72012
72015
72033
72037
72046
72066
72092
72098
72135
72142
72165
72165
72179
72203
72220
72230
72240
72254
72257
72258
72266
72292
72296
72301
72302
72309
72319
72337
72338
72341
72345
72365
72380
72393
72397
72407
72407
72418
72419
72425
72429
72433
72464
72484
72484
72522
72529
72533
72558
72565
72567
72569
72574
72575
72590
72594
72607
72611
72628
72634
72645
72645
72657
72667
72677
72698
72701
72704
72731
72736
72743
72744
72759
72762
72778
72782
72783
72784
72787
72808
72821
72829
72833
72834
72843
72855
72859
72865
72865
72872
72875
72881
72890
72927
72928
72939
72946
72947
72959
72970
72982
72991
73019
73024
73031
73060
73085
73087
73093
73106
73122
73139
73140
73150
73157
73169
73173
73179
73192
73227
73232
73246
73268
73282
73302
73317
73347
73359
73366
73378
73382
73400
73428
73429
73431
73434
73446
73459
73461
73463
73465
73473
73483
73486
73490
73552
73559
73562
73564
73567
73578
73580
73595
73612
73639
73655
73662
73675
73687
73702
73702
73706
73712
73717
73741
73753
73753
73783
73785
73788
73795
73803
73829
73850
73854
73872
73880
73881
73897
73904
73909
73910
73927
73942
73943
73952
73952
73981
73990
74023
74026
74039
74060
74060
74060
74082
74093
74164
74167
74173
74191
74197
74212
74214
74227
74235
74235
74246
74261
74267
74269
74273
74280
74292
74296
74319
74336
74337
74340
74348
74349
74366
74375
74380
74386
74391
74395
74400
74404
74407
74407
74417
74462
74489
74493
74516
74524
74525
74527
74545
74559
74575
74583
74610
74612
74635
74646
74651
74672
74684
74692
74693
74707
74709
74717
74746
74753
74764
74765
74772
74782
74785
74796
74837
74852
74859
74864
74874
74933
74939
74944
74967
74971
75001
75025
75027
75032
75038
75041
75044
75051
75078
75086
75107
75130
75157
75160
75174
75175
75190
75190
75194
75208
75220
75230
75245
75278
75301
75304
75314
75329
75332
75333
75336
75336
75357
75364
75384
75388
75392
75407
75440
75445
75445
75449
75451
75454
75456
75472
75492
75505
75506
75511
75515
75519
75533
75549
75562
75568
75582
75594
75606
75614
75621
75657
75666
75709
75747
75749
75762
75763
75766
75791
75792
75792
75795
75804
75847
75853
75874
75875
75883
75893
75913
75917
75926
75928
75935
75938
75959
75963
75963
75970
75990
76016
76027
76039
76044
76045
76049
76050
76057
76058
76073
76084
76087
76092
76100
76112
76126
76134
76146
76155
76186
76197
76197
76207
76215
76217
76218
76220
76229
76235
76258
76264
76267
76280
76282
76292
76304
76329
76331
76332
76350
76352
76357
76359
76373
76380
76388
76423
76451
76457
76459
76467
76467
76467
76477
76480
76528
76531
76545
76567
76570
76575
76578
76592
76601
76606
76610
76610
76612
76614
76646
76650
76651
76652
76661
76671
76673
76682
76698
76715
76728
76738
76741
76743
76753
76757
76761
76771
76776
76776
76786
76793
76795
76795
76808
76812
76838
76861
76865
76876
76882
76888
76895
76898
76917
76930
76941
76970
76976
76995
77021
77023
77024
77041
77051
77057
77063
77068
77085
77085
77130
77141
77179
77185
77188
77199
77217
77220
77264
77270
77291
77318
77323
77332
77332
77337
77352
77355
77357
77369
77386
77401
77421
77423
77433
77436
77457
77464
77467
77511
77538
77542
77557
77558
77601
77605
77632
77642
77642
77654
77655
77663
77674
77696
77705
77714
77718
77718
77736
77744
77757
77761
77768
77786
77792
77795
77798
77814
77817
77820
77825
77834
77838
77844
77851
77929
77931
77941
77947
77947
77948
77959
77985
78000
78007
78008
78011
78027
78031
78034
78037
78038
78042
78045
78065
78068
78076
78077
78089
78096
78107
78126
78128
78131
78151
78154
78158
78168
78175
78183
78199
78201
78219
78275
78281
78290
78300
78302
78313
78320
78348
78356
78361
78367
78370
78373
78390
78395
78411
78418
78440
78465
78467
78473
78474
78481
78501
78510
78524
78552
78553
78587
78595
78597
78616
78625
78638
78645
78647
78711
78712
78715
78718
78719
78721
78736
78755
78771
78792
78805
78806
78813
78830
78842
78846
78851
78857
78862
78881
78892
78913
78947
78948
78949
78951
78965
78966
78992
79030
79038
79045
79051
79075
79077
79100
79111
79122
79126
79130
79133
79136
79137
79147
79149
79185
79195
79197
79197
79202
79210
79212
79213
79242
79249
79257
79269
79279
79280
79281
79289
79295
79299
79299
79311
79313
79313
79321
79324
79328
79330
79331
79334
79336
79345
79356
79376
79380
79390
79399
79423
79445
79451
79456
79463
79463
79482
79484
79486
79507
79509
79512
79522
79529
79534
79550
79551
79578
79598
79607
79613
79618
79634
79634
79641
79646
79653
79655
79656
79657
79690
79698
79699
79701
79711
79712
79714
79726
79729
79740
79747
79751
79754
79757
79767
79783
79799
79809
79840
79849
79855
79859
79864
79874
79910
79936
79946
79954
79980
80008
80009
80014
80025
80030
80033
80036
80044
80050
80059
80069
80084
80087
80098
80117
80123
80123
80129
80135
80137
80154
80183
80184
80187
80188
80188
80223
80249
80252
80291
80293
80302
80308
80313
80319
80352
80362
80382
80400
80403
80406
80414
80422
80438
80444
80451
80452
80465
80471
80478
80483
80497
80502
80504
80511
80520
80531
80545
80550
80553
80558
80575
80576
80577
80588
80598
80598
80598
80603
80626
80642
80651
80693
80704
80706
80709
80729
80732
80742
80743
80752
80773
80776
80781
80783
80789
80803
80804
80806
80846
80863
80882
80890
80892
80926
80957
80959
80984
80994
80999
81004
81008
81012
81013
81014
81026
81028
81052
81057
81057
81058
81061
81085
81095
81104
81130
81167
81168
81170
81173
81177
81188
81200
81202
81207
81233
81244
81244
81252
81255
81255
81257
81295
81307
81310
81344
81361
81377
81382
81389
81392
81414
81416
81423
81426
81437
81452
81465
81467
81476
81481
81483
81484
81489
81495
81500
81509
81517
81526
81537
81550
81562
81579
81592
81612
81612
81621
81632
81635
81659
81660
81661
81664
81665
81682
81691
81695
81704
81710
81711
81712
81726
81728
81741
81753
81761
81766
81769
81782
81803
81822
81830
81865
81872
81884
81895
81900
81910
81949
81958
81986
82032
82035
82051
82072
82081
82087
82089
82095
82100
82101
82117
82130
82132
82174
82175
82179
82179
82179
82181
82182
82186
82187
82194
82198
82204
82210
82213
82228
82236
82248
82249
82252
82261
82291
82300
82312
82315
82315
82320
82335
82335
82338
82342
82356
82362
82364
82366
82373
82386
82401
82403
82407
82412
82434
82438
82438
82442
82445
82448
82459
82462
82473
82478
82494
82496
82511
82531
82542
82545
82551
82574
82602
82606
82611
82664
82668
82680
82683
82693
82725
82736
82744
82753
82762
82775
82776
82782
82800
82810
82822
82828
82854
82857
82869
82874
82874
82886
82889
82894
82900
82917
82917
82930
82946
82976
82996
83001
83005
83012
83014
83025
83032
83063
83071
83094
83095
83098
83107
83118
83118
83122
83131
83142
83142
83145
83153
83168
83171
83171
83187
83189
83210
83232
83246
83260
83262
83268
83284
83288
83297
83306
83312
83330
83332
83332
83339
83340
83346
83358
83382
83383
83385
83394
83396
83414
83415
83424
83426
83427
83429
83431
83434
83441
83461
83470
83470
83470
83470
83473
83476
83478
83481
83492
83494
83511
83513
83521
83530
83536
83562
83572
83581
83602
83608
83615
83616
83619
83624
83626
83640
83648
83649
83656
83667
83667
83673
83674
83677
83693
83698
83699
83704
83715
83718
83726
83733
83737
83741
83743
83759
83760
83765
83791
83812
83812
83814
83835
83842
83843
83868
83870
83875
83887
83894
83900
83910
83924
83928
83936
83993
83994
84000
84020
84022
84022
84026
84042
84050
84056
84069
84079
84101
84107
84114
84147
84147
84161
84162
84178
84189
84192
84195
84205
84216
84226
84245
84250
84268
84274
84275
84310
84323
84333
84343
84356
84364
84368
84380
84392
84413
84416
84419
84428
84458
84466
84466
84507
84530
84537
84572
84582
84588
84590
84595
84598
84603
84603
84621
84624
84634
84646
84646
84651
84665
84671
84677
84683
84687
84688
84698
84703
84721
84722
84759
84766
84781
84781
84793
84824
84847
84874
84887
84889
84892
84898
84901
84902
84914
84921
84942
84942
84977
84977
84985
85017
85019
85036
85051
85055
85074
85086
85089
85090
85092
85135
85145
85151
85159
85176
85177
85187
85188
85201
85216
85219
85219
85228
85230
85232
85239
85250
85255
85264
85266
85276
85277
85282
85302
85325
85339
85340
85344
85354
85359
85378
85389
85398
85404
85405
85416
85454
85456
85465
85473
85478
85480
85483
85495
85508
85510
85511
85520
85521
85541
85547
85560
85572
85578
85584
85608
85616
85660
85673
85684
85691
85696
85699
85708
85734
85743
85765
85778
85791
85794
85799
85811
85812
85824
85865
85872
85882
85890
85891
85893
85896
85916
85927
85937
85978
85986
86003
86030
86033
86049
86051
86089
86092
86103
86107
86132
86138
86150
86153
86158
86160
86174
86175
86182
86182
86197
86199
86207
86223
86223
86229
86234
86245
86249
86258
86270
86275
86301
86314
86315
86344
86355
86356
86378
86382
86384
86389
86390
86392
86396
86401
86404
86409
86412
86418
86428
86448
86449
86454
86467
86475
86483
86483
86506
86533
86537
86538
86545
86556
86569
86589
86589
86598
86618
86628
86632
86634
86636
86640
86657
86659
86665
86685
86687
86716
86717
86744
86753
86755
86769
86770
86783
86795
86810
86817
86839
86844
86855
86866
86882
86896
86904
86905
86937
86947
86949
86961
86972
86987
86999
87014
87021
87030
87044
87046
87049
87052
87052
87079
87083
87104
87110
87114
87117
87143
87148
87170
87175
87181
87209
87216
87233
87243
87260
87276
87276
87279
87308
87313
87319
87320
87324
87325
87326
87329
87335
87346
87369
87369
87375
87376
87377
87383
87395
87400
87402
87402
87410
87410
87422
87434
87439
87443
87451
87453
87464
87479
87488
87488
87490
87492
87495
87505
87507
87508
87517
87541
87559
87559
87560
87571
87571
87575
87582
87588
87593
87594
87606
87607
87609
87637
87638
87651
87664
87679
87706
87706
87708
87711
87724
87729
87731
87753
87756
87817
87822
87831
87840
87849
87849
87860
87878
87890
87896
87919
87951
87957
87957
87982
87988
88004
88016
88018
88046
88048
88050
88057
88078
88085
88086
88099
88120
88129
88138
88139
88169
88192
88202
88209
88214
88222
88222
88223
88239
88259
88274
88301
88328
88342
88348
88356
88370
88381
88389
88409
88419
88436
88449
88462
88462
88468
88468
88486
88508
88512
88518
88524
88529
88545
88561
88563
88576
88579
88587
88590
88607
88620
88626
88632
88656
88662
88674
88676
88697
88697
88700
88700
88703
88704
88707
88708
88715
88716
88717
88739
88757
88758
88765
88767
88768
88771
88771
88772
88782
88787
88801
88866
88878
88883
88884
88902
88916
88920
88923
88923
88936
88970
88983
89006
89022
89035
89043
89048
89056
89060
89085
89090
89110
89117
89123
89129
89130
89137
89140
89186
89236
89246
89255
89289
89289
89293
89294
89309
89316
89338
89343
89383
89417
89418
89438
89447
89450
89455
89455
89455
89495
89519
89548
89548
89557
89565
89568
89572
89573
89587
89593
89593
89599
89601
89623
89652
89665
89682
89685
89696
89732
89737
89758
89795
89805
89808
89808
89812
89844
89847
89850
89890
89901
89902
89906
89934
89938
89951
89954
89959
89964
89964
89973
89992
90009
90018
90018
90019
90061
90083
90088
90089
90104
90105
90117
90118
90144
90153
90155
90166
90175
90176
90182
90190
90197
90204
90210
90226
90227
90242
90257
90258
90262
90281
90306
90307
90308
90316
90318
90319
90339
90340
90344
90355
90359
90384
90390
90399
90414
90416
90434
90445
90451
90468
90470
90483
90490
90499
90510
90520
90524
90526
90545
90550
90560
90561
90576
90589
90595
90618
90619
90626
90626
90629
90631
90657
90666
90718
90720
90720
90720
90741
90745
90747
90758
90769
90781
90783
90786
90814
90822
90826
90861
90872
90893
90907
90933
90935
90951
90970
90974
90980
90981
90984
90994
90997
91000
91031
91039
91040
91056
91064
91082
91085
91097
91098
91098
91104
91120
91137
91141
91143
91144
91151
91155
91210
91210
91222
91223
91225
91245
91245
91262
91320
91336
91344
91353
91382
91396
91405
91414
91425
91428
91429
91438
91443
91453
91487
91505
91527
91569
91572
91572
91575
91582
91603
91609
91627
91633
91640
91656
91661
91662
91674
91675
91687
91694
91710
91735
91776
91783
91812
91827
91829
91831
91834
91838
91843
91846
91850
91854
91875
91878
91881
91895
91896
91909
91926
91940
91943
91948
91982
91990
91998
92001
92014
92052
92052
92058
92062
92088
92102
92107
92107
92108
92111
92122
92124
92128
92136
92146
92156
92160
92192
92208
92216
92246
92252
92274
92284
92284
92317
92350
92375
92376
92390
92402
92409
92419
92427
92431
92434
92451
92468
92480
92484
92499
92528
92540
92549
92555
92556
92558
92568
92570
92571
92578
92585
92600
92602
92609
92611
92626
92628
92643
92646
92648
92665
92679
92685
92688
92699
92701
92707
92715
92738
92744
92756
92769
92771
92788
92790
92792
92800
92831
92840
92844
92852
92861
92863
92865
92872
92913
92913
92914
92917
92935
92966
92984
92985
92998
93005
93008
93025
93028
93033
93054
93066
93071
93072
93074
93086
93092
93106
93114
93116
93120
93151
93159
93187
93200
93224
93237
93244
93249
93264
93272
93307
93312
93313
93313
93327
93339
93345
93376
93378
93382
93395
93403
93408
93421
93429
93445
93464
93467
93480
93491
93510
93526
93527
93532
93534
93534
93538
93538
93543
93556
93577
93583
93585
93596
93602
93607
93607
93622
93662
93678
93689
93693
93697
93703
93722
93729
93742
93755
93758
93768
93777
93780
93801
93809
93841
93843
93886
93901
93913
93929
93930
93947
93988
94001
94003
94007
94023
94032
94041
94052
94054
94070
94097
94110
94111
94136
94140
94156
94171
94172
94175
94190
94192
94240
94241
94257
94279
94279
94318
94324
94327
94355
94363
94382
94388
94413
94417
94423
94425
94426
94428
94434
94435
94439
94442
94455
94458
94460
94462
94465
94483
94484
94491
94515
94522
94539
94541
94543
94561
94567
94573
94573
94593
94603
94605
94612
94626
94627
94644
94647
94651
94654
94663
94663
94729
94729
94798
94812
94814
94823
94824
94831
94866
94874
94884
94895
94915
94920
94933
94937
94960
94969
94974
94992
95037
95046
95063
95070
95086
95090
95098
95101
95106
95114
95127
95128
95155
95159
95165
95184
95203
95216
95222
95229
95238
95241
95245
95251
95253
95263
95291
95301
95312
95318
95331
95332
95340
95346
95349
95350
95369
95389
95407
95409
95425
95430
95468
95479
95480
95484
95490
95495
95505
95521
95523
95529
95548
95556
95563
95566
95591
95615
95624
95661
95663
95667
95675
95676
95711
95711
95722
95731
95746
95751
95786
95808
95812
95858
95876
95881
95893
95895
95897
95901
95913
95934
95938
95962
95965
95967
95968
95968
95980
95988
96004
96006
96035
96049
96051
96052
96065
96079
96088
96096
96106
96112
96115
96118
96128
96151
96157
96157
96163
96180
96196
96236
96236
96238
96251
96283
96291
96296
96311
96315
96338
96361
96378
96387
96395
96404
96405
96413
96420
96438
96472
96474
96507
96508
96516
96564
96568
96576
96577
96587
96589
96610
96613
96614
96615
96620
96630
96636
96688
96691
96720
96720
96741
96741
96770
96790
96792
96795
96798
96802
96814
96820
96831
96837
96847
96873
96877
96877
96880
96885
96905
96936
96952
96953
96964
96967
96971
96977
96977
96980
96998
96998
97006
97011
97015
97021
97033
97066
97083
97086
97107
97115
97115
97118
97118
97123
97137
97185
97188
97198
97201
97227
97232
97233
97244
97247
97252
97254
97258
97259
97299
97304
97305
97322
97345
97355
97361
97374
97387
97389
97394
97416
97425
97431
97439
97462
97462
97471
97483
97516
97521
97538
97545
97551
97576
97577
97579
97617
97617
97618
97633
97635
97689
97696
97714
97732
97739
97739
97748
97771
97779
97801
97806
97807
97833
97839
97846
97847
97857
97872
97872
97873
97909
97913
97919
97922
97922
97949
97955
97963
97963
97971
97996
98011
98015
98020
98031
98036
98037
98047
98050
98055
98060
98061
98065
98133
98144
98146
98153
98175
98177
98177
98189
98206
98209
98210
98226
98233
98239
98252
98263
98273
98275
98281
98282
98306
98311
98321
98331
98337
98339
98354
98358
98358
98369
98380
98390
98392
98402
98408
98427
98433
98449
98464
98468
98479
98497
98506
98523
98552
98552
98555
98567
98574
98582
98594
98601
98617
98641
98652
98692
98693
98709
98715
98743
98754
98760
98776
98778
98782
98783
98784
98788
98788
98788
98804
98817
98818
98820
98820
98824
98827
98852
98856
98859
98879
98880
98887
98891
98900
98905
98917
98933
98950
98955
98963
98964
98966
98971
98974
98977
98977
98985
98986
98988
98991
99003
99034
99043
99048
99049
99057
99065
99068
99076
99086
99105
99125
99129
99136
99142
99143
99154
99173
99183
99189
99206
99207
99211
99235
99242
99246
99254
99290
99295
99299
99316
99318
99324
99331
99349
99353
99360
99374
99383
99388
99399
99404
99406
99416
99419
99422
99427
99440
99441
99461
99472
99490
99499
99531
99546
99547
99551
99563
99580
99583
99645
99650
99667
99672
99685
99701
99704
99709
99728
99735
99751
99768
99769
99769
99770
99782
99793
99811
99826
99828
99832
99833
99862
99872
99873
99884
99893
99915
99918
99920
99929
99946
99951
99995
