16
20
23
24
29
39
45
47
53
82
92
125
125
131
133
140
151
161
165
170
188
208
233
234
235
243
251
253
274
277
282
301
307
308
322
327
351
356
366
381
421
421
424
436
438
464
476
479
511
518
518
521
532
553
573
574
612
637
676
680
683
692
694
701
710
711
715
725
751
774
787
813
828
830
835
835
839
849
894
895
898
942
956
961
962
963
985
986
993
999
1003
1003
1018
1026
1033
1044
1051
1055
1059
1063
1068
1072
1104
1122
1132
1135
1167
1182
1188
1193
1206
1221
1222
1227
1254
1255
1257
1259
1266
1267
1274
1278
1284
1289
1293
1305
1325
1327
1328
1361
1373
1375
1376
1382
1390
1393
1408
1411
1416
1417
1418
1422
1432
1454
1456
1464
1465
1500
1528
1532
1535
1539
1559
1560
1597
1598
1607
1610
1623
1627
1646
1658
1660
1668
1681
1687
1698
1716
1732
1736
1757
1780
1797
1814
1816
1816
1836
1848
1850
1854
1859
1875
1877
1878
1879
1892
1898
1903
1910
1910
1929
1934
1937
1944
1959
1971
2001
2003
2021
2064
2080
2081
2082
2090
2092
2094
2107
2119
2121
2143
2145
2167
2199
2202
2208
2224
2231
2234
2236
2243
2255
2268
2269
2272
2278
2280
2294
2318
2323
2338
2339
2340
2340
2355
2370
2372
2380
2405
2428
2432
2432
2463
2478
2502
2503
2512
2518
2523
2529
2540
2541
2542
2564
2570
2588
2600
2607
2608
2614
2632
2653
2659
2679
2684
2691
2693
2708
2713
2713
2730
2735
2738
2746
2747
2761
2787
2811
2814
2822
2828
2834
2841
2857
2867
2871
2874
2875
2888
2890
2910
2933
2962
2972
2997
3005
3013
3017
3034
3042
3046
3060
3067
3093
3109
3116
3117
3136
3141
3149
3170
3188
3192
3224
3241
3258
3259
3274
3277
3281
3281
3292
3295
3309
3319
3340
3353
3379
3413
3417
3428
3433
3434
3475
3483
3499
3548
3580
3582
3583
3607
3625
3645
3648
3652
3655
3659
3663
3679
3680
3681
3693
3694
3701
3703
3704
3707
3715
3737
3741
3743
3763
3773
3784
3786
3796
3813
3816
3837
3843
3850
3880
3883
3887
3915
3921
3933
3942
3956
3959
3975
3982
3984
3987
4028
4029
4042
4048
4051
4060
4072
4075
4082
4086
4088
4091
4110
4115
4122
4122
4142
4167
4168
4169
4188
4193
4193
4194
4194
4204
4219
4221
4225
4233
4237
4239
4244
4247
4248
4260
4296
4302
4307
4316
4320
4322
4374
4377
4381
4413
4414
4420
4422
4439
4444
4445
4451
4470
4491
4499
4510
4515
4525
4526
4556
4563
4571
4578
4593
4610
4622
4634
4637
4654
4659
4689
4696
4702
4710
4713
4720
4737
4781
4793
4795
4799
4804
4814
4837
4838
4851
4861
4867
4875
4898
4903
4906
4916
4929
4944
4946
4949
4950
4951
4971
5000
5002
5038
5069
5073
5078
5086
5089
5091
5100
5121
5124
5142
5143
5152
5152
5180
5197
5225
5229
5231
5237
5274
5302
5305
5310
5325
5341
5388
5391
5403
5411
5426
5427
5440
5446
5451
5455
5458
5461
5467
5482
5486
5487
5496
5508
5519
5521
5533
5534
5540
5542
5563
5564
5580
5606
5611
5629
5630
5633
5635
5643
5676
5678
5688
5696
5709
5719
5731
5734
5769
5794
5805
5806
5818
5823
5826
5832
5833
5860
5875
5880
5887
5889
5892
5904
5912
5923
5941
5941
5947
5984
6008
6030
6032
6035
6049
6062
6067
6116
6129
6130
6143
6161
6172
6178
6181
6192
6192
6198
6205
6214
6221
6230
6271
6271
6276
6276
6283
6283
6293
6297
6303
6316
6325
6336
6341
6343
6348
6376
6388
6390
6396
6403
6415
6415
6445
6456
6462
6462
6466
6509
6541
6543
6604
6609
6610
6628
6629
6635
6641
6644
6653
6657
6672
6684
6690
6701
6704
6706
6715
6719
6723
6728
6745
6748
6774
6784
6786
6788
6800
6806
6814
6818
6829
6848
6850
6867
6882
6888
6889
6903
6906
6923
6931
6949
6951
6958
6961
6986
6996
6999
7002
7002
7007
7010
7022
7030
7032
7033
7041
7053
7058
7059
7073
7079
7087
7089
7092
7100
7107
7109
7115
7119
7120
7120
7152
7160
7163
7180
7184
7187
7201
7211
7221
7230
7248
7249
7249
7250
7258
7259
7270
7271
7273
7281
7290
7313
7331
7332
7361
7371
7375
7402
7411
7431
7440
7461
7463
7464
7476
7514
7527
7543
7556
7566
7581
7613
7622
7627
7641
7644
7650
7668
7678
7698
7706
7727
7733
7733
7744
7761
7785
7798
7799
7833
7864
7868
7875
7877
7893
7923
7927
7929
7933
7937
7957
7961
7990
8000
8002
8017
8024
8028
8066
8087
8095
8099
8129
8132
8138
8143
8152
8157
8160
8165
8166
8175
8183
8204
8215
8227
8237
8241
8255
8261
8280
8283
8311
8320
8323
8331
8333
8350
8351
8354
8366
8374
8378
8391
8398
8402
8416
8439
8447
8451
8454
8456
8458
8459
8466
8485
8498
8499
8513
8515
8540
8542
8546
8561
8570
8571
8578
8591
8592
8610
8617
8630
8652
8653
8666
8670
8681
8701
8721
8729
8730
8731
8746
8764
8770
8806
8829
8847
8858
8862
8874
8877
8888
8899
8954
8978
9001
9018
9019
9021
9023
9028
9029
9099
9110
9112
9116
9117
9121
9148
9154
9156
9156
9165
9166
9170
9174
9193
9199
9215
9215
9224
9259
9264
9273
9274
9276
9301
9305
9311
9319
9330
9336
9336
9337
9358
9391
9393
9394
9429
9433
9447
9512
9513
9521
9528
9529
9529
9553
9561
9570
9571
9572
9572
9576
9578
9584
9598
9603
9624
9656
9664
9668
9671
9677
9681
9689
9707
9708
9710
9722
9729
9737
9781
9785
9792
9793
9803
9814
9826
9834
9837
9844
9872
9873
9890
9898
9898
9924
9926
9953
9957
9966
9970
9972
9973
9996
9998
10008
10018
10029
10052
10056
10070
10072
10073
10078
10105
10135
10137
10173
10175
10206
10217
10232
10236
10237
10246
10261
10268
10278
10283
10289
10296
10304
10306
10309
10312
10317
10329
10333
10335
10341
10349
10352
10354
10355
10359
10363
10380
10380
10383
10420
10435
10443
10445
10447
10461
10463
10492
10516
10518
10530
10531
10534
10539
10549
10552
10584
10585
10587
10606
10606
10607
10620
10626
10632
10640
10643
10656
10681
10683
10689
10694
10709
10718
10725
10727
10727
10732
10732
10741
10743
10748
10770
10771
10797
10801
10805
10823
10838
10845
10862
10884
10890
10893
10897
10901
10914
10921
10939
10948
10969
10970
10974
10976
10977
10982
10983
11003
11010
11014
11029
11037
11046
11046
11060
11067
11082
11087
11098
11106
11111
11113
11120
11138
11146
11154
11164
11165
11173
11210
11210
11216
11250
11254
11279
11300
11303
11304
11322
11338
11349
11354
11372
11384
11409
11413
11435
11445
11474
11499
11511
11525
11543
11544
11550
11560
11589
11604
11624
11626
11638
11658
11660
11677
11689
11705
11716
11726
11731
11731
11743
11758
11761
11777
11788
11810
11827
11849
11854
11857
11870
11874
11886
11901
11911
11949
11961
11970
11976
11986
11989
12001
12008
12009
12009
12032
12036
12060
12064
12080
12099
12106
12110
12113
12121
12121
12123
12149
12153
12154
12165
12173
12174
12199
12202
12203
12209
12213
12232
12237
12237
12239
12241
12241
12258
12263
12266
12287
12293
12323
12331
12333
12337
12355
12355
12356
12366
12368
12379
12395
12398
12409
12450
12483
12516
12529
12539
12551
12555
12556
12569
12572
12583
12584
12595
12608
12609
12609
12628
12641
12646
12648
12655
12660
12661
12663
12681
12686
12688
12691
12692
12699
12721
12724
12753
12754
12755
12776
12806
12815
12816
12823
12824
12826
12829
12835
12843
12896
12910
12921
12928
12937
12942
12959
12972
12972
12977
12988
13001
13005
13015
13024
13038
13052
13062
13069
13084
13088
13093
13118
13118
13120
13138
13138
13156
13160
13178
13184
13200
13205
13215
13220
13229
13229
13247
13252
13263
13263
13282
13288
13316
13321
13322
13323
13328
13340
13340
13344
13347
13348
13364
13378
13394
13406
13411
13414
13434
13446
13451
13467
13469
13474
13490
13491
13492
13497
13504
13504
13520
13531
13535
13547
13547
13602
13608
13620
13624
13654
13658
13677
13702
13720
13722
13742
13758
13760
13768
13775
13799
13802
13805
13851
13860
13866
13870
13871
13885
13889
13891
13900
13901
13902
13932
13935
13950
13959
13967
13992
14005
14015
14018
14024
14031
14044
14050
14055
14065
14100
14138
14160
14164
14176
14178
14187
14188
14191
14191
14204
14213
14227
14228
14228
14234
14249
14250
14251
14253
14254
14263
14282
14290
14329
14347
14349
14362
14367
14375
14375
14382
14382
14406
14407
14420
14425
14435
14436
14464
14477
14491
14491
14493
14507
14510
14510
14540
14547
14557
14561
14570
14579
14582
14605
14608
14644
14647
14655
14666
14684
14686
14703
14725
14730
14732
14737
14759
14760
14765
14780
14839
14889
14896
14914
14927
14930
14946
14949
14965
14979
15005
15007
15014
15031
15035
15036
15041
15049
15063
15067
15069
15120
15141
15158
15166
15168
15172
15176
15179
15184
15227
15233
15305
15322
15345
15349
15359
15366
15368
15370
15371
15375
15379
15390
15393
15401
15402
15413
15417
15425
15439
15445
15448
15449
15456
15456
15464
15465
15469
15476
15501
15510
15527
15534
15536
15540
15540
15545
15546
15551
15565
15569
15583
15589
15592
15605
15613
15613
15614
15621
15630
15639
15643
15651
15654
15655
15680
15699
15703
15706
15708
15711
15712
15715
15730
15741
15750
15756
15780
15793
15801
15816
15825
15826
15829
15833
15845
15849
15851
15862
15867
15870
15878
15882
15885
15900
15965
15974
15998
16001
16002
16019
16023
16029
16033
16053
16058
16089
16092
16093
16121
16127
16146
16149
16171
16175
16200
16203
16208
16220
16228
16234
16239
16280
16287
16292
16297
16298
16302
16310
16312
16320
16327
16331
16353
16365
16368
16385
16388
16400
16406
16412
16415
16448
16454
16474
16500
16504
16512
16533
16535
16536
16538
16545
16551
16551
16562
16571
16579
16583
16584
16608
16618
16618
16635
16637
16651
16671
16675
16687
16694
16696
16698
16707
16713
16713
16724
16729
16743
16758
16758
16759
16772
16786
16793
16800
16811
16816
16821
16825
16846
16848
16864
16883
16886
16887
16890
16939
16952
16953
16973
16988
16997
17012
17015
17031
17032
17041
17042
17043
17050
17059
17072
17072
17077
17082
17087
17094
17102
17123
17129
17130
17133
17138
17141
17169
17174
17178
17185
17201
17214
17235
17236
17254
17260
17262
17267
17268
17276
17278
17282
17290
17316
17319
17344
17359
17369
17386
17390
17400
17411
17413
17417
17418
17432
17432
17436
17452
17484
17485
17495
17505
17506
17540
17545
17552
17554
17556
17603
17606
17628
17641
17644
17663
17683
17700
17711
17715
17731
17733
17737
17745
17747
17749
17761
17764
17766
17768
17777
17790
17800
17814
17815
17817
17821
17832
17852
17863
17919
17925
17929
17932
17938
17941
17961
17967
17990
18004
18007
18007
18011
18013
18045
18085
18107
18108
18114
18124
18127
18138
18148
18171
18175
18181
18186
18208
18223
18223
18227
18232
18233
18233
18239
18240
18245
18264
18265
18279
18280
18281
18293
18295
18306
18310
18310
18319
18323
18323
18328
18333
18349
18351
18372
18373
18374
18376
18378
18388
18390
18390
18400
18439
18440
18467
18478
18493
18538
18552
18566
18570
18572
18576
18602
18603
18607
18614
18618
18623
18629
18634
18639
18649
18655
18661
18667
18677
18679
18691
18697
18699
18709
18724
18738
18742
18750
18752
18757
18773
18777
18779
18782
18815
18817
18823
18828
18837
18854
18855
18860
18871
18882
18903
18934
18936
18955
18960
18965
18974
18978
18992
18997
19015
19020
19021
19029
19043
19050
19056
19057
19063
19070
19080
19107
19122
19125
19145
19166
19182
19196
19199
19199
19203
19211
19228
19232
19237
19239
19252
19262
19276
19286
19289
19290
19294
19297
19302
19302
19328
19339
19348
19357
19358
19364
19367
19380
19383
19419
19443
19464
19467
19480
19482
19488
19525
19528
19530
19579
19581
19588
19590
19610
19611
19621
19625
19626
19641
19642
19643
19645
19645
19664
19666
19669
19672
19673
19698
19703
19728
19729
19735
19762
19771
19778
19794
19807
19835
19843
19844
19866
19874
19877
19885
19885
19886
19886
19887
19913
19928
19929
19940
19948
19959
19963
19965
19971
19982
19988
19992
19994
19995
19997
20003
20005
20021
20023
20030
20033
20035
20049
20051
20052
20054
20058
20067
20094
20096
20107
20110
20130
20131
20137
20143
20166
20176
20189
20197
20211
20218
20219
20234
20243
20245
20247
20268
20278
20286
20301
20319
20323
20341
20344
20364
20367
20369
20376
20383
20394
20402
20407
20418
20421
20430
20434
20442
20442
20443
20464
20466
20467
20477
20484
20544
20547
20557
20562
20564
20578
20587
20587
20599
20603
20607
20617
20633
20642
20644
20660
20667
20679
20687
20688
20693
20696
20731
20745
20752
20761
20798
20835
20838
20864
20871
20885
20893
20893
20906
20938
20984
20996
21004
21022
21023
21026
21026
21048
21049
21049
21049
21054
21056
21074
21091
21093
21107
21126
21132
21151
21163
21165
21170
21174
21184
21189
21205
21206
21207
21213
21221
21228
21230
21237
21239
21251
21260
21263
21291
21295
21317
21330
21334
21343
21378
21380
21389
21397
21399
21410
21411
21412
21415
21416
21418
21420
21420
21425
21440
21443
21455
21457
21471
21518
21520
21523
21526
21531
21534
21534
21558
21564
21566
21574
21587
21595
21601
21611
21614
21676
21696
21700
21721
21734
21738
21738
21745
21755
21756
21761
21771
21785
21798
21809
21810
21830
21835
21838
21868
21880
21894
21913
21938
21941
21993
21995
22004
22048
22062
22087
22096
22101
22101
22110
22139
22140
22163
22191
22193
22197
22198
22208
22212
22229
22235
22237
22251
22262
22294
22294
22301
22316
22322
22323
22330
22335
22337
22345
22348
22356
22357
22364
22369
22389
22394
22396
22396
22406
22413
22416
22419
22433
22442
22444
22452
22480
22486
22486
22488
22490
22492
22493
22520
22535
22558
22559
22563
22571
22579
22579
22597
22601
22603
22608
22611
22621
22623
22635
22644
22663
22673
22678
22679
22680
22716
22737
22738
22743
22767
22774
22781
22783
22790
22805
22806
22817
22836
22838
22841
22841
22848
22860
22862
22866
22877
22880
22886
22891
22894
22905
22931
22998
23003
23007
23026
23036
23037
23056
23068
23076
23080
23088
23099
23103
23118
23119
23141
23147
23148
23152
23158
23167
23181
23191
23196
23210
23216
23221
23230
23233
23252
23256
23269
23281
23290
23303
23332
23335
23343
23343
23346
23346
23369
23374
23384
23386
23401
23403
23415
23449
23487
23492
23502
23506
23508
23530
23534
23537
23538
23577
23579
23594
23596
23605
23611
23623
23668
23671
23686
23694
23695
23703
23703
23709
23709
23710
23711
23713
23721
23740
23743
23754
23771
23784
23784
23800
23801
23801
23803
23810
23814
23815
23839
23870
23890
23892
23902
23903
23906
23908
23910
23910
23913
23914
23945
23956
23975
23981
23986
23992
23998
24044
24045
24050
24070
24076
24081
24090
24107
24119
24122
24140
24146
24152
24172
24176
24194
24197
24199
24207
24227
24244
24259
24259
24268
24293
24297
24308
24313
24325
24334
24337
24340
24354
24373
24379
24414
24434
24448
24457
24464
24465
24487
24505
24514
24519
24537
24541
24582
24587
24587
24595
24599
24601
24610
24617
24640
24645
24692
24694
24707
24733
24739
24746
24752
24762
24764
24765
24769
24774
24794
24800
24805
24820
24825
24845
24847
24868
24868
24869
24873
24875
24879
24879
24882
24894
24900
24908
24924
24929
24949
24953
24968
24973
24986
24992
25011
25013
25014
25020
25027
25038
25043
25045
25059
25068
25073
25078
25078
25095
25103
25113
25114
25121
25127
25160
25162
25188
25188
25191
25194
25200
25205
25209
25217
25219
25222
25244
25261
25263
25276
25280
25283
25284
25284
25298
25301
25309
25336
25341
25344
25361
25370
25373
25393
25393
25416
25417
25424
25431
25455
25462
25472
25474
25485
25497
25500
25504
25518
25536
25541
25542
25551
25559
25571
25573
25581
25584
25587
25595
25611
25612
25642
25647
25663
25679
25695
25697
25712
25714
25737
25739
25744
25756
25759
25766
25789
25792
25802
25832
25863
25873
25875
25898
25911
25923
25925
25933
25939
25951
25962
25962
25971
25972
25976
25995
26007
26031
26039
26046
26070
26072
26077
26083
26085
26086
26087
26094
26101
26126
26132
26144
26150
26151
26152
26156
26165
26174
26192
26204
26215
26217
26217
26218
26221
26221
26231
26244
26245
26253
26257
26275
26277
26280
26297
26319
26321
26349
26391
26395
26404
26408
26429
26433
26467
26477
26484
26487
26490
26511
26516
26548
26549
26562
26563
26566
26568
26570
26573
26603
26630
26662
26663
26677
26682
26684
26689
26696
26726
26775
26776
26776
26777
26784
26801
26826
26832
26835
26857
26861
26867
26872
26876
26888
26945
26963
26981
27004
27046
27052
27088
27093
27095
27095
27095
27099
27102
27118
27131
27133
27137
27140
27145
27159
27171
27178
27198
27200
27201
27202
27208
27232
27234
27248
27252
27275
27293
27296
27303
27326
27341
27351
27361
27369
27370
27372
27382
27395
27418
27427
27428
27444
27447
27450
27460
27467
27472
27489
27507
27533
27540
27543
27544
27563
27567
27573
27592
27601
27615
27632
27643
27646
27648
27651
27652
27693
27694
27694
27697
27702
27708
27714
27739
27743
27762
27766
27776
27777
27781
27798
27802
27807
27815
27819
27820
27834
27845
27847
27852
27859
27862
27863
27869
27908
27921
27928
27961
27975
28007
28011
28015
28020
28031
28039
28080
28086
28105
28106
28110
28119
28123
28131
28137
28145
28149
28153
28157
28164
28174
28187
28191
28195
28225
28233
28236
28243
28254
28260
28276
28284
28295
28297
28300
28325
28330
28333
28339
28344
28347
28348
28352
28356
28367
28368
28369
28370
28378
28395
28409
28422
28456
28457
28467
28467
28470
28493
28494
28506
28549
28550
28555
28556
28558
28581
28583
28584
28592
28593
28597
28599
28600
28607
28617
28626
28630
28632
28633
28637
28641
28652
28655
28656
28676
28697
28709
28717
28720
28721
28727
28734
28742
28756
28756
28757
28762
28768
28771
28775
28780
28790
28804
28805
28809
28833
28837
28841
28862
28868
28870
28873
28875
28876
28879
28883
28894
28913
28920
28922
28925
28931
28934
28956
28992
28997
28999
29002
29007
29018
29022
29022
29027
29032
29050
29067
29079
29082
29086
29095
29103
29128
29142
29158
29160
29162
29173
29174
29179
29182
29188
29238
29238
29248
29253
29255
29274
29296
29309
29311
29318
29322
29322
29342
29393
29396
29401
29411
29411
29421
29432
29437
29444
29444
29449
29464
29487
29499
29514
29522
29531
29533
29533
29543
29545
29547
29554
29556
29564
29582
29592
29597
29605
29607
29617
29628
29635
29640
29651
29667
29667
29670
29679
29683
29685
29685
29689
29720
29729
29731
29748
29754
29764
29770
29785
29790
29798
29837
29838
29843
29882
29889
29896
29926
29927
29968
29968
29981
29988
30000
30009
30013
30015
30041
30068
30080
30086
30097
30100
30102
30105
30112
30116
30118
30129
30135
30135
30170
30181
30183
30185
30193
30206
30207
30219
30235
30240
30252
30258
30259
30262
30273
30273
30278
30308
30308
30310
30313
30317
30331
30361
30370
30393
30403
30418
30466
30470
30470
30486
30498
30500
30503
30510
30524
30542
30550
30556
30570
30581
30591
30604
30612
30649
30664
30675
30675
30676
30694
30697
30713
30720
30743
30748
30750
30751
30766
30777
30813
30821
30834
30849
30850
30850
30863
30884
30904
30940
30958
30971
30974
31005
31046
31061
31077
31082
31083
31087
31103
31105
31107
31136
31141
31142
31152
31182
31182
31184
31197
31199
31211
31243
31248
31254
31254
31256
31275
31301
31309
31315
31325
31335
31337
31343
31344
31370
31373
31383
31414
31417
31425
31439
31452
31453
31459
31476
31496
31517
31522
31562
31565
31579
31586
31595
31597
31599
31601
31607
31642
31671
31674
31686
31691
31694
31723
31725
31730
31751
31757
31793
31795
31826
31826
31846
31847
31850
31864
31866
31871
31886
31903
31913
31913
31916
31933
31965
31969
31979
32007
32017
32021
32029
32078
32093
32103
32137
32139
32143
32144
32159
32166
32179
32184
32192
32193
32209
32251
32272
32275
32278
32278
32318
32335
32361
32368
32374
32382
32383
32386
32390
32411
32414
32416
32425
32427
32438
32440
32456
32459
32502
32509
32510
32514
32528
32534
32536
32544
32545
32546
32549
32557
32561
32585
32598
32599
32610
32611
32617
32660
32663
32664
32683
32694
32696
32704
32706
32710
32715
32719
32742
32745
32747
32755
32776
32779
32782
32805
32817
32824
32824
32831
32852
32869
32872
32891
32910
32928
32931
32946
32958
32961
32987
33009
33017
33030
33040
33050
33054
33055
33061
33070
33076
33085
33087
33091
33099
33104
33104
33105
33106
33114
33116
33125
33130
33135
33140
33152
33162
33167
33172
33220
33247
33260
33276
33280
33283
33289
33291
33295
33304
33307
33314
33324
33333
33334
33351
33378
33385
33400
33411
33424
33454
33496
33500
33509
33513
33519
33575
33586
33591
33608
33610
33617
33628
33640
33642
33642
33647
33653
33658
33660
33670
33674
33685
33686
33704
33710
33713
33723
33727
33727
33774
33778
33798
33799
33800
33808
33839
33854
33859
33914
33967
33973
34003
34004
34016
34022
34035
34037
34041
34058
34063
34081
34087
34095
34097
34099
34101
34104
34109
34119
34129
34132
34140
34157
34174
34174
34174
34183
34194
34211
34290
34291
34294
34296
34308
34320
34335
34347
34350
34353
34376
34397
34409
34410
34417
34422
34426
34443
34446
34466
34483
34487
34488
34512
34516
34524
34525
34525
34531
34548
34565
34566
34570
34576
34581
34591
34595
34631
34650
34652
34654
34660
34694
34697
34700
34753
34758
34777
34781
34782
34783
34795
34810
34821
34829
34831
34833
34853
34853
34880
34886
34890
34927
34931
34932
34933
34933
34941
34959
34960
34962
34987
35003
35010
35010
35015
35023
35038
35045
35066
35068
35085
35088
35090
35100
35101
35105
35114
35117
35124
35125
35167
35170
35183
35191
35207
35214
35222
35235
35239
35240
35242
35244
35245
35255
35269
35281
35285
35297
35305
35306
35313
35316
35317
35320
35348
35350
35350
35350
35357
35377
35417
35424
35437
35448
35467
35481
35491
35494
35496
35503
35507
35511
35512
35517
35525
35527
35534
35539
35542
35568
35577
35583
35586
35588
35590
35618
35619
35623
35624
35630
35642
35643
35651
35662
35671
35675
35681
35689
35690
35709
35715
35722
35728
35732
35738
35741
35742
35742
35748
35751
35765
35768
35770
35773
35782
35784
35784
35791
35822
35837
35856
35866
35868
35871
35874
35887
35899
35929
35954
35974
35979
36000
36013
36017
36022
36030
36040
36047
36048
36067
36069
36074
36074
36083
36099
36110
36120
36131
36142
36157
36158
36162
36167
36167
36167
36170
36173
36176
36178
36181
36188
36195
36204
36228
36230
36234
36238
36243
36282
36297
36304
36307
36318
36319
36336
36336
36371
36381
36399
36400
36405
36427
36440
36447
36457
36463
36481
36492
36493
36495
36512
36512
36534
36538
36545
36545
36573
36579
36581
36585
36597
36619
36652
36676
36676
36688
36703
36720
36727
36733
36750
36751
36758
36769
36795
36843
36852
36854
36860
36868
36882
36906
36908
36920
36930
36931
36955
36967
36970
36988
36994
37021
37022
37045
37046
37055
37068
37070
37074
37092
37099
37109
37132
37142
37145
37146
37149
37155
37171
37174
37175
37189
37204
37216
37219
37230
37247
37249
37268
37271
37282
37308
37319
37333
37349
37356
37378
37411
37420
37432
37470
37492
37499
37503
37509
37529
37542
37545
37547
37557
37581
37583
37588
37598
37598
37598
37604
37616
37633
37649
37650
37655
37670
37693
37694
37726
37765
37768
37776
37780
37792
37799
37805
37810
37819
37840
37864
37875
37885
37894
37894
37898
37899
37943
37957
37972
37972
37984
37992
38000
38007
38007
38007
38034
38036
38036
38041
38078
38080
38089
38091
38103
38107
38110
38110
38137
38155
38155
38158
38173
38177
38177
38219
38255
38279
38292
38293
38298
38309
38313
38320
38322
38325
38325
38340
38351
38360
38441
38443
38448
38456
38472
38477
38478
38486
38487
38524
38533
38537
38537
38540
38547
38549
38553
38553
38557
38559
38566
38625
38641
38659
38664
38669
38679
38694
38703
38706
38711
38713
38715
38718
38720
38721
38740
38776
38807
38815
38820
38840
38845
38847
38852
38854
38865
38876
38879
38881
38899
38901
38918
38940
38940
38943
38949
38958
38968
38975
38983
38988
38989
39019
39020
39021
39026
39029
39036
39045
39048
39049
39058
39060
39068
39096
39103
39103
39106
39110
39124
39171
39197
39207
39222
39255
39264
39265
39271
39273
39287
39295
39298
39305
39345
39353
39356
39359
39366
39377
39377
39386
39393
39410
39434
39440
39454
39468
39469
39472
39491
39506
39521
39530
39531
39537
39541
39557
39574
39578
39587
39589
39592
39598
39612
39636
39637
39645
39647
39654
39659
39660
39663
39674
39686
39690
39697
39703
39715
39716
39737
39750
39755
39758
39760
39762
39770
39777
39782
39785
39812
39812
39813
39818
39829
39832
39838
39846
39852
39872
39873
39875
39879
39890
39902
39922
39947
39951
39972
39979
40008
40010
40011
40018
40019
40027
40070
40072
40083
40088
40090
40093
40118
40151
40157
40158
40171
40177
40180
40190
40192
40203
40219
40221
40227
40251
40263
40278
40281
40299
40302
40324
40376
40384
40385
40389
40392
40406
40421
40421
40428
40453
40454
40455
40459
40461
40472
40481
40489
40505
40511
40522
40526
40530
40550
40552
40556
40559
40572
40577
40587
40606
40618
40618
40630
40639
40642
40643
40646
40648
40649
40653
40656
40666
40670
40672
40673
40679
40681
40688
40742
40743
40743
40745
40751
40752
40764
40769
40775
40784
40786
40788
40822
40823
40836
40851
40864
40876
40912
40927
40928
40939
40940
40941
40943
40982
40987
41003
41012
41022
41029
41035
41045
41049
41065
41074
41100
41108
41108
41110
41113
41126
41130
41162
41168
41208
41234
41235
41244
41244
41259
41272
41274
41288
41291
41307
41307
41325
41328
41346
41393
41396
41404
41410
41412
41431
41436
41463
41472
41476
41486
41498
41499
41513
41516
41518
41521
41537
41543
41545
41557
41581
41591
41604
41605
41607
41639
41639
41648
41664
41670
41693
41698
41702
41715
41721
41728
41732
41735
41745
41753
41772
41778
41782
41791
41823
41855
41869
41897
41909
41932
41948
41948
41950
41968
41968
42000
42019
42057
42086
42087
42092
42094
42099
42103
42107
42117
42118
42119
42137
42140
42143
42146
42155
42161
42178
42183
42190
42215
42218
42233
42243
42254
42266
42272
42293
42299
42303
42307
42311
42328
42340
42344
42351
42352
42353
42353
42370
42373
42380
42392
42392
42394
42407
42429
42447
42449
42452
42457
42475
42481
42489
42496
42502
42508
42509
42521
42521
42524
42533
42542
42543
42544
42559
42567
42589
42591
42597
42607
42631
42632
42641
42653
42668
42678
42685
42701
42710
42733
42744
42753
42754
42756
42791
42816
42830
42834
42836
42838
42858
42860
42866
42882
42896
42910
42918
42928
42943
42944
42960
42979
42980
42989
43001
43021
43022
43022
43024
43049
43053
43057
43109
43124
43125
43129
43133
43141
43149
43173
43187
43197
43206
43206
43220
43236
43265
43266
43289
43314
43328
43329
43336
43353
43360
43361
43373
43385
43415
43427
43428
43431
43437
43452
43473
43474
43475
43480
43490
43500
43508
43532
43536
43551
43576
43590
43622
43628
43628
43644
43646
43660
43681
43685
43704
43719
43722
43723
43735
43750
43757
43778
43791
43792
43800
43809
43826
43827
43845
43846
43854
43875
43894
43899
43905
43905
43912
43928
43932
43940
43954
43954
43963
43966
43979
43985
43991
43998
44019
44037
44042
44049
44058
44070
44071
44081
44084
44097
44105
44161
44164
44180
44189
44207
44208
44209
44213
44243
44252
44287
44305
44307
44308
44313
44323
44339
44351
44353
44356
44363
44369
44371
44396
44414
44418
44418
44439
44443
44445
44466
44474
44504
44523
44526
44535
44547
44557
44561
44566
44592
44608
44610
44614
44629
44631
44636
44644
44649
44656
44657
44690
44691
44693
44704
44711
44717
44728
44754
44755
44763
44784
44785
44789
44791
44793
44806
44814
44815
44825
44835
44844
44845
44857
44883
44883
44887
44894
44894
44897
44902
44906
44914
44927
44927
44938
44970
44995
45002
45009
45018
45025
45029
45043
45044
45044
45057
45058
45066
45069
45094
45103
45104
45106
45125
45125
45130
45131
45141
45142
45150
45161
45177
45180
45185
45211
45216
45220
45240
45243
45244
45258
45264
45273
45282
45285
45290
45295
45303
45304
45306
45307
45318
45329
45329
45344
45353
45363
45363
45372
45372
45381
45389
45390
45392
45430
45435
45435
45436
45446
45449
45458
45464
45471
45473
45505
45520
45522
45524
45533
45547
45560
45562
45568
45608
45614
45628
45629
45630
45639
45640
45661
45663
45684
45689
45700
45703
45709
45712
45713
45716
45716
45720
45735
45745
45758
45780
45785
45786
45806
45809
45848
45868
45870
45874
45883
45887
45894
45899
45902
45916
45918
45919
45943
45961
45978
45987
45991
45997
45998
46015
46030
46033
46041
46052
46056
46062
46070
46088
46091
46110
46122
46128
46133
46141
46143
46161
46175
46187
46202
46205
46210
46216
46226
46234
46241
46260
46269
46279
46282
46335
46342
46343
46372
46373
46386
46413
46427
46461
46520
46524
46531
46564
46564
46570
46581
46602
46604
46608
46611
46618
46619
46635
46637
46639
46646
46672
46683
46685
46690
46720
46733
46740
46744
46745
46752
46770
46771
46771
46799
46810
46819
46820
46822
46823
46823
46840
46853
46867
46893
46914
46923
46924
46924
46926
46930
46932
46953
46963
46986
46988
46999
47004
47024
47024
47030
47031
47052
47065
47066
47077
47083
47083
47088
47094
47107
47116
47117
47128
47148
47152
47155
47158
47163
47165
47184
47193
47193
47223
47233
47237
47237
47253
47287
47290
47316
47316
47330
47335
47352
47384
47393
47403
47428
47428
47440
47450
47451
47453
47467
47471
47471
47478
47483
47500
47503
47518
47548
47562
47564
47565
47620
47638
47677
47692
47695
47705
47707
47714
47752
47757
47759
47763
47766
47784
47791
47818
47842
47876
47882
47907
47907
47911
47912
47920
47925
47929
47962
47976
47977
47980
47982
47989
47997
47998
48001
48022
48045
48046
48054
48066
48086
48103
48106
48109
48113
48114
48125
48181
48185
48208
48213
48215
48230
48231
48232
48238
48238
48241
48272
48321
48349
48357
48366
48380
48390
48392
48395
48429
48441
48446
48448
48458
48468
48473
48479
48482
48484
48494
48501
48505
48508
48535
48540
48549
48568
48578
48586
48587
48591
48597
48608
48627
48651
48657
48658
48686
48696
48711
48722
48724
48727
48743
48754
48754
48787
48800
48801
48811
48820
48843
48845
48846
48853
48853
48864
48867
48887
48891
48900
48901
48905
48905
48926
48935
48941
48983
48986
48998
48999
49001
49017
49017
49042
49052
49078
49079
49105
49111
49135
49143
49163
49164
49202
49203
49213
49220
49235
49261
49266
49267
49291
49306
49310
49311
49325
49332
49338
49365
49368
49380
49392
49394
49421
49431
49434
49435
49439
49445
49457
49460
49470
49507
49528
49553
49558
49573
49583
49583
49588
49594
49597
49604
49606
49610
49617
49618
49630
49633
49634
49648
49651
49665
49686
49702
49732
49732
49733
49733
49734
49757
49766
49798
49806
49808
49837
49854
49860
49866
49874
49898
49903
49910
49920
49937
49939
49950
49965
49968
49985
49986
49989
49991
50018
50032
50039
50050
50052
50055
50058
50059
50060
50063
50075
50088
50088
50138
50141
50145
50145
50159
50162
50167
50174
50188
50227
50235
50246
50255
50257
50270
50276
50281
50283
50314
50344
50357
50359
50363
50369
50370
50380
50382
50384
50393
50397
50401
50412
50429
50433
50433
50436
50443
50446
50453
50459
50463
50474
50500
50506
50506
50512
50522
50541
50545
50556
50582
50590
50612
50612
50618
50624
50627
50632
50639
50685
50686
50697
50708
50712
50716
50729
50744
50751
50767
50768
50768
50769
50782
50789
50800
50833
50836
50862
50874
50874
50877
50894
50900
50926
50934
50936
50939
50950
50956
50964
50966
50974
50988
50990
51001
51017
51035
51041
51050
51052
51056
51062
51107
51148
51171
51201
51205
51211
51211
51215
51219
51239
51240
51260
51266
51268
51292
51292
51341
51350
51357
51362
51369
51386
51402
51430
51438
51444
51444
51444
51449
51450
51455
51463
51471
51480
51482
51505
51510
51519
51539
51542
51544
51555
51564
51591
51594
51595
51599
51626
51632
51632
51644
51654
51682
51691
51691
51719
51719
51723
51728
51741
51744
51745
51752
51764
51765
51765
51769
51787
51790
51803
51803
51806
51812
51814
51821
51823
51831
51836
51837
51864
51870
51892
51898
51901
51947
51948
51949
51987
51992
51995
52005
52025
52032
52036
52042
52051
52072
52073
52077
52077
52080
52102
52116
52118
52122
52122
52141
52148
52150
52165
52166
52167
52168
52185
52201
52222
52231
52232
52244
52246
52251
52257
52269
52277
52291
52311
52320
52347
52354
52369
52381
52413
52416
52425
52446
52453
52458
52472
52477
52478
52490
52498
52498
52520
52527
52552
52567
52577
52578
52597
52620
52631
52632
52666
52675
52683
52695
52699
52708
52719
52724
52725
52734
52760
52777
52784
52788
52794
52807
52814
52817
52825
52829
52829
52856
52867
52879
52888
52921
52923
52949
52981
52983
52988
52990
52991
52996
53008
53011
53036
53049
53060
53063
53099
53117
53127
53127
53161
53181
53197
53197
53199
53245
53285
53291
53291
53297
53299
53300
53303
53304
53313
53318
53329
53330
53330
53333
53334
53341
53351
53364
53401
53403
53416
53421
53456
53461
53467
53486
53516
53519
53520
53524
53525
53526
53541
53546
53550
53562
53593
53599
53599
53628
53650
53666
53702
53717
53725
53738
53753
53753
53755
53760
53761
53775
53801
53820
53831
53832
53833
53834
53871
53902
53915
53920
53932
53941
53944
53973
53979
53980
53984
53988
53994
54009
54012
54023
54025
54028
54042
54043
54045
54059
54064
54074
54074
54078
54095
54116
54156
54157
54177
54186
54198
54209
54211
54214
54235
54254
54272
54273
54278
54284
54336
54342
54347
54355
54358
54360
54368
54375
54386
54407
54412
54427
54440
54460
54461
54461
54474
54477
54478
54480
54480
54482
54492
54495
54496
54513
54524
54524
54525
54530
54532
54533
54537
54569
54577
54579
54582
54598
54606
54611
54612
54623
54632
54639
54640
54650
54657
54658
54660
54660
54664
54671
54705
54708
54709
54716
54719
54760
54782
54790
54795
54823
54828
54834
54843
54860
54862
54870
54880
54890
54903
54910
54916
54924
54938
54952
54956
54961
54967
54969
54973
54974
54979
54985
54986
54994
54996
54999
55000
55003
55015
55030
55030
55062
55066
55067
55074
55078
55092
55097
55102
55102
55107
55120
55122
55140
55165
55176
55178
55195
55200
55200
55201
55228
55231
55240
55256
55261
55270
55285
55288
55301
55313
55325
55377
55378
55385
55402
55483
55485
55492
55505
55507
55519
55524
55544
55545
55560
55562
55571
55585
55590
55602
55608
55616
55627
55657
55657
55663
55677
55685
55685
55687
55703
55717
55736
55766
55768
55789
55790
55807
55808
55827
55865
55899
55908
55909
55921
55927
55940
55944
55952
55972
55976
55983
55986
55994
56002
56012
56012
56016
56021
56028
56031
56066
56075
56076
56077
56080
56080
56083
56087
56103
56111
56117
56124
56142
56157
56167
56169
56188
56199
56219
56246
56252
56266
56294
56326
56343
56343
56361
56364
56367
56368
56392
56393
56408
56413
56434
56473
56474
56479
56483
56505
56509
56511
56515
56526
56527
56539
56543
56544
56549
56552
56566
56573
56579
56588
56638
56639
56646
56655
56658
56663
56666
56671
56679
56686
56691
56710
56720
56721
56729
56729
56730
56746
56767
56774
56779
56787
56789
56806
56812
56821
56839
56847
56851
56855
56864
56894
56896
56902
56905
56909
56911
56923
56924
56926
56937
56961
56968
56971
56981
56993
56993
57006
57013
57021
57024
57032
57040
57043
57046
57049
57051
57054
57059
57068
57085
57097
57097
57102
57105
57115
57120
57130
57142
57157
57158
57163
57169
57186
57207
57271
57287
57303
57322
57334
57348
57359
57369
57400
57407
57418
57421
57423
57451
57459
57468
57486
57487
57491
57497
57504
57516
57545
57553
57562
57574
57575
57576
57584
57591
57594
57612
57612
57617
57637
57644
57657
57661
57668
57669
57680
57700
57704
57708
57729
57733
57741
57747
57749
57763
57772
57777
57788
57798
57816
57820
57821
57824
57832
57834
57842
57849
57869
57892
57903
57908
57924
57930
57934
57936
57938
57959
57963
57969
57971
57983
58008
58032
58034
58048
58072
58077
58082
58083
58091
58125
58126
58181
58184
58185
58206
58210
58216
58235
58254
58257
58259
58272
58280
58283
58292
58302
58313
58314
58323
58338
58345
58347
58368
58374
58381
58397
58400
58402
58403
58405
58408
58410
58411
58425
58441
58452
58452
58457
58484
58490
58509
58510
58517
58518
58525
58533
58547
58562
58572
58599
58617
58620
58630
58636
58646
58649
58653
58668
58669
58679
58706
58741
58747
58749
58756
58769
58782
58783
58836
58849
58858
58892
58918
58922
58938
58969
58981
58981
58985
58993
59008
59014
59024
59025
59026
59057
59059
59061
59076
59079
59086
59094
59099
59101
59119
59124
59130
59151
59154
59180
59255
59263
59263
59265
59271
59278
59280
59297
59305
59324
59325
59330
59334
59340
59345
59350
59357
59368
59369
59371
59375
59387
59390
59416
59417
59422
59426
59431
59439
59440
59452
59454
59459
59460
59462
59465
59466
59470
59476
59478
59483
59487
59503
59515
59555
59557
59560
59606
59610
59634
59634
59635
59637
59661
59674
59674
59691
59693
59696
59699
59718
59724
59748
59750
59754
59759
59764
59795
59812
59813
59821
59836
59836
59841
59843
59857
59866
59870
59873
59874
59888
59902
59947
59948
59992
59994
60004
60005
60013
60018
60031
60036
60043
60046
60110
60113
60119
60127
60132
60146
60198
60205
60217
60245
60256
60264
60272
60272
60275
60277
60292
60303
60313
60321
60323
60338
60339
60341
60356
60401
60422
60423
60432
60451
60452
60455
60457
60473
60476
60494
60500
60504
60512
60523
60532
60559
60560
60567
60581
60591
60627
60632
60633
60642
60642
60643
60649
60651
60675
60676
60678
60689
60695
60697
60699
60701
60702
60711
60719
60719
60731
60735
60753
60765
60776
60804
60873
60886
60889
60902
60902
60907
60914
60920
60924
60949
60951
60957
60958
60971
60974
60986
61011
61013
61036
61037
61040
61048
61053
61062
61084
61091
61098
61098
61106
61108
61113
61115
61118
61135
61149
61165
61168
61184
61186
61195
61199
61202
61209
61235
61260
61262
61273
61275
61287
61311
61322
61328
61335
61336
61354
61357
61363
61365
61366
61386
61393
61394
61394
61397
61404
61404
61421
61425
61435
61448
61459
61460
61463
61488
61490
61503
61507
61517
61519
61526
61552
61554
61555
61576
61585
61593
61606
61607
61610
61623
61642
61643
61675
61684
61686
61693
61700
61709
61711
61713
61713
61715
61719
61733
61751
61759
61765
61780
61782
61782
61786
61788
61790
61792
61793
61793
61798
61805
61811
61811
61831
61832
61835
61836
61851
61851
61880
61889
61906
61913
61918
61929
61932
61943
61969
61996
62005
62006
62008
62018
62026
62029
62032
62057
62064
62078
62082
62110
62132
62147
62155
62163
62163
62176
62184
62187
62192
62201
62211
62223
62223
62241
62272
62277
62290
62295
62295
62299
62299
62299
62333
62337
62345
62348
62357
62374
62375
62385
62394
62397
62404
62421
62437
62450
62453
62458
62460
62461
62468
62476
62477
62481
62502
62520
62521
62522
62522
62529
62532
62539
62550
62552
62552
62557
62560
62591
62593
62607
62607
62615
62635
62646
62648
62684
62701
62723
62723
62729
62741
62752
62763
62780
62781
62789
62796
62802
62822
62825
62826
62833
62847
62849
62855
62860
62863
62869
62883
62895
62904
62922
62946
62950
62958
62961
62964
62965
62966
62974
63005
63012
63023
63028
63039
63071
63099
63124
63132
63135
63135
63146
63174
63196
63217
63224
63224
63226
63236
63255
63256
63259
63271
63275
63276
63277
63277
63284
63288
63324
63330
63334
63341
63350
63355
63357
63359
63379
63425
63448
63450
63458
63460
63464
63468
63468
63472
63482
63487
63490
63490
63532
63535
63558
63566
63568
63569
63574
63584
63614
63625
63628
63653
63654
63658
63676
63679
63690
63707
63709
63719
63730
63738
63749
63771
63799
63803
63804
63849
63875
63876
63914
63928
63935
63935
63969
63976
63979
63991
63997
63999
64007
64020
64024
64032
64045
64053
64085
64086
64104
64111
64131
64146
64153
64157
64159
64169
64180
64189
64190
64191
64196
64196
64200
64228
64230
64250
64251
64255
64257
64278
64280
64283
64316
64328
64338
64339
64341
64344
64354
64362
64374
64382
64384
64391
64392
64396
64427
64444
64458
64460
64475
64496
64497
64516
64518
64520
64528
64532
64536
64539
64541
64551
64557
64558
64562
64575
64582
64587
64604
64618
64621
64623
64651
64664
64667
64669
64678
64693
64706
64707
64708
64709
64714
64715
64723
64731
64747
64752
64753
64761
64769
64773
64774
64776
64787
64793
64799
64807
64837
64853
64859
64870
64873
64892
64903
64906
64917
64919
64927
64932
64943
64944
64947
64972
64976
64981
64997
64999
65003
65044
65048
65049
65064
65064
65068
65075
65081
65104
65107
65121
65123
65126
65132
65132
65159
65166
65167
65172
65181
65185
65195
65200
65200
65214
65245
65251
65270
65299
65301
65318
65331
65344
65358
65359
65368
65371
65372
65378
65382
65383
65414
65424
65434
65444
65448
65450
65450
65465
65480
65484
65491
65499
65509
65517
65519
65534
65561
65563
65569
65580
65610
65617
65619
65622
65625
65641
65659
65673
65675
65679
65687
65698
65698
65701
65703
65710
65719
65752
65766
65773
65773
65775
65776
65791
65803
65807
65813
65832
65835
65854
65871
65872
65881
65882
65890
65906
65925
65926
65946
65957
65958
65997
66036
66037
66038
66040
66058
66071
66083
66113
66151
66157
66158
66164
66172
66191
66207
66213
66221
66229
66237
66254
66258
66268
66270
66280
66325
66327
66341
66389
66398
66411
66413
66427
66430
66474
66491
66494
66497
66509
66522
66538
66542
66557
66560
66568
66573
66573
66577
66588
66601
66641
66648
66655
66677
66682
66707
66710
66711
66736
66747
66755
66763
66767
66785
66798
66829
66841
66845
66853
66869
66871
66877
66893
66908
66921
66930
66940
66953
66958
66968
67014
67046
67047
67047
67063
67068
67077
67083
67105
67109
67111
67127
67138
67144
67170
67172
67173
67175
67186
67206
67212
67214
67216
67222
67236
67299
67318
67319
67347
67360
67365
67365
67368
67369
67374
67377
67396
67402
67404
67440
67445
67452
67471
67497
67515
67516
67531
67538
67542
67563
67579
67587
67595
67596
67596
67609
67625
67639
67651
67662
67674
67712
67719
67732
67758
67762
67779
67779
67783
67785
67799
67802
67813
67820
67833
67833
67848
67863
67864
67874
67888
67890
67895
67899
67902
67914
67919
67919
67920
67934
67956
67968
67973
67973
67975
67977
67981
67995
67997
68003
68011
68025
68025
68032
68041
68052
68059
68073
68073
68074
68102
68110
68112
68114
68129
68155
68164
68168
68170
68173
68173
68186
68196
68197
68215
68217
68231
68234
68244
68245
68288
68292
68298
68310
68340
68347
68348
68355
68369
68371
68403
68407
68456
68457
68476
68508
68510
68551
68551
68572
68577
68591
68605
68619
68624
68628
68645
68648
68657
68684
68695
68698
68700
68710
68735
68742
68748
68763
68767
68778
68780
68845
68861
68875
68916
68934
68940
68972
68973
68978
68981
68993
69002
69020
69020
69021
69032
69034
69035
69039
69043
69048
69049
69051
69062
69093
69095
69101
69110
69119
69120
69121
69125
69165
69168
69175
69224
69226
69236
69236
69266
69279
69282
69285
69293
69304
69308
69311
69316
69332
69339
69349
69356
69376
69379
69400
69411
69418
69425
69427
69449
69453
69456
69460
69461
69462
69484
69512
69515
69522
69525
69543
69553
69558
69564
69567
69579
69580
69601
69607
69612
69620
69633
69646
69668
69676
69717
69720
69744
69751
69765
69777
69788
69790
69798
69798
69809
69817
69841
69845
69847
69856
69859
69860
69885
69891
69896
69898
69907
69909
69917
69925
69931
69939
69946
69959
69984
69990
69996
70002
70005
70008
70010
70014
70028
70028
70032
70058
70061
70062
70066
70073
70074
70090
70096
70097
70102
70114
70128
70132
70142
70144
70164
70173
70175
70211
70216
70225
70248
70262
70266
70294
70339
70347
70351
70359
70365
70390
70398
70419
70434
70441
70446
70449
70480
70491
70498
70505
70519
70527
70528
70551
70553
70559
70564
70574
70576
70577
70592
70596
70609
70624
70640
70642
70645
70646
70651
70656
70659
70672
70701
70702
70707
70736
70740
70741
70744
70763
70769
70784
70797
70816
70820
70824
70824
70831
70864
70872
70872
70875
70898
71003
71004
71011
71028
71032
71035
71048
71055
71079
71083
71092
71106
71120
71122
71122
71126
71153
71175
71178
71185
71186
71187
71218
71222
71234
71235
71250
71255
71256
71256
71282
71294
71297
71300
71308
71309
71309
71310
71337
71363
71387
71391
71396
71407
71407
71426
71467
71476
71502
71502
71509
71510
71555
71558
71558
71562
71566
71577
71584
71588
71597
71602
71603
71608
71609
71617
71619
71627
71637
71638
71651
71662
71673
71683
71684
71687
71688
71697
71697
71713
71728
71729
71740
71757
71764
71790
71791
71804
71827
71831
71838
71855
71859
71860
71870
71870
71894
71914
71937
71956
71960
71966
71976
71983
72004
72018
72023
72026
72027
72030
72035
72040
72105
72112
72116
72125
72125
72128
72155
72155
72162
72162
72170
72180
72183
72203
72241
72270
72293
72296
72302
72313
72317
72322
72346
72346
72350
72364
72371
72403
72404
72414
72418
72427
72431
72447
72450
72452
72453
72458
72478
72479
72494
72496
72507
72526
72526
72532
72535
72544
72568
72583
72608
72615
72623
72627
72630
72669
72675
72692
72734
72748
72753
72781
72782
72794
72797
72803
72804
72817
72820
72842
72852
72869
72875
72886
72903
72912
72948
72974
72987
72995
73005
73026
73026
73057
73059
73067
73076
73090
73106
73107
73108
73119
73150
73152
73163
73163
73166
73180
73182
73187
73211
73223
73228
73249
73262
73272
73286
73294
73307
73311
73331
73338
73344
73345
73352
73357
73361
73364
73380
73388
73401
73453
73467
73473
73479
73486
73505
73507
73515
73518
73528
73532
73536
73541
73553
73565
73576
73579
73592
73601
73609
73609
73610
73612
73642
73648
73653
73654
73671
73672
73672
73686
73701
73714
73719
73724
73733
73744
73757
73772
73780
73783
73786
73796
73847
73863
73872
73875
73878
73881
73884
73887
73893
73900
73909
73918
73933
73933
73935
73935
73946
73959
73963
73963
73963
73966
73969
73982
73983
73998
74007
74011
74023
74025
74038
74049
74062
74064
74083
74085
74085
74103
74104
74115
74139
74166
74172
74195
74204
74216
74222
74223
74226
74243
74252
74256
74267
74290
74295
74315
74317
74332
74334
74338
74352
74360
74370
74371
74387
74391
74394
74397
74414
74422
74423
74429
74430
74451
74462
74462
74494
74529
74558
74625
74628
74629
74632
74663
74669
74691
74698
74700
74721
74730
74742
74742
74770
74770
74788
74824
74833
74833
74836
74847
74849
74855
74863
74884
74914
74927
74935
74942
74963
74964
74971
74976
74977
74986
74986
75000
75010
75013
75045
75048
75077
75088
75098
75117
75122
75140
75146
75152
75155
75156
75160
75160
75165
75173
75178
75197
75200
75201
75203
75237
75239
75242
75250
75285
75289
75303
75316
75326
75353
75366
75372
75380
75386
75395
75416
75446
75467
75479
75480
75490
75495
75504
75506
75515
75516
75521
75522
75524
75529
75533
75541
75551
75555
75557
75571
75575
75582
75598
75600
75602
75604
75611
75614
75617
75618
75633
75637
75641
75646
75651
75657
75658
75670
75681
75685
75739
75773
75780
75792
75805
75808
75818
75820
75859
75863
75891
75892
75906
75907
75908
75933
75938
75945
75963
75965
76009
76021
76021
76028
76035
76049
76060
76060
76069
76093
76094
76098
76100
76110
76118
76126
76130
76133
76153
76157
76166
76201
76209
76212
76215
76221
76222
76233
76241
76250
76251
76263
76287
76289
76292
76303
76304
76306
76308
76313
76313
76316
76354
76397
76409
76411
76413
76432
76433
76437
76451
76488
76507
76509
76516
76525
76525
76537
76546
76548
76560
76571
76573
76573
76573
76575
76585
76587
76591
76614
76619
76643
76643
76646
76647
76658
76672
76674
76677
76686
76695
76702
76703
76709
76738
76745
76745
76766
76772
76774
76781
76801
76802
76811
76820
76828
76829
76837
76847
76850
76874
76894
76896
76911
76932
76935
76942
76977
76979
76985
76989
76992
76998
77006
77015
77015
77029
77045
77068
77082
77093
77102
77107
77117
77123
77130
77152
77164
77165
77169
77171
77175
77223
77235
77261
77271
77289
77289
77294
77308
77325
77326
77337
77343
77359
77369
77389
77391
77397
77437
77447
77462
77462
77467
77469
77477
77482
77487
77495
77498
77504
77521
77523
77531
77532
77539
77540
77541
77542
77588
77602
77604
77622
77633
77634
77642
77642
77648
77651
77664
77668
77671
77675
77684
77699
77708
77710
77725
77732
77739
77744
77756
77770
77785
77795
77800
77801
77805
77811
77815
77854
77856
77876
77905
77905
77907
77907
77914
77943
77950
77953
77959
77959
77978
77981
77997
78010
78018
78020
78022
78024
78035
78048
78051
78063
78072
78077
78077
78084
78094
78108
78127
78132
78132
78140
78149
78154
78161
78176
78178
78190
78193
78204
78225
78225
78251
78272
78276
78288
78293
78295
78310
78311
78311
78322
78330
78336
78337
78339
78341
78346
78357
78365
78370
78396
78397
78409
78417
78433
78436
78462
78476
78489
78490
78498
78500
78510
78517
78528
78542
78552
78554
78560
78568
78575
78587
78589
78595
78600
78601
78602
78613
78616
78640
78645
78647
78651
78656
78662
78701
78712
78719
78719
78719
78725
78735
78763
78766
78767
78775
78785
78804
78810
78822
78826
78836
78838
78838
78855
78860
78867
78870
78871
78883
78885
78894
78894
78900
78922
78936
78950
78957
78975
78978
78980
78986
78987
78989
78994
79017
79028
79030
79034
79035
79041
79041
79055
79067
79093
79136
79162
79207
79207
79228
79238
79257
79276
79310
79330
79355
79359
79367
79369
79391
79394
79415
79421
79437
79439
79446
79472
79476
79493
79501
79515
79516
79532
79540
79551
79557
79587
79592
79595
79596
79600
79600
79602
79612
79663
79670
79680
79691
79695
79749
79751
79764
79809
79814
79832
79850
79865
79872
79885
79893
79899
79915
79923
79931
79936
79956
79956
79966
79969
79979
79993
80011
80018
80020
80029
80031
80044
80053
80054
80092
80096
80104
80113
80130
80133
80141
80148
80160
80165
80174
80174
80176
80177
80182
80191
80201
80201
80211
80211
80223
80235
80242
80247
80254
80262
80271
80272
80273
80307
80312
80365
80370
80397
80401
80424
80433
80460
80472
80487
80491
80506
80524
80527
80536
80539
80541
80545
80548
80560
80591
80599
80605
80628
80637
80643
80644
80655
80662
80668
80680
80691
80697
80712
80713
80720
80739
80748
80759
80764
80767
80769
80775
80787
80800
80801
80809
80827
80828
80840
80842
80847
80849
80852
80854
80870
80875
80890
80929
80934
80955
80989
80999
81028
81041
81061
81069
81100
81108
81109
81117
81120
81123
81149
81154
81155
81178
81178
81179
81181
81186
81193
81208
81232
81234
81252
81252
81256
81256
81258
81265
81268
81274
81276
81279
81284
81295
81296
81296
81300
81310
81312
81313
81313
81324
81342
81350
81352
81419
81426
81459
81497
81502
81507
81510
81524
81531
81531
81548
81554
81566
81575
81581
81594
81597
81606
81635
81635
81637
81648
81656
81657
81684
81701
81708
81731
81733
81734
81739
81747
81749
81751
81772
81776
81781
81807
81810
81812
81812
81817
81823
81830
81854
81856
81859
81859
81877
81882
81887
81893
81936
81955
81958
81969
81970
81986
82007
82049
82054
82057
82058
82060
82062
82095
82160
82164
82164
82199
82200
82205
82234
82247
82265
82287
82305
82311
82348
82351
82356
82356
82365
82376
82380
82380
82392
82397
82400
82421
82429
82432
82452
82460
82481
82491
82498
82504
82506
82508
82553
82562
82572
82575
82583
82584
82586
82588
82591
82613
82616
82632
82647
82649
82649
82652
82653
82654
82672
82715
82720
82720
82724
82734
82738
82766
82776
82777
82778
82780
82794
82796
82801
82801
82818
82822
82828
82863
82866
82869
82884
82894
82906
82914
82914
82918
82931
82958
82967
82976
82983
82984
82993
83008
83026
83031
83033
83033
83040
83047
83049
83098
83105
83110
83118
83130
83140
83154
83158
83192
83197
83202
83233
83243
83243
83246
83261
83266
83284
83292
83302
83306
83313
83332
83380
83382
83387
83395
83405
83408
83409
83413
83422
83430
83453
83453
83465
83466
83471
83474
83525
83530
83583
83593
83596
83596
83608
83618
83621
83625
83629
83647
83657
83664
83666
83674
83675
83678
83702
83717
83756
83783
83783
83788
83791
83809
83814
83815
83819
83820
83834
83838
83839
83843
83847
83848
83851
83868
83877
83884
83896
83903
83906
83910
83916
83924
83933
83937
83937
83943
83943
83947
83958
83960
83993
84012
84014
84015
84017
84022
84057
84066
84073
84074
84075
84102
84108
84114
84144
84171
84179
84190
84193
84196
84200
84220
84225
84226
84229
84230
84231
84231
84240
84250
84263
84269
84278
84281
84287
84306
84325
84331
84339
84350
84368
84369
84393
84394
84398
84415
84424
84452
84471
84475
84478
84484
84487
84490
84496
84497
84498
84510
84562
84568
84577
84593
84621
84637
84646
84649
84654
84656
84657
84708
84711
84712
84722
84736
84741
84743
84753
84781
84811
84815
84828
84838
84839
84839
84875
84879
84886
84931
84935
84938
84942
84950
84951
84951
84963
84966
85053
85054
85057
85057
85063
85085
85092
85095
85102
85114
85120
85121
85126
85128
85134
85150
85151
85171
85189
85193
85197
85207
85223
85233
85258
85291
85293
85324
85330
85349
85385
85388
85405
85415
85417
85436
85444
85446
85447
85454
85466
85476
85482
85496
85510
85511
85525
85534
85553
85555
85568
85572
85579
85593
85617
85623
85623
85627
85644
85648
85657
85658
85661
85668
85673
85679
85680
85684
85690
85709
85712
85714
85721
85725
85728
85744
85748
85748
85752
85761
85763
85791
85792
85815
85836
85843
85845
85852
85854
85863
85866
85876
85880
85933
85936
85942
85951
85953
85960
85990
85999
86000
86003
86018
86050
86058
86060
86078
86120
86125
86127
86129
86133
86141
86144
86146
86167
86168
86171
86191
86196
86206
86212
86215
86220
86221
86238
86240
86273
86280
86280
86284
86291
86325
86337
86337
86344
86361
86377
86387
86393
86404
86411
86422
86437
86441
86442
86442
86443
86443
86445
86472
86496
86507
86512
86545
86552
86556
86568
86617
86619
86629
86652
86655
86656
86677
86697
86701
86704
86707
86710
86711
86718
86752
86757
86760
86761
86767
86769
86775
86777
86819
86828
86832
86857
86879
86880
86882
86883
86893
86928
86931
86947
86947
86962
86967
86971
86975
86985
87007
87013
87019
87025
87028
87073
87084
87091
87091
87092
87093
87101
87116
87148
87153
87161
87167
87180
87186
87195
87199
87206
87210
87237
87241
87241
87245
87251
87253
87278
87279
87287
87292
87300
87316
87318
87320
87333
87334
87344
87360
87364
87365
87366
87379
87386
87399
87407
87410
87418
87438
87448
87456
87465
87471
87479
87497
87501
87507
87515
87525
87526
87552
87573
87582
87635
87643
87646
87661
87669
87671
87673
87680
87681
87695
87699
87721
87745
87754
87755
87758
87767
87768
87775
87804
87814
87827
87842
87851
87868
87870
87905
87911
87912
87916
87925
87938
87945
87948
87955
87976
87982
87983
87989
88008
88013
88024
88027
88031
88037
88062
88081
88093
88111
88131
88143
88178
88194
88203
88204
88207
88216
88217
88219
88228
88231
88232
88235
88236
88246
88277
88278
88280
88283
88287
88297
88330
88343
88353
88356
88389
88389
88395
88429
88435
88439
88440
88440
88440
88441
88455
88485
88491
88499
88503
88508
88530
88538
88544
88570
88588
88610
88634
88637
88645
88646
88647
88660
88674
88680
88694
88698
88713
88720
88730
88734
88741
88754
88757
88770
88775
88784
88786
88794
88797
88805
88821
88844
88852
88854
88861
88867
88887
88891
88905
88909
88927
88939
88944
88968
88972
88984
88984
88991
88993
88994
89003
89005
89006
89007
89014
89015
89034
89044
89050
89053
89058
89061
89076
89083
89084
89102
89121
89127
89133
89134
89151
89155
89171
89180
89183
89223
89225
89232
89233
89243
89248
89249
89252
89255
89257
89260
89265
89279
89289
89299
89302
89313
89321
89330
89360
89363
89363
89370
89373
89374
89380
89387
89393
89394
89395
89407
89411
89414
89420
89423
89452
89454
89454
89457
89468
89483
89492
89508
89526
89545
89567
89569
89569
89581
89585
89590
89590
89612
89614
89615
89620
89623
89643
89659
89663
89666
89678
89689
89699
89701
89718
89739
89745
89764
89779
89784
89787
89792
89798
89799
89800
89814
89823
89832
89838
89856
89874
89876
89876
89877
89892
89894
89897
89897
89908
89921
89930
89930
89953
89954
89985
89992
89995
90015
90020
90043
90047
90052
90057
90062
90073
90076
90083
90088
90090
90104
90109
90109
90110
90120
90123
90198
90234
90236
90236
90246
90249
90258
90262
90272
90279
90282
90291
90291
90293
90295
90298
90299
90300
90308
90323
90330
90337
90345
90348
90356
90380
90384
90411
90436
90444
90453
90477
90486
90500
90503
90509
90524
90540
90543
90580
90587
90587
90613
90626
90628
90629
90630
90635
90637
90639
90661
90668
90692
90703
90712
90732
90733
90743
90778
90784
90797
90843
90851
90879
90893
90894
90895
90897
90909
90921
90933
90937
90946
90951
90964
90969
90979
90989
90990
90998
91007
91018
91043
91048
91064
91076
91082
91100
91114
91125
91130
91158
91159
91173
91178
91178
91189
91205
91222
91232
91236
91245
91247
91248
91249
91279
91280
91288
91295
91301
91301
91306
91315
91324
91337
91342
91364
91412
91424
91445
91468
91469
91470
91491
91508
91513
91516
91520
91535
91539
91552
91562
91563
91570
91588
91589
91655
91660
91662
91684
91688
91696
91709
91724
91727
91735
91747
91750
91761
91772
91777
91796
91813
91829
91837
91846
91861
91861
91872
91880
91882
91906
91913
91920
91931
91951
91993
92004
92025
92029
92040
92063
92074
92076
92090
92094
92099
92100
92102
92140
92176
92188
92192
92199
92202
92212
92217
92241
92243
92244
92251
92252
92259
92267
92269
92278
92282
92297
92299
92306
92312
92315
92321
92327
92347
92357
92388
92419
92425
92431
92440
92443
92446
92446
92453
92485
92513
92513
92520
92532
92535
92552
92560
92571
92576
92577
92578
92585
92586
92601
92609
92625
92644
92670
92685
92707
92713
92719
92723
92750
92756
92762
92768
92774
92779
92782
92783
92783
92784
92786
92794
92799
92801
92868
92897
92897
92912
92920
92923
92927
92943
92949
92950
92958
92969
92975
92981
92984
92986
92989
92993
93007
93011
93016
93051
93065
93071
93076
93078
93101
93128
93133
93135
93138
93146
93149
93165
93171
93181
93184
93186
93193
93197
93257
93267
93286
93304
93307
93325
93326
93329
93358
93372
93373
93379
93402
93414
93420
93434
93439
93440
93459
93472
93475
93479
93496
93499
93515
93533
93542
93562
93569
93569
93587
93596
93613
93615
93620
93626
93629
93639
93652
93664
93667
93673
93674
93685
93687
93695
93722
93724
93744
93744
93753
93758
93767
93779
93784
93794
93806
93814
93869
93878
93883
93885
93894
93945
93953
93959
93967
93972
93972
93976
93979
94004
94006
94020
94024
94025
94043
94060
94061
94065
94067
94073
94081
94092
94101
94104
94126
94140
94150
94157
94166
94171
94176
94198
94209
94213
94221
94222
94228
94253
94260
94301
94305
94306
94309
94317
94319
94324
94329
94353
94359
94375
94377
94382
94384
94390
94395
94399
94407
94423
94463
94477
94481
94490
94503
94514
94515
94532
94534
94540
94551
94558
94570
94594
94620
94633
94647
94658
94668
94675
94679
94682
94715
94723
94726
94738
94774
94776
94779
94799
94807
94814
94820
94825
94838
94838
94856
94859
94866
94899
94910
94918
94922
94957
94986
94998
94998
95002
95012
95016
95018
95030
95039
95039
95040
95045
95046
95060
95082
95085
95099
95125
95163
95193
95194
95205
95210
95211
95227
95227
95227
95236
95244
95249
95255
95257
95265
95280
95288
95297
95305
95315
95318
95347
95358
95364
95368
95371
95375
95383
95384
95401
95416
95417
95417
95424
95448
95451
95455
95455
95456
95464
95466
95487
95501
95514
95515
95516
95525
95532
95539
95549
95550
95565
95607
95608
95622
95623
95647
95651
95658
95663
95675
95693
95698
95699
95700
95704
95712
95721
95739
95766
95784
95788
95791
95801
95851
95858
95878
95888
95894
95922
95930
95941
95944
95972
95974
95992
95998
96010
96016
96017
96028
96031
96039
96050
96050
96093
96108
96121
96137
96140
96141
96145
96147
96158
96209
96226
96243
96249
96263
96266
96268
96269
96300
96321
96375
96378
96385
96392
96405
96415
96415
96429
96434
96446
96455
96464
96488
96498
96510
96514
96516
96516
96520
96523
96557
96558
96567
96569
96591
96592
96608
96619
96624
96624
96629
96651
96665
96686
96692
96702
96705
96713
96717
96753
96755
96765
96767
96801
96802
96807
96808
96819
96822
96829
96834
96835
96837
96861
96868
96890
96897
96897
96917
96928
96946
96949
96990
97036
97045
97070
97073
97077
97078
97094
97114
97144
97152
97153
97166
97168
97194
97202
97207
97208
97218
97252
97252
97271
97271
97297
97305
97321
97326
97333
97357
97372
97376
97384
97404
97431
97464
97466
97469
97470
97476
97487
97498
97501
97504
97516
97527
97540
97542
97546
97552
97571
97589
97648
97648
97675
97684
97691
97709
97713
97721
97732
97737
97738
97739
97740
97742
97746
97748
97754
97764
97782
97791
97807
97812
97823
97831
97833
97839
97846
97849
97852
97866
97884
97904
97915
97925
97930
97971
97974
97991
98017
98045
98050
98061
98064
98073
98073
98076
98080
98082
98087
98090
98091
98096
98105
98120
98134
98143
98143
98167
98190
98193
98215
98219
98231
98239
98242
98245
98267
98273
98279
98286
98293
98312
98314
98324
98335
98351
98351
98354
98361
98364
98388
98402
98402
98427
98431
98444
98452
98463
98463
98474
98497
98503
98527
98527
98552
98553
98556
98580
98583
98594
98600
98618
98623
98649
98652
98656
98664
98681
98715
98718
98721
98740
98748
98751
98752
98761
98767
98768
98817
98833
98845
98858
98870
98878
98883
98894
98917
98939
98940
98949
98957
98983
99000
99006
99008
99013
99031
99045
99060
99066
99077
99084
99101
99105
99114
99115
99124
99139
99162
99198
99204
99214
99232
99237
99262
99271
99274
99278
99279
99279
99293
99313
99319
99337
99340
99356
99356
99358
99361
99372
99397
99401
99415
99418
99422
99438
99452
99464
99472
99473
99489
99498
99499
99503
99522
99534
99537
99550
99555
99562
99569
99572
99580
99585
99587
99614
99633
99639
99654
99658
99660
99679
99704
99727
99728
99756
99758
99759
99802
99820
99827
99833
99856
99858
99871
99886
99889
99893
99897
99922
99923
99927
99928
99930
99936
99936
99945
99945
99951
99963
99965
99996
