3
4
16
32
32
49
52
58
59
81
92
106
108
113
226
228
234
240
264
265
304
306
328
331
337
340
346
352
373
388
411
426
452
456
461
473
474
477
479
494
495
499
519
519
523
525
526
534
541
547
551
562
587
608
619
646
668
677
708
722
759
792
807
810
811
817
818
840
858
867
869
882
893
898
909
909
912
920
938
945
955
978
1016
1024
1040
1043
1049
1058
1064
1068
1073
1074
1093
1094
1098
1127
1127
1127
1131
1140
1141
1155
1164
1166
1182
1186
1189
1192
1194
1197
1200
1202
1208
1213
1244
1262
1273
1290
1301
1313
1319
1339
1347
1348
1383
1391
1414
1418
1420
1436
1452
1486
1489
1501
1503
1503
1507
1521
1558
1569
1571
1572
1572
1580
1586
1621
1649
1650
1652
1654
1666
1671
1690
1698
1701
1703
1707
1711
1728
1738
1742
1750
1773
1778
1793
1797
1825
1839
1849
1850
1856
1883
1884
1889
1891
1898
1900
1909
1913
1928
1943
1948
1970
1972
1974
1979
2004
2023
2026
2039
2054
2061
2061
2086
2099
2100
2113
2117
2118
2119
2136
2136
2137
2144
2148
2151
2169
2170
2173
2176
2178
2178
2183
2200
2222
2227
2250
2250
2280
2282
2298
2300
2308
2309
2320
2345
2352
2359
2370
2394
2402
2411
2419
2428
2438
2439
2447
2451
2454
2478
2481
2491
2502
2508
2533
2541
2561
2564
2593
2615
2622
2630
2631
2656
2659
2665
2689
2694
2695
2704
2718
2722
2754
2755
2759
2762
2769
2771
2775
2791
2798
2801
2802
2805
2809
2815
2822
2833
2834
2844
2850
2874
2880
2884
2888
2913
2919
2920
2926
2931
2933
2944
2944
2964
2994
3013
3018
3024
3029
3030
3032
3034
3035
3044
3046
3055
3057
3057
3068
3069
3071
3073
3076
3091
3101
3103
3115
3121
3126
3131
3146
3154
3155
3159
3160
3174
3174
3176
3180
3198
3204
3224
3230
3239
3251
3262
3278
3288
3290
3313
3320
3359
3362
3369
3378
3383
3394
3395
3403
3405
3406
3413
3414
3424
3434
3447
3464
3474
3476
3479
3482
3499
3513
3523
3541
3548
3550
3568
3585
3628
3630
3677
3682
3703
3719
3722
3723
3730
3736
3737
3744
3751
3767
3790
3800
3816
3824
3830
3836
3850
3855
3877
3878
3880
3902
3909
3918
3920
3937
3941
3947
3955
3955
3983
3985
4008
4027
4033
4035
4036
4039
4051
4052
4057
4082
4090
4091
4119
4121
4136
4143
4156
4180
4184
4188
4189
4198
4212
4213
4217
4220
4245
4260
4272
4289
4293
4319
4324
4334
4349
4370
4378
4379
4379
4380
4381
4395
4395
4414
4416
4419
4459
4471
4471
4474
4482
4495
4507
4508
4515
4521
4525
4533
4555
4565
4579
4599
4609
4613
4615
4643
4644
4657
4663
4679
4684
4701
4709
4713
4720
4730
4733
4734
4741
4745
4752
4753
4755
4769
4784
4799
4804
4812
4825
4842
4848
4849
4854
4858
4863
4865
4865
4880
4881
4890
4898
4933
4934
4943
4949
4973
4975
4977
5021
5032
5036
5039
5044
5045
5059
5060
5067
5068
5082
5116
5141
5143
5152
5170
5195
5206
5209
5214
5227
5235
5238
5242
5247
5249
5255
5263
5263
5263
5289
5295
5312
5320
5320
5325
5326
5347
5354
5355
5357
5364
5379
5382
5383
5404
5411
5419
5425
5432
5441
5462
5473
5482
5496
5512
5517
5531
5537
5544
5554
5564
5579
5598
5612
5614
5618
5627
5646
5654
5655
5664
5677
5681
5687
5694
5703
5707
5727
5737
5760
5765
5768
5776
5777
5797
5799
5805
5817
5827
5829
5830
5836
5860
5874
5884
5891
5891
5905
5911
5918
5918
5932
5934
5936
5937
5938
5941
5962
5967
5970
5979
5998
6002
6004
6005
6013
6025
6041
6066
6089
6093
6099
6104
6124
6127
6142
6228
6235
6258
6266
6277
6292
6298
6305
6309
6314
6328
6357
6391
6398
6399
6410
6414
6419
6435
6439
6446
6455
6466
6476
6522
6526
6531
6567
6568
6583
6586
6587
6593
6599
6617
6618
6634
6652
6664
6674
6679
6720
6732
6735
6749
6752
6803
6803
6807
6813
6828
6842
6877
6880
6881
6881
6887
6892
6894
6905
6910
6920
6922
6925
6937
6951
6954
6957
6968
6991
6996
7022
7059
7062
7063
7065
7086
7086
7100
7101
7122
7145
7190
7196
7198
7202
7212
7230
7230
7230
7231
7242
7244
7244
7250
7267
7288
7290
7293
7295
7300
7301
7302
7316
7324
7335
7346
7377
7387
7404
7416
7424
7446
7450
7465
7470
7474
7479
7482
7486
7486
7493
7497
7513
7531
7532
7534
7539
7544
7554
7569
7571
7573
7574
7579
7584
7584
7590
7604
7622
7639
7653
7656
7689
7691
7708
7733
7741
7773
7780
7789
7792
7794
7800
7853
7865
7877
7897
7911
7916
7921
7921
7927
7929
7935
7946
7960
7967
7978
8002
8026
8027
8037
8044
8045
8046
8050
8084
8085
8087
8118
8147
8147
8151
8189
8189
8190
8198
8201
8211
8221
8232
8240
8250
8251
8271
8290
8295
8295
8296
8317
8336
8342
8346
8350
8353
8364
8379
8391
8391
8397
8397
8398
8404
8411
8427
8442
8444
8444
8449
8451
8455
8469
8483
8522
8536
8537
8580
8584
8594
8620
8623
8624
8647
8658
8663
8680
8729
8749
8767
8792
8811
8813
8815
8828
8852
8855
8865
8869
8885
8888
8902
8906
8922
8940
8940
8951
8960
8974
8991
9002
9003
9052
9064
9072
9079
9083
9085
9094
9106
9109
9121
9122
9135
9145
9149
9149
9150
9151
9161
9168
9169
9182
9184
9190
9191
9199
9211
9215
9232
9232
9262
9277
9278
9287
9290
9291
9292
9299
9309
9320
9321
9328
9348
9374
9376
9413
9413
9413
9423
9432
9461
9481
9482
9491
9492
9506
9507
9507
9510
9521
9558
9563
9586
9601
9609
9611
9613
9647
9668
9669
9697
9739
9740
9745
9747
9751
9765
9769
9777
9779
9784
9792
9816
9823
9828
9844
9874
9876
9887
9898
9901
9907
9908
9910
9914
9914
9918
9925
9930
9941
9942
9942
9946
9970
9995
10005
10006
10006
10007
10008
10029
10055
10056
10065
10073
10082
10094
10099
10100
10107
10123
10125
10140
10155
10180
10181
10182
10191
10197
10226
10236
10237
10247
10260
10278
10307
10313
10316
10329
10364
10377
10377
10381
10388
10391
10391
10398
10425
10428
10429
10432
10445
10450
10454
10454
10467
10480
10480
10489
10490
10491
10494
10495
10495
10520
10524
10536
10539
10539
10543
10571
10599
10607
10614
10620
10626
10633
10638
10641
10646
10657
10687
10688
10717
10718
10734
10736
10745
10757
10757
10776
10783
10783
10807
10811
10817
10832
10835
10840
10842
10848
10859
10880
10881
10891
10898
10905
10908
10909
10920
10936
10949
10979
10992
10996
11005
11010
11023
11039
11043
11060
11063
11081
11083
11095
11108
11118
11122
11126
11127
11136
11143
11155
11164
11179
11192
11194
11201
11214
11215
11226
11229
11238
11244
11248
11257
11259
11260
11296
11299
11301
11305
11307
11315
11320
11320
11328
11329
11341
11354
11357
11404
11416
11425
11431
11441
11443
11445
11452
11462
11464
11466
11468
11488
11489
11514
11521
11526
11561
11566
11571
11578
11579
11582
11586
11597
11602
11603
11605
11611
11624
11650
11662
11666
11700
11715
11751
11778
11784
11794
11804
11808
11829
11841
11852
11857
11859
11877
11881
11884
11887
11890
11904
11914
11929
11932
11984
11994
11999
12001
12004
12016
12035
12060
12065
12129
12138
12139
12167
12168
12181
12194
12198
12210
12226
12229
12232
12234
12237
12237
12249
12266
12268
12291
12298
12309
12314
12318
12325
12326
12329
12341
12368
12379
12380
12381
12393
12406
12423
12433
12437
12451
12471
12477
12489
12493
12509
12516
12519
12525
12553
12558
12559
12561
12590
12599
12605
12608
12630
12645
12648
12656
12683
12689
12692
12711
12748
12752
12761
12762
12782
12795
12819
12837
12869
12873
12892
12918
12925
12951
12951
12958
12964
12990
13001
13019
13029
13041
13051
13056
13078
13085
13086
13089
13092
13108
13115
13122
13128
13161
13179
13185
13206
13208
13227
13242
13244
13270
13280
13283
13288
13300
13309
13311
13314
13319
13323
13325
13331
13332
13359
13362
13372
13372
13379
13380
13381
13409
13418
13421
13421
13425
13443
13453
13456
13460
13464
13469
13479
13497
13502
13508
13508
13508
13513
13527
13540
13544
13562
13569
13597
13599
13602
13604
13604
13609
13613
13618
13619
13619
13632
13638
13651
13677
13680
13684
13692
13695
13699
13703
13704
13709
13727
13728
13729
13772
13776
13781
13786
13835
13849
13872
13884
13885
13886
13890
13901
13901
13906
13928
13929
13932
13933
13934
13942
13945
13947
13972
13972
13974
13985
13995
14006
14013
14025
14027
14032
14036
14044
14044
14067
14078
14087
14103
14107
14148
14157
14179
14183
14188
14196
14198
14202
14205
14217
14221
14230
14257
14263
14285
14297
14304
14309
14321
14322
14335
14351
14353
14357
14359
14372
14385
14399
14401
14401
14413
14417
14440
14442
14443
14450
14465
14480
14491
14494
14513
14515
14524
14541
14548
14551
14558
14563
14566
14575
14595
14602
14607
14613
14656
14670
14684
14698
14701
14707
14710
14715
14722
14743
14750
14761
14778
14805
14827
14841
14865
14871
14874
14885
14888
14893
14897
14901
14908
14930
14932
14932
14935
14953
14961
14967
14988
14994
15005
15017
15019
15040
15093
15106
15112
15117
15118
15133
15133
15136
15144
15153
15164
15178
15186
15200
15207
15215
15221
15224
15241
15241
15247
15253
15264
15267
15284
15288
15319
15334
15336
15350
15358
15363
15390
15397
15401
15409
15422
15423
15432
15450
15457
15463
15469
15476
15477
15507
15514
15538
15538
15539
15544
15547
15575
15582
15612
15622
15622
15631
15636
15647
15654
15660
15669
15678
15680
15707
15713
15719
15736
15741
15747
15787
15791
15791
15807
15811
15813
15836
15843
15848
15850
15892
15899
15902
15913
15918
15948
15950
15958
15959
15966
15976
15996
16010
16014
16033
16052
16054
16056
16060
16077
16085
16089
16096
16105
16108
16112
16122
16126
16132
16133
16158
16170
16179
16186
16189
16203
16208
16213
16213
16223
16233
16277
16289
16300
16302
16304
16309
16329
16339
16339
16346
16363
16366
16369
16379
16381
16391
16398
16406
16414
16429
16438
16443
16445
16448
16499
16504
16508
16530
16532
16554
16558
16581
16606
16614
16618
16661
16677
16677
16678
16681
16686
16697
16701
16709
16710
16717
16718
16729
16734
16742
16744
16745
16783
16811
16824
16859
16860
16890
16890
16890
16913
16920
16922
16932
16939
16953
16957
16968
16968
16973
16996
17007
17054
17056
17058
17061
17069
17070
17075
17079
17104
17108
17113
17114
17123
17162
17163
17179
17180
17195
17200
17200
17211
17230
17243
17250
17254
17255
17263
17273
17283
17285
17295
17297
17299
17302
17303
17309
17321
17325
17340
17354
17376
17386
17407
17412
17415
17416
17441
17442
17467
17475
17478
17481
17481
17481
17499
17510
17516
17529
17530
17537
17542
17575
17599
17614
17636
17636
17648
17657
17673
17696
17708
17713
17722
17726
17737
17750
17753
17784
17785
17795
17807
17840
17845
17857
17864
17891
17893
17894
17896
17896
17901
17914
17929
17943
17951
17963
17970
17987
17992
17994
17996
18001
18012
18024
18028
18041
18041
18043
18065
18065
18071
18079
18083
18094
18122
18130
18148
18162
18175
18177
18181
18183
18186
18203
18210
18222
18235
18250
18253
18288
18293
18308
18316
18321
18334
18357
18361
18364
18365
18367
18399
18410
18420
18438
18443
18445
18463
18464
18468
18470
18478
18489
18525
18561
18562
18583
18589
18601
18603
18619
18621
18625
18630
18646
18676
18678
18684
18696
18708
18713
18722
18737
18757
18769
18771
18773
18774
18779
18785
18789
18809
18822
18844
18852
18863
18871
18872
18878
18885
18913
18923
18937
18938
18938
18947
18964
18968
18969
18990
19002
19007
19008
19008
19019
19020
19023
19034
19037
19047
19062
19066
19071
19075
19095
19115
19122
19125
19156
19169
19179
19227
19240
19276
19280
19286
19298
19302
19304
19306
19331
19341
19342
19342
19344
19365
19374
19375
19382
19382
19409
19416
19427
19433
19452
19453
19455
19464
19466
19467
19495
19506
19507
19511
19513
19515
19519
19530
19535
19538
19540
19548
19572
19574
19580
19580
19586
19592
19595
19611
19622
19638
19640
19666
19670
19680
19685
19693
19699
19701
19702
19711
19727
19737
19741
19744
19829
19835
19846
19862
19869
19887
19928
19948
19965
19998
20007
20008
20010
20024
20031
20051
20078
20091
20106
20118
20125
20127
20133
20149
20156
20173
20187
20194
20198
20199
20206
20210
20212
20243
20246
20250
20251
20269
20272
20272
20275
20308
20315
20327
20352
20354
20368
20380
20395
20396
20404
20415
20416
20416
20431
20436
20437
20440
20444
20468
20506
20517
20518
20526
20562
20585
20598
20621
20650
20653
20670
20677
20684
20691
20700
20703
20712
20714
20738
20749
20765
20791
20796
20798
20811
20812
20824
20839
20854
20883
20884
20889
20899
20906
20918
20930
20945
20958
20964
20973
20977
20981
20989
20998
21001
21008
21008
21012
21054
21060
21065
21073
21077
21091
21093
21097
21113
21118
21125
21129
21131
21150
21158
21164
21165
21166
21167
21168
21170
21183
21183
21209
21220
21226
21229
21232
21248
21253
21253
21268
21287
21291
21294
21299
21304
21308
21326
21329
21337
21399
21421
21423
21430
21437
21455
21458
21459
21475
21504
21504
21509
21510
21517
21555
21563
21564
21579
21609
21612
21614
21619
21621
21639
21648
21694
21700
21702
21708
21714
21735
21749
21773
21776
21794
21801
21804
21815
21823
21829
21831
21852
21856
21857
21872
21872
21895
21934
21947
21959
21960
21987
21995
22014
22043
22067
22069
22070
22073
22075
22078
22086
22088
22096
22099
22101
22106
22113
22127
22138
22139
22140
22162
22182
22183
22187
22200
22205
22218
22224
22228
22241
22245
22249
22285
22303
22306
22327
22341
22350
22353
22355
22357
22371
22375
22417
22423
22433
22437
22443
22444
22463
22471
22475
22478
22480
22492
22499
22516
22544
22547
22559
22562
22565
22565
22575
22614
22615
22617
22668
22687
22693
22698
22699
22704
22743
22756
22772
22776
22788
22801
22812
22813
22816
22820
22822
22822
22826
22840
22845
22862
22871
22873
22895
22903
22905
22909
22924
22932
22945
22957
22958
22990
23001
23010
23010
23059
23063
23109
23114
23128
23130
23136
23215
23221
23253
23257
23282
23290
23300
23305
23311
23311
23323
23329
23329
23341
23348
23367
23385
23407
23413
23452
23454
23461
23462
23462
23468
23469
23471
23472
23475
23477
23479
23489
23496
23522
23529
23533
23548
23550
23573
23615
23618
23628
23636
23638
23642
23659
23660
23661
23691
23702
23713
23738
23742
23764
23789
23819
23833
23833
23834
23844
23855
23863
23867
23869
23875
23921
23921
23930
23930
23945
23971
23973
23991
23992
24007
24026
24031
24048
24060
24072
24074
24081
24081
24084
24099
24109
24121
24124
24136
24153
24156
24163
24191
24201
24205
24221
24224
24225
24256
24266
24288
24320
24321
24329
24335
24335
24338
24349
24350
24372
24373
24377
24382
24392
24398
24407
24429
24446
24456
24466
24505
24506
24528
24543
24546
24552
24562
24571
24597
24612
24619
24638
24650
24685
24686
24695
24701
24725
24736
24738
24743
24748
24763
24765
24773
24791
24832
24856
24859
24861
24864
24867
24868
24870
24882
24889
24899
24900
24908
24913
24925
24943
24968
24982
24988
25011
25022
25023
25026
25027
25028
25032
25035
25035
25050
25070
25073
25088
25099
25139
25159
25175
25179
25188
25188
25192
25197
25203
25211
25217
25217
25218
25227
25245
25245
25262
25263
25273
25276
25283
25284
25306
25308
25322
25347
25350
25350
25356
25363
25372
25376
25386
25387
25410
25423
25428
25438
25457
25467
25475
25481
25491
25504
25506
25515
25520
25523
25530
25531
25539
25542
25547
25550
25552
25561
25567
25574
25577
25579
25601
25601
25608
25609
25613
25633
25642
25655
25661
25666
25673
25683
25700
25754
25781
25799
25816
25818
25822
25824
25840
25857
25859
25862
25874
25880
25884
25887
25897
25904
25913
25919
25925
25935
25939
25946
25954
25961
25968
25982
26015
26027
26054
26055
26056
26056
26076
26080
26088
26090
26092
26094
26096
26110
26116
26160
26178
26189
26198
26230
26233
26239
26249
26256
26256
26262
26303
26307
26307
26315
26321
26325
26330
26348
26358
26360
26364
26365
26373
26375
26396
26402
26426
26430
26433
26439
26442
26454
26466
26519
26520
26534
26541
26558
26566
26579
26594
26621
26637
26641
26660
26663
26670
26687
26697
26715
26742
26749
26765
26776
26781
26782
26800
26803
26813
26817
26818
26826
26844
26848
26851
26881
26922
26931
26944
26947
26947
26959
26963
26984
26998
27002
27007
27007
27011
27017
27022
27040
27049
27060
27062
27068
27080
27085
27111
27131
27133
27177
27189
27193
27199
27201
27224
27239
27248
27258
27268
27278
27284
27287
27293
27299
27301
27319
27321
27325
27326
27334
27351
27351
27371
27371
27378
27384
27389
27390
27395
27402
27407
27419
27436
27439
27459
27520
27528
27540
27541
27545
27549
27549
27567
27574
27575
27585
27588
27602
27606
27609
27615
27616
27618
27621
27637
27645
27656
27662
27699
27706
27730
27752
27758
27784
27795
27797
27798
27840
27851
27851
27884
27888
27910
27917
27942
27967
27970
27983
27987
27989
27993
28004
28009
28012
28014
28018
28025
28034
28036
28040
28056
28067
28079
28082
28087
28138
28167
28170
28171
28171
28172
28206
28227
28228
28232
28233
28237
28246
28254
28275
28284
28293
28295
28297
28300
28301
28304
28307
28314
28325
28338
28345
28345
28355
28355
28364
28397
28406
28407
28450
28469
28498
28513
28524
28550
28553
28556
28562
28571
28587
28591
28600
28611
28620
28631
28631
28641
28642
28659
28672
28691
28715
28733
28743
28744
28751
28756
28760
28767
28770
28772
28776
28785
28802
28802
28826
28840
28841
28853
28873
28874
28904
28912
28927
28932
28933
28938
28943
28956
28965
28967
28985
28995
29002
29008
29021
29030
29031
29038
29067
29070
29093
29098
29101
29112
29125
29130
29130
29140
29162
29176
29189
29190
29191
29199
29210
29212
29234
29257
29264
29265
29276
29276
29284
29285
29291
29292
29299
29304
29305
29306
29308
29320
29331
29333
29334
29343
29351
29362
29366
29396
29404
29436
29452
29460
29465
29482
29484
29488
29490
29499
29530
29534
29537
29545
29546
29546
29562
29567
29573
29578
29586
29603
29608
29612
29623
29660
29679
29687
29694
29701
29709
29733
29751
29754
29756
29760
29760
29761
29763
29775
29783
29790
29802
29824
29827
29829
29844
29868
29871
29874
29876
29876
29882
29889
29898
29903
29912
29939
29951
29951
29960
29967
29987
30018
30021
30036
30043
30048
30059
30070
30076
30099
30104
30146
30148
30160
30167
30168
30170
30173
30173
30177
30211
30218
30227
30231
30255
30256
30264
30265
30283
30290
30317
30323
30335
30356
30368
30394
30396
30398
30405
30411
30432
30446
30454
30460
30463
30468
30469
30477
30501
30507
30518
30519
30526
30536
30536
30541
30543
30565
30576
30581
30598
30615
30625
30625
30627
30627
30646
30648
30650
30664
30674
30696
30704
30708
30712
30722
30738
30738
30761
30773
30776
30785
30803
30847
30854
30880
30882
30894
30900
30923
30926
30927
30928
30931
30949
30984
31015
31017
31019
31024
31044
31046
31066
31069
31070
31070
31079
31081
31100
31104
31105
31106
31120
31120
31135
31157
31179
31187
31209
31214
31220
31223
31248
31269
31283
31301
31304
31308
31308
31315
31320
31329
31343
31346
31346
31369
31371
31373
31412
31423
31428
31442
31443
31445
31456
31471
31471
31481
31515
31522
31531
31531
31532
31532
31547
31553
31557
31561
31568
31569
31569
31584
31589
31606
31613
31620
31627
31636
31648
31673
31681
31684
31686
31714
31734
31740
31742
31747
31756
31802
31828
31834
31839
31860
31863
31866
31881
31909
31910
31914
31916
31925
31941
31944
31951
31960
31975
31977
31996
32003
32020
32028
32036
32040
32050
32053
32068
32077
32089
32095
32109
32114
32122
32134
32134
32192
32205
32222
32229
32267
32269
32271
32278
32279
32297
32328
32329
32342
32343
32365
32366
32380
32407
32410
32414
32427
32438
32444
32445
32446
32458
32465
32467
32469
32482
32499
32502
32508
32520
32523
32528
32567
32591
32602
32606
32612
32614
32616
32648
32650
32651
32657
32676
32687
32692
32702
32703
32710
32712
32734
32736
32780
32787
32799
32813
32817
32823
32825
32830
32872
32875
32884
32889
32890
32896
32930
32937
32946
32950
32957
32960
32963
32964
32967
32971
32977
32981
33000
33004
33015
33036
33054
33057
33059
33067
33082
33085
33087
33090
33104
33105
33109
33113
33118
33120
33128
33132
33137
33146
33146
33151
33157
33160
33168
33173
33195
33207
33214
33223
33229
33232
33246
33256
33258
33264
33274
33291
33296
33301
33301
33317
33319
33319
33321
33336
33340
33345
33346
33351
33366
33375
33379
33387
33393
33414
33414
33417
33443
33480
33480
33484
33502
33502
33505
33507
33510
33522
33536
33556
33564
33567
33574
33578
33586
33598
33608
33616
33621
33631
33653
33657
33661
33664
33664
33684
33704
33724
33724
33741
33748
33752
33766
33775
33786
33794
33812
33818
33825
33839
33877
33878
33884
33893
33900
33937
33971
33988
33991
34010
34018
34021
34027
34041
34051
34058
34063
34078
34080
34083
34086
34135
34138
34142
34145
34147
34147
34148
34161
34179
34199
34203
34207
34212
34224
34230
34251
34263
34272
34274
34276
34292
34297
34302
34302
34305
34316
34329
34335
34337
34376
34396
34411
34435
34435
34437
34452
34457
34459
34461
34463
34477
34513
34517
34547
34549
34555
34610
34610
34613
34628
34632
34658
34658
34669
34671
34716
34739
34759
34777
34778
34782
34789
34789
34821
34825
34826
34840
34842
34844
34846
34849
34850
34858
34861
34869
34869
34876
34887
34893
34895
34923
34939
34944
34945
34956
34965
34978
34982
34986
34987
35003
35007
35015
35021
35024
35029
35046
35059
35077
35080
35094
35095
35099
35103
35105
35133
35136
35164
35193
35201
35202
35214
35214
35218
35221
35234
35241
35246
35263
35268
35306
35318
35323
35328
35329
35332
35362
35367
35370
35421
35422
35423
35434
35436
35455
35500
35505
35522
35530
35537
35557
35577
35595
35609
35615
35617
35624
35625
35638
35654
35659
35659
35665
35693
35701
35711
35729
35740
35761
35764
35777
35782
35784
35790
35793
35800
35813
35816
35825
35836
35839
35841
35854
35865
35871
35891
35900
35904
35911
35916
35917
35919
35929
35932
35935
35938
35967
35968
35973
35979
35984
35990
35992
35995
35996
36017
36019
36022
36030
36032
36054
36082
36084
36090
36096
36098
36102
36115
36116
36128
36135
36154
36154
36168
36169
36183
36184
36186
36193
36196
36200
36209
36218
36224
36230
36236
36241
36242
36242
36261
36273
36289
36291
36302
36308
36312
36313
36327
36340
36344
36371
36376
36378
36380
36384
36385
36414
36415
36419
36458
36497
36522
36524
36527
36557
36564
36570
36579
36581
36589
36603
36622
36633
36635
36636
36652
36668
36675
36678
36689
36690
36692
36700
36709
36754
36760
36765
36769
36770
36770
36773
36787
36806
36819
36906
36907
36907
36923
36931
36932
36941
36946
36992
36998
37045
37047
37049
37058
37086
37088
37091
37114
37117
37132
37142
37160
37164
37165
37187
37189
37216
37247
37249
37253
37301
37313
37321
37329
37333
37335
37350
37364
37375
37407
37416
37439
37442
37450
37451
37457
37461
37468
37469
37487
37488
37490
37493
37501
37519
37535
37537
37538
37542
37550
37559
37589
37596
37604
37614
37624
37627
37629
37648
37649
37676
37684
37690
37690
37709
37715
37715
37739
37751
37754
37783
37788
37796
37821
37834
37858
37859
37859
37866
37874
37875
37881
37888
37925
37926
37935
37943
37957
37961
37968
37981
37981
37988
37998
37999
38010
38010
38011
38013
38049
38059
38062
38070
38073
38073
38094
38101
38113
38139
38152
38172
38185
38197
38213
38221
38222
38226
38237
38254
38257
38263
38273
38278
38286
38310
38323
38323
38325
38338
38351
38368
38371
38378
38385
38388
38405
38408
38411
38414
38428
38430
38463
38473
38479
38489
38500
38512
38523
38533
38533
38568
38576
38594
38595
38597
38601
38602
38609
38621
38645
38678
38680
38681
38687
38688
38700
38705
38726
38766
38773
38779
38786
38805
38833
38835
38839
38844
38846
38850
38852
38853
38855
38864
38889
38893
38896
38896
38912
38915
38933
38944
38954
38955
38962
38962
38967
38968
38973
38986
38991
38997
38998
39002
39006
39024
39032
39048
39048
39051
39058
39066
39068
39097
39110
39153
39164
39166
39167
39183
39196
39209
39229
39229
39231
39242
39246
39246
39273
39308
39315
39322
39323
39334
39337
39337
39346
39353
39387
39388
39390
39390
39390
39407
39425
39427
39457
39459
39470
39475
39478
39482
39489
39494
39502
39518
39522
39529
39532
39543
39551
39554
39617
39642
39644
39666
39683
39738
39739
39743
39747
39761
39803
39813
39834
39840
39854
39862
39864
39875
39887
39895
39904
39909
39919
39923
39936
39965
39982
39986
39995
40004
40017
40027
40033
40061
40079
40097
40115
40118
40122
40129
40130
40132
40136
40145
40155
40158
40163
40163
40166
40190
40208
40215
40219
40230
40234
40238
40247
40253
40286
40295
40303
40304
40332
40340
40364
40375
40393
40413
40421
40425
40444
40454
40463
40467
40474
40476
40485
40485
40492
40505
40520
40547
40548
40559
40574
40581
40583
40590
40591
40615
40644
40650
40659
40670
40674
40676
40690
40695
40695
40698
40703
40712
40713
40722
40726
40728
40741
40763
40773
40784
40788
40791
40792
40794
40804
40805
40813
40819
40834
40839
40842
40843
40845
40857
40864
40864
40868
40872
40899
40906
40906
40910
40912
40915
40938
40949
40969
40970
40980
40983
40985
40986
41000
41034
41034
41057
41078
41087
41087
41095
41104
41111
41145
41160
41161
41189
41195
41199
41210
41214
41215
41219
41228
41229
41258
41259
41262
41266
41269
41304
41319
41337
41338
41340
41380
41394
41415
41425
41439
41441
41453
41457
41476
41478
41491
41515
41533
41550
41553
41569
41582
41596
41599
41604
41605
41627
41630
41632
41662
41683
41693
41724
41732
41767
41769
41791
41818
41820
41839
41870
41881
41884
41894
41897
41901
41909
41909
41929
41935
41957
41960
41970
41988
41991
41993
42019
42028
42035
42046
42049
42050
42055
42061
42076
42101
42145
42149
42161
42178
42179
42188
42198
42213
42220
42226
42231
42234
42248
42252
42280
42282
42310
42318
42319
42322
42332
42346
42352
42352
42364
42397
42408
42409
42420
42432
42448
42462
42470
42474
42475
42477
42480
42484
42485
42514
42521
42530
42535
42546
42552
42557
42559
42562
42564
42571
42573
42577
42617
42618
42622
42628
42633
42640
42643
42645
42654
42656
42660
42679
42689
42690
42704
42708
42709
42712
42713
42742
42765
42793
42798
42805
42810
42828
42832
42836
42846
42859
42863
42876
42902
42906
42912
42915
42930
42934
42934
42938
42947
42956
42962
42971
42978
43011
43012
43033
43050
43065
43082
43091
43147
43162
43179
43180
43236
43239
43241
43250
43252
43261
43262
43264
43268
43269
43294
43305
43315
43321
43330
43340
43341
43344
43345
43359
43393
43399
43400
43406
43410
43431
43440
43444
43451
43454
43465
43475
43485
43492
43511
43521
43524
43529
43532
43534
43534
43539
43541
43546
43564
43571
43577
43579
43588
43602
43611
43615
43620
43624
43632
43643
43647
43650
43650
43669
43672
43682
43685
43721
43728
43731
43744
43751
43778
43792
43797
43801
43804
43810
43818
43819
43819
43825
43837
43839
43852
43874
43875
43898
43900
43909
43923
43930
43935
43967
43972
43980
43983
44004
44004
44024
44025
44046
44051
44051
44054
44063
44079
44085
44095
44102
44104
44120
44123
44131
44131
44160
44164
44166
44200
44203
44208
44216
44232
44246
44265
44269
44271
44307
44310
44327
44334
44335
44342
44344
44353
44361
44424
44428
44466
44473
44478
44484
44520
44521
44539
44546
44563
44570
44572
44579
44596
44600
44628
44641
44648
44666
44690
44694
44719
44733
44737
44767
44770
44800
44823
44823
44837
44854
44859
44869
44879
44889
44906
44908
44916
44916
44920
44920
44923
44923
44938
44970
44989
44991
45004
45030
45040
45045
45048
45076
45097
45104
45114
45115
45131
45134
45140
45148
45153
45168
45182
45190
45191
45194
45195
45207
45212
45217
45220
45228
45237
45243
45262
45263
45287
45287
45312
45321
45325
45327
45358
45365
45386
45395
45407
45423
45440
45449
45452
45502
45506
45514
45516
45516
45518
45528
45533
45535
45551
45553
45563
45572
45597
45602
45602
45613
45613
45624
45624
45625
45637
45656
45662
45668
45669
45677
45686
45686
45706
45707
45711
45727
45735
45750
45777
45785
45846
45850
45872
45904
45919
45932
45938
45959
45964
45969
45991
46012
46014
46016
46018
46021
46021
46023
46025
46028
46048
46050
46054
46054
46074
46142
46153
46159
46180
46182
46182
46198
46209
46210
46222
46238
46287
46290
46309
46322
46323
46324
46325
46345
46352
46353
46355
46359
46363
46387
46435
46441
46452
46462
46465
46470
46471
46494
46532
46540
46540
46549
46553
46560
46561
46565
46566
46583
46584
46600
46603
46604
46605
46606
46609
46620
46626
46628
46631
46640
46644
46650
46652
46660
46675
46686
46689
46692
46703
46705
46705
46712
46714
46726
46729
46762
46763
46769
46770
46781
46795
46795
46828
46834
46844
46854
46858
46864
46873
46877
46889
46891
46909
46909
46913
46923
46926
46930
46931
46977
46979
46988
46996
47007
47025
47036
47048
47093
47095
47114
47127
47131
47134
47137
47138
47169
47193
47203
47216
47222
47249
47269
47278
47294
47309
47334
47344
47365
47401
47418
47426
47426
47435
47436
47437
47450
47465
47472
47474
47475
47493
47507
47516
47518
47525
47531
47564
47578
47578
47597
47605
47607
47613
47620
47636
47644
47648
47655
47656
47656
47659
47682
47689
47702
47705
47711
47747
47768
47768
47768
47782
47784
47785
47786
47791
47794
47832
47856
47861
47863
47873
47875
47907
47909
47919
47926
47926
47938
47949
47951
47958
47960
47967
47969
47982
48006
48017
48025
48029
48029
48037
48040
48049
48057
48063
48064
48088
48090
48117
48138
48151
48166
48168
48175
48187
48189
48190
48216
48222
48228
48228
48238
48240
48271
48275
48275
48292
48297
48332
48332
48334
48343
48365
48382
48408
48457
48488
48492
48497
48498
48500
48503
48507
48528
48538
48550
48563
48563
48565
48575
48585
48586
48607
48615
48625
48626
48644
48650
48659
48664
48665
48667
48668
48680
48704
48718
48718
48722
48730
48733
48740
48749
48751
48756
48758
48764
48782
48791
48816
48816
48822
48824
48839
48846
48850
48859
48861
48865
48879
48892
48915
48920
48935
48936
48936
48938
48939
48952
48960
48997
49002
49007
49013
49016
49044
49064
49065
49065
49090
49090
49122
49129
49139
49140
49154
49158
49158
49160
49172
49175
49187
49195
49208
49208
49208
49218
49222
49223
49230
49231
49252
49253
49267
49283
49284
49291
49291
49306
49359
49360
49378
49415
49416
49424
49431
49437
49441
49445
49451
49457
49460
49460
49471
49473
49487
49501
49541
49545
49546
49549
49559
49570
49574
49574
49599
49611
49623
49628
49637
49638
49639
49653
49663
49671
49685
49700
49706
49712
49715
49723
49729
49732
49735
49750
49751
49754
49756
49758
49760
49767
49773
49798
49812
49822
49826
49842
49857
49893
49940
49940
49943
49946
49956
49957
49976
49990
50033
50035
50056
50100
50100
50102
50121
50130
50147
50149
50156
50171
50175
50175
50180
50188
50193
50194
50205
50207
50210
50211
50220
50241
50263
50265
50294
50295
50296
50321
50327
50327
50347
50378
50378
50382
50394
50397
50398
50406
50427
50437
50483
50491
50498
50512
50515
50519
50519
50529
50534
50545
50552
50558
50579
50587
50591
50606
50607
50628
50647
50654
50666
50673
50681
50694
50696
50720
50734
50745
50746
50749
50763
50769
50783
50787
50797
50805
50809
50838
50850
50865
50868
50889
50889
50908
50912
50926
50932
50938
50940
50954
50964
50999
51001
51008
51025
51039
51046
51073
51107
51111
51121
51127
51140
51146
51149
51152
51161
51163
51178
51185
51189
51196
51198
51200
51202
51203
51207
51208
51231
51246
51256
51294
51330
51344
51360
51363
51363
51375
51376
51439
51444
51444
51451
51456
51471
51478
51490
51493
51518
51519
51535
51542
51551
51581
51608
51622
51624
51631
51632
51634
51654
51666
51669
51669
51675
51676
51696
51702
51715
51720
51732
51745
51746
51747
51754
51796
51818
51819
51825
51837
51846
51863
51868
51888
51894
51899
51928
51934
51942
51948
51950
51959
51972
51973
51977
51985
51993
51994
52010
52026
52028
52051
52053
52065
52069
52075
52082
52082
52086
52097
52100
52105
52108
52112
52140
52141
52144
52145
52169
52172
52178
52179
52179
52206
52208
52227
52234
52235
52240
52244
52250
52263
52266
52270
52274
52275
52277
52287
52293
52295
52297
52322
52326
52334
52347
52360
52374
52384
52399
52399
52410
52413
52417
52417
52426
52439
52465
52466
52480
52490
52490
52497
52503
52510
52529
52533
52540
52542
52545
52547
52576
52588
52594
52595
52619
52624
52626
52629
52634
52635
52641
52655
52674
52699
52718
52747
52750
52751
52760
52761
52772
52772
52775
52789
52800
52806
52810
52823
52832
52833
52833
52862
52876
52885
52887
52893
52919
52920
52939
52953
52963
52969
52978
52989
52994
53022
53026
53026
53032
53038
53050
53093
53093
53101
53122
53123
53123
53158
53175
53182
53184
53186
53196
53200
53231
53256
53257
53282
53283
53294
53313
53319
53325
53327
53332
53339
53339
53346
53355
53370
53398
53401
53414
53414
53425
53430
53434
53435
53452
53454
53467
53470
53478
53493
53525
53533
53534
53575
53576
53585
53593
53596
53613
53640
53640
53647
53657
53681
53697
53707
53710
53712
53715
53730
53733
53772
53788
53797
53817
53838
53838
53841
53843
53843
53850
53852
53854
53866
53872
53903
53910
53910
53911
53916
53940
53942
53949
53950
53967
53970
54003
54025
54033
54036
54044
54065
54083
54085
54113
54119
54131
54134
54137
54142
54147
54155
54164
54176
54176
54185
54189
54197
54205
54207
54208
54210
54218
54226
54241
54245
54260
54260
54277
54292
54294
54321
54323
54328
54360
54364
54370
54371
54374
54385
54407
54425
54435
54436
54439
54441
54463
54465
54498
54511
54518
54521
54526
54537
54565
54573
54602
54605
54623
54623
54627
54632
54632
54645
54667
54678
54682
54684
54701
54718
54752
54760
54764
54767
54768
54796
54798
54799
54809
54819
54822
54827
54834
54837
54839
54853
54890
54903
54913
54917
54925
54926
54931
54944
54945
54962
54985
54998
55000
55001
55034
55042
55045
55048
55087
55090
55097
55118
55131
55134
55171
55177
55182
55182
55187
55213
55229
55232
55271
55277
55279
55292
55300
55312
55319
55330
55342
55349
55364
55367
55371
55374
55375
55403
55411
55422
55428
55429
55438
55465
55471
55491
55491
55492
55497
55508
55509
55519
55532
55547
55562
55576
55578
55611
55613
55620
55620
55621
55629
55638
55650
55659
55662
55679
55682
55702
55703
55714
55739
55748
55759
55770
55779
55788
55793
55797
55799
55806
55832
55843
55858
55870
55889
55919
55937
55972
55973
55975
55984
55987
55992
55994
56003
56004
56010
56021
56022
56025
56066
56075
56081
56082
56084
56090
56105
56106
56120
56120
56122
56124
56125
56127
56129
56152
56166
56167
56185
56187
56187
56195
56199
56203
56203
56253
56256
56290
56303
56303
56305
56307
56309
56323
56342
56342
56354
56370
56372
56373
56384
56385
56395
56411
56424
56453
56482
56486
56501
56503
56521
56522
56544
56556
56563
56577
56579
56581
56583
56592
56608
56618
56629
56630
56640
56660
56672
56677
56692
56705
56734
56741
56755
56763
56775
56791
56794
56796
56796
56805
56818
56847
56858
56866
56891
56893
56914
56916
56921
56922
56928
56934
56937
56958
56960
56982
56984
57000
57005
57020
57021
57026
57035
57051
57052
57055
57077
57087
57098
57139
57168
57208
57220
57223
57231
57231
57232
57250
57253
57263
57287
57302
57305
57322
57335
57339
57345
57346
57349
57358
57365
57369
57378
57389
57405
57407
57442
57446
57448
57466
57482
57487
57487
57488
57495
57496
57511
57540
57553
57566
57571
57586
57601
57606
57618
57637
57660
57667
57669
57671
57682
57697
57710
57730
57732
57735
57756
57761
57786
57792
57800
57802
57810
57811
57831
57835
57849
57854
57865
57868
57876
57883
57883
57884
57888
57895
57904
57908
57926
57953
57956
57956
57957
57961
57970
57979
57988
58017
58020
58034
58035
58053
58078
58085
58097
58099
58120
58121
58139
58144
58148
58148
58150
58150
58154
58158
58164
58170
58178
58195
58228
58237
58248
58269
58271
58275
58282
58284
58285
58333
58339
58342
58345
58356
58357
58369
58391
58394
58398
58412
58412
58426
58426
58428
58433
58434
58447
58463
58476
58482
58486
58491
58492
58498
58522
58527
58532
58538
58581
58615
58617
58621
58627
58633
58636
58647
58652
58679
58680
58685
58692
58716
58725
58727
58732
58743
58771
58822
58830
58844
58851
58882
58902
58925
58927
58934
58935
58938
58947
58963
58966
58981
58989
58997
59011
59011
59025
59054
59062
59068
59097
59117
59126
59130
59142
59162
59182
59187
59192
59207
59224
59225
59227
59236
59240
59249
59263
59272
59279
59280
59289
59294
59312
59319
59323
59347
59349
59388
59390
59392
59404
59412
59466
59471
59477
59535
59552
59555
59557
59574
59580
59581
59605
59611
59659
59694
59733
59754
59754
59756
59763
59771
59795
59809
59814
59827
59831
59837
59850
59866
59875
59897
59897
59905
59912
59922
59928
59934
59939
59948
59950
59956
59998
60010
60044
60054
60085
60092
60107
60114
60119
60124
60137
60138
60146
60146
60149
60153
60154
60154
60154
60157
60165
60167
60170
60172
60172
60174
60183
60196
60204
60211
60212
60213
60229
60241
60248
60250
60269
60273
60275
60275
60285
60288
60292
60312
60324
60343
60349
60349
60357
60360
60390
60401
60404
60422
60434
60439
60444
60456
60459
60475
60484
60508
60510
60511
60524
60527
60531
60532
60533
60533
60567
60575
60575
60583
60595
60600
60602
60604
60609
60612
60629
60630
60637
60653
60656
60679
60693
60699
60707
60711
60717
60737
60742
60761
60781
60790
60798
60856
60863
60872
60875
60880
60888
60895
60897
60903
60914
60917
60932
60937
60952
60964
60986
60996
61000
61002
61013
61025
61026
61035
61037
61046
61055
61064
61075
61093
61097
61106
61114
61115
61122
61141
61157
61189
61199
61200
61231
61233
61234
61241
61243
61251
61253
61258
61272
61272
61273
61278
61297
61310
61316
61320
61322
61336
61339
61349
61363
61368
61371
61383
61384
61387
61389
61391
61391
61411
61411
61443
61457
61460
61498
61513
61513
61537
61542
61543
61551
61587
61589
61594
61603
61607
61617
61621
61631
61676
61677
61678
61679
61682
61687
61689
61696
61703
61708
61716
61725
61725
61736
61738
61743
61770
61781
61788
61793
61822
61827
61857
61867
61869
61870
61872
61897
61915
61935
61950
61953
61970
61979
61993
62032
62051
62054
62073
62079
62123
62139
62147
62151
62164
62171
62174
62183
62186
62191
62204
62208
62228
62228
62232
62247
62261
62262
62279
62285
62287
62288
62289
62306
62315
62343
62349
62378
62390
62399
62403
62404
62412
62413
62423
62432
62437
62440
62475
62519
62530
62539
62552
62553
62556
62561
62580
62583
62605
62625
62627
62643
62661
62664
62689
62713
62716
62717
62731
62750
62759
62793
62823
62847
62853
62855
62856
62860
62867
62880
62891
62907
62911
62918
62925
62930
62950
62953
62954
62975
62979
62992
63036
63051
63051
63060
63089
63101
63102
63116
63117
63149
63198
63202
63205
63213
63222
63223
63229
63234
63234
63251
63258
63264
63269
63287
63288
63320
63335
63341
63379
63390
63405
63411
63414
63426
63427
63442
63463
63467
63468
63473
63474
63485
63489
63507
63533
63541
63566
63575
63596
63615
63617
63680
63712
63713
63738
63749
63754
63758
63782
63797
63803
63803
63815
63841
63845
63848
63850
63854
63859
63862
63894
63899
63911
63926
63935
63959
63984
63985
63988
63993
64012
64023
64037
64038
64045
64056
64063
64068
64081
64083
64131
64144
64149
64157
64162
64177
64210
64232
64235
64248
64251
64269
64276
64299
64310
64311
64325
64326
64334
64336
64341
64376
64377
64388
64393
64401
64407
64410
64444
64446
64456
64475
64475
64475
64507
64519
64521
64541
64548
64555
64561
64573
64589
64599
64633
64642
64673
64705
64714
64732
64738
64738
64748
64755
64759
64777
64787
64801
64819
64819
64824
64827
64851
64855
64857
64869
64870
64874
64888
64894
64899
64906
64911
64911
64923
64935
64946
64951
64956
64977
64980
64980
64985
65006
65016
65017
65019
65020
65026
65027
65034
65058
65062
65072
65073
65093
65099
65114
65128
65143
65152
65170
65179
65193
65199
65215
65217
65226
65226
65245
65255
65259
65273
65275
65276
65291
65293
65306
65307
65307
65311
65311
65313
65320
65339
65341
65348
65350
65373
65381
65392
65454
65457
65492
65498
65501
65543
65544
65546
65554
65557
65562
65570
65573
65605
65605
65607
65617
65646
65659
65659
65679
65715
65732
65735
65741
65756
65763
65769
65772
65804
65804
65807
65812
65820
65856
65859
65878
65883
65900
65921
65923
65926
65932
65946
65961
65999
66007
66008
66028
66065
66081
66088
66112
66118
66130
66139
66139
66156
66164
66181
66215
66275
66279
66281
66285
66287
66295
66313
66325
66325
66351
66352
66360
66414
66429
66431
66441
66444
66447
66449
66453
66456
66481
66482
66499
66528
66532
66537
66548
66550
66556
66565
66579
66599
66641
66643
66651
66658
66658
66663
66674
66690
66697
66699
66700
66700
66742
66744
66781
66795
66817
66822
66824
66843
66843
66846
66846
66850
66852
66867
66868
66872
66874
66875
66877
66879
66886
66890
66897
66905
66914
66921
66948
66967
66987
66992
67009
67016
67024
67041
67074
67088
67098
67102
67124
67124
67136
67148
67154
67162
67163
67166
67172
67175
67178
67208
67214
67247
67251
67288
67289
67291
67295
67305
67308
67317
67321
67324
67346
67350
67360
67410
67417
67417
67425
67427
67429
67450
67467
67468
67520
67520
67525
67532
67539
67545
67550
67553
67559
67568
67571
67577
67582
67584
67585
67586
67615
67620
67625
67628
67628
67632
67638
67645
67658
67665
67666
67666
67677
67681
67697
67708
67722
67739
67744
67746
67759
67761
67765
67768
67774
67783
67785
67801
67806
67828
67835
67838
67845
67848
67863
67867
67872
67889
67898
67901
67907
67933
67949
67963
67964
67977
68014
68021
68026
68032
68048
68064
68071
68080
68104
68112
68123
68123
68135
68137
68138
68164
68167
68178
68193
68200
68208
68213
68214
68233
68239
68245
68259
68268
68274
68276
68285
68288
68293
68294
68310
68320
68322
68327
68328
68332
68340
68359
68381
68397
68397
68404
68408
68409
68432
68439
68447
68448
68450
68468
68472
68474
68478
68501
68517
68532
68550
68555
68555
68559
68577
68584
68594
68609
68611
68621
68622
68633
68640
68663
68668
68677
68686
68698
68700
68708
68715
68719
68723
68724
68734
68744
68753
68761
68764
68780
68802
68826
68830
68839
68848
68857
68868
68890
68892
68900
68907
68911
68921
68924
68940
68986
69000
69002
69009
69015
69034
69058
69070
69081
69081
69085
69107
69116
69123
69124
69140
69152
69152
69154
69186
69189
69192
69203
69205
69209
69209
69210
69217
69237
69240
69275
69275
69279
69292
69309
69310
69312
69321
69325
69333
69344
69344
69373
69373
69382
69382
69391
69396
69402
69405
69409
69417
69425
69431
69434
69435
69440
69442
69454
69455
69459
69477
69490
69495
69500
69510
69517
69527
69530
69533
69545
69549
69550
69559
69568
69568
69574
69581
69593
69615
69623
69630
69631
69634
69637
69651
69655
69660
69676
69683
69720
69734
69752
69758
69772
69773
69778
69794
69801
69814
69825
69840
69849
69851
69863
69879
69880
69897
69904
69907
69909
69921
69922
69928
69934
69943
69973
69984
69987
70035
70046
70060
70064
70069
70072
70073
70074
70092
70116
70123
70137
70153
70161
70164
70217
70226
70233
70233
70240
70242
70243
70243
70245
70245
70246
70265
70273
70280
70282
70312
70323
70328
70331
70341
70357
70369
70383
70394
70396
70405
70410
70428
70430
70442
70449
70499
70503
70507
70530
70530
70555
70560
70560
70562
70568
70576
70577
70580
70580
70591
70613
70618
70625
70631
70634
70651
70659
70662
70665
70689
70704
70721
70732
70738
70748
70750
70769
70776
70796
70799
70800
70823
70827
70848
70853
70864
70868
70871
70885
70890
70894
70912
70920
70921
70926
70951
71006
71007
71009
71010
71017
71018
71024
71025
71028
71034
71039
71086
71101
71126
71169
71170
71172
71187
71189
71197
71200
71215
71233
71246
71249
71266
71283
71288
71299
71306
71329
71329
71330
71341
71369
71372
71403
71407
71421
71433
71448
71452
71474
71474
71480
71498
71515
71517
71523
71529
71531
71536
71549
71556
71560
71567
71570
71585
71592
71622
71624
71630
71642
71681
71692
71694
71727
71729
71732
71755
71771
71773
71773
71774
71783
71788
71805
71817
71830
71836
71855
71859
71868
71869
71873
71877
71878
71889
71896
71917
71953
71971
71974
71980
71982
71983
71987
71990
71994
72007
72018
72038
72048
72115
72144
72162
72178
72179
72189
72203
72215
72226
72230
72238
72251
72262
72276
72289
72292
72310
72313
72314
72315
72320
72324
72338
72359
72376
72379
72380
72392
72404
72409
72417
72425
72431
72493
72499
72516
72526
72532
72532
72552
72553
72559
72561
72564
72567
72601
72618
72623
72642
72661
72672
72682
72695
72700
72707
72708
72718
72732
72732
72740
72745
72753
72761
72768
72770
72780
72783
72789
72797
72797
72824
72828
72832
72849
72862
72864
72885
72893
72895
72910
72924
72933
72943
72947
72956
72957
72973
72998
73002
73006
73006
73025
73029
73044
73078
73092
73095
73098
73111
73126
73131
73135
73136
73136
73138
73149
73186
73190
73200
73221
73230
73247
73253
73262
73267
73267
73270
73274
73276
73294
73297
73310
73331
73343
73358
73365
73373
73375
73377
73385
73389
73391
73413
73436
73439
73440
73441
73443
73447
73454
73459
73471
73485
73487
73488
73490
73496
73496
73507
73537
73545
73574
73574
73586
73601
73604
73625
73633
73638
73661
73680
73683
73686
73691
73709
73713
73728
73731
73737
73743
73756
73766
73767
73773
73783
73788
73792
73806
73816
73823
73825
73825
73826
73833
73836
73839
73851
73854
73854
73855
73923
73930
73957
73961
73965
73984
73988
74004
74031
74033
74042
74047
74053
74054
74054
74056
74076
74101
74109
74115
74123
74124
74141
74144
74153
74161
74163
74165
74170
74180
74180
74199
74209
74216
74220
74224
74237
74270
74270
74274
74284
74298
74307
74309
74310
74311
74326
74332
74334
74337
74352
74352
74355
74357
74372
74378
74392
74411
74438
74446
74450
74455
74459
74467
74518
74538
74543
74545
74559
74578
74591
74607
74611
74614
74626
74627
74629
74630
74661
74667
74668
74673
74675
74698
74701
74713
74724
74737
74757
74760
74774
74783
74787
74794
74796
74801
74807
74811
74818
74834
74834
74844
74846
74862
74883
74887
74895
74902
74917
74918
74927
74936
74943
74943
74946
74949
74992
74998
75003
75003
75009
75013
75031
75035
75036
75041
75041
75049
75058
75061
75068
75092
75107
75116
75125
75135
75157
75169
75172
75183
75185
75187
75191
75199
75201
75204
75212
75237
75238
75239
75241
75242
75242
75246
75253
75255
75255
75258
75259
75276
75299
75303
75309
75316
75317
75338
75345
75352
75357
75361
75367
75382
75384
75392
75395
75401
75406
75411
75425
75426
75434
75449
75467
75467
75476
75482
75485
75498
75520
75532
75540
75546
75559
75562
75564
75566
75613
75629
75632
75652
75653
75666
75710
75715
75716
75719
75728
75735
75743
75754
75759
75762
75763
75773
75778
75778
75784
75785
75792
75822
75824
75828
75843
75850
75855
75879
75911
75911
75915
75926
75927
75927
75933
75939
75965
75966
75968
75978
75981
75985
75986
75987
75991
76009
76011
76033
76035
76045
76053
76057
76060
76066
76071
76084
76136
76137
76143
76148
76152
76169
76173
76177
76177
76183
76188
76201
76206
76212
76213
76234
76238
76253
76266
76267
76274
76281
76284
76292
76298
76298
76303
76303
76304
76310
76317
76321
76330
76330
76335
76349
76354
76361
76389
76398
76411
76416
76424
76424
76427
76427
76434
76439
76439
76461
76464
76480
76482
76510
76517
76519
76530
76539
76545
76562
76570
76572
76572
76585
76590
76593
76609
76618
76628
76633
76634
76640
76640
76655
76660
76668
76674
76684
76689
76692
76695
76711
76718
76723
76724
76733
76735
76738
76746
76752
76759
76761
76770
76782
76782
76794
76798
76806
76809
76814
76819
76823
76825
76830
76844
76845
76851
76855
76882
76889
76920
76922
76922
76928
76940
76941
76951
76955
76970
76975
76994
77001
77005
77007
77018
77019
77020
77067
77076
77080
77087
77100
77108
77123
77129
77135
77144
77145
77160
77203
77218
77219
77219
77250
77258
77269
77286
77304
77312
77314
77317
77347
77375
77385
77386
77391
77393
77422
77423
77423
77430
77433
77438
77447
77461
77465
77472
77482
77483
77503
77505
77517
77523
77524
77536
77541
77546
77568
77577
77594
77647
77662
77666
77678
77683
77686
77695
77696
77701
77713
77722
77731
77756
77763
77778
77791
77792
77825
77832
77835
77842
77855
77858
77891
77913
77914
77927
77928
77931
77932
77932
77937
77941
77949
77978
78003
78003
78017
78028
78041
78066
78075
78075
78076
78079
78081
78091
78099
78122
78128
78130
78144
78151
78152
78159
78166
78172
78185
78187
78193
78203
78207
78209
78211
78229
78237
78245
78251
78254
78255
78259
78259
78282
78284
78314
78316
78321
78364
78401
78407
78436
78468
78472
78489
78499
78501
78521
78528
78549
78561
78575
78579
78584
78627
78628
78639
78649
78661
78663
78672
78677
78684
78690
78690
78716
78741
78785
78791
78812
78825
78828
78839
78843
78844
78845
78861
78863
78870
78871
78879
78887
78891
78919
78944
78944
78944
78969
78999
79011
79025
79029
79035
79053
79055
79062
79073
79074
79075
79078
79089
79107
79108
79113
79132
79146
79150
79152
79173
79185
79197
79235
79240
79242
79248
79285
79289
79290
79296
79298
79304
79321
79338
79343
79349
79365
79371
79379
79393
79413
79425
79435
79439
79450
79462
79463
79474
79488
79502
79506
79518
79519
79547
79556
79561
79561
79568
79569
79579
79615
79622
79626
79632
79654
79677
79691
79698
79699
79707
79710
79719
79728
79742
79745
79748
79755
79769
79772
79777
79801
79812
79829
79839
79845
79871
79883
79900
79905
79906
79948
79950
79969
79970
80021
80026
80030
80035
80043
80043
80045
80051
80069
80069
80077
80093
80103
80115
80120
80131
80203
80220
80223
80228
80233
80237
80237
80240
80249
80275
80286
80330
80332
80340
80362
80371
80406
80413
80413
80414
80421
80425
80433
80434
80445
80451
80452
80465
80468
80470
80474
80483
80491
80496
80498
80534
80542
80551
80553
80566
80570
80589
80594
80627
80645
80650
80650
80659
80673
80678
80691
80699
80724
80739
80743
80753
80754
80760
80776
80776
80800
80803
80805
80823
80844
80846
80852
80916
80916
80929
80941
80947
80965
80968
80973
80978
80980
80992
81004
81008
81014
81023
81043
81051
81058
81081
81084
81114
81120
81129
81146
81169
81171
81178
81183
81190
81196
81227
81237
81287
81291
81295
81301
81319
81324
81326
81330
81336
81339
81342
81384
81432
81446
81458
81466
81469
81470
81470
81484
81514
81532
81534
81550
81559
81574
81576
81609
81617
81619
81652
81664
81664
81665
81667
81690
81707
81714
81715
81723
81731
81736
81738
81739
81739
81748
81754
81756
81757
81770
81776
81777
81785
81791
81792
81808
81813
81820
81827
81831
81834
81838
81842
81845
81853
81861
81909
81954
81969
81976
81981
81984
81993
82015
82048
82053
82057
82063
82065
82079
82081
82085
82093
82097
82100
82101
82110
82113
82115
82133
82170
82185
82206
82241
82245
82261
82280
82292
82293
82309
82329
82344
82347
82348
82350
82355
82356
82360
82366
82372
82386
82400
82402
82403
82404
82421
82443
82452
82458
82467
82469
82483
82505
82523
82532
82545
82547
82557
82578
82584
82589
82594
82605
82606
82613
82619
82625
82625
82630
82632
82655
82659
82661
82663
82677
82679
82685
82689
82700
82704
82727
82746
82760
82782
82798
82810
82826
82840
82845
82847
82857
82861
82874
82884
82890
82920
82939
82947
82957
82997
83002
83022
83034
83048
83052
83057
83059
83062
83068
83068
83075
83082
83091
83096
83097
83109
83118
83130
83167
83171
83177
83181
83184
83203
83219
83246
83258
83260
83310
83323
83333
83337
83344
83352
83352
83360
83364
83374
83381
83390
83391
83395
83395
83401
83404
83405
83407
83409
83443
83449
83452
83458
83461
83478
83482
83487
83511
83520
83534
83535
83550
83557
83580
83581
83610
83668
83677
83701
83727
83733
83739
83763
83767
83774
83782
83789
83791
83830
83841
83843
83859
83873
83873
83897
83904
83924
83956
83962
83974
83977
83989
84007
84013
84015
84045
84075
84084
84104
84116
84117
84125
84130
84143
84157
84160
84161
84175
84193
84207
84222
84233
84235
84248
84295
84300
84307
84331
84349
84349
84360
84370
84375
84376
84381
84390
84391
84395
84404
84414
84423
84431
84439
84442
84474
84475
84484
84487
84498
84508
84514
84522
84529
84531
84565
84574
84576
84584
84589
84590
84601
84608
84612
84615
84629
84634
84670
84671
84678
84704
84709
84727
84729
84730
84752
84756
84765
84782
84790
84792
84808
84809
84814
84822
84831
84832
84834
84835
84842
84861
84895
84895
84899
84905
84906
84906
84948
84949
84951
84953
84957
84960
84964
84983
84995
85006
85010
85024
85031
85046
85049
85049
85052
85079
85095
85096
85113
85118
85127
85128
85135
85167
85192
85193
85214
85216
85220
85221
85233
85234
85236
85248
85251
85267
85272
85274
85283
85285
85299
85301
85313
85326
85338
85344
85352
85376
85382
85388
85398
85407
85409
85435
85446
85449
85469
85472
85475
85476
85481
85503
85505
85521
85522
85524
85528
85532
85562
85563
85566
85571
85581
85586
85589
85621
85626
85654
85655
85656
85657
85664
85666
85681
85692
85721
85734
85745
85745
85754
85768
85772
85788
85791
85808
85812
85828
85831
85833
85866
85875
85888
85901
85913
85919
85921
85925
85935
85959
85961
85965
85967
85993
85998
86005
86016
86017
86029
86041
86048
86061
86062
86077
86086
86093
86094
86100
86111
86111
86112
86112
86136
86140
86146
86152
86155
86157
86182
86194
86197
86198
86211
86223
86244
86244
86245
86250
86261
86266
86283
86294
86296
86313
86331
86336
86348
86350
86359
86380
86398
86399
86406
86414
86416
86425
86437
86448
86448
86455
86462
86482
86508
86551
86552
86561
86569
86572
86572
86575
86577
86640
86662
86663
86667
86692
86695
86698
86702
86709
86713
86732
86734
86751
86754
86762
86762
86768
86800
86824
86825
86841
86858
86860
86868
86870
86877
86891
86909
86910
86912
86916
86925
86960
86994
87005
87029
87051
87052
87067
87072
87076
87130
87134
87141
87142
87152
87153
87163
87168
87171
87219
87283
87285
87292
87300
87304
87333
87338
87351
87352
87371
87378
87382
87385
87387
87396
87400
87422
87433
87437
87447
87448
87453
87454
87466
87476
87501
87506
87525
87528
87564
87575
87637
87638
87638
87639
87673
87675
87677
87679
87684
87688
87691
87693
87696
87699
87702
87719
87729
87729
87734
87758
87785
87802
87803
87805
87815
87831
87832
87855
87856
87857
87872
87883
87885
87896
87904
87906
87913
87918
87918
87935
87944
87947
87973
87981
88002
88019
88062
88066
88070
88071
88082
88085
88090
88092
88100
88103
88108
88110
88119
88140
88147
88148
88152
88169
88186
88191
88198
88205
88210
88214
88228
88238
88242
88242
88253
88270
88274
88280
88291
88302
88336
88342
88347
88347
88363
88369
88376
88405
88408
88422
88428
88439
88443
88444
88466
88480
88489
88494
88498
88516
88523
88527
88531
88535
88542
88549
88558
88561
88575
88575
88595
88599
88610
88610
88615
88623
88643
88649
88664
88666
88678
88682
88687
88694
88702
88704
88714
88719
88746
88749
88751
88751
88752
88756
88765
88767
88770
88802
88809
88814
88831
88836
88851
88867
88869
88887
88889
88890
88892
88894
88905
88908
88910
88955
88963
88974
88982
89002
89005
89006
89010
89013
89024
89024
89030
89038
89049
89055
89057
89062
89079
89089
89100
89113
89143
89154
89162
89167
89179
89192
89199
89200
89208
89225
89227
89259
89266
89271
89317
89319
89322
89331
89338
89345
89355
89361
89376
89376
89393
89413
89415
89440
89455
89456
89459
89460
89464
89468
89473
89479
89484
89486
89490
89497
89503
89503
89509
89519
89528
89543
89558
89566
89567
89571
89585
89587
89592
89603
89606
89627
89636
89649
89657
89658
89664
89674
89675
89678
89682
89690
89692
89693
89708
89717
89733
89737
89745
89776
89778
89807
89833
89834
89836
89836
89847
89847
89866
89892
89899
89900
89902
89907
89934
89945
89950
89966
89971
89976
89996
90006
90014
90022
90023
90027
90029
90051
90066
90076
90088
90094
90107
90111
90119
90120
90130
90135
90137
90142
90145
90161
90161
90165
90175
90253
90270
90271
90276
90285
90289
90306
90308
90339
90351
90356
90378
90380
90396
90402
90407
90407
90451
90466
90468
90478
90484
90486
90508
90522
90534
90550
90587
90592
90604
90611
90614
90629
90644
90650
90663
90678
90688
90692
90693
90710
90711
90730
90757
90762
90776
90791
90833
90834
90839
90872
90891
90914
90923
90929
90933
90950
90950
90957
91008
91010
91026
91036
91041
91045
91089
91135
91155
91178
91179
91192
91251
91251
91279
91288
91289
91289
91292
91296
91315
91315
91318
91323
91325
91331
91333
91334
91375
91376
91380
91380
91394
91414
91415
91432
91433
91436
91438
91455
91457
91457
91461
91484
91487
91504
91535
91545
91550
91554
91556
91563
91583
91594
91596
91598
91610
91611
91612
91615
91630
91632
91654
91666
91679
91687
91690
91714
91749
91773
91784
91790
91804
91804
91812
91823
91850
91855
91861
91873
91886
91922
91931
91951
91953
91963
91963
91976
91996
92022
92023
92024
92025
92048
92050
92060
92062
92083
92089
92131
92138
92143
92143
92146
92179
92189
92190
92194
92201
92214
92231
92241
92241
92246
92246
92249
92254
92257
92260
92263
92278
92285
92317
92327
92358
92371
92376
92377
92390
92393
92397
92403
92414
92433
92434
92441
92446
92453
92459
92474
92476
92490
92500
92508
92556
92557
92585
92585
92592
92593
92597
92610
92615
92618
92640
92652
92662
92664
92666
92667
92669
92678
92680
92686
92687
92707
92719
92733
92737
92746
92750
92761
92775
92779
92810
92831
92837
92852
92853
92904
92911
92919
92925
92928
92930
92986
92992
93005
93012
93019
93034
93040
93043
93047
93069
93094
93100
93104
93113
93127
93152
93165
93165
93174
93182
93190
93200
93213
93219
93228
93233
93243
93259
93261
93265
93268
93274
93294
93304
93319
93364
93369
93380
93380
93394
93394
93404
93406
93407
93409
93412
93435
93443
93445
93463
93468
93500
93516
93532
93544
93547
93569
93571
93573
93586
93599
93617
93621
93626
93632
93633
93641
93647
93676
93683
93694
93704
93705
93723
93724
93729
93740
93762
93763
93771
93783
93785
93788
93810
93811
93818
93818
93824
93838
93843
93849
93849
93855
93858
93861
93886
93892
93904
93907
93922
93944
93945
93947
93954
93958
93968
93983
94005
94011
94013
94016
94020
94043
94095
94100
94106
94112
94150
94155
94158
94164
94165
94165
94200
94204
94207
94223
94236
94249
94265
94270
94280
94289
94292
94296
94303
94305
94316
94319
94325
94331
94332
94355
94357
94367
94373
94375
94402
94408
94411
94415
94431
94438
94438
94447
94451
94455
94465
94478
94490
94498
94511
94512
94514
94517
94538
94550
94558
94576
94577
94591
94596
94599
94602
94619
94623
94623
94648
94655
94692
94711
94715
94723
94728
94743
94775
94778
94779
94785
94795
94797
94800
94806
94821
94827
94829
94832
94834
94847
94848
94849
94854
94876
94889
94896
94900
94907
94911
94913
94950
94968
94989
95009
95018
95021
95034
95040
95042
95064
95075
95077
95079
95084
95090
95094
95107
95110
95119
95133
95135
95155
95164
95171
95176
95189
95190
95198
95199
95205
95230
95245
95248
95258
95261
95283
95284
95292
95304
95306
95316
95340
95347
95357
95371
95376
95386
95397
95399
95431
95440
95453
95473
95484
95500
95521
95534
95540
95554
95555
95567
95570
95584
95589
95592
95594
95623
95626
95647
95648
95653
95659
95661
95668
95679
95682
95683
95685
95685
95708
95708
95712
95720
95735
95737
95751
95751
95757
95762
95785
95802
95862
95871
95908
95909
95911
95911
95917
95927
95932
95933
95941
95948
95951
95954
95965
95970
95986
95986
95993
95996
95999
96057
96091
96098
96107
96110
96119
96122
96132
96142
96143
96163
96188
96207
96231
96243
96247
96265
96267
96279
96300
96309
96340
96349
96350
96351
96360
96370
96383
96394
96403
96430
96430
96431
96434
96438
96451
96457
96470
96471
96487
96494
96530
96534
96544
96564
96578
96583
96622
96642
96655
96655
96655
96669
96690
96697
96715
96724
96746
96752
96754
96762
96785
96785
96793
96806
96809
96812
96817
96830
96847
96869
96886
96894
96923
96935
96937
96938
96953
96956
96962
96980
96983
97025
97044
97050
97051
97080
97103
97106
97118
97121
97140
97141
97143
97151
97152
97165
97180
97186
97208
97244
97246
97246
97247
97250
97253
97253
97294
97298
97326
97328
97331
97332
97339
97340
97348
97360
97360
97412
97412
97430
97449
97472
97509
97516
97520
97540
97559
97566
97569
97587
97601
97608
97621
97629
97645
97648
97651
97661
97685
97685
97685
97697
97704
97709
97720
97722
97731
97733
97740
97750
97753
97761
97764
97768
97776
97777
97784
97786
97792
97794
97801
97806
97808
97817
97818
97819
97821
97831
97835
97889
97893
97894
97895
97897
97907
97910
97920
97921
97924
97927
97933
97944
97949
97953
97956
97971
97985
97987
97989
98013
98017
98018
98026
98040
98060
98065
98069
98070
98081
98118
98125
98140
98183
98187
98193
98197
98204
98217
98221
98227
98230
98239
98245
98249
98254
98277
98281
98298
98302
98302
98312
98330
98333
98337
98389
98395
98400
98417
98418
98428
98431
98447
98454
98470
98480
98487
98502
98514
98517
98520
98528
98550
98569
98594
98594
98614
98617
98620
98627
98635
98636
98637
98639
98643
98643
98651
98658
98666
98681
98695
98695
98700
98709
98711
98738
98739
98741
98761
98768
98772
98778
98782
98790
98791
98807
98831
98831
98832
98839
98866
98867
98887
98890
98916
98923
98927
98931
98950
98963
99007
99012
99013
99014
99017
99023
99028
99062
99121
99129
99131
99144
99151
99157
99192
99195
99224
99227
99229
99245
99273
99283
99285
99297
99303
99311
99343
99355
99359
99367
99370
99377
99432
99434
99434
99446
99480
99493
99509
99514
99516
99538
99545
99559
99574
99577
99578
99586
99587
99604
99606
99617
99617
99620
99629
99637
99638
99647
99663
99674
99683
99705
99708
99711
99724
99725
99732
99748
99761
99774
99777
99778
99792
99793
99798
99805
99812
99828
99838
99839
99848
99850
99854
99854
99867
99876
99881
99894
99908
99938
99951
99953
99955
99956
99959
99989
99999
