16
35
42
69
87
105
109
140
153
171
182
185
189
191
195
207
217
219
258
261
266
274
276
277
277
287
290
290
291
296
300
302
331
346
347
350
350
355
368
377
400
403
416
427
453
479
480
489
491
502
506
514
539
544
579
584
588
606
614
636
644
689
696
697
715
722
726
753
759
801
802
802
819
828
852
855
856
879
880
884
889
891
909
919
959
963
1002
1014
1016
1018
1026
1032
1056
1078
1097
1103
1104
1115
1117
1117
1123
1127
1129
1131
1136
1140
1142
1150
1152
1166
1168
1179
1181
1221
1239
1246
1257
1267
1281
1292
1307
1320
1324
1328
1334
1336
1342
1347
1361
1377
1390
1392
1405
1427
1464
1464
1473
1480
1485
1527
1529
1551
1577
1615
1617
1652
1653
1672
1675
1678
1686
1694
1711
1712
1719
1727
1737
1752
1759
1794
1804
1819
1844
1862
1867
1892
1894
1903
1905
1910
1918
1918
1927
1931
1932
1932
1972
1986
1988
1996
2003
2007
2044
2055
2065
2107
2110
2115
2117
2119
2122
2127
2129
2134
2150
2176
2186
2200
2200
2201
2209
2212
2225
2227
2227
2235
2237
2254
2268
2278
2336
2362
2366
2414
2417
2425
2426
2455
2456
2468
2475
2509
2518
2519
2534
2536
2538
2547
2552
2573
2599
2614
2615
2620
2641
2644
2652
2666
2721
2722
2728
2740
2747
2753
2756
2759
2767
2775
2785
2799
2800
2805
2809
2810
2818
2828
2830
2832
2837
2844
2850
2878
2927
2936
2937
2938
2948
2955
2957
2965
3016
3018
3021
3033
3034
3062
3063
3072
3074
3087
3096
3118
3120
3138
3138
3139
3159
3170
3183
3184
3190
3193
3195
3211
3221
3233
3234
3238
3242
3249
3263
3284
3294
3300
3306
3310
3388
3391
3405
3418
3425
3430
3433
3434
3441
3447
3453
3470
3473
3477
3483
3500
3502
3523
3541
3550
3563
3567
3568
3569
3569
3587
3605
3621
3636
3667
3668
3675
3691
3691
3697
3710
3710
3716
3718
3728
3731
3740
3754
3755
3757
3808
3808
3810
3812
3820
3830
3842
3845
3847
3847
3865
3867
3877
3896
3908
3923
3934
3941
3954
3955
3956
3968
3968
3975
3984
3986
3994
4003
4011
4014
4015
4021
4032
4039
4042
4048
4052
4055
4064
4079
4093
4093
4105
4110
4115
4116
4138
4152
4159
4161
4185
4187
4193
4196
4213
4232
4236
4245
4251
4255
4270
4281
4283
4300
4304
4316
4325
4326
4337
4343
4393
4409
4419
4426
4428
4433
4434
4460
4462
4474
4476
4489
4492
4503
4514
4517
4529
4532
4542
4572
4579
4582
4598
4601
4606
4607
4622
4623
4642
4652
4658
4658
4670
4673
4679
4681
4690
4694
4697
4698
4724
4751
4752
4755
4774
4783
4784
4791
4814
4863
4891
4895
4899
4900
4916
4918
4929
4952
4953
4965
4969
4994
4998
5007
5013
5015
5023
5025
5029
5030
5031
5039
5041
5080
5114
5122
5130
5132
5144
5154
5159
5161
5168
5179
5188
5199
5200
5206
5211
5214
5218
5228
5243
5253
5257
5263
5267
5272
5280
5287
5305
5307
5311
5342
5345
5354
5354
5375
5383
5392
5407
5408
5435
5437
5469
5474
5482
5496
5506
5507
5523
5543
5557
5572
5580
5602
5610
5631
5645
5662
5667
5671
5672
5732
5739
5745
5750
5764
5765
5773
5774
5775
5781
5787
5788
5794
5826
5832
5849
5850
5892
5918
5932
5933
5953
5958
5963
5970
5999
6004
6008
6013
6017
6037
6040
6090
6095
6097
6109
6122
6129
6148
6170
6170
6180
6187
6195
6202
6210
6212
6230
6243
6247
6267
6285
6293
6293
6302
6317
6317
6324
6350
6353
6353
6355
6364
6389
6406
6406
6409
6412
6422
6429
6436
6441
6454
6461
6488
6508
6541
6579
6587
6590
6590
6592
6595
6596
6598
6618
6627
6637
6643
6661
6662
6663
6680
6697
6699
6705
6707
6710
6711
6713
6730
6731
6738
6746
6756
6778
6787
6789
6800
6803
6807
6812
6816
6818
6839
6849
6855
6856
6859
6888
6889
6897
6910
6930
6950
6954
6982
6982
6991
7003
7007
7026
7026
7030
7030
7061
7061
7064
7071
7088
7113
7137
7146
7147
7168
7175
7180
7225
7255
7259
7262
7279
7341
7364
7369
7388
7398
7402
7408
7411
7415
7418
7418
7429
7447
7454
7463
7467
7470
7470
7521
7525
7527
7546
7551
7616
7620
7636
7642
7667
7671
7678
7687
7689
7692
7696
7711
7751
7753
7760
7780
7809
7823
7823
7824
7827
7831
7831
7837
7844
7845
7848
7876
7879
7887
7908
7917
7942
7943
7960
7971
7977
7978
7982
7992
8002
8015
8019
8037
8040
8064
8068
8096
8096
8116
8119
8132
8143
8153
8171
8182
8184
8194
8198
8210
8217
8227
8227
8229
8234
8246
8269
8324
8347
8350
8352
8357
8368
8377
8377
8384
8389
8389
8400
8404
8412
8426
8489
8490
8493
8501
8501
8502
8505
8509
8510
8526
8539
8551
8554
8565
8586
8591
8615
8620
8639
8643
8661
8672
8676
8686
8715
8736
8742
8746
8777
8787
8795
8796
8806
8815
8847
8851
8865
8867
8868
8875
8877
8879
8897
8920
8921
8921
8945
8958
8979
8982
8983
9031
9036
9040
9045
9049
9055
9060
9062
9085
9114
9117
9118
9131
9136
9142
9143
9148
9157
9158
9178
9200
9202
9214
9237
9250
9255
9255
9270
9278
9282
9292
9326
9343
9362
9365
9385
9403
9427
9447
9453
9461
9468
9482
9495
9497
9501
9514
9526
9529
9544
9558
9569
9573
9592
9600
9607
9613
9623
9634
9635
9667
9669
9672
9706
9706
9719
9729
9750
9751
9787
9794
9796
9809
9815
9823
9835
9837
9851
9854
9864
9866
9866
9878
9896
9901
9909
9928
9931
9942
9945
9953
9955
9956
9978
9993
9998
9999
10002
10005
10009
10010
10036
10043
10094
10102
10105
10117
10122
10124
10124
10134
10158
10195
10206
10210
10215
10216
10234
10247
10247
10262
10269
10295
10316
10317
10335
10342
10343
10347
10354
10360
10373
10374
10376
10378
10382
10393
10399
10412
10422
10441
10450
10455
10469
10473
10478
10483
10485
10493
10523
10540
10552
10560
10564
10570
10574
10577
10587
10606
10616
10632
10643
10644
10662
10662
10677
10683
10692
10723
10733
10734
10740
10744
10747
10754
10760
10787
10790
10803
10810
10824
10841
10846
10848
10872
10875
10886
10890
10891
10892
10905
10910
10916
10933
10934
10940
10944
10945
10955
10957
10962
10964
10969
10972
10990
11002
11005
11007
11008
11012
11026
11031
11046
11049
11092
11120
11133
11147
11155
11164
11167
11173
11181
11189
11217
11233
11233
11238
11239
11239
11244
11265
11280
11282
11288
11288
11294
11294
11313
11321
11336
11348
11360
11371
11408
11421
11428
11437
11440
11448
11448
11450
11473
11474
11479
11489
11492
11502
11502
11528
11531
11534
11535
11538
11543
11555
11565
11572
11577
11582
11591
11592
11592
11605
11620
11624
11627
11629
11641
11641
11642
11665
11666
11669
11686
11692
11696
11713
11722
11740
11741
11750
11752
11753
11759
11765
11771
11775
11796
11800
11813
11817
11822
11846
11849
11860
11868
11875
11883
11914
11915
11946
11960
11983
11991
11991
11998
12005
12012
12032
12042
12049
12050
12066
12068
12069
12073
12083
12097
12134
12138
12140
12152
12160
12178
12185
12186
12202
12204
12223
12227
12248
12257
12258
12259
12278
12306
12308
12323
12329
12340
12347
12359
12359
12360
12365
12377
12387
12392
12400
12401
12427
12441
12443
12445
12449
12460
12469
12481
12495
12498
12518
12530
12542
12543
12544
12550
12551
12555
12556
12637
12658
12679
12693
12697
12713
12716
12716
12725
12749
12749
12756
12778
12790
12818
12822
12822
12823
12828
12829
12832
12832
12837
12839
12851
12851
12855
12860
12866
12870
12871
12898
12899
12903
12908
12908
12918
12925
12935
13008
13010
13011
13036
13041
13050
13051
13067
13075
13076
13082
13111
13115
13116
13118
13119
13123
13129
13136
13142
13147
13153
13157
13221
13238
13250
13254
13267
13267
13280
13309
13321
13324
13333
13355
13360
13361
13384
13385
13398
13408
13413
13426
13427
13449
13450
13466
13471
13474
13491
13500
13515
13519
13519
13546
13550
13552
13554
13555
13573
13581
13607
13609
13629
13634
13652
13678
13681
13688
13689
13700
13727
13763
13775
13779
13781
13783
13793
13795
13801
13803
13805
13811
13829
13837
13838
13847
13847
13857
13861
13879
13886
13902
13903
13906
13933
13937
13938
13939
13946
13951
13959
13971
13989
14020
14024
14035
14067
14071
14076
14079
14079
14083
14102
14103
14105
14117
14129
14142
14147
14176
14200
14219
14245
14249
14257
14274
14276
14282
14288
14317
14324
14325
14359
14373
14377
14384
14385
14394
14402
14409
14409
14410
14423
14427
14430
14444
14462
14500
14507
14510
14525
14528
14538
14544
14549
14553
14583
14600
14608
14625
14653
14658
14662
14663
14681
14686
14695
14723
14730
14730
14768
14774
14781
14800
14810
14827
14833
14839
14856
14867
14871
14913
14917
14921
14932
14936
14949
14951
14967
14972
14973
14979
14983
14988
15012
15015
15028
15030
15036
15038
15039
15040
15048
15080
15117
15130
15135
15136
15140
15140
15162
15165
15169
15176
15211
15213
15216
15233
15248
15267
15273
15284
15284
15294
15299
15308
15314
15316
15320
15329
15334
15334
15346
15381
15398
15411
15423
15423
15436
15440
15453
15453
15456
15464
15467
15484
15496
15505
15511
15517
15519
15529
15536
15538
15546
15558
15558
15564
15588
15599
15610
15626
15632
15648
15660
15672
15687
15690
15695
15698
15713
15714
15715
15719
15720
15720
15729
15735
15746
15748
15762
15775
15786
15800
15803
15822
15822
15826
15832
15839
15849
15852
15854
15865
15881
15882
15894
15898
15927
15940
15941
15951
15960
15971
15981
16004
16015
16027
16039
16052
16062
16069
16072
16084
16097
16097
16119
16122
16142
16165
16176
16176
16178
16180
16183
16183
16186
16186
16195
16195
16201
16219
16222
16224
16234
16239
16246
16261
16274
16295
16298
16306
16316
16318
16325
16334
16363
16372
16373
16374
16378
16380
16384
16396
16410
16416
16424
16426
16430
16453
16471
16493
16502
16511
16512
16542
16543
16581
16586
16588
16594
16596
16600
16603
16620
16637
16638
16666
16666
16667
16675
16680
16698
16703
16704
16704
16742
16747
16750
16762
16763
16769
16774
16788
16791
16800
16810
16821
16822
16840
16876
16878
16879
16883
16888
16906
16907
16919
16920
16934
16937
16938
16940
16942
16950
16951
16995
17001
17023
17029
17035
17064
17064
17079
17085
17089
17089
17106
17109
17118
17132
17140
17141
17144
17174
17191
17195
17196
17202
17217
17228
17229
17231
17233
17247
17259
17268
17291
17313
17313
17314
17333
17357
17391
17391
17406
17417
17430
17436
17445
17459
17466
17468
17500
17503
17512
17515
17518
17534
17579
17586
17588
17593
17595
17611
17623
17629
17639
17642
17653
17662
17664
17674
17690
17697
17702
17708
17711
17715
17727
17730
17736
17736
17755
17756
17773
17780
17799
17808
17819
17829
17831
17856
17877
17888
17888
17889
17892
17906
17911
17920
17934
17939
17942
17964
17966
17967
17972
17980
17994
18015
18018
18031
18037
18038
18041
18048
18050
18053
18055
18055
18055
18097
18100
18112
18114
18116
18132
18147
18148
18169
18192
18210
18214
18229
18236
18245
18253
18256
18265
18265
18285
18311
18316
18328
18336
18363
18371
18381
18382
18390
18395
18409
18429
18452
18454
18464
18475
18503
18506
18509
18529
18530
18537
18572
18574
18581
18582
18625
18657
18661
18675
18695
18705
18729
18739
18745
18754
18759
18765
18767
18783
18817
18825
18828
18829
18837
18847
18849
18856
18865
18869
18873
18890
18891
18917
18923
18928
18938
18955
18962
18997
19000
19025
19029
19053
19059
19067
19077
19083
19086
19091
19092
19096
19150
19155
19167
19181
19196
19197
19208
19211
19219
19222
19223
19238
19242
19256
19262
19269
19299
19303
19312
19358
19398
19401
19413
19427
19430
19446
19450
19453
19459
19459
19468
19479
19480
19482
19493
19504
19510
19510
19512
19529
19541
19542
19545
19549
19556
19559
19565
19565
19570
19588
19594
19596
19605
19617
19622
19642
19644
19644
19646
19649
19661
19684
19709
19723
19733
19734
19749
19755
19759
19770
19773
19776
19784
19821
19826
19836
19853
19855
19858
19872
19882
19884
19887
19908
19926
19928
19930
19949
19960
19996
19999
20023
20027
20044
20053
20078
20083
20101
20109
20127
20135
20137
20154
20164
20165
20170
20176
20185
20193
20225
20234
20239
20245
20271
20273
20274
20282
20283
20312
20321
20333
20346
20359
20362
20373
20374
20384
20393
20405
20421
20443
20462
20470
20482
20493
20496
20509
20519
20560
20565
20567
20567
20573
20576
20580
20583
20621
20624
20634
20635
20661
20663
20668
20675
20682
20686
20686
20690
20700
20715
20722
20750
20755
20760
20768
20772
20790
20791
20801
20809
20834
20841
20841
20871
20880
20889
20889
20892
20901
20902
20907
20909
20916
20938
20939
20957
20959
20974
20984
20986
20988
20989
21006
21007
21015
21016
21017
21020
21020
21023
21024
21050
21052
21055
21061
21071
21113
21187
21200
21223
21229
21248
21253
21258
21262
21290
21296
21325
21327
21327
21372
21378
21384
21385
21389
21389
21401
21401
21404
21414
21415
21415
21415
21430
21445
21453
21454
21457
21459
21465
21478
21489
21521
21532
21543
21553
21561
21569
21581
21588
21592
21593
21594
21606
21637
21637
21637
21647
21652
21655
21670
21673
21673
21676
21681
21683
21694
21718
21721
21725
21751
21753
21763
21768
21820
21826
21834
21843
21847
21858
21859
21877
21895
21909
21911
21916
21921
21934
21943
21949
21951
21952
21961
21968
21984
21989
21993
22023
22027
22030
22032
22067
22095
22106
22118
22126
22130
22135
22145
22145
22157
22161
22166
22170
22179
22185
22188
22190
22199
22211
22213
22226
22228
22235
22242
22254
22264
22280
22287
22292
22326
22327
22332
22344
22347
22357
22370
22373
22383
22391
22395
22401
22405
22414
22433
22443
22454
22466
22477
22487
22505
22516
22552
22554
22561
22562
22590
22590
22591
22591
22604
22607
22624
22625
22626
22643
22644
22659
22667
22677
22695
22704
22719
22719
22728
22741
22747
22769
22769
22770
22781
22794
22807
22814
22816
22823
22830
22848
22849
22851
22865
22894
22903
22903
22924
22958
22958
22959
22972
22976
22987
23006
23015
23020
23027
23051
23058
23064
23076
23082
23095
23102
23118
23123
23129
23169
23188
23188
23196
23206
23214
23219
23219
23219
23231
23241
23246
23263
23276
23282
23292
23295
23299
23318
23328
23339
23339
23344
23357
23366
23369
23375
23381
23389
23396
23402
23404
23428
23432
23468
23474
23476
23484
23497
23529
23548
23552
23561
23575
23583
23590
23594
23602
23603
23619
23634
23638
23645
23663
23694
23698
23707
23710
23721
23722
23734
23746
23751
23760
23761
23762
23766
23766
23774
23779
23818
23824
23826
23830
23830
23840
23851
23870
23891
23898
23932
23970
23997
24031
24032
24059
24059
24069
24073
24098
24102
24105
24106
24120
24127
24128
24137
24138
24167
24168
24193
24196
24203
24210
24220
24233
24234
24256
24270
24283
24291
24297
24297
24323
24323
24328
24330
24342
24343
24345
24357
24391
24411
24456
24457
24463
24464
24465
24467
24469
24483
24495
24528
24530
24534
24541
24557
24567
24598
24605
24613
24619
24624
24628
24636
24680
24706
24722
24733
24733
24743
24744
24755
24756
24756
24758
24766
24770
24772
24788
24796
24797
24801
24810
24813
24826
24845
24855
24869
24876
24884
24893
24901
24913
24914
24921
24927
24931
24939
24942
24958
24965
24990
25010
25055
25064
25079
25079
25080
25095
25098
25108
25134
25147
25169
25177
25177
25185
25186
25187
25192
25200
25203
25203
25217
25217
25237
25271
25273
25289
25290
25290
25323
25354
25359
25378
25388
25396
25407
25419
25448
25468
25480
25494
25497
25512
25515
25516
25524
25570
25570
25577
25596
25598
25608
25609
25612
25616
25620
25634
25635
25661
25672
25686
25699
25700
25715
25718
25734
25742
25743
25748
25748
25756
25758
25766
25766
25792
25805
25813
25817
25828
25835
25836
25859
25869
25875
25883
25885
25894
25899
25918
25922
25922
25942
25957
26000
26008
26017
26027
26037
26060
26064
26070
26074
26110
26113
26115
26118
26158
26159
26164
26165
26179
26194
26196
26203
26203
26209
26213
26222
26230
26230
26237
26261
26275
26279
26289
26290
26323
26340
26367
26385
26386
26387
26408
26421
26423
26424
26426
26439
26456
26461
26468
26472
26491
26493
26500
26509
26510
26511
26512
26514
26517
26526
26541
26549
26571
26572
26592
26599
26605
26606
26608
26609
26613
26617
26629
26647
26651
26683
26699
26716
26719
26729
26737
26774
26779
26780
26789
26792
26797
26804
26814
26819
26846
26867
26870
26880
26889
26892
26903
26912
26920
26970
26972
26978
27025
27027
27032
27032
27038
27047
27066
27078
27078
27083
27084
27116
27119
27122
27129
27137
27145
27163
27178
27191
27202
27215
27218
27223
27234
27237
27240
27273
27304
27344
27349
27369
27380
27409
27413
27426
27429
27436
27437
27444
27460
27468
27489
27512
27514
27518
27526
27534
27539
27553
27579
27582
27582
27593
27594
27597
27602
27605
27617
27623
27630
27652
27659
27666
27666
27672
27677
27677
27685
27686
27710
27720
27725
27725
27732
27740
27749
27764
27772
27787
27792
27803
27808
27816
27836
27837
27844
27863
27870
27873
27886
27922
27924
27931
27931
27954
27955
27971
27977
27985
27988
27991
27995
27996
28010
28019
28029
28032
28035
28040
28041
28055
28084
28088
28090
28103
28106
28107
28108
28127
28127
28132
28146
28149
28150
28160
28162
28182
28186
28194
28195
28197
28218
28225
28229
28238
28263
28276
28278
28305
28325
28325
28335
28344
28349
28363
28377
28387
28390
28397
28409
28419
28423
28442
28479
28479
28482
28497
28500
28509
28510
28515
28520
28522
28535
28547
28555
28560
28577
28605
28605
28626
28632
28638
28643
28646
28668
28669
28673
28674
28688
28700
28706
28710
28714
28733
28736
28743
28746
28755
28761
28784
28790
28792
28795
28806
28830
28843
28843
28844
28855
28872
28909
28927
28935
28937
28938
28942
28950
28958
28982
28987
29016
29019
29021
29022
29036
29056
29065
29075
29082
29086
29119
29141
29174
29179
29183
29186
29197
29214
29221
29225
29230
29251
29256
29262
29278
29281
29281
29286
29289
29292
29304
29338
29361
29377
29385
29400
29400
29419
29426
29441
29441
29484
29488
29491
29518
29521
29528
29532
29537
29545
29561
29572
29577
29593
29611
29633
29634
29665
29672
29685
29686
29688
29716
29739
29759
29763
29781
29789
29790
29805
29806
29815
29832
29837
29852
29855
29864
29876
29888
29888
29936
29947
29949
29957
29957
29963
29984
30024
30027
30027
30080
30094
30120
30146
30154
30165
30172
30180
30182
30191
30201
30202
30204
30206
30246
30259
30272
30278
30284
30285
30289
30290
30312
30333
30347
30374
30381
30426
30460
30465
30468
30485
30488
30489
30490
30522
30528
30540
30558
30560
30572
30572
30578
30588
30591
30602
30608
30611
30625
30645
30647
30667
30684
30685
30687
30688
30695
30707
30729
30746
30762
30762
30768
30777
30786
30814
30822
30854
30857
30880
30894
30895
30906
30907
30908
30926
30930
30959
30984
30999
31000
31027
31027
31028
31029
31039
31042
31048
31057
31061
31067
31078
31086
31092
31117
31127
31138
31180
31196
31215
31222
31236
31241
31251
31312
31321
31321
31326
31342
31349
31351
31356
31386
31406
31408
31413
31438
31444
31455
31457
31460
31471
31472
31499
31509
31518
31527
31529
31537
31539
31564
31585
31598
31618
31636
31644
31661
31666
31673
31690
31697
31704
31715
31721
31730
31735
31737
31749
31750
31750
31751
31752
31764
31771
31832
31838
31846
31853
31853
31874
31880
31886
31891
31901
31917
31929
31933
31934
31942
31958
31982
32017
32017
32020
32021
32041
32046
32057
32070
32071
32074
32082
32105
32123
32129
32146
32154
32156
32175
32176
32179
32196
32211
32215
32245
32261
32263
32271
32276
32279
32313
32315
32317
32324
32334
32340
32353
32389
32394
32399
32405
32408
32421
32427
32433
32455
32457
32470
32471
32498
32517
32546
32556
32558
32559
32562
32567
32577
32592
32595
32601
32633
32646
32663
32674
32679
32680
32683
32690
32693
32716
32728
32750
32757
32778
32794
32797
32798
32798
32819
32824
32833
32862
32863
32891
32894
32902
32907
32947
32951
32952
32980
32981
32984
32989
32990
33002
33005
33014
33032
33033
33037
33044
33061
33063
33078
33092
33098
33111
33116
33122
33131
33141
33148
33151
33155
33166
33174
33187
33190
33202
33203
33218
33226
33227
33228
33249
33297
33298
33298
33318
33319
33320
33325
33336
33340
33359
33368
33368
33385
33395
33399
33413
33435
33436
33449
33456
33457
33459
33461
33473
33478
33496
33502
33512
33518
33521
33568
33587
33593
33593
33594
33595
33611
33632
33635
33637
33645
33649
33654
33659
33677
33679
33679
33682
33685
33696
33712
33723
33730
33731
33770
33800
33813
33821
33848
33873
33880
33896
33918
33920
33920
33923
33934
33971
33979
33989
34035
34054
34065
34068
34085
34096
34112
34113
34115
34116
34119
34130
34130
34133
34137
34140
34144
34160
34161
34164
34173
34206
34211
34215
34273
34274
34276
34278
34284
34313
34324
34329
34329
34337
34348
34360
34366
34371
34378
34379
34386
34420
34422
34426
34452
34454
34462
34487
34489
34500
34519
34525
34526
34535
34541
34544
34546
34549
34550
34555
34556
34558
34559
34561
34561
34565
34567
34571
34598
34604
34626
34626
34632
34640
34651
34665
34675
34679
34681
34686
34702
34703
34704
34723
34749
34753
34760
34763
34765
34786
34801
34812
34818
34830
34834
34845
34847
34855
34857
34861
34870
34882
34906
34907
34911
34934
34939
34949
34966
34975
34976
34991
35000
35012
35019
35022
35031
35035
35040
35060
35062
35075
35093
35093
35105
35130
35142
35170
35182
35193
35210
35212
35239
35246
35271
35279
35292
35301
35305
35315
35319
35330
35331
35331
35392
35396
35399
35414
35429
35442
35442
35445
35464
35484
35487
35490
35492
35505
35509
35513
35527
35528
35538
35545
35554
35569
35593
35602
35607
35624
35652
35659
35664
35677
35679
35707
35709
35710
35740
35746
35754
35767
35768
35770
35786
35799
35806
35806
35808
35809
35823
35827
35831
35835
35848
35855
35865
35867
35876
35877
35882
35884
35887
35901
35902
35913
35954
35955
35958
35960
35977
35979
35980
35988
36005
36015
36016
36029
36029
36047
36054
36059
36076
36087
36087
36107
36118
36119
36139
36150
36151
36154
36164
36165
36199
36214
36216
36240
36246
36248
36249
36252
36254
36256
36268
36295
36300
36319
36327
36348
36349
36360
36360
36374
36378
36388
36393
36400
36402
36403
36417
36426
36428
36434
36437
36454
36465
36466
36466
36468
36506
36526
36538
36542
36546
36550
36592
36598
36605
36612
36639
36647
36675
36678
36689
36716
36733
36799
36799
36816
36822
36843
36844
36848
36851
36863
36864
36875
36877
36883
36891
36905
36909
36924
36928
36935
36953
36956
36959
36974
36992
36997
37013
37025
37036
37037
37058
37070
37074
37081
37095
37095
37096
37109
37111
37112
37139
37147
37173
37182
37198
37199
37214
37265
37272
37291
37292
37316
37321
37327
37331
37335
37339
37340
37344
37345
37358
37366
37391
37402
37412
37413
37443
37453
37468
37473
37475
37479
37481
37484
37484
37489
37501
37504
37504
37514
37527
37532
37540
37545
37577
37578
37581
37626
37628
37635
37637
37706
37712
37734
37738
37750
37750
37753
37753
37767
37783
37802
37802
37808
37822
37829
37842
37848
37848
37866
37873
37880
37890
37891
37899
37915
37919
37930
37932
37938
37942
37951
37964
37980
37984
37986
37993
38008
38022
38045
38049
38054
38059
38066
38067
38068
38070
38076
38076
38088
38093
38096
38098
38107
38114
38117
38132
38136
38138
38138
38152
38160
38163
38166
38174
38181
38181
38184
38203
38205
38214
38226
38229
38236
38248
38266
38266
38287
38292
38298
38309
38328
38332
38338
38343
38347
38358
38368
38373
38377
38379
38387
38400
38412
38429
38439
38457
38460
38462
38489
38497
38498
38515
38530
38533
38559
38576
38585
38586
38589
38595
38604
38617
38629
38632
38635
38642
38654
38667
38679
38688
38713
38720
38731
38732
38753
38758
38784
38787
38797
38802
38802
38803
38824
38839
38845
38862
38876
38878
38882
38905
38913
38915
38918
38928
38931
38944
38951
38952
38973
38992
38994
39000
39003
39034
39034
39074
39092
39101
39106
39110
39122
39129
39150
39156
39158
39166
39172
39174
39183
39192
39198
39200
39204
39217
39224
39238
39253
39266
39286
39287
39292
39307
39308
39330
39335
39338
39343
39346
39354
39375
39404
39405
39408
39409
39413
39436
39438
39447
39453
39462
39487
39526
39535
39537
39573
39577
39581
39606
39609
39616
39617
39617
39620
39621
39637
39643
39644
39674
39676
39693
39707
39710
39727
39729
39729
39751
39758
39766
39768
39771
39776
39786
39792
39793
39800
39802
39813
39817
39828
39841
39854
39861
39876
39879
39885
39892
39895
39904
39913
39915
39920
39931
39938
39944
39950
40007
40011
40038
40052
40056
40058
40062
40072
40075
40078
40078
40080
40081
40107
40120
40127
40129
40152
40154
40158
40186
40199
40202
40208
40210
40215
40215
40223
40224
40231
40243
40246
40251
40271
40273
40276
40279
40283
40302
40304
40311
40324
40343
40368
40369
40381
40384
40392
40396
40403
40404
40407
40409
40461
40467
40484
40490
40496
40502
40505
40514
40519
40534
40537
40539
40539
40548
40566
40568
40586
40586
40590
40593
40606
40623
40637
40639
40659
40683
40683
40697
40697
40698
40702
40718
40727
40755
40765
40769
40772
40775
40776
40783
40816
40824
40826
40842
40857
40863
40872
40899
40906
40914
40916
40931
40936
40943
40944
40948
40951
40951
40959
40965
40967
40969
40972
40975
40985
40987
40992
41036
41041
41045
41074
41078
41078
41083
41111
41111
41116
41125
41144
41171
41179
41185
41190
41190
41193
41196
41205
41207
41209
41210
41213
41217
41227
41230
41235
41256
41260
41266
41290
41292
41293
41297
41300
41306
41311
41347
41350
41394
41400
41405
41405
41423
41437
41446
41460
41463
41467
41469
41475
41489
41496
41509
41510
41510
41512
41527
41542
41551
41554
41583
41594
41610
41621
41657
41671
41683
41684
41703
41705
41752
41769
41773
41786
41801
41803
41808
41826
41833
41843
41854
41854
41858
41895
41919
41939
41939
41949
41956
41960
41974
41975
41976
41979
41986
41993
42001
42005
42027
42029
42033
42038
42045
42047
42053
42053
42057
42060
42066
42080
42088
42113
42130
42132
42150
42151
42157
42162
42165
42165
42166
42174
42178
42187
42191
42199
42200
42218
42223
42223
42227
42229
42233
42256
42262
42268
42283
42294
42313
42314
42324
42336
42342
42347
42353
42370
42376
42386
42436
42446
42479
42494
42498
42499
42512
42529
42555
42563
42563
42581
42583
42612
42618
42619
42635
42651
42680
42687
42696
42708
42715
42728
42735
42768
42772
42779
42839
42843
42850
42864
42869
42877
42884
42888
42892
42894
42918
42919
42919
42930
42933
42933
42936
42937
42943
42947
42948
42953
42982
42996
43010
43024
43024
43044
43045
43046
43049
43054
43071
43086
43099
43105
43108
43121
43126
43147
43173
43191
43193
43206
43212
43228
43235
43236
43245
43247
43247
43254
43270
43273
43281
43298
43330
43350
43360
43401
43408
43408
43426
43428
43436
43447
43450
43461
43461
43473
43473
43478
43483
43505
43512
43516
43530
43552
43555
43559
43560
43569
43574
43578
43583
43591
43604
43607
43621
43623
43629
43646
43654
43677
43680
43681
43692
43696
43696
43696
43705
43710
43724
43739
43741
43752
43770
43788
43799
43801
43804
43827
43844
43877
43901
43918
43928
43932
43955
43957
43976
43998
44015
44019
44019
44033
44080
44093
44094
44101
44108
44111
44149
44150
44156
44158
44179
44190
44211
44214
44217
44230
44267
44276
44285
44286
44289
44292
44298
44301
44313
44355
44363
44363
44367
44376
44399
44410
44431
44450
44464
44471
44472
44494
44558
44599
44601
44603
44610
44610
44614
44628
44647
44669
44673
44673
44738
44743
44754
44757
44762
44768
44769
44772
44773
44783
44786
44815
44818
44828
44837
44837
44843
44859
44864
44870
44879
44879
44880
44891
44917
44926
44932
44933
44942
44943
44962
44983
44986
44992
44993
44998
45001
45003
45005
45008
45015
45037
45061
45064
45080
45090
45099
45100
45105
45106
45121
45121
45122
45125
45143
45152
45155
45168
45176
45224
45230
45232
45234
45249
45269
45270
45280
45289
45304
45308
45318
45333
45338
45348
45350
45384
45393
45400
45405
45412
45417
45423
45437
45439
45461
45463
45479
45492
45495
45498
45500
45525
45534
45543
45545
45557
45562
45562
45569
45573
45592
45596
45596
45610
45616
45624
45642
45668
45676
45695
45739
45742
45763
45764
45769
45771
45791
45801
45804
45826
45832
45844
45858
45859
45868
45876
45884
45900
45917
45947
45961
45963
45969
45971
45973
45975
45976
46002
46008
46018
46028
46030
46032
46040
46045
46052
46054
46087
46100
46100
46108
46126
46128
46143
46144
46175
46179
46185
46191
46210
46234
46236
46248
46260
46264
46277
46285
46287
46296
46303
46316
46319
46326
46327
46327
46338
46363
46376
46406
46417
46427
46467
46467
46469
46480
46502
46515
46517
46543
46556
46570
46576
46584
46604
46604
46605
46607
46614
46619
46631
46634
46661
46662
46667
46672
46672
46673
46681
46682
46682
46688
46694
46697
46704
46711
46722
46746
46749
46750
46752
46758
46775
46776
46777
46781
46787
46797
46801
46818
46826
46831
46838
46853
46861
46862
46887
46889
46893
46894
46921
46929
46929
46934
46938
46944
46948
46950
46973
46980
46981
46990
46998
47008
47024
47025
47030
47045
47063
47077
47079
47086
47088
47094
47115
47117
47122
47123
47131
47132
47141
47143
47145
47191
47192
47193
47198
47199
47210
47214
47234
47237
47246
47261
47268
47272
47277
47290
47302
47318
47329
47347
47360
47397
47402
47405
47407
47409
47413
47422
47431
47433
47460
47468
47479
47487
47488
47495
47495
47498
47510
47532
47538
47558
47562
47569
47605
47622
47636
47639
47644
47647
47652
47659
47661
47666
47674
47697
47712
47717
47718
47720
47721
47722
47723
47749
47763
47774
47793
47805
47818
47851
47862
47881
47885
47889
47890
47892
47900
47910
47935
47945
47959
47960
47962
47972
47992
47995
47996
48005
48007
48028
48039
48043
48083
48086
48088
48092
48095
48097
48129
48142
48144
48150
48154
48160
48182
48211
48230
48231
48232
48258
48267
48270
48291
48329
48336
48378
48390
48393
48402
48420
48423
48430
48434
48441
48465
48476
48481
48491
48503
48511
48514
48519
48521
48549
48555
48560
48561
48566
48581
48584
48589
48591
48595
48607
48608
48635
48636
48637
48637
48639
48643
48675
48687
48699
48700
48702
48704
48730
48733
48741
48745
48750
48750
48754
48755
48766
48776
48788
48797
48806
48809
48851
48855
48859
48869
48871
48876
48877
48878
48882
48898
48925
48931
48934
48951
48952
48996
49053
49055
49062
49096
49100
49113
49117
49129
49164
49165
49175
49186
49188
49195
49220
49221
49278
49279
49285
49293
49299
49304
49314
49325
49348
49363
49364
49369
49371
49373
49374
49377
49379
49387
49405
49408
49409
49439
49445
49445
49452
49488
49492
49504
49513
49521
49526
49536
49538
49538
49542
49544
49553
49569
49582
49585
49587
49592
49595
49615
49631
49643
49645
49665
49681
49681
49693
49695
49698
49717
49728
49728
49734
49766
49780
49783
49805
49811
49838
49848
49848
49864
49874
49882
49886
49890
49890
49892
49905
49925
49932
49935
49946
49955
49956
49959
49969
49972
49995
50005
50016
50051
50055
50069
50097
50115
50115
50151
50158
50159
50178
50190
50191
50195
50212
50219
50224
50234
50289
50306
50329
50351
50353
50358
50399
50413
50419
50423
50423
50427
50435
50455
50455
50460
50463
50470
50477
50479
50479
50481
50482
50497
50500
50506
50524
50536
50545
50560
50562
50573
50581
50583
50583
50592
50621
50623
50659
50659
50661
50670
50672
50686
50712
50722
50727
50737
50760
50775
50790
50800
50819
50824
50827
50829
50829
50831
50833
50833
50838
50862
50872
50880
50892
50895
50896
50903
50911
50912
50915
50926
50929
50929
50933
50955
50962
50973
50993
50993
50994
50999
50999
51006
51008
51008
51011
51018
51036
51037
51050
51106
51109
51114
51115
51117
51127
51128
51134
51141
51149
51153
51156
51156
51157
51183
51184
51199
51203
51204
51205
51205
51210
51224
51229
51244
51253
51257
51261
51262
51288
51305
51308
51308
51311
51317
51327
51346
51349
51376
51379
51379
51389
51425
51428
51430
51433
51438
51441
51441
51458
51462
51473
51484
51502
51510
51528
51529
51577
51583
51593
51620
51638
51658
51667
51685
51706
51709
51711
51713
51714
51736
51758
51767
51795
51808
51809
51811
51826
51847
51883
51884
51895
51907
51910
51935
51946
51950
51954
51960
51976
51977
51983
51992
52028
52037
52041
52042
52047
52056
52060
52077
52082
52082
52091
52102
52123
52131
52136
52154
52156
52162
52163
52178
52184
52196
52196
52204
52209
52220
52221
52231
52235
52238
52240
52267
52282
52286
52294
52309
52360
52362
52365
52401
52435
52435
52441
52461
52461
52464
52470
52500
52503
52509
52535
52576
52593
52601
52621
52627
52633
52664
52674
52676
52683
52684
52688
52706
52718
52718
52722
52724
52737
52792
52803
52818
52820
52827
52878
52888
52907
52908
52931
52934
52958
52972
52975
52978
52990
52995
53005
53021
53036
53044
53045
53052
53053
53080
53104
53138
53147
53148
53152
53160
53189
53200
53204
53220
53225
53231
53234
53237
53241
53259
53260
53261
53261
53281
53283
53296
53298
53309
53309
53311
53322
53334
53353
53368
53368
53375
53382
53386
53388
53396
53418
53427
53434
53435
53440
53448
53461
53476
53517
53521
53523
53534
53542
53552
53558
53562
53564
53586
53587
53591
53614
53625
53626
53631
53634
53636
53646
53648
53653
53657
53672
53673
53675
53677
53682
53684
53684
53685
53725
53729
53739
53741
53749
53754
53764
53776
53778
53778
53786
53792
53796
53810
53811
53830
53844
53852
53854
53856
53859
53868
53872
53880
53896
53961
54013
54031
54033
54039
54043
54047
54067
54076
54078
54084
54086
54101
54104
54105
54113
54115
54131
54141
54145
54153
54178
54183
54185
54196
54199
54206
54229
54233
54237
54252
54258
54264
54275
54276
54286
54305
54317
54338
54339
54345
54351
54352
54387
54388
54399
54399
54427
54433
54435
54437
54446
54462
54469
54476
54499
54558
54558
54559
54578
54607
54609
54612
54615
54624
54627
54628
54631
54633
54638
54656
54659
54661
54664
54672
54683
54696
54727
54731
54732
54749
54771
54784
54792
54826
54856
54860
54866
54895
54931
54933
54941
54942
54966
54972
54978
54986
55006
55017
55026
55041
55083
55083
55110
55121
55124
55129
55134
55137
55158
55171
55184
55184
55193
55198
55217
55250
55259
55262
55264
55285
55299
55301
55309
55312
55316
55325
55332
55340
55363
55372
55377
55393
55409
55419
55423
55436
55437
55447
55463
55479
55494
55503
55522
55528
55532
55536
55537
55544
55545
55556
55562
55598
55600
55612
55613
55629
55641
55646
55648
55652
55654
55685
55688
55691
55697
55710
55736
55739
55747
55750
55765
55806
55814
55823
55831
55849
55861
55877
55890
55892
55910
55929
55934
55941
55941
55945
55967
55987
56017
56021
56036
56038
56057
56079
56084
56094
56123
56154
56158
56165
56182
56187
56190
56209
56211
56211
56215
56216
56217
56229
56233
56237
56239
56248
56252
56256
56264
56265
56266
56296
56301
56302
56310
56321
56339
56346
56360
56369
56375
56412
56419
56422
56425
56428
56446
56446
56459
56473
56482
56503
56511
56514
56519
56541
56545
56552
56570
56612
56618
56619
56626
56647
56656
56662
56663
56663
56682
56688
56690
56707
56707
56720
56733
56738
56753
56754
56774
56791
56798
56803
56805
56830
56838
56849
56854
56858
56859
56877
56880
56921
56932
56957
56965
56979
56985
56992
56996
57014
57014
57033
57039
57045
57052
57081
57103
57105
57130
57135
57146
57180
57182
57182
57191
57203
57205
57207
57211
57218
57225
57227
57230
57239
57243
57262
57263
57271
57279
57281
57282
57283
57318
57321
57331
57339
57347
57356
57367
57381
57384
57393
57395
57402
57429
57429
57459
57473
57479
57482
57484
57497
57545
57553
57558
57568
57573
57588
57633
57663
57695
57707
57709
57714
57715
57723
57740
57744
57760
57767
57767
57784
57796
57816
57818
57819
57821
57830
57839
57848
57852
57853
57855
57861
57863
57865
57872
57894
57921
57932
57933
57947
57952
57986
57988
57990
58003
58005
58012
58012
58021
58021
58026
58027
58053
58053
58060
58077
58078
58079
58088
58094
58099
58149
58161
58167
58171
58178
58200
58213
58228
58257
58261
58275
58281
58290
58302
58306
58309
58310
58326
58363
58366
58366
58384
58391
58435
58439
58446
58476
58499
58499
58500
58504
58506
58517
58533
58539
58548
58575
58583
58585
58598
58606
58607
58628
58639
58658
58665
58678
58701
58711
58713
58722
58725
58735
58770
58770
58771
58774
58774
58795
58815
58816
58825
58827
58833
58857
58872
58873
58874
58904
58908
58908
58909
58918
58924
58934
58955
58993
58993
59007
59033
59039
59050
59068
59078
59080
59093
59118
59139
59155
59157
59171
59173
59174
59194
59209
59217
59218
59221
59225
59226
59229
59248
59262
59275
59284
59300
59313
59327
59329
59346
59363
59371
59375
59387
59398
59403
59407
59412
59419
59425
59465
59473
59522
59525
59529
59534
59542
59553
59555
59556
59566
59570
59595
59601
59620
59642
59646
59648
59668
59669
59677
59689
59703
59708
59708
59727
59746
59748
59774
59780
59788
59800
59801
59808
59813
59816
59824
59827
59835
59844
59845
59849
59850
59853
59871
59885
59887
59888
59894
59903
59926
59930
59945
59949
59954
59960
59977
59983
59985
60007
60015
60038
60041
60046
60052
60054
60059
60090
60098
60103
60116
60127
60136
60147
60169
60170
60172
60178
60194
60199
60236
60241
60241
60271
60282
60306
60308
60321
60324
60328
60335
60337
60338
60357
60364
60371
60375
60383
60404
60420
60424
60436
60438
60444
60452
60456
60463
60476
60476
60476
60484
60495
60505
60505
60509
60522
60549
60550
60579
60584
60615
60623
60626
60630
60682
60701
60703
60736
60742
60742
60745
60751
60764
60767
60783
60793
60795
60830
60832
60837
60856
60866
60880
60893
60897
60904
60918
60944
60946
60960
60981
60983
60984
61000
61005
61011
61015
61020
61022
61041
61042
61043
61045
61045
61053
61058
61078
61083
61112
61129
61147
61161
61165
61170
61177
61197
61222
61232
61239
61240
61268
61275
61282
61304
61307
61318
61325
61331
61333
61344
61367
61369
61370
61398
61405
61420
61423
61435
61441
61443
61448
61467
61476
61500
61512
61520
61525
61544
61551
61587
61596
61606
61611
61616
61625
61646
61656
61662
61664
61666
61668
61688
61691
61696
61703
61715
61731
61767
61776
61780
61790
61799
61825
61830
61831
61833
61844
61851
61857
61864
61876
61877
61892
61897
61911
61917
61940
61942
61942
61943
61947
61955
61966
61967
61970
61972
61979
61983
61998
62003
62003
62014
62029
62029
62047
62063
62066
62070
62073
62091
62093
62095
62105
62107
62110
62154
62172
62180
62181
62186
62190
62220
62224
62247
62249
62261
62269
62282
62290
62295
62306
62311
62311
62314
62315
62316
62335
62340
62344
62355
62368
62378
62379
62388
62391
62396
62404
62412
62436
62439
62445
62457
62460
62469
62471
62472
62494
62505
62512
62518
62521
62528
62537
62544
62578
62595
62597
62598
62600
62611
62616
62622
62626
62628
62630
62663
62673
62673
62712
62717
62730
62730
62736
62743
62753
62764
62782
62787
62829
62844
62846
62852
62883
62889
62899
62912
62914
62915
62924
62928
62933
62936
62942
62943
62946
62958
62968
62968
62971
62978
63006
63016
63045
63056
63059
63068
63070
63079
63093
63097
63102
63114
63114
63114
63115
63118
63120
63126
63142
63153
63168
63177
63193
63199
63201
63226
63251
63253
63254
63270
63270
63287
63303
63335
63361
63364
63395
63404
63417
63443
63444
63455
63458
63471
63478
63494
63502
63514
63534
63543
63555
63562
63569
63576
63578
63583
63593
63604
63609
63623
63630
63638
63645
63657
63665
63667
63688
63688
63693
63709
63728
63728
63740
63755
63759
63774
63792
63797
63812
63860
63874
63878
63909
63923
63924
63929
63935
63944
63949
63957
63959
63963
63966
63975
63983
64004
64005
64010
64011
64018
64027
64056
64078
64098
64129
64141
64143
64147
64153
64178
64181
64209
64216
64216
64217
64263
64280
64316
64323
64338
64343
64347
64350
64350
64376
64394
64397
64404
64414
64429
64446
64458
64459
64479
64481
64484
64488
64505
64534
64535
64542
64589
64590
64596
64615
64619
64624
64627
64628
64645
64672
64674
64680
64681
64706
64714
64718
64725
64753
64761
64789
64794
64795
64802
64805
64811
64821
64824
64828
64847
64863
64865
64867
64870
64878
64899
64905
64946
64964
64964
64969
64972
64980
65012
65016
65039
65047
65072
65081
65091
65096
65096
65109
65109
65119
65119
65120
65146
65146
65148
65175
65182
65191
65204
65221
65229
65237
65274
65284
65295
65296
65318
65323
65329
65330
65341
65345
65348
65353
65364
65365
65375
65382
65388
65391
65410
65410
65414
65415
65420
65440
65459
65474
65478
65483
65489
65499
65501
65524
65530
65555
65583
65602
65609
65615
65660
65666
65666
65666
65689
65689
65691
65692
65694
65699
65759
65778
65788
65801
65812
65836
65841
65850
65856
65868
65877
65879
65890
65908
65917
65927
65936
65947
65955
65962
65964
65981
66022
66064
66069
66082
66092
66105
66108
66125
66131
66148
66151
66152
66159
66160
66162
66164
66188
66200
66214
66223
66224
66237
66238
66248
66296
66326
66328
66329
66331
66337
66339
66340
66342
66347
66365
66377
66413
66423
66428
66450
66456
66470
66475
66482
66484
66485
66493
66498
66502
66510
66512
66520
66535
66547
66553
66554
66561
66575
66576
66577
66592
66596
66601
66606
66607
66642
66643
66649
66668
66677
66678
66679
66711
66717
66722
66725
66738
66738
66751
66761
66762
66772
66786
66798
66819
66839
66841
66845
66857
66866
66881
66887
66888
66904
66905
66911
66911
66918
66927
66933
66941
66957
66979
66991
66991
66991
66993
66995
66999
67000
67009
67011
67029
67052
67055
67058
67060
67073
67076
67079
67084
67093
67100
67113
67118
67139
67142
67149
67158
67162
67164
67175
67177
67190
67203
67208
67212
67213
67225
67241
67273
67291
67294
67301
67303
67313
67337
67344
67350
67370
67374
67376
67399
67451
67458
67517
67522
67522
67539
67552
67554
67563
67565
67568
67570
67586
67598
67611
67613
67622
67625
67625
67651
67656
67678
67683
67691
67692
67709
67715
67716
67717
67719
67733
67734
67735
67738
67746
67766
67776
67794
67795
67806
67811
67813
67840
67859
67875
67912
67913
67923
67934
67950
67958
67978
67979
68003
68024
68031
68032
68039
68047
68054
68063
68070
68073
68088
68096
68097
68101
68107
68107
68109
68111
68118
68132
68140
68176
68188
68193
68265
68268
68271
68279
68281
68286
68302
68325
68332
68334
68341
68357
68364
68366
68386
68387
68394
68415
68420
68421
68481
68487
68488
68495
68522
68527
68540
68547
68553
68600
68604
68605
68605
68631
68634
68651
68651
68654
68686
68696
68702
68702
68708
68715
68722
68727
68733
68744
68754
68777
68780
68781
68804
68807
68810
68820
68826
68841
68854
68856
68856
68878
68883
68897
68900
68914
68923
68924
68928
68936
68952
68961
68983
68987
68987
68988
68991
68997
69054
69067
69082
69085
69093
69109
69110
69112
69123
69134
69135
69145
69155
69175
69182
69184
69187
69188
69190
69224
69233
69242
69273
69294
69317
69324
69330
69347
69369
69379
69384
69386
69394
69408
69413
69425
69426
69437
69443
69457
69462
69475
69481
69482
69484
69501
69512
69520
69530
69534
69540
69548
69570
69576
69580
69594
69597
69608
69624
69637
69656
69681
69683
69719
69724
69755
69756
69770
69773
69775
69782
69789
69790
69799
69808
69817
69821
69850
69853
69870
69879
69887
69893
69905
69937
69956
69977
69980
70005
70009
70014
70023
70030
70057
70064
70069
70084
70091
70099
70103
70104
70110
70151
70153
70154
70161
70187
70214
70221
70241
70256
70260
70268
70269
70273
70289
70295
70300
70317
70323
70337
70337
70338
70338
70354
70358
70371
70381
70381
70382
70391
70393
70399
70409
70414
70417
70424
70429
70443
70463
70486
70489
70491
70499
70514
70542
70564
70565
70568
70580
70595
70599
70604
70615
70619
70621
70635
70642
70642
70643
70644
70644
70647
70656
70667
70686
70704
70707
70712
70721
70739
70743
70748
70750
70752
70755
70771
70789
70789
70801
70805
70822
70829
70838
70872
70893
70893
70900
70912
70916
70926
70935
70944
70947
70962
70980
70998
71001
71005
71031
71036
71036
71048
71053
71064
71082
71084
71084
71099
71117
71120
71123
71137
71141
71144
71150
71161
71165
71193
71195
71198
71225
71234
71237
71242
71257
71265
71266
71266
71273
71274
71281
71282
71298
71303
71315
71335
71340
71350
71357
71360
71391
71397
71425
71426
71432
71432
71451
71454
71456
71457
71460
71472
71485
71493
71514
71516
71520
71525
71539
71545
71562
71579
71589
71590
71591
71593
71601
71627
71633
71639
71640
71644
71695
71709
71712
71741
71761
71761
71773
71785
71796
71804
71812
71815
71817
71841
71849
71853
71854
71856
71863
71871
71872
71884
71888
71890
71897
71900
71902
71904
71911
71913
71941
71947
71958
71963
71965
71971
71976
71985
72006
72012
72048
72072
72073
72090
72101
72104
72117
72134
72141
72166
72172
72191
72191
72192
72193
72221
72235
72239
72245
72245
72245
72250
72288
72304
72318
72320
72339
72361
72363
72363
72377
72382
72402
72416
72417
72420
72432
72433
72444
72450
72460
72460
72470
72480
72482
72500
72502
72531
72536
72539
72545
72566
72585
72607
72619
72627
72627
72642
72644
72675
72700
72702
72706
72708
72708
72712
72715
72769
72770
72782
72798
72799
72807
72822
72832
72832
72849
72850
72856
72865
72866
72870
72880
72884
72894
72895
72902
72904
72905
72907
72916
72931
72931
72940
72945
72964
72969
72976
72987
72999
73046
73057
73063
73069
73079
73085
73087
73098
73101
73105
73106
73108
73110
73121
73123
73124
73129
73134
73143
73155
73161
73167
73168
73172
73176
73177
73183
73197
73208
73222
73226
73239
73240
73252
73262
73265
73276
73279
73364
73373
73390
73396
73402
73406
73442
73458
73479
73489
73490
73504
73508
73514
73518
73526
73533
73542
73550
73550
73558
73564
73589
73596
73627
73671
73679
73679
73686
73689
73699
73702
73704
73714
73724
73741
73754
73756
73768
73771
73783
73801
73821
73834
73843
73844
73845
73845
73867
73868
73875
73877
73892
73897
73899
73901
73927
73962
73974
73981
73983
74004
74008
74009
74010
74013
74016
74070
74088
74091
74103
74110
74123
74135
74136
74136
74141
74155
74159
74167
74167
74169
74170
74175
74181
74185
74198
74222
74229
74246
74251
74251
74251
74265
74266
74284
74286
74296
74309
74318
74320
74322
74341
74345
74353
74363
74381
74383
74387
74419
74422
74430
74435
74440
74442
74458
74461
74495
74502
74523
74533
74537
74540
74541
74554
74556
74556
74561
74582
74584
74606
74612
74621
74624
74625
74631
74640
74644
74649
74657
74661
74696
74717
74730
74730
74740
74746
74752
74762
74768
74769
74790
74795
74799
74806
74817
74828
74833
74838
74843
74870
74875
74887
74897
74899
74906
74916
74925
74938
74945
74955
74955
74967
74971
74972
74973
74988
75005
75008
75012
75027
75030
75030
75044
75063
75083
75083
75113
75134
75135
75136
75139
75143
75148
75154
75186
75189
75196
75208
75223
75224
75233
75255
75272
75283
75310
75326
75331
75334
75348
75348
75358
75363
75372
75382
75391
75411
75413
75421
75434
75434
75440
75442
75445
75449
75461
75470
75543
75555
75556
75557
75560
75567
75633
75635
75644
75657
75658
75666
75668
75671
75678
75704
75706
75732
75743
75771
75772
75774
75783
75798
75799
75806
75816
75832
75840
75845
75848
75850
75894
75914
75915
75918
75939
75940
75945
75951
75954
75954
75959
75961
75970
75976
75977
76007
76010
76023
76024
76030
76030
76045
76052
76073
76095
76116
76120
76152
76157
76160
76174
76183
76186
76197
76223
76232
76235
76242
76245
76247
76255
76264
76288
76299
76304
76305
76305
76306
76321
76335
76364
76373
76395
76400
76400
76402
76413
76432
76436
76438
76444
76457
76463
76478
76484
76494
76500
76514
76520
76526
76529
76529
76531
76536
76543
76544
76564
76571
76580
76594
76596
76607
76621
76622
76624
76632
76654
76659
76677
76679
76687
76696
76710
76713
76715
76720
76722
76729
76742
76744
76747
76748
76749
76778
76785
76804
76813
76824
76828
76838
76889
76891
76911
76920
76923
76946
76947
76960
76960
76971
76973
76979
76984
76993
77022
77039
77083
77083
77119
77127
77128
77142
77152
77202
77216
77216
77224
77225
77254
77262
77267
77275
77284
77289
77297
77311
77325
77339
77353
77358
77364
77381
77387
77390
77403
77406
77412
77413
77414
77434
77445
77455
77460
77477
77488
77501
77529
77545
77548
77553
77556
77578
77579
77591
77592
77600
77605
77620
77621
77636
77658
77675
77702
77708
77727
77735
77736
77757
77757
77770
77797
77808
77814
77815
77821
77822
77855
77870
77875
77883
77917
77918
77920
77929
77935
77938
77939
77945
77961
77970
77974
77977
78026
78032
78035
78037
78044
78072
78075
78080
78084
78098
78110
78132
78133
78154
78173
78175
78192
78192
78199
78222
78227
78269
78276
78278
78290
78302
78316
78319
78367
78436
78438
78443
78456
78457
78470
78473
78479
78483
78484
78490
78499
78503
78520
78530
78550
78578
78579
78615
78623
78639
78642
78642
78646
78650
78651
78676
78677
78684
78684
78708
78711
78722
78736
78750
78753
78770
78782
78787
78804
78815
78820
78821
78823
78825
78829
78843
78861
78872
78876
78889
78896
78897
78930
78934
78955
78955
78980
78992
78998
79002
79021
79042
79053
79056
79068
79084
79095
79102
79103
79120
79135
79138
79139
79158
79167
79171
79177
79196
79207
79229
79234
79254
79257
79264
79285
79297
79320
79321
79333
79337
79362
79374
79375
79387
79393
79400
79409
79436
79453
79457
79464
79470
79473
79477
79489
79496
79504
79520
79526
79538
79543
79562
79568
79582
79594
79595
79595
79609
79621
79636
79638
79662
79668
79671
79680
79691
79708
79712
79725
79758
79767
79770
79772
79780
79782
79786
79786
79795
79804
79825
79860
79896
79901
79905
79915
79920
79920
79930
79931
79942
79980
79987
80012
80022
80035
80049
80054
80059
80084
80086
80099
80128
80144
80153
80159
80167
80170
80181
80184
80185
80186
80194
80208
80210
80224
80226
80260
80277
80280
80294
80295
80301
80315
80316
80320
80321
80326
80328
80337
80347
80377
80380
80386
80397
80403
80404
80406
80411
80427
80436
80439
80457
80460
80463
80467
80500
80511
80514
80534
80536
80538
80549
80574
80575
80579
80580
80596
80599
80603
80605
80608
80624
80676
80699
80705
80725
80733
80738
80739
80750
80759
80766
80778
80792
80809
80814
80832
80835
80846
80866
80884
80890
80895
80900
80904
80919
80961
80963
80972
80990
80999
81030
81050
81054
81057
81113
81124
81125
81127
81129
81135
81146
81149
81149
81156
81170
81183
81183
81186
81203
81205
81211
81223
81225
81230
81230
81241
81242
81250
81261
81285
81308
81309
81315
81322
81324
81327
81341
81355
81361
81384
81391
81408
81419
81428
81446
81448
81460
81463
81477
81482
81484
81502
81516
81527
81531
81553
81557
81567
81588
81592
81596
81630
81635
81652
81665
81674
81683
81684
81685
81686
81701
81707
81722
81723
81726
81758
81759
81767
81785
81786
81796
81803
81823
81846
81846
81858
81858
81861
81863
81875
81902
81907
81923
81944
81958
81995
82001
82004
82010
82010
82015
82022
82028
82065
82073
82073
82074
82075
82075
82083
82087
82101
82112
82123
82126
82127
82128
82150
82150
82172
82174
82201
82208
82217
82223
82252
82259
82283
82291
82297
82306
82313
82315
82317
82318
82320
82330
82334
82334
82366
82380
82382
82382
82387
82392
82408
82418
82450
82455
82474
82479
82486
82488
82515
82516
82527
82538
82546
82554
82585
82594
82621
82624
82627
82631
82638
82647
82660
82666
82671
82682
82698
82699
82700
82716
82738
82741
82756
82762
82765
82765
82771
82783
82809
82815
82817
82823
82834
82836
82851
82861
82864
82866
82873
82901
82907
82910
82931
82932
82936
82955
82987
82989
82993
82999
83005
83008
83010
83034
83044
83054
83064
83066
83070
83080
83096
83105
83152
83169
83172
83176
83188
83194
83203
83210
83222
83255
83269
83311
83313
83318
83324
83336
83347
83350
83373
83385
83423
83444
83463
83470
83479
83482
83493
83495
83501
83507
83507
83509
83534
83558
83564
83568
83572
83583
83600
83613
83614
83622
83629
83638
83643
83650
83654
83657
83660
83663
83663
83671
83675
83697
83712
83727
83736
83771
83789
83791
83795
83796
83800
83806
83836
83846
83849
83858
83859
83872
83882
83885
83888
83897
83911
83911
83919
83936
83938
83943
83956
83958
83974
84003
84019
84041
84042
84045
84049
84070
84070
84073
84079
84085
84114
84119
84120
84178
84178
84189
84195
84206
84215
84216
84221
84227
84240
84248
84270
84271
84275
84284
84289
84296
84311
84343
84382
84385
84405
84448
84457
84460
84479
84484
84490
84521
84524
84551
84563
84565
84581
84583
84593
84599
84616
84617
84627
84635
84638
84646
84651
84677
84682
84683
84688
84719
84731
84732
84736
84752
84765
84771
84798
84830
84831
84841
84850
84853
84853
84861
84886
84906
84930
84940
84942
84948
84963
84968
84972
84980
84990
84990
85020
85024
85032
85032
85046
85055
85060
85067
85082
85120
85138
85146
85155
85187
85208
85232
85253
85262
85266
85266
85268
85280
85282
85284
85295
85347
85366
85433
85435
85436
85436
85437
85488
85491
85491
85512
85512
85513
85525
85526
85539
85539
85552
85554
85563
85564
85566
85575
85602
85657
85659
85660
85672
85715
85717
85722
85736
85746
85771
85779
85787
85787
85791
85803
85807
85857
85876
85889
85897
85904
85942
85948
85950
85957
85972
85981
85997
86000
86017
86042
86046
86061
86080
86102
86110
86118
86124
86140
86140
86141
86149
86150
86168
86170
86175
86208
86229
86233
86236
86253
86266
86272
86289
86310
86344
86382
86401
86402
86402
86418
86430
86439
86439
86443
86455
86456
86460
86508
86515
86527
86532
86541
86545
86550
86565
86576
86589
86594
86596
86613
86639
86648
86652
86661
86670
86673
86684
86694
86698
86704
86727
86738
86739
86745
86747
86752
86764
86770
86799
86807
86822
86836
86844
86847
86870
86872
86877
86888
86893
86903
86910
86912
86926
86941
86951
86969
86979
86980
86987
86988
86994
86999
87002
87005
87024
87041
87043
87046
87057
87063
87095
87111
87116
87123
87126
87130
87154
87169
87190
87192
87223
87229
87231
87237
87244
87254
87292
87312
87317
87322
87332
87336
87339
87339
87354
87361
87364
87390
87391
87393
87404
87406
87407
87407
87421
87426
87464
87491
87492
87496
87539
87545
87547
87556
87577
87578
87581
87587
87595
87600
87603
87614
87614
87628
87651
87654
87659
87660
87662
87678
87687
87693
87698
87703
87705
87711
87717
87744
87753
87770
87784
87807
87809
87811
87820
87830
87854
87860
87869
87872
87878
87882
87885
87885
87886
87898
87899
87913
87917
87919
87925
87953
87968
87971
87971
87974
87977
88008
88008
88010
88019
88027
88028
88030
88036
88043
88088
88091
88092
88095
88095
88107
88113
88133
88140
88141
88145
88151
88170
88192
88205
88233
88256
88256
88263
88263
88285
88287
88317
88329
88337
88338
88356
88359
88365
88371
88375
88381
88386
88389
88393
88406
88432
88434
88442
88457
88480
88482
88492
88495
88522
88537
88541
88552
88553
88553
88560
88566
88569
88579
88609
88613
88624
88666
88698
88715
88716
88728
88734
88747
88772
88778
88781
88803
88806
88809
88814
88835
88843
88843
88854
88871
88876
88882
88889
88890
88907
88908
88909
88923
88927
88928
88936
88956
88958
88964
88965
88998
89013
89051
89055
89056
89088
89094
89135
89136
89142
89147
89149
89157
89158
89165
89171
89181
89201
89205
89207
89207
89208
89220
89238
89244
89246
89296
89299
89329
89333
89341
89350
89351
89353
89360
89365
89366
89367
89374
89404
89431
89433
89441
89445
89457
89464
89465
89466
89468
89475
89476
89500
89503
89519
89524
89532
89539
89540
89547
89557
89561
89576
89602
89602
89606
89614
89618
89625
89643
89648
89653
89697
89718
89725
89755
89755
89769
89770
89785
89813
89816
89819
89824
89842
89854
89857
89864
89893
89909
89916
89917
89921
89926
89931
89939
89939
89940
89948
89967
89992
89992
90010
90010
90022
90029
90047
90054
90055
90084
90085
90107
90110
90120
90130
90152
90158
90160
90165
90184
90200
90233
90251
90263
90266
90266
90277
90281
90293
90294
90306
90311
90323
90326
90329
90343
90352
90370
90386
90387
90392
90400
90404
90405
90408
90417
90431
90433
90438
90438
90466
90467
90468
90476
90478
90480
90483
90501
90511
90516
90527
90529
90533
90538
90547
90551
90556
90574
90579
90583
90583
90614
90624
90627
90637
90656
90678
90691
90697
90730
90740
90742
90762
90777
90781
90824
90826
90826
90838
90861
90866
90869
90873
90880
90882
90882
90883
90905
90911
90918
90932
90938
90938
90948
90957
90962
90967
90970
90975
90978
90980
90981
90982
91043
91062
91108
91157
91158
91164
91183
91192
91193
91193
91197
91201
91202
91220
91238
91245
91250
91251
91266
91272
91295
91302
91308
91335
91388
91401
91415
91420
91430
91439
91440
91448
91450
91455
91458
91472
91476
91486
91489
91492
91502
91503
91509
91519
91528
91561
91573
91582
91592
91593
91596
91598
91627
91628
91628
91632
91632
91683
91687
91697
91744
91749
91764
91765
91770
91773
91774
91790
91800
91805
91845
91863
91872
91881
91891
91892
91897
91901
91901
91903
91908
91912
91917
91920
91931
91956
91956
91962
91974
91987
91997
91998
92020
92036
92047
92054
92064
92065
92073
92084
92086
92096
92109
92115
92118
92129
92138
92143
92148
92154
92205
92207
92253
92254
92261
92261
92272
92290
92293
92304
92310
92316
92335
92353
92367
92374
92375
92378
92378
92386
92393
92395
92399
92416
92448
92456
92470
92476
92486
92489
92490
92493
92494
92500
92554
92556
92565
92570
92572
92616
92622
92638
92654
92656
92668
92669
92672
92694
92695
92702
92707
92707
92734
92740
92759
92767
92781
92796
92802
92805
92815
92825
92831
92832
92839
92839
92854
92899
92905
92915
92924
92925
92933
92940
92948
92960
92968
92969
92972
92981
92987
92994
92996
93000
93008
93011
93015
93018
93062
93063
93117
93123
93131
93133
93139
93145
93166
93168
93192
93202
93203
93207
93222
93238
93241
93263
93266
93269
93279
93287
93294
93298
93304
93307
93309
93313
93328
93329
93341
93342
93356
93359
93373
93376
93407
93430
93444
93449
93455
93457
93468
93477
93483
93546
93547
93548
93552
93558
93570
93572
93583
93585
93597
93609
93614
93621
93626
93632
93654
93658
93665
93667
93689
93700
93713
93716
93722
93722
93730
93741
93766
93802
93807
93814
93823
93824
93825
93829
93851
93881
93905
93924
93930
93933
93936
93951
93951
93968
93982
94009
94010
94015
94023
94024
94033
94063
94065
94070
94083
94093
94100
94109
94120
94125
94133
94139
94152
94165
94170
94172
94177
94180
94189
94190
94202
94205
94219
94222
94245
94258
94261
94262
94263
94281
94286
94288
94321
94323
94332
94333
94351
94353
94353
94355
94361
94382
94386
94392
94395
94419
94430
94430
94445
94454
94456
94470
94495
94523
94527
94533
94547
94551
94556
94561
94584
94588
94591
94599
94643
94647
94675
94696
94701
94705
94706
94715
94718
94729
94736
94762
94778
94781
94842
94846
94847
94849
94863
94867
94880
94885
94886
94904
94912
94919
94920
94935
94936
94937
94941
94946
94956
94957
94980
94996
95006
95024
95035
95037
95047
95048
95050
95063
95063
95064
95083
95085
95088
95096
95102
95121
95125
95127
95128
95132
95145
95151
95156
95157
95169
95172
95183
95203
95210
95235
95237
95261
95275
95308
95316
95319
95320
95323
95330
95331
95342
95350
95365
95384
95393
95404
95418
95421
95458
95461
95471
95473
95485
95516
95528
95532
95533
95557
95566
95567
95567
95572
95573
95580
95587
95615
95629
95629
95646
95647
95657
95662
95672
95687
95687
95690
95723
95734
95761
95779
95783
95784
95790
95791
95796
95831
95846
95851
95865
95870
95882
95885
95886
95898
95912
95917
95922
95929
95946
95949
95986
95994
96009
96035
96040
96042
96049
96062
96086
96095
96104
96105
96122
96125
96144
96149
96155
96160
96162
96178
96181
96208
96215
96216
96218
96224
96229
96235
96250
96255
96267
96276
96285
96286
96289
96305
96321
96327
96352
96369
96388
96393
96395
96399
96413
96416
96438
96440
96475
96483
96484
96485
96486
96488
96491
96500
96510
96515
96516
96522
96558
96561
96569
96575
96586
96609
96612
96612
96612
96614
96624
96636
96639
96651
96658
96659
96662
96675
96678
96692
96699
96711
96712
96730
96741
96745
96746
96747
96750
96752
96764
96779
96784
96792
96792
96805
96806
96812
96832
96848
96852
96873
96886
96910
96916
96924
96930
96932
96941
96947
96952
96956
96956
96956
96963
96969
96978
96983
96988
97001
97005
97006
97009
97014
97014
97023
97023
97027
97031
97038
97049
97054
97054
97059
97060
97077
97083
97085
97086
97093
97094
97102
97104
97115
97116
97145
97148
97151
97166
97168
97170
97188
97190
97209
97210
97211
97217
97226
97237
97257
97269
97297
97303
97310
97315
97331
97333
97341
97347
97353
97354
97356
97392
97392
97398
97409
97413
97415
97431
97438
97442
97450
97500
97501
97506
97518
97537
97537
97539
97542
97549
97560
97573
97600
97605
97608
97621
97622
97643
97646
97647
97653
97675
97679
97690
97724
97748
97760
97762
97769
97789
97792
97792
97819
97820
97835
97849
97856
97865
97906
97911
97915
97936
97938
97943
97951
97953
97956
97964
97966
97992
98011
98013
98026
98033
98034
98036
98039
98045
98048
98052
98058
98061
98089
98090
98101
98108
98119
98122
98132
98133
98135
98148
98151
98214
98221
98230
98237
98240
98249
98267
98274
98303
98306
98317
98320
98322
98324
98328
98331
98337
98343
98344
98347
98349
98420
98429
98453
98461
98463
98475
98475
98511
98515
98525
98544
98547
98604
98613
98629
98631
98662
98667
98686
98696
98705
98724
98731
98775
98780
98784
98817
98852
98855
98861
98863
98875
98877
98885
98895
98909
98932
98940
98941
98944
98945
98948
98951
98964
98973
98990
98995
99017
99020
99027
99045
99047
99048
99049
99053
99055
99056
99081
99094
99110
99119
99123
99131
99158
99167
99170
99184
99198
99201
99203
99238
99248
99249
99259
99264
99268
99310
99332
99340
99343
99346
99379
99385
99388
99405
99406
99430
99453
99453
99456
99469
99472
99489
99501
99504
99506
99508
99509
99523
99534
99546
99556
99562
99577
99580
99595
99599
99608
99610
99618
99634
99639
99640
99644
99653
99672
99673
99676
99682
99688
99694
99706
99724
99739
99740
99747
99750
99760
99775
99796
99810
99821
99828
99831
99849
99859
99880
99888
99898
99903
99908
99927
99955
99970
99973
99981
99998
