7
10
15
29
45
53
94
100
110
115
122
127
134
142
143
150
155
160
165
168
204
207
211
216
219
224
251
254
267
268
279
282
296
299
300
303
309
314
325
338
348
348
372
384
388
398
431
447
450
455
484
490
510
532
535
565
572
574
574
578
582
594
629
632
638
662
663
664
666
668
680
715
720
742
747
750
752
754
782
789
795
798
805
806
821
829
833
834
859
862
864
866
871
890
894
901
914
914
916
921
922
936
937
946
946
965
970
976
982
982
1002
1003
1014
1020
1021
1026
1044
1052
1055
1066
1076
1079
1093
1100
1106
1127
1136
1140
1143
1161
1161
1170
1173
1201
1201
1227
1236
1253
1272
1275
1279
1300
1307
1312
1317
1331
1342
1355
1359
1364
1392
1395
1426
1440
1451
1490
1513
1522
1531
1543
1556
1575
1577
1592
1603
1609
1609
1638
1643
1649
1653
1657
1681
1685
1693
1694
1703
1708
1718
1736
1738
1751
1763
1765
1772
1780
1791
1800
1800
1806
1825
1831
1832
1839
1858
1864
1869
1895
1898
1902
1909
1932
1934
1954
1971
1987
1993
1993
1993
1994
1999
2000
2000
2010
2014
2030
2039
2045
2055
2062
2071
2072
2076
2089
2091
2096
2101
2108
2115
2123
2138
2138
2151
2173
2182
2197
2203
2208
2216
2220
2221
2231
2242
2244
2256
2258
2293
2298
2313
2327
2334
2337
2359
2380
2380
2392
2408
2416
2422
2435
2455
2455
2470
2485
2490
2503
2513
2556
2556
2558
2560
2565
2576
2581
2583
2593
2616
2622
2628
2636
2641
2649
2652
2659
2670
2673
2679
2679
2695
2700
2715
2720
2725
2726
2731
2737
2751
2755
2765
2771
2780
2799
2829
2837
2888
2892
2896
2906
2927
2929
2935
2943
2969
2976
2981
3033
3052
3055
3056
3070
3118
3120
3150
3157
3158
3179
3182
3191
3193
3196
3200
3234
3237
3238
3238
3247
3271
3274
3287
3320
3335
3346
3359
3361
3364
3370
3371
3378
3389
3393
3393
3408
3431
3437
3437
3447
3456
3469
3479
3479
3483
3487
3488
3491
3519
3520
3530
3532
3547
3549
3572
3576
3590
3595
3610
3612
3616
3618
3621
3632
3632
3642
3644
3647
3648
3652
3657
3663
3667
3687
3690
3697
3705
3707
3714
3735
3758
3763
3766
3769
3778
3796
3808
3821
3831
3859
3874
3877
3894
3901
3908
3913
3914
3925
3936
3939
3951
3974
3977
3984
3987
4005
4011
4018
4018
4021
4030
4036
4059
4065
4071
4081
4103
4104
4105
4114
4115
4120
4121
4138
4143
4146
4150
4151
4158
4163
4166
4167
4182
4183
4184
4190
4222
4274
4279
4290
4307
4318
4326
4340
4385
4385
4388
4391
4417
4418
4422
4425
4449
4454
4464
4473
4478
4481
4505
4513
4528
4532
4536
4545
4546
4566
4591
4608
4616
4617
4624
4637
4651
4654
4668
4669
4685
4695
4699
4703
4708
4710
4714
4719
4727
4731
4737
4741
4767
4771
4772
4775
4785
4791
4795
4798
4808
4811
4818
4831
4833
4864
4866
4867
4873
4873
4886
4902
4909
4913
4956
4968
4985
5001
5002
5021
5039
5049
5050
5062
5075
5075
5082
5083
5140
5154
5164
5177
5182
5198
5263
5268
5271
5274
5283
5291
5303
5318
5319
5333
5333
5335
5350
5355
5372
5372
5375
5393
5401
5414
5420
5423
5431
5441
5469
5490
5502
5506
5515
5522
5529
5536
5542
5544
5574
5589
5597
5603
5605
5606
5620
5636
5647
5648
5676
5676
5677
5684
5685
5691
5700
5727
5754
5761
5772
5775
5777
5789
5792
5796
5803
5804
5811
5824
5846
5852
5858
5863
5865
5907
5920
5922
5937
5937
5944
5959
5965
5977
5978
5982
5983
5983
6020
6053
6063
6071
6073
6076
6103
6105
6115
6131
6140
6145
6157
6159
6188
6197
6202
6213
6218
6223
6233
6240
6255
6256
6263
6264
6267
6271
6272
6276
6285
6297
6304
6307
6309
6309
6319
6323
6327
6357
6363
6369
6385
6409
6409
6416
6423
6427
6431
6434
6441
6455
6462
6462
6465
6465
6475
6549
6567
6568
6581
6582
6587
6588
6598
6602
6607
6608
6611
6621
6643
6647
6647
6654
6656
6656
6672
6684
6704
6712
6717
6737
6748
6750
6772
6787
6804
6808
6812
6825
6825
6826
6850
6859
6862
6871
6882
6908
6912
6919
6949
6950
6953
6956
6980
6981
6988
6996
6998
7004
7009
7016
7020
7020
7026
7028
7034
7046
7048
7098
7100
7104
7114
7154
7169
7173
7214
7215
7218
7246
7308
7314
7317
7320
7320
7347
7350
7353
7377
7391
7415
7420
7426
7432
7433
7458
7466
7487
7526
7529
7535
7537
7540
7544
7574
7588
7599
7599
7629
7644
7684
7694
7694
7703
7707
7729
7732
7732
7749
7758
7758
7767
7772
7788
7788
7798
7800
7804
7808
7817
7845
7848
7851
7871
7872
7873
7874
7877
7901
7904
7905
7906
7934
7950
7952
7957
7971
7985
7986
7987
7994
7998
8028
8030
8036
8063
8064
8069
8127
8133
8133
8135
8146
8156
8165
8194
8214
8214
8222
8231
8247
8248
8255
8277
8281
8288
8297
8299
8314
8319
8329
8329
8333
8344
8353
8372
8391
8399
8400
8410
8424
8427
8438
8441
8449
8500
8521
8523
8549
8568
8581
8595
8610
8611
8632
8683
8704
8710
8710
8726
8745
8763
8799
8806
8822
8829
8853
8874
8878
8891
8899
8901
8922
8930
8937
8950
8958
8961
8975
8991
8992
9019
9027
9040
9054
9073
9081
9105
9129
9136
9163
9226
9226
9231
9236
9249
9263
9269
9320
9325
9326
9341
9356
9361
9362
9383
9387
9416
9434
9435
9441
9441
9454
9457
9462
9469
9472
9482
9516
9522
9528
9536
9554
9590
9594
9597
9603
9607
9641
9645
9667
9724
9736
9748
9755
9762
9776
9783
9788
9794
9796
9798
9806
9807
9823
9837
9838
9843
9868
9879
9888
9893
9897
9898
9901
9902
9903
9905
9905
9909
9927
9948
9951
9957
9974
9975
9981
9993
10000
10020
10068
10074
10095
10098
10112
10148
10151
10151
10159
10162
10165
10169
10173
10219
10223
10247
10253
10267
10268
10269
10270
10276
10276
10279
10291
10292
10293
10316
10326
10341
10341
10360
10371
10376
10386
10387
10397
10400
10401
10409
10410
10415
10421
10426
10431
10437
10443
10446
10453
10459
10482
10490
10495
10497
10497
10521
10522
10532
10553
10557
10571
10580
10587
10589
10593
10622
10635
10649
10658
10659
10664
10681
10685
10718
10732
10755
10764
10770
10795
10798
10806
10820
10826
10830
10837
10839
10839
10854
10869
10883
10889
10891
10909
10934
10946
10947
10948
10964
10972
10976
10977
10986
10996
10998
11001
11025
11025
11027
11032
11056
11067
11072
11095
11114
11116
11125
11130
11134
11149
11155
11170
11197
11212
11228
11243
11245
11262
11263
11264
11299
11301
11306
11307
11320
11326
11335
11340
11345
11351
11381
11386
11391
11391
11403
11405
11425
11428
11428
11445
11451
11456
11466
11500
11505
11506
11509
11527
11552
11557
11561
11562
11591
11606
11647
11649
11668
11686
11710
11715
11716
11719
11724
11734
11761
11761
11766
11773
11777
11786
11807
11813
11818
11822
11826
11835
11836
11839
11844
11867
11869
11871
11876
11877
11880
11882
11895
11896
11905
11907
11911
11918
11936
11941
11943
11945
11985
11995
11996
12002
12006
12040
12062
12071
12079
12079
12089
12089
12093
12110
12114
12118
12127
12128
12170
12172
12195
12208
12227
12244
12251
12258
12261
12262
12263
12263
12268
12269
12271
12285
12289
12300
12303
12316
12321
12321
12352
12379
12383
12387
12387
12390
12398
12416
12445
12446
12448
12457
12460
12472
12503
12509
12512
12515
12558
12570
12578
12583
12601
12603
12609
12611
12632
12635
12639
12639
12642
12643
12647
12652
12670
12688
12714
12714
12743
12748
12763
12781
12782
12783
12788
12788
12792
12792
12828
12844
12848
12853
12862
12864
12877
12878
12886
12932
12963
12977
12979
12990
13004
13016
13016
13021
13030
13057
13065
13097
13106
13112
13115
13129
13148
13148
13148
13149
13157
13164
13182
13182
13195
13213
13214
13215
13218
13234
13249
13262
13264
13269
13274
13277
13278
13283
13297
13309
13321
13324
13327
13341
13348
13352
13366
13369
13409
13414
13418
13438
13489
13520
13524
13528
13530
13533
13543
13557
13562
13564
13583
13591
13608
13611
13617
13625
13628
13635
13637
13651
13664
13667
13687
13689
13689
13690
13698
13705
13724
13728
13730
13742
13749
13769
13783
13790
13796
13797
13803
13809
13822
13825
13865
13937
13943
13968
13970
13986
14004
14006
14006
14007
14041
14045
14046
14052
14065
14115
14117
14120
14123
14147
14170
14174
14174
14199
14208
14216
14217
14222
14252
14255
14256
14283
14298
14300
14318
14344
14359
14373
14388
14395
14400
14436
14436
14468
14476
14535
14535
14551
14561
14573
14573
14573
14575
14585
14597
14602
14640
14641
14642
14645
14646
14648
14650
14650
14652
14652
14656
14661
14672
14679
14700
14708
14716
14729
14747
14760
14763
14770
14798
14812
14827
14841
14864
14877
14907
14908
14922
14938
14951
14964
14966
14967
14971
14978
14979
14988
14991
14996
15000
15000
15012
15015
15015
15015
15024
15038
15042
15050
15051
15069
15075
15076
15077
15087
15093
15116
15135
15212
15216
15217
15230
15239
15239
15245
15248
15265
15293
15330
15343
15349
15352
15363
15365
15378
15383
15399
15411
15431
15435
15437
15458
15466
15470
15473
15497
15501
15524
15524
15541
15560
15564
15568
15579
15586
15587
15589
15616
15647
15658
15665
15671
15673
15688
15696
15697
15703
15732
15747
15769
15772
15775
15786
15788
15790
15793
15801
15810
15810
15813
15821
15831
15831
15833
15834
15835
15841
15847
15853
15880
15882
15886
15889
15890
15892
15905
15920
15927
15953
15961
15965
16003
16015
16025
16032
16037
16039
16042
16053
16067
16077
16089
16107
16112
16118
16123
16126
16135
16155
16172
16176
16188
16195
16197
16198
16200
16207
16218
16233
16250
16259
16275
16282
16284
16289
16310
16320
16326
16327
16329
16333
16341
16350
16351
16355
16357
16372
16383
16394
16401
16416
16416
16432
16433
16456
16458
16465
16477
16479
16488
16493
16497
16508
16527
16528
16552
16565
16569
16571
16589
16598
16620
16621
16626
16627
16627
16634
16667
16680
16682
16688
16692
16692
16728
16739
16743
16745
16751
16766
16771
16774
16790
16797
16800
16806
16806
16808
16840
16862
16871
16898
16898
16920
16925
16930
16935
16951
16988
16991
17033
17039
17041
17067
17067
17093
17102
17120
17123
17123
17143
17147
17149
17149
17162
17179
17186
17249
17253
17262
17265
17313
17327
17329
17332
17340
17347
17349
17350
17378
17395
17397
17401
17407
17419
17429
17431
17434
17440
17446
17451
17476
17488
17501
17506
17508
17510
17518
17525
17525
17525
17544
17547
17550
17566
17574
17599
17606
17608
17608
17611
17619
17620
17634
17635
17657
17661
17671
17699
17705
17719
17727
17733
17736
17737
17744
17751
17751
17752
17762
17763
17773
17780
17815
17831
17859
17870
17874
17877
17893
17915
17922
17929
17931
17942
17952
17957
17973
17974
17986
17993
17999
18009
18015
18016
18035
18043
18044
18065
18090
18104
18106
18108
18114
18124
18132
18146
18162
18166
18167
18195
18206
18233
18239
18246
18304
18307
18312
18313
18329
18368
18372
18387
18406
18419
18442
18445
18447
18454
18457
18461
18463
18467
18472
18479
18482
18483
18486
18488
18499
18501
18511
18519
18527
18528
18537
18538
18540
18554
18558
18565
18576
18588
18590
18592
18596
18596
18612
18644
18648
18652
18665
18679
18683
18689
18696
18713
18724
18756
18772
18797
18803
18805
18814
18817
18841
18847
18848
18848
18849
18852
18863
18870
18872
18877
18886
18889
18891
18893
18904
18905
18912
18916
18917
18924
18933
18938
18939
18941
18952
18957
18958
18968
18975
18978
18986
18991
18996
19011
19042
19048
19050
19060
19066
19074
19078
19083
19088
19099
19128
19145
19148
19150
19153
19158
19175
19184
19225
19230
19237
19242
19256
19270
19293
19309
19313
19314
19332
19333
19344
19350
19356
19357
19410
19415
19444
19475
19478
19503
19519
19519
19521
19522
19537
19559
19577
19578
19582
19594
19597
19602
19615
19637
19638
19641
19646
19647
19648
19676
19686
19689
19690
19717
19720
19725
19736
19744
19752
19752
19763
19781
19787
19789
19794
19798
19801
19806
19808
19829
19830
19839
19844
19852
19871
19875
19895
19922
19924
19928
19928
19936
19946
19963
19981
19993
19995
19998
20004
20011
20019
20021
20025
20049
20051
20075
20078
20079
20096
20098
20122
20125
20131
20147
20148
20151
20173
20179
20188
20190
20196
20213
20227
20252
20270
20277
20278
20279
20286
20287
20304
20305
20308
20312
20314
20316
20326
20333
20334
20354
20357
20366
20378
20383
20383
20388
20399
20406
20422
20427
20432
20435
20450
20451
20457
20473
20478
20496
20498
20501
20501
20503
20517
20520
20540
20558
20567
20577
20584
20586
20593
20616
20624
20642
20652
20662
20669
20701
20705
20709
20718
20719
20724
20732
20738
20739
20739
20749
20775
20787
20800
20803
20807
20811
20816
20826
20827
20834
20836
20837
20849
20852
20853
20860
20869
20874
20896
20896
20923
20932
20945
20969
21025
21038
21055
21059
21078
21092
21097
21104
21122
21130
21130
21135
21137
21141
21160
21178
21179
21181
21188
21214
21218
21221
21234
21236
21242
21252
21265
21281
21288
21308
21328
21359
21367
21396
21402
21406
21407
21412
21418
21436
21437
21446
21455
21456
21495
21499
21511
21532
21537
21557
21562
21580
21581
21584
21587
21604
21606
21621
21624
21626
21629
21642
21652
21662
21673
21693
21694
21696
21699
21714
21726
21753
21753
21823
21826
21837
21843
21844
21847
21855
21859
21866
21904
21916
21938
21963
21966
21967
21978
21981
21993
22006
22020
22041
22069
22088
22093
22104
22109
22134
22138
22143
22150
22151
22152
22194
22198
22210
22214
22220
22223
22227
22247
22260
22262
22269
22280
22281
22294
22305
22315
22324
22324
22338
22350
22355
22357
22360
22367
22367
22390
22398
22402
22413
22414
22420
22436
22437
22462
22478
22482
22494
22497
22507
22509
22517
22531
22567
22591
22615
22630
22637
22638
22645
22646
22656
22677
22691
22697
22703
22712
22723
22737
22756
22773
22785
22804
22804
22810
22820
22834
22834
22851
22885
22899
22928
22929
22930
22940
22949
22949
22951
22970
22972
22973
22978
22997
23003
23008
23013
23021
23031
23034
23043
23073
23075
23104
23105
23105
23113
23119
23125
23162
23167
23170
23175
23185
23209
23212
23222
23241
23255
23256
23263
23288
23306
23306
23317
23322
23333
23355
23358
23360
23363
23382
23387
23390
23393
23407
23412
23459
23466
23468
23485
23501
23527
23548
23554
23559
23563
23565
23584
23588
23593
23594
23604
23609
23611
23632
23664
23692
23705
23711
23717
23721
23723
23732
23737
23747
23780
23789
23795
23804
23811
23815
23823
23838
23849
23867
23878
23885
23889
23892
23893
23907
23928
23932
23936
23939
23943
23953
23968
23974
23975
23987
23987
23991
24010
24021
24026
24040
24048
24058
24062
24067
24074
24086
24112
24112
24115
24116
24131
24138
24149
24184
24208
24225
24229
24251
24253
24254
24262
24263
24263
24265
24280
24290
24293
24297
24309
24327
24331
24352
24368
24392
24408
24413
24418
24419
24429
24433
24438
24439
24485
24489
24493
24501
24509
24534
24545
24549
24549
24556
24569
24571
24573
24589
24610
24612
24616
24639
24655
24688
24690
24693
24698
24700
24701
24714
24720
24728
24733
24746
24748
24776
24784
24795
24810
24820
24821
24824
24824
24845
24847
24847
24856
24870
24918
24945
24951
24951
24956
24961
24993
24997
24997
25025
25026
25027
25058
25058
25110
25131
25212
25215
25216
25246
25254
25262
25263
25263
25277
25280
25283
25320
25338
25344
25346
25363
25378
25397
25415
25418
25419
25451
25451
25461
25478
25478
25492
25496
25519
25530
25536
25542
25549
25552
25552
25554
25565
25565
25572
25576
25581
25585
25590
25626
25630
25645
25652
25677
25681
25691
25699
25703
25708
25710
25710
25718
25729
25739
25761
25768
25770
25775
25786
25786
25788
25792
25798
25805
25823
25836
25837
25854
25855
25856
25858
25860
25882
25909
25946
25954
25957
25964
25976
25986
25988
25991
25993
26017
26026
26062
26063
26070
26076
26089
26089
26097
26108
26109
26114
26153
26160
26164
26164
26165
26179
26181
26194
26195
26197
26198
26241
26247
26252
26288
26315
26325
26341
26342
26342
26342
26374
26375
26401
26403
26408
26410
26412
26437
26452
26461
26466
26467
26476
26479
26482
26483
26493
26512
26516
26516
26562
26565
26577
26578
26589
26591
26594
26596
26616
26617
26626
26628
26632
26635
26636
26658
26677
26679
26703
26710
26722
26732
26738
26742
26748
26762
26778
26804
26807
26858
26868
26870
26884
26893
26907
26908
26911
26913
26945
26954
26967
26999
26999
27003
27016
27023
27028
27033
27040
27056
27072
27086
27111
27120
27128
27130
27141
27177
27202
27203
27215
27224
27238
27245
27245
27245
27254
27261
27269
27294
27295
27305
27305
27320
27323
27329
27333
27336
27355
27366
27380
27384
27384
27396
27397
27398
27399
27425
27431
27442
27466
27471
27473
27482
27505
27509
27515
27530
27533
27545
27546
27559
27566
27589
27598
27614
27617
27624
27664
27668
27682
27682
27689
27708
27724
27747
27773
27783
27797
27799
27805
27808
27808
27809
27824
27839
27844
27877
27878
27886
27887
27904
27911
27924
27941
27946
27957
27994
27996
28000
28026
28029
28048
28053
28075
28076
28086
28115
28134
28138
28142
28149
28157
28159
28163
28197
28197
28201
28230
28233
28245
28255
28259
28260
28264
28267
28270
28293
28306
28307
28326
28334
28343
28345
28350
28355
28363
28364
28364
28376
28395
28397
28414
28441
28441
28468
28474
28487
28489
28492
28494
28510
28512
28524
28540
28571
28586
28592
28594
28598
28612
28616
28634
28651
28673
28677
28710
28721
28723
28751
28752
28761
28771
28772
28813
28841
28843
28863
28872
28900
28906
28921
28925
28931
28934
28937
28947
28952
28954
28961
28963
28963
28977
28986
28988
28996
29002
29020
29028
29031
29049
29056
29056
29057
29069
29076
29081
29084
29089
29092
29112
29114
29148
29154
29156
29166
29183
29195
29220
29239
29282
29296
29314
29322
29323
29324
29349
29354
29358
29365
29382
29386
29397
29409
29412
29423
29432
29452
29463
29470
29503
29510
29515
29542
29555
29560
29571
29574
29580
29583
29588
29599
29619
29628
29628
29641
29642
29683
29693
29721
29737
29739
29756
29799
29802
29813
29845
29857
29876
29905
29953
29976
29980
29983
29984
29986
29988
29989
29995
29996
30008
30023
30039
30044
30049
30086
30090
30094
30102
30111
30118
30126
30138
30154
30163
30167
30185
30187
30194
30204
30216
30227
30232
30236
30243
30302
30327
30379
30380
30389
30389
30397
30397
30397
30417
30417
30428
30444
30444
30464
30471
30472
30473
30478
30482
30506
30513
30521
30525
30535
30535
30540
30553
30560
30562
30564
30585
30585
30588
30592
30592
30614
30641
30644
30650
30655
30656
30663
30671
30681
30693
30695
30712
30729
30734
30746
30755
30775
30776
30801
30813
30822
30827
30836
30851
30852
30861
30861
30867
30872
30909
30912
30914
30924
30942
30948
30965
30981
30988
30988
30999
31011
31016
31026
31027
31037
31049
31049
31080
31094
31101
31103
31103
31106
31132
31137
31143
31149
31175
31192
31203
31208
31215
31221
31224
31228
31242
31248
31249
31256
31258
31270
31279
31283
31285
31298
31317
31346
31350
31355
31362
31370
31372
31373
31374
31380
31388
31397
31398
31399
31410
31410
31426
31430
31451
31454
31477
31477
31478
31497
31501
31503
31524
31531
31542
31544
31568
31571
31598
31599
31603
31604
31651
31660
31665
31692
31694
31696
31714
31716
31722
31729
31729
31735
31743
31755
31755
31764
31777
31787
31788
31801
31803
31816
31816
31823
31826
31838
31851
31853
31857
31892
31907
31931
31946
31982
31997
32000
32016
32019
32024
32034
32035
32070
32086
32088
32099
32099
32124
32138
32141
32146
32152
32152
32166
32169
32171
32187
32196
32200
32208
32224
32236
32247
32272
32275
32279
32288
32315
32319
32324
32327
32329
32343
32354
32356
32362
32364
32373
32378
32394
32396
32429
32465
32465
32476
32486
32495
32524
32532
32539
32542
32546
32562
32565
32571
32588
32594
32603
32608
32617
32640
32647
32651
32658
32662
32665
32667
32674
32687
32692
32693
32698
32721
32731
32733
32738
32738
32753
32783
32783
32790
32806
32823
32858
32868
32872
32925
32931
32938
32948
32951
32954
32958
32980
32984
32989
32994
32997
33048
33053
33055
33069
33083
33089
33090
33109
33121
33152
33156
33159
33159
33160
33171
33177
33191
33205
33207
33215
33219
33222
33252
33265
33272
33302
33303
33309
33323
33327
33327
33347
33363
33374
33378
33386
33390
33394
33414
33426
33432
33433
33459
33464
33471
33491
33507
33508
33538
33546
33551
33561
33563
33565
33568
33574
33581
33601
33618
33622
33626
33632
33639
33647
33648
33655
33672
33685
33686
33701
33713
33713
33717
33721
33725
33730
33740
33746
33755
33758
33760
33764
33772
33776
33779
33780
33783
33786
33789
33796
33798
33802
33850
33850
33862
33865
33867
33870
33887
33892
33907
33922
33934
33937
33947
33954
33955
33957
33963
33970
33980
33980
33986
33999
34001
34009
34098
34100
34130
34140
34158
34160
34161
34161
34194
34221
34222
34225
34227
34233
34239
34254
34276
34280
34304
34307
34308
34327
34327
34336
34338
34345
34346
34360
34368
34374
34385
34405
34412
34435
34449
34456
34459
34462
34465
34467
34470
34477
34486
34488
34496
34528
34553
34555
34587
34600
34605
34620
34622
34630
34655
34658
34661
34679
34685
34689
34705
34718
34720
34721
34756
34777
34824
34830
34832
34839
34841
34848
34873
34876
34881
34888
34890
34890
34891
34931
34933
34941
34974
34976
34995
35034
35061
35070
35074
35104
35111
35142
35160
35180
35182
35185
35185
35192
35224
35225
35230
35248
35253
35262
35304
35310
35324
35329
35335
35336
35352
35360
35389
35402
35418
35420
35433
35435
35444
35454
35460
35460
35461
35468
35498
35509
35512
35542
35544
35548
35549
35560
35607
35609
35612
35639
35649
35671
35673
35677
35704
35719
35720
35720
35722
35735
35741
35741
35747
35748
35750
35758
35762
35767
35780
35797
35839
35840
35842
35859
35871
35877
35894
35917
35922
35925
35942
35942
35946
35947
35965
35978
35992
35998
36001
36057
36094
36096
36120
36130
36138
36139
36155
36160
36176
36193
36202
36207
36207
36228
36249
36253
36256
36256
36267
36286
36301
36310
36321
36335
36351
36357
36390
36390
36409
36415
36416
36446
36458
36478
36478
36547
36568
36592
36634
36639
36650
36676
36683
36689
36697
36697
36699
36712
36715
36721
36778
36795
36802
36803
36807
36809
36817
36831
36832
36835
36838
36880
36918
36925
36929
36951
36957
36964
36968
36975
36977
36987
36992
37004
37007
37007
37026
37035
37043
37045
37046
37046
37048
37051
37052
37061
37067
37067
37070
37082
37089
37092
37106
37112
37124
37124
37127
37154
37163
37171
37179
37179
37197
37207
37213
37235
37241
37263
37264
37268
37278
37293
37293
37303
37309
37312
37335
37378
37385
37403
37414
37420
37421
37428
37444
37447
37447
37447
37472
37475
37482
37503
37505
37510
37511
37528
37534
37534
37561
37573
37579
37588
37597
37609
37610
37619
37621
37648
37650
37654
37655
37667
37672
37672
37679
37680
37690
37691
37697
37700
37704
37763
37770
37771
37782
37793
37794
37801
37819
37824
37840
37862
37886
37898
37967
37983
37986
37989
37996
37999
38008
38021
38029
38044
38046
38056
38059
38087
38099
38120
38136
38148
38152
38178
38185
38185
38189
38192
38195
38198
38215
38240
38260
38272
38274
38278
38279
38280
38282
38297
38315
38335
38340
38340
38341
38342
38369
38381
38405
38416
38423
38451
38461
38463
38464
38465
38466
38468
38470
38473
38481
38514
38526
38529
38545
38553
38558
38558
38571
38578
38579
38580
38604
38613
38615
38655
38658
38671
38673
38681
38690
38732
38733
38735
38756
38772
38780
38802
38809
38816
38818
38819
38852
38857
38867
38869
38891
38904
38909
38919
38923
38925
38945
38951
38954
38958
38969
38976
38977
38982
38994
38999
39003
39003
39006
39007
39008
39035
39081
39095
39100
39107
39110
39113
39115
39121
39121
39127
39149
39172
39174
39187
39197
39202
39213
39224
39234
39242
39260
39260
39265
39282
39287
39293
39294
39301
39311
39316
39319
39327
39344
39354
39355
39358
39359
39369
39384
39389
39392
39393
39403
39424
39446
39486
39517
39542
39546
39549
39555
39592
39593
39605
39614
39619
39623
39635
39637
39642
39654
39658
39659
39678
39679
39683
39695
39697
39713
39721
39727
39730
39731
39749
39794
39804
39810
39814
39835
39847
39851
39851
39855
39860
39864
39865
39869
39874
39882
39884
39885
39895
39897
39902
39902
39904
39918
39919
39920
39925
39946
39947
39951
39968
39973
39974
39992
40014
40023
40028
40061
40079
40086
40090
40096
40098
40105
40121
40125
40132
40157
40172
40185
40187
40190
40195
40221
40231
40233
40245
40246
40250
40268
40271
40277
40282
40293
40299
40314
40319
40329
40334
40336
40366
40401
40409
40416
40416
40427
40445
40453
40456
40488
40491
40497
40502
40525
40527
40540
40543
40544
40552
40554
40557
40560
40571
40574
40578
40586
40588
40597
40600
40604
40619
40619
40620
40625
40636
40639
40641
40661
40666
40669
40709
40725
40732
40733
40736
40736
40737
40750
40759
40771
40783
40793
40797
40802
40803
40808
40821
40826
40827
40831
40842
40847
40853
40865
40866
40872
40874
40907
40909
40917
40941
40943
40951
40957
40964
40972
40974
40974
40991
40999
41001
41008
41013
41016
41017
41021
41036
41065
41071
41074
41077
41099
41102
41112
41129
41135
41149
41153
41156
41184
41185
41187
41187
41189
41208
41246
41257
41264
41265
41291
41294
41302
41331
41333
41345
41354
41355
41370
41372
41387
41401
41403
41409
41410
41431
41432
41448
41450
41458
41464
41464
41468
41477
41477
41478
41481
41488
41489
41497
41516
41518
41526
41536
41567
41575
41575
41608
41628
41631
41649
41656
41658
41659
41666
41667
41690
41692
41692
41695
41701
41726
41729
41729
41745
41745
41770
41794
41796
41800
41827
41877
41877
41896
41914
41918
41921
41929
41947
41948
41975
41984
41991
41996
41998
42000
42006
42019
42026
42057
42076
42083
42090
42109
42115
42121
42163
42171
42175
42202
42210
42224
42224
42245
42245
42258
42258
42268
42271
42279
42283
42300
42303
42316
42326
42332
42381
42389
42414
42437
42446
42450
42453
42454
42457
42462
42466
42481
42496
42498
42532
42533
42535
42538
42542
42549
42560
42576
42580
42582
42585
42587
42587
42591
42602
42611
42620
42651
42669
42673
42700
42703
42718
42736
42762
42770
42791
42812
42826
42833
42844
42845
42850
42870
42898
42911
42912
42918
42925
42927
42930
42935
42965
42976
42990
43037
43045
43055
43056
43096
43116
43119
43126
43153
43158
43159
43162
43187
43198
43213
43216
43224
43225
43235
43246
43249
43252
43254
43284
43287
43288
43295
43307
43311
43319
43331
43331
43334
43334
43337
43341
43357
43377
43381
43393
43405
43412
43417
43432
43433
43433
43435
43451
43473
43480
43481
43496
43497
43500
43501
43504
43505
43508
43526
43537
43538
43541
43551
43569
43622
43627
43631
43632
43640
43647
43651
43663
43681
43685
43694
43708
43715
43721
43723
43736
43747
43760
43765
43767
43767
43768
43769
43773
43800
43801
43817
43818
43822
43828
43841
43850
43862
43883
43893
43904
43916
43916
43934
43935
43936
43936
43951
43954
43957
43960
43961
43967
43979
43995
44009
44037
44047
44053
44083
44096
44097
44101
44102
44121
44124
44124
44127
44127
44127
44128
44131
44137
44147
44158
44174
44178
44188
44191
44194
44199
44202
44203
44216
44218
44241
44243
44294
44311
44326
44368
44373
44375
44381
44407
44437
44446
44460
44469
44480
44480
44487
44509
44514
44515
44524
44559
44563
44588
44588
44600
44616
44625
44631
44651
44660
44668
44674
44674
44675
44675
44683
44690
44694
44700
44724
44733
44749
44752
44778
44779
44789
44791
44805
44813
44833
44840
44854
44855
44873
44886
44904
44905
44910
44916
44916
44927
44929
44939
44951
44983
45007
45015
45019
45044
45061
45068
45077
45093
45109
45119
45144
45150
45151
45160
45166
45175
45182
45184
45220
45226
45238
45255
45271
45283
45285
45303
45307
45323
45323
45327
45327
45329
45347
45349
45351
45369
45374
45387
45397
45399
45403
45420
45422
45432
45442
45449
45454
45470
45489
45502
45510
45521
45536
45539
45545
45548
45549
45549
45555
45555
45557
45558
45559
45567
45596
45612
45616
45629
45635
45639
45651
45654
45657
45661
45669
45671
45673
45684
45690
45695
45716
45723
45739
45744
45751
45760
45767
45776
45790
45803
45807
45810
45819
45821
45832
45833
45840
45848
45848
45851
45859
45881
45892
45898
45901
45912
45936
45974
45984
45986
45986
45988
46001
46004
46015
46021
46029
46033
46038
46057
46061
46064
46080
46098
46101
46107
46116
46139
46151
46161
46168
46190
46203
46209
46217
46224
46246
46252
46261
46263
46275
46278
46281
46286
46292
46298
46299
46300
46304
46331
46332
46338
46362
46415
46417
46435
46449
46463
46488
46496
46498
46498
46503
46506
46515
46515
46548
46561
46563
46577
46581
46603
46619
46624
46632
46642
46653
46667
46675
46676
46692
46697
46725
46731
46735
46756
46758
46764
46766
46782
46789
46797
46824
46824
46828
46829
46862
46864
46868
46869
46876
46888
46906
46932
46933
46974
46975
46993
47035
47041
47043
47065
47092
47122
47123
47143
47151
47172
47172
47187
47203
47203
47208
47211
47220
47224
47225
47227
47248
47251
47258
47268
47275
47290
47298
47307
47311
47344
47352
47356
47359
47377
47388
47396
47408
47408
47455
47457
47463
47478
47482
47483
47483
47490
47513
47515
47517
47522
47524
47534
47541
47558
47588
47595
47598
47601
47620
47631
47652
47676
47691
47692
47694
47702
47711
47713
47717
47718
47724
47731
47740
47746
47747
47756
47761
47784
47787
47790
47803
47807
47809
47811
47817
47847
47860
47867
47891
47894
47922
47938
47968
47976
47983
47986
47993
47997
48000
48008
48012
48013
48030
48031
48034
48035
48049
48058
48062
48080
48106
48108
48128
48128
48130
48133
48142
48142
48146
48155
48169
48194
48196
48207
48211
48216
48218
48229
48253
48287
48292
48309
48310
48311
48320
48335
48335
48339
48351
48366
48366
48374
48380
48385
48388
48424
48428
48430
48438
48456
48494
48494
48502
48504
48517
48517
48524
48540
48558
48578
48583
48587
48589
48592
48626
48629
48630
48631
48639
48648
48653
48666
48667
48684
48691
48700
48708
48724
48728
48747
48765
48769
48793
48800
48806
48808
48808
48815
48821
48837
48840
48843
48850
48855
48856
48866
48868
48871
48910
48913
48939
48942
48969
48974
48982
48989
48992
49002
49028
49032
49035
49058
49083
49084
49095
49096
49096
49121
49122
49125
49128
49131
49143
49149
49170
49171
49183
49185
49185
49196
49224
49252
49256
49263
49271
49273
49279
49287
49298
49315
49317
49324
49328
49331
49339
49356
49358
49379
49383
49392
49421
49425
49436
49439
49445
49451
49456
49461
49464
49479
49480
49496
49504
49513
49522
49522
49523
49526
49534
49535
49537
49540
49554
49554
49556
49585
49586
49610
49613
49628
49646
49653
49662
49664
49680
49711
49735
49736
49772
49780
49781
49781
49787
49791
49800
49832
49847
49857
49859
49860
49861
49871
49895
49905
49935
49939
49946
49947
49961
49987
49988
50003
50008
50008
50018
50023
50042
50049
50076
50077
50114
50126
50130
50152
50167
50171
50206
50237
50240
50243
50246
50254
50261
50274
50276
50277
50286
50307
50346
50350
50356
50358
50360
50367
50368
50384
50400
50421
50437
50439
50456
50460
50470
50475
50478
50483
50518
50519
50526
50550
50563
50608
50618
50629
50653
50660
50661
50663
50665
50673
50694
50703
50705
50711
50731
50757
50767
50774
50792
50795
50812
50820
50821
50826
50826
50837
50850
50888
50896
50899
50905
50923
50923
50929
50929
50937
50944
50959
50959
50981
50990
51000
51009
51018
51028
51036
51040
51046
51046
51053
51075
51076
51077
51089
51097
51097
51107
51127
51133
51138
51150
51151
51167
51170
51180
51190
51191
51199
51200
51204
51206
51213
51245
51268
51270
51280
51317
51344
51359
51363
51369
51375
51397
51403
51409
51411
51413
51440
51449
51451
51459
51471
51472
51478
51483
51524
51527
51537
51547
51548
51552
51557
51557
51558
51562
51585
51597
51613
51628
51633
51642
51645
51681
51685
51687
51697
51701
51706
51727
51741
51743
51747
51767
51789
51792
51813
51830
51841
51856
51873
51886
51887
51897
51898
51903
51916
51940
51944
51946
51952
51952
52010
52018
52029
52030
52030
52053
52058
52072
52073
52074
52119
52132
52135
52147
52150
52156
52160
52174
52195
52197
52221
52223
52232
52257
52262
52267
52272
52280
52282
52285
52302
52310
52313
52329
52350
52399
52403
52420
52424
52430
52434
52440
52440
52442
52452
52478
52502
52507
52509
52518
52519
52526
52526
52531
52531
52544
52547
52550
52555
52560
52570
52585
52586
52592
52598
52599
52606
52608
52616
52616
52637
52643
52646
52659
52687
52689
52690
52709
52714
52731
52745
52750
52763
52772
52774
52784
52804
52817
52819
52820
52824
52831
52860
52862
52863
52878
52898
52921
52940
52940
52955
52970
52972
52981
52981
52983
53011
53039
53055
53061
53061
53088
53092
53097
53106
53109
53124
53131
53136
53138
53151
53162
53170
53173
53176
53179
53180
53195
53213
53224
53225
53246
53257
53260
53278
53308
53309
53311
53319
53341
53359
53363
53367
53372
53378
53383
53385
53403
53403
53411
53421
53428
53429
53432
53478
53484
53510
53513
53533
53564
53602
53609
53616
53627
53642
53643
53652
53662
53678
53683
53688
53700
53713
53715
53717
53761
53762
53769
53776
53780
53788
53815
53817
53827
53856
53864
53880
53884
53886
53891
53908
53911
53912
53919
53931
53943
53951
53954
53954
53955
53958
53959
53964
53969
53975
53981
53982
53985
53987
54009
54024
54040
54047
54065
54081
54091
54101
54106
54106
54108
54109
54123
54137
54138
54141
54142
54149
54160
54187
54207
54209
54218
54239
54273
54284
54284
54295
54316
54326
54339
54351
54354
54370
54374
54387
54392
54400
54408
54417
54427
54430
54434
54440
54468
54489
54498
54509
54519
54521
54527
54535
54552
54554
54588
54594
54596
54598
54606
54629
54634
54638
54666
54690
54693
54695
54732
54732
54745
54748
54756
54763
54793
54820
54853
54864
54867
54870
54875
54892
54893
54894
54894
54908
54919
54942
54947
54963
54974
54983
54985
55010
55018
55019
55021
55026
55029
55030
55043
55044
55056
55057
55061
55077
55087
55087
55088
55100
55110
55134
55137
55150
55156
55173
55176
55202
55207
55209
55210
55221
55239
55243
55248
55252
55252
55270
55276
55297
55305
55308
55311
55311
55311
55319
55325
55330
55362
55364
55369
55371
55387
55399
55412
55416
55431
55439
55443
55443
55453
55453
55457
55462
55465
55491
55514
55517
55538
55569
55578
55587
55590
55590
55596
55604
55611
55615
55633
55636
55644
55654
55703
55719
55733
55740
55754
55796
55808
55810
55818
55819
55838
55843
55845
55847
55850
55852
55855
55855
55861
55862
55872
55877
55877
55882
55885
55899
55911
55926
55931
55941
55960
55964
55970
55996
55999
55999
56000
56010
56026
56052
56070
56095
56097
56104
56114
56122
56132
56133
56147
56163
56167
56169
56171
56179
56183
56189
56194
56209
56214
56220
56224
56225
56240
56307
56318
56323
56330
56335
56345
56355
56380
56397
56403
56412
56414
56416
56429
56429
56439
56448
56466
56475
56475
56484
56497
56510
56511
56521
56527
56530
56543
56553
56560
56573
56604
56607
56609
56619
56632
56632
56645
56654
56664
56676
56678
56683
56683
56690
56692
56695
56718
56719
56731
56739
56757
56759
56760
56764
56791
56837
56841
56848
56855
56857
56857
56866
56870
56882
56896
56914
56923
56928
56929
56934
56939
56953
56971
56997
57000
57001
57005
57023
57038
57058
57059
57072
57074
57097
57097
57105
57139
57147
57152
57168
57171
57197
57198
57203
57211
57218
57229
57248
57248
57252
57254
57258
57259
57267
57270
57281
57291
57312
57312
57334
57348
57395
57406
57409
57410
57421
57428
57434
57451
57457
57461
57492
57509
57510
57516
57519
57522
57547
57549
57549
57570
57585
57624
57630
57631
57631
57648
57650
57658
57662
57682
57700
57705
57727
57743
57745
57754
57761
57765
57769
57772
57774
57774
57775
57796
57801
57801
57802
57802
57826
57828
57843
57856
57886
57909
57929
57929
57946
57988
57990
58007
58015
58029
58030
58066
58067
58077
58087
58093
58104
58106
58106
58116
58123
58126
58133
58146
58152
58181
58193
58209
58229
58236
58240
58243
58257
58275
58276
58276
58287
58295
58322
58331
58338
58339
58345
58346
58356
58362
58397
58433
58439
58456
58475
58478
58493
58501
58504
58517
58520
58528
58532
58562
58572
58584
58593
58597
58602
58604
58606
58610
58625
58627
58637
58667
58683
58688
58701
58711
58714
58727
58738
58750
58764
58785
58798
58802
58803
58823
58842
58903
58923
58926
58928
58929
58933
58940
58945
58949
58961
58963
58969
58982
58985
59002
59016
59023
59056
59065
59080
59094
59098
59104
59110
59113
59114
59118
59120
59128
59128
59132
59154
59155
59168
59171
59171
59201
59213
59221
59225
59228
59236
59237
59259
59265
59275
59288
59302
59314
59322
59329
59331
59333
59340
59350
59355
59366
59373
59376
59376
59378
59379
59391
59397
59404
59410
59410
59421
59433
59434
59440
59445
59450
59456
59473
59478
59479
59479
59490
59491
59504
59504
59527
59551
59557
59566
59576
59617
59644
59674
59675
59679
59693
59695
59702
59705
59709
59716
59719
59731
59731
59737
59744
59748
59751
59754
59758
59760
59774
59778
59784
59786
59800
59836
59860
59862
59873
59880
59886
59909
59917
59918
59920
59929
59945
59954
59964
59991
60007
60023
60025
60026
60028
60030
60036
60039
60043
60051
60059
60109
60110
60114
60122
60144
60145
60151
60162
60178
60202
60202
60206
60211
60224
60225
60236
60260
60270
60292
60299
60315
60322
60327
60328
60360
60360
60364
60369
60383
60393
60402
60403
60407
60412
60419
60423
60425
60431
60454
60460
60464
60477
60485
60494
60499
60504
60507
60548
60558
60561
60569
60570
60580
60583
60588
60594
60595
60598
60603
60611
60614
60644
60672
60675
60681
60706
60706
60733
60736
60743
60761
60790
60793
60804
60805
60824
60831
60832
60837
60863
60877
60880
60882
60898
60911
60938
60944
60954
60957
60959
60966
60974
60978
61023
61055
61067
61080
61090
61106
61114
61121
61159
61162
61181
61188
61203
61217
61218
61229
61237
61253
61303
61305
61327
61349
61361
61387
61393
61456
61459
61460
61460
61472
61496
61497
61506
61520
61522
61551
61553
61581
61607
61613
61626
61626
61628
61640
61641
61643
61684
61685
61690
61698
61712
61720
61722
61727
61743
61800
61818
61827
61836
61836
61855
61869
61876
61880
61886
61904
61905
61915
61922
61924
61935
61937
61941
61944
61945
61947
61949
61955
61960
61971
61994
62018
62052
62054
62066
62071
62080
62099
62101
62106
62109
62109
62112
62119
62126
62140
62144
62144
62148
62153
62154
62192
62197
62215
62227
62238
62241
62243
62247
62259
62261
62262
62269
62280
62336
62345
62356
62372
62374
62389
62389
62392
62395
62418
62424
62430
62430
62439
62441
62464
62481
62495
62506
62512
62521
62523
62545
62564
62590
62596
62618
62625
62625
62627
62639
62640
62645
62669
62681
62688
62692
62693
62704
62711
62723
62733
62741
62747
62761
62770
62788
62789
62793
62797
62801
62819
62831
62840
62840
62846
62849
62857
62866
62875
62891
62911
62922
62966
62968
62977
62995
63003
63005
63010
63024
63025
63041
63047
63068
63081
63095
63113
63146
63159
63162
63186
63189
63194
63197
63217
63223
63229
63237
63278
63278
63282
63289
63306
63307
63337
63343
63362
63365
63369
63372
63372
63377
63385
63387
63403
63406
63423
63443
63443
63452
63452
63457
63470
63486
63489
63495
63511
63514
63551
63555
63556
63563
63576
63598
63615
63633
63634
63643
63646
63657
63660
63672
63677
63695
63697
63697
63697
63708
63709
63724
63735
63744
63758
63768
63775
63777
63803
63810
63833
63853
63856
63863
63868
63871
63873
63887
63897
63908
63912
63937
63943
63946
63947
63953
63967
63982
63993
63999
64005
64007
64017
64021
64026
64027
64041
64054
64057
64083
64083
64087
64095
64113
64114
64134
64146
64161
64162
64184
64191
64197
64218
64219
64237
64263
64277
64283
64284
64292
64298
64307
64312
64316
64320
64323
64372
64376
64394
64405
64408
64429
64448
64456
64456
64465
64474
64491
64503
64510
64527
64530
64546
64561
64596
64606
64607
64614
64617
64639
64657
64676
64699
64704
64706
64720
64749
64760
64775
64791
64813
64850
64876
64877
64880
64881
64887
64909
64910
64929
64954
64979
64983
64994
65011
65022
65030
65066
65069
65072
65083
65089
65105
65106
65109
65113
65114
65127
65130
65144
65146
65165
65187
65192
65193
65200
65207
65207
65214
65221
65228
65239
65248
65254
65255
65271
65276
65287
65296
65304
65304
65318
65324
65324
65341
65351
65352
65360
65362
65363
65367
65400
65401
65403
65411
65423
65435
65443
65443
65452
65466
65467
65487
65500
65501
65503
65515
65515
65531
65548
65556
65570
65572
65573
65580
65600
65603
65607
65610
65628
65630
65644
65649
65656
65658
65664
65675
65678
65680
65680
65681
65701
65730
65733
65752
65769
65781
65805
65812
65825
65827
65841
65843
65844
65852
65858
65871
65883
65888
65917
65933
65938
65945
65963
65970
65978
65983
66009
66024
66025
66038
66041
66042
66063
66075
66081
66089
66113
66117
66118
66126
66127
66127
66136
66139
66140
66148
66153
66166
66172
66183
66189
66235
66245
66261
66265
66281
66285
66296
66350
66356
66360
66367
66377
66390
66394
66423
66426
66431
66431
66444
66448
66450
66452
66454
66459
66468
66468
66474
66478
66490
66499
66501
66503
66509
66510
66519
66528
66540
66561
66576
66578
66586
66596
66604
66607
66616
66628
66636
66658
66666
66672
66678
66681
66687
66697
66708
66731
66734
66753
66754
66765
66766
66768
66789
66816
66830
66854
66860
66863
66881
66886
66926
66931
66949
66954
66965
66976
66985
66993
67000
67002
67061
67091
67115
67117
67117
67118
67133
67138
67145
67149
67152
67163
67176
67180
67181
67187
67230
67238
67244
67250
67256
67259
67269
67270
67289
67295
67312
67320
67328
67347
67349
67358
67368
67414
67419
67425
67427
67428
67430
67448
67454
67455
67488
67499
67515
67533
67552
67559
67577
67589
67593
67594
67632
67635
67649
67659
67660
67672
67672
67684
67717
67717
67754
67771
67788
67798
67803
67804
67836
67841
67851
67865
67875
67914
67960
67964
67967
67974
67979
67985
68008
68016
68017
68020
68022
68049
68059
68059
68071
68074
68104
68106
68118
68119
68127
68146
68151
68156
68165
68174
68180
68205
68207
68212
68217
68222
68242
68261
68265
68268
68275
68276
68280
68291
68311
68318
68319
68338
68353
68361
68364
68375
68380
68389
68391
68392
68397
68403
68416
68420
68423
68431
68431
68456
68478
68493
68497
68498
68516
68517
68534
68543
68543
68548
68554
68555
68555
68591
68604
68623
68639
68661
68677
68688
68714
68717
68730
68743
68754
68768
68772
68782
68798
68801
68803
68808
68825
68838
68844
68852
68900
68912
68922
68931
68938
68955
68956
68957
68958
68959
68973
68979
68987
68990
68990
68996
69003
69012
69038
69040
69043
69063
69076
69089
69121
69122
69123
69184
69188
69213
69222
69236
69237
69247
69248
69268
69277
69313
69319
69320
69322
69334
69348
69349
69389
69390
69398
69406
69461
69477
69477
69489
69491
69501
69519
69531
69547
69558
69573
69583
69608
69643
69649
69652
69681
69689
69700
69702
69703
69726
69736
69746
69754
69759
69762
69771
69779
69805
69825
69833
69840
69849
69851
69857
69862
69872
69873
69885
69906
69919
69922
69929
69934
69938
69953
69963
69988
69991
69993
69997
69997
70014
70034
70049
70067
70070
70123
70130
70137
70156
70160
70179
70200
70207
70221
70230
70232
70234
70236
70241
70261
70286
70291
70305
70321
70355
70360
70362
70363
70365
70368
70369
70378
70395
70396
70400
70403
70406
70414
70419
70422
70425
70466
70470
70470
70472
70473
70477
70478
70485
70501
70517
70537
70543
70557
70563
70565
70573
70597
70600
70612
70613
70615
70623
70625
70628
70639
70642
70686
70701
70706
70746
70747
70748
70757
70759
70773
70774
70805
70807
70811
70844
70848
70858
70858
70864
70874
70884
70890
70893
70894
70898
70904
70904
70923
70931
70938
70945
70968
70994
70998
71029
71036
71036
71037
71046
71066
71079
71081
71099
71107
71114
71134
71137
71145
71145
71154
71166
71168
71173
71179
71182
71188
71219
71225
71225
71225
71253
71265
71284
71293
71294
71309
71311
71313
71326
71336
71351
71354
71395
71396
71401
71406
71413
71422
71433
71451
71464
71509
71510
71515
71520
71547
71548
71549
71561
71567
71609
71615
71618
71695
71716
71721
71733
71755
71764
71766
71768
71771
71792
71798
71802
71819
71819
71822
71830
71831
71844
71863
71864
71865
71871
71892
71901
71910
71925
71941
71942
71944
71958
71959
71978
71980
71990
71999
72009
72016
72025
72033
72056
72072
72085
72092
72096
72110
72111
72132
72133
72142
72153
72155
72161
72162
72165
72166
72196
72198
72211
72216
72223
72230
72241
72262
72272
72273
72279
72288
72302
72304
72305
72305
72319
72334
72336
72351
72358
72389
72395
72399
72458
72463
72493
72502
72506
72523
72532
72535
72550
72561
72563
72565
72580
72585
72611
72629
72630
72636
72642
72669
72693
72708
72714
72727
72732
72738
72752
72772
72782
72795
72816
72817
72817
72844
72845
72847
72854
72862
72863
72866
72867
72871
72889
72906
72919
72932
72940
72941
72944
72945
72945
72958
72960
72966
72971
72979
72979
72992
73004
73039
73041
73044
73064
73073
73074
73081
73085
73088
73101
73101
73104
73114
73121
73150
73150
73168
73172
73187
73189
73203
73208
73208
73224
73232
73257
73259
73261
73267
73271
73277
73293
73297
73306
73307
73310
73314
73332
73332
73341
73356
73369
73377
73385
73390
73396
73397
73399
73409
73417
73418
73423
73429
73434
73434
73438
73444
73445
73446
73451
73466
73477
73480
73488
73490
73494
73495
73510
73526
73529
73531
73565
73574
73601
73604
73608
73613
73614
73631
73634
73644
73651
73653
73668
73686
73763
73780
73786
73798
73802
73802
73802
73808
73808
73814
73819
73837
73840
73845
73856
73858
73860
73877
73898
73900
73914
73916
73920
73933
73939
73962
73966
73986
73994
73998
74006
74014
74017
74020
74026
74056
74068
74081
74084
74091
74104
74108
74118
74151
74159
74163
74167
74175
74195
74214
74229
74230
74237
74240
74251
74276
74288
74296
74307
74309
74333
74340
74342
74347
74357
74379
74384
74396
74397
74405
74411
74412
74418
74418
74424
74441
74444
74446
74448
74469
74500
74559
74564
74569
74572
74575
74575
74584
74590
74595
74612
74612
74631
74637
74641
74655
74664
74675
74697
74698
74722
74745
74746
74752
74757
74758
74797
74808
74829
74839
74841
74844
74845
74850
74852
74865
74874
74888
74895
74896
74900
74906
74915
74917
74938
74948
74957
74980
75003
75006
75010
75027
75039
75043
75058
75060
75061
75074
75080
75095
75106
75108
75118
75120
75141
75144
75146
75154
75163
75164
75184
75186
75186
75192
75199
75227
75230
75231
75232
75238
75270
75276
75282
75285
75294
75304
75313
75329
75375
75389
75392
75397
75403
75416
75417
75428
75433
75435
75441
75447
75466
75466
75482
75500
75508
75517
75518
75532
75535
75536
75541
75542
75565
75567
75567
75572
75572
75574
75583
75591
75608
75616
75635
75640
75646
75649
75649
75659
75667
75669
75674
75677
75684
75690
75691
75696
75728
75738
75742
75748
75852
75852
75853
75855
75863
75864
75865
75867
75868
75869
75870
75877
75908
75940
75941
75946
75948
75948
75952
75956
75965
75974
75975
75991
75999
76014
76015
76020
76020
76037
76039
76041
76045
76046
76057
76074
76078
76084
76101
76113
76115
76118
76129
76143
76161
76167
76177
76177
76178
76182
76185
76186
76194
76200
76217
76227
76244
76245
76247
76257
76310
76314
76320
76348
76376
76392
76401
76433
76440
76442
76446
76452
76485
76490
76503
76513
76515
76555
76560
76570
76576
76577
76586
76588
76588
76596
76627
76628
76652
76677
76683
76689
76691
76692
76707
76709
76715
76722
76725
76730
76736
76744
76748
76749
76760
76771
76784
76794
76819
76827
76833
76839
76842
76849
76878
76885
76889
76906
76909
76945
76950
76960
76966
76973
76981
76986
76987
76991
76997
77003
77031
77036
77040
77054
77061
77067
77068
77102
77109
77115
77116
77139
77144
77147
77175
77186
77186
77193
77224
77237
77242
77246
77258
77259
77259
77261
77264
77277
77299
77301
77320
77328
77338
77343
77345
77380
77393
77395
77422
77429
77440
77441
77442
77458
77475
77477
77484
77494
77498
77500
77516
77546
77553
77590
77606
77607
77610
77629
77633
77640
77670
77673
77693
77720
77741
77754
77775
77779
77779
77790
77791
77792
77799
77810
77816
77840
77844
77853
77866
77877
77898
77913
77917
77920
77931
77935
77937
77951
77962
77967
77983
77983
77987
78018
78022
78042
78059
78065
78068
78072
78080
78087
78118
78133
78143
78147
78158
78159
78161
78164
78189
78191
78191
78193
78211
78212
78217
78221
78228
78228
78237
78272
78300
78302
78323
78357
78358
78358
78358
78388
78392
78397
78410
78421
78425
78428
78431
78439
78458
78460
78462
78476
78478
78480
78480
78490
78498
78499
78509
78529
78551
78554
78565
78579
78609
78639
78656
78673
78677
78698
78726
78743
78745
78747
78748
78755
78784
78820
78836
78837
78851
78857
78863
78879
78883
78891
78907
78932
78942
78959
78960
78970
78975
79002
79008
79009
79013
79026
79032
79036
79041
79047
79054
79056
79070
79076
79079
79092
79103
79118
79123
79147
79155
79158
79160
79198
79216
79217
79259
79262
79273
79290
79293
79296
79307
79312
79323
79342
79342
79360
79362
79391
79395
79401
79404
79413
79415
79432
79435
79452
79456
79469
79481
79496
79505
79551
79599
79613
79620
79621
79623
79625
79629
79653
79658
79662
79735
79738
79742
79753
79769
79771
79806
79814
79821
79824
79848
79852
79852
79874
79880
79890
79891
79902
79915
79932
79935
79972
79983
79985
79992
80006
80014
80027
80040
80042
80045
80045
80059
80059
80066
80071
80072
80080
80087
80114
80119
80124
80166
80168
80177
80178
80179
80179
80187
80188
80192
80196
80196
80226
80232
80244
80263
80264
80270
80270
80273
80277
80277
80300
80301
80307
80311
80316
80336
80339
80349
80365
80379
80385
80391
80396
80404
80409
80417
80426
80432
80442
80459
80475
80477
80481
80501
80501
80502
80505
80506
80524
80535
80543
80546
80553
80563
80585
80588
80590
80604
80606
80610
80619
80637
80638
80647
80655
80675
80691
80715
80719
80734
80740
80743
80752
80759
80783
80789
80802
80819
80820
80867
80878
80878
80886
80887
80909
80909
80916
80924
80940
80950
80955
80959
80977
80990
80995
81014
81048
81062
81089
81123
81147
81154
81154
81177
81179
81183
81203
81213
81232
81241
81244
81259
81268
81272
81278
81303
81305
81305
81311
81313
81337
81343
81357
81365
81374
81416
81421
81430
81456
81465
81486
81491
81507
81514
81516
81523
81526
81530
81559
81576
81583
81598
81606
81621
81646
81666
81666
81680
81682
81711
81731
81732
81734
81742
81767
81789
81795
81798
81800
81806
81817
81821
81824
81841
81862
81874
81886
81901
81917
81939
81951
81953
81956
81958
81959
81964
81972
81977
81980
81987
81990
81998
81998
82001
82008
82009
82010
82030
82050
82058
82064
82096
82102
82102
82109
82110
82116
82129
82141
82144
82154
82173
82176
82178
82182
82182
82182
82191
82194
82208
82223
82239
82244
82246
82250
82259
82262
82264
82268
82270
82275
82278
82282
82310
82321
82351
82355
82364
82370
82370
82376
82382
82386
82391
82392
82396
82399
82415
82424
82426
82457
82459
82462
82477
82478
82484
82506
82510
82515
82519
82531
82538
82559
82561
82585
82596
82600
82620
82624
82637
82651
82655
82656
82657
82689
82696
82716
82723
82731
82736
82741
82778
82830
82838
82839
82859
82873
82876
82885
82893
82911
82930
82932
82943
82945
82946
82962
82964
82966
82972
82977
82980
82991
82992
82996
83011
83018
83023
83040
83053
83083
83088
83089
83090
83093
83099
83104
83108
83111
83113
83119
83123
83156
83180
83232
83236
83250
83251
83259
83294
83295
83300
83302
83303
83305
83311
83343
83352
83372
83373
83386
83387
83403
83423
83427
83427
83429
83430
83437
83461
83463
83467
83484
83519
83520
83526
83536
83543
83555
83563
83566
83570
83600
83626
83633
83642
83668
83669
83669
83678
83704
83708
83732
83736
83763
83768
83773
83774
83789
83794
83797
83801
83803
83812
83816
83824
83827
83845
83861
83890
83895
83903
83917
83935
83935
83946
83956
83960
83976
83978
83981
83992
83997
84006
84014
84016
84020
84031
84032
84037
84042
84048
84051
84062
84070
84078
84086
84086
84092
84130
84131
84135
84137
84150
84180
84226
84234
84236
84244
84256
84265
84293
84321
84327
84330
84359
84366
84377
84380
84397
84410
84422
84435
84438
84441
84442
84444
84448
84471
84477
84493
84494
84517
84518
84521
84521
84532
84536
84547
84560
84565
84570
84591
84608
84612
84618
84628
84631
84641
84642
84657
84680
84683
84707
84720
84727
84729
84735
84736
84739
84740
84751
84768
84768
84779
84790
84810
84815
84828
84834
84835
84835
84860
84868
84870
84894
84927
84937
84971
84971
84972
84977
84982
85003
85004
85006
85027
85048
85054
85120
85135
85136
85142
85147
85169
85173
85193
85194
85195
85201
85204
85206
85208
85219
85219
85223
85226
85227
85231
85238
85240
85276
85280
85280
85291
85293
85307
85316
85318
85338
85341
85344
85366
85369
85375
85387
85411
85415
85432
85434
85437
85456
85458
85468
85468
85480
85498
85501
85507
85510
85514
85519
85529
85531
85533
85545
85556
85559
85577
85579
85590
85592
85622
85627
85637
85658
85661
85696
85726
85736
85759
85764
85768
85785
85824
85843
85866
85875
85875
85876
85898
85909
85913
85924
85929
85938
85943
85969
85971
85972
85977
86011
86014
86017
86023
86026
86029
86031
86042
86044
86045
86048
86050
86061
86066
86067
86073
86097
86102
86113
86114
86147
86160
86174
86175
86177
86183
86198
86216
86227
86254
86259
86261
86262
86263
86268
86294
86300
86313
86315
86335
86345
86368
86370
86396
86411
86421
86444
86466
86471
86504
86505
86511
86515
86525
86526
86546
86558
86560
86567
86603
86611
86619
86625
86626
86634
86659
86664
86666
86666
86680
86692
86699
86707
86710
86710
86719
86728
86794
86799
86806
86835
86837
86854
86865
86867
86876
86886
86890
86911
86934
86953
86963
86966
86978
86991
87000
87001
87013
87026
87033
87039
87040
87044
87052
87054
87064
87082
87091
87095
87098
87104
87107
87108
87130
87135
87142
87154
87171
87178
87219
87243
87248
87251
87253
87260
87295
87326
87328
87337
87349
87359
87362
87365
87382
87406
87410
87416
87432
87437
87437
87463
87483
87499
87505
87506
87507
87511
87534
87545
87549
87552
87554
87582
87592
87603
87606
87634
87660
87662
87672
87676
87680
87690
87691
87711
87716
87731
87732
87734
87741
87746
87748
87760
87773
87780
87788
87794
87826
87829
87832
87832
87859
87862
87873
87873
87881
87886
87892
87938
87941
87959
87961
87967
87977
87984
87996
87996
87997
88010
88014
88025
88045
88065
88072
88086
88127
88129
88139
88139
88154
88155
88166
88171
88194
88257
88273
88273
88294
88302
88312
88320
88325
88332
88344
88349
88355
88369
88374
88377
88379
88397
88401
88401
88423
88426
88440
88460
88461
88478
88502
88504
88506
88507
88511
88513
88520
88540
88544
88547
88563
88582
88627
88641
88643
88660
88664
88678
88692
88695
88697
88718
88722
88730
88735
88741
88775
88798
88805
88813
88822
88824
88839
88848
88859
88864
88868
88869
88874
88882
88901
88905
88912
88915
88934
88945
88949
88962
88965
88969
88980
88986
88991
88997
89012
89022
89051
89063
89070
89074
89078
89084
89084
89101
89103
89103
89121
89121
89132
89148
89150
89201
89217
89219
89222
89257
89258
89266
89278
89288
89296
89307
89322
89329
89329
89341
89346
89350
89363
89399
89416
89422
89448
89462
89468
89483
89488
89513
89536
89546
89546
89568
89586
89587
89588
89594
89597
89605
89620
89660
89665
89669
89671
89677
89679
89691
89700
89712
89745
89753
89757
89763
89766
89767
89781
89803
89811
89812
89813
89824
89828
89835
89837
89859
89864
89864
89868
89868
89905
89907
89932
89948
89955
89967
89972
89980
90034
90055
90083
90083
90088
90097
90121
90135
90136
90146
90147
90151
90152
90171
90177
90227
90238
90254
90258
90266
90279
90288
90313
90319
90333
90341
90363
90374
90396
90411
90423
90436
90437
90446
90447
90461
90462
90473
90477
90478
90484
90489
90498
90527
90530
90537
90538
90542
90544
90546
90593
90615
90629
90667
90690
90693
90702
90711
90719
90734
90736
90737
90739
90770
90780
90795
90803
90805
90810
90811
90826
90842
90848
90856
90867
90871
90913
90919
90931
90963
90964
90975
90986
90991
90996
91002
91014
91024
91032
91037
91048
91049
91057
91094
91095
91096
91100
91116
91121
91121
91139
91146
91156
91171
91172
91197
91209
91213
91222
91238
91239
91240
91250
91263
91264
91284
91295
91305
91309
91312
91326
91327
91341
91342
91345
91360
91363
91365
91366
91370
91404
91420
91448
91462
91491
91511
91516
91522
91548
91555
91564
91581
91584
91593
91595
91602
91609
91621
91645
91654
91658
91659
91660
91660
91670
91678
91702
91706
91713
91719
91726
91728
91729
91737
91752
91757
91761
91771
91791
91813
91814
91822
91829
91837
91851
91858
91882
91887
91887
91900
91906
91913
91920
91937
91950
91951
91954
91959
91978
91982
91985
91992
91995
92002
92008
92017
92028
92041
92049
92050
92052
92065
92083
92086
92088
92095
92103
92119
92149
92175
92177
92191
92192
92197
92216
92235
92245
92272
92274
92289
92311
92316
92320
92325
92343
92343
92351
92374
92377
92377
92380
92380
92403
92407
92485
92491
92497
92497
92503
92509
92511
92515
92534
92543
92543
92570
92575
92582
92584
92592
92611
92616
92620
92640
92641
92642
92643
92644
92646
92668
92680
92689
92691
92691
92708
92727
92751
92754
92770
92776
92777
92777
92779
92781
92782
92785
92793
92793
92799
92815
92817
92838
92843
92843
92871
92880
92882
92894
92894
92896
92899
92907
92908
92927
92941
93000
93013
93032
93035
93060
93070
93072
93091
93094
93105
93108
93142
93151
93155
93185
93190
93229
93235
93239
93251
93265
93269
93275
93276
93295
93295
93304
93305
93317
93337
93345
93385
93395
93403
93412
93424
93430
93434
93437
93439
93452
93461
93479
93481
93486
93486
93495
93509
93518
93519
93520
93526
93545
93546
93547
93553
93572
93578
93588
93593
93593
93604
93612
93621
93621
93621
93624
93649
93651
93655
93668
93674
93677
93684
93701
93707
93712
93719
93719
93721
93724
93729
93740
93744
93760
93768
93769
93773
93778
93793
93809
93810
93813
93827
93829
93840
93847
93869
93871
93882
93893
93897
93905
93905
93951
93951
93962
93968
93978
93997
94016
94027
94028
94031
94037
94057
94066
94067
94085
94093
94103
94108
94135
94151
94152
94172
94179
94200
94201
94208
94224
94267
94281
94288
94291
94303
94314
94319
94330
94331
94332
94334
94337
94347
94362
94365
94366
94367
94378
94379
94381
94390
94397
94406
94417
94428
94436
94442
94443
94444
94447
94448
94451
94460
94466
94466
94475
94480
94492
94516
94517
94553
94573
94575
94596
94608
94621
94625
94625
94636
94638
94641
94645
94660
94668
94687
94704
94738
94750
94774
94783
94799
94825
94845
94850
94859
94860
94872
94873
94877
94878
94892
94912
94915
94917
94929
94933
94939
94953
94955
94958
94959
94963
94992
94993
95000
95018
95035
95040
95057
95065
95102
95117
95121
95125
95134
95140
95155
95160
95185
95219
95222
95225
95239
95249
95251
95256
95267
95272
95281
95284
95291
95301
95330
95333
95340
95381
95404
95416
95420
95427
95435
95466
95474
95492
95499
95510
95537
95562
95574
95577
95588
95589
95598
95603
95605
95609
95613
95634
95634
95634
95646
95666
95672
95678
95683
95683
95684
95698
95702
95704
95718
95725
95725
95736
95738
95768
95772
95818
95836
95847
95851
95859
95863
95866
95867
95874
95875
95877
95881
95887
95889
95893
95910
95920
95950
95968
95981
95983
95985
95989
96001
96003
96021
96026
96027
96027
96029
96034
96044
96068
96070
96077
96079
96091
96099
96103
96109
96117
96139
96142
96150
96151
96162
96169
96169
96194
96226
96240
96259
96274
96277
96289
96309
96315
96317
96322
96332
96332
96348
96362
96403
96408
96414
96421
96441
96467
96468
96474
96479
96484
96485
96490
96514
96527
96533
96541
96547
96551
96557
96564
96575
96577
96590
96592
96593
96606
96613
96623
96632
96674
96684
96686
96703
96721
96728
96748
96754
96756
96764
96777
96784
96804
96820
96822
96823
96827
96827
96830
96858
96861
96862
96865
96867
96872
96877
96907
96914
96933
96971
96972
96974
96986
96997
97017
97049
97063
97069
97076
97087
97104
97108
97132
97143
97160
97185
97207
97221
97234
97235
97246
97253
97263
97269
97280
97285
97301
97311
97322
97329
97340
97369
97370
97386
97406
97436
97445
97454
97458
97473
97477
97487
97499
97529
97543
97548
97558
97559
97567
97568
97574
97576
97592
97592
97595
97596
97610
97613
97617
97624
97626
97641
97642
97642
97661
97685
97693
97695
97699
97699
97712
97722
97734
97747
97762
97770
97770
97770
97773
97775
97790
97801
97818
97821
97824
97834
97840
97843
97844
97853
97888
97890
97897
97898
97927
97927
97930
97953
97963
97999
98023
98023
98027
98042
98048
98058
98072
98073
98078
98104
98116
98116
98117
98122
98126
98129
98129
98143
98232
98233
98234
98240
98241
98250
98254
98257
98260
98293
98298
98316
98321
98328
98330
98332
98333
98341
98351
98355
98370
98372
98408
98416
98423
98424
98425
98434
98434
98455
98462
98462
98498
98564
98628
98641
98649
98653
98661
98669
98671
98671
98689
98693
98703
98706
98732
98737
98738
98741
98756
98765
98769
98771
98772
98779
98784
98788
98789
98818
98837
98839
98842
98843
98848
98853
98855
98875
98878
98880
98880
98884
98896
98900
98934
98944
98946
98947
98951
98954
98962
98980
98981
99001
99010
99030
99034
99040
99042
99045
99058
99064
99064
99075
99082
99104
99105
99112
99121
99122
99133
99141
99154
99157
99170
99181
99206
99216
99223
99232
99237
99239
99244
99249
99269
99278
99294
99296
99303
99305
99312
99317
99320
99327
99329
99335
99344
99351
99361
99378
99379
99396
99404
99410
99415
99418
99453
99464
99473
99476
99499
99537
99544
99565
99574
99580
99588
99595
99599
99606
99647
99651
99657
99665
99680
99690
99692
99695
99695
99708
99754
99759
99767
99789
99791
99818
99827
99829
99836
99837
99842
99858
99859
99876
99881
99883
99915
99929
99953
99957
99979
99982
99991
99991
99994
99997
99998
