6
28
34
78
110
133
139
145
151
154
156
161
168
171
176
177
183
208
244
250
270
328
330
334
342
363
376
385
401
406
407
412
422
426
440
453
456
462
465
480
482
513
534
538
549
553
557
593
594
617
618
626
637
648
650
671
682
686
714
715
719
739
749
759
760
765
771
779
781
815
818
832
844
873
877
899
910
930
961
978
986
989
1002
1009
1029
1034
1041
1042
1043
1044
1047
1061
1063
1064
1068
1071
1072
1087
1092
1099
1103
1118
1121
1126
1131
1137
1160
1164
1186
1222
1229
1232
1233
1233
1236
1245
1246
1254
1255
1264
1268
1290
1292
1303
1305
1318
1327
1330
1337
1342
1355
1356
1359
1362
1377
1379
1382
1386
1397
1415
1422
1429
1434
1436
1437
1469
1488
1493
1510
1511
1516
1539
1550
1556
1580
1592
1593
1597
1598
1614
1618
1627
1633
1649
1649
1669
1701
1718
1724
1727
1758
1766
1770
1784
1798
1847
1852
1869
1897
1925
1926
1927
1929
1931
1945
1961
1968
1973
1980
1985
1991
1998
1999
2009
2015
2016
2033
2034
2060
2064
2083
2088
2130
2131
2139
2165
2169
2176
2180
2189
2213
2234
2273
2276
2279
2281
2287
2313
2321
2339
2346
2359
2385
2394
2395
2395
2396
2400
2405
2406
2421
2433
2442
2442
2444
2457
2458
2485
2489
2496
2507
2543
2548
2551
2551
2552
2554
2555
2556
2573
2573
2593
2594
2597
2598
2602
2611
2621
2632
2635
2640
2643
2653
2660
2663
2693
2700
2702
2702
2707
2718
2735
2753
2772
2778
2793
2805
2807
2807
2828
2832
2835
2881
2882
2890
2897
2918
2930
2933
2936
2938
2941
2945
2963
2967
2969
2979
2982
2992
3029
3042
3048
3067
3089
3137
3140
3154
3169
3183
3194
3200
3202
3211
3211
3215
3246
3249
3251
3266
3273
3291
3298
3306
3316
3325
3326
3336
3339
3342
3345
3357
3362
3396
3402
3420
3434
3439
3440
3452
3469
3473
3479
3480
3501
3502
3505
3507
3516
3533
3556
3569
3576
3577
3582
3586
3608
3622
3654
3695
3702
3706
3711
3726
3727
3732
3740
3748
3758
3758
3762
3764
3765
3776
3804
3823
3827
3833
3837
3840
3855
3897
3904
3905
3933
3940
3947
3956
3959
3973
3982
3989
4010
4012
4015
4021
4029
4041
4060
4068
4084
4091
4092
4099
4100
4105
4108
4113
4117
4126
4136
4138
4139
4153
4157
4166
4174
4183
4186
4202
4207
4226
4242
4243
4271
4281
4308
4309
4312
4313
4316
4316
4323
4325
4329
4360
4388
4394
4398
4402
4403
4410
4416
4423
4432
4451
4456
4476
4504
4507
4520
4531
4534
4538
4552
4571
4574
4596
4599
4613
4625
4634
4665
4674
4680
4681
4682
4691
4697
4697
4720
4721
4738
4741
4744
4754
4797
4810
4819
4820
4830
4838
4845
4855
4880
4888
4896
4902
4915
4916
4925
4927
4931
4931
4934
4936
4938
4939
4939
4946
4949
4952
4952
4983
4983
4989
4999
5004
5019
5040
5050
5064
5068
5070
5074
5088
5110
5114
5120
5125
5130
5150
5154
5160
5191
5204
5214
5227
5230
5230
5246
5247
5248
5261
5274
5284
5299
5300
5309
5311
5319
5322
5329
5337
5349
5384
5387
5398
5401
5427
5439
5446
5456
5473
5483
5498
5504
5520
5520
5530
5536
5542
5555
5569
5570
5578
5580
5593
5603
5630
5631
5641
5653
5668
5691
5703
5706
5712
5739
5746
5747
5751
5752
5766
5770
5770
5792
5820
5833
5842
5846
5850
5851
5873
5879
5879
5885
5886
5917
5925
5932
5944
5955
5959
5963
5968
5969
5973
5981
5992
5993
5998
5998
6002
6009
6019
6024
6047
6053
6064
6064
6069
6078
6079
6079
6087
6102
6102
6159
6163
6171
6175
6186
6194
6200
6208
6215
6218
6229
6240
6254
6263
6266
6282
6290
6305
6314
6324
6326
6354
6358
6389
6392
6396
6407
6407
6410
6413
6425
6458
6460
6464
6489
6492
6530
6533
6534
6559
6572
6579
6582
6583
6585
6595
6598
6601
6612
6613
6617
6618
6643
6647
6654
6655
6671
6676
6685
6697
6698
6708
6709
6713
6714
6740
6741
6765
6767
6798
6805
6806
6818
6846
6849
6855
6855
6862
6865
6875
6883
6908
6913
6927
6942
6953
6953
6967
6969
6977
6979
6987
7004
7007
7010
7023
7045
7052
7052
7053
7063
7067
7074
7074
7076
7078
7094
7111
7143
7146
7151
7158
7173
7176
7180
7181
7236
7248
7272
7274
7275
7314
7316
7333
7342
7358
7361
7365
7374
7375
7387
7388
7402
7412
7422
7424
7431
7441
7442
7459
7461
7488
7489
7499
7521
7536
7537
7539
7553
7559
7570
7578
7587
7599
7628
7638
7646
7657
7659
7679
7683
7685
7715
7732
7735
7746
7781
7789
7791
7816
7827
7851
7857
7866
7883
7884
7893
7894
7898
7902
7902
7918
7918
7918
7926
7930
7937
7948
7957
7990
7994
8001
8020
8024
8024
8083
8088
8098
8104
8107
8110
8113
8117
8118
8119
8125
8152
8190
8192
8202
8208
8213
8215
8216
8221
8224
8234
8255
8261
8274
8292
8292
8301
8304
8310
8322
8335
8342
8344
8361
8366
8367
8383
8394
8404
8422
8425
8435
8470
8510
8522
8536
8536
8537
8545
8550
8557
8564
8576
8576
8579
8589
8595
8609
8613
8634
8636
8637
8643
8652
8656
8670
8691
8694
8734
8734
8737
8741
8743
8753
8774
8777
8780
8784
8788
8804
8808
8808
8813
8814
8821
8822
8831
8859
8861
8866
8872
8879
8884
8892
8893
8899
8911
8914
8915
8927
8941
8946
8972
8986
8993
8994
9000
9021
9022
9037
9044
9051
9055
9076
9088
9101
9123
9125
9125
9126
9131
9136
9137
9159
9159
9185
9189
9211
9260
9270
9279
9330
9338
9346
9356
9364
9373
9418
9418
9418
9423
9426
9437
9437
9448
9460
9502
9518
9541
9542
9553
9557
9574
9578
9579
9584
9585
9595
9600
9606
9611
9632
9636
9656
9659
9661
9667
9672
9673
9689
9756
9770
9777
9783
9789
9791
9792
9806
9809
9810
9823
9824
9831
9832
9835
9838
9847
9848
9850
9862
9869
9880
9884
9893
9900
9935
9941
9949
9964
9964
9965
9997
10005
10018
10020
10025
10029
10035
10040
10057
10060
10065
10070
10074
10077
10087
10100
10101
10103
10104
10112
10119
10139
10142
10181
10185
10188
10197
10207
10231
10240
10255
10257
10261
10280
10292
10294
10297
10324
10335
10336
10338
10349
10349
10355
10370
10381
10381
10387
10393
10412
10425
10432
10438
10447
10456
10470
10478
10492
10494
10518
10525
10534
10538
10539
10550
10556
10574
10575
10593
10594
10602
10613
10619
10622
10625
10626
10629
10649
10650
10657
10681
10686
10708
10725
10736
10745
10773
10817
10833
10845
10853
10858
10871
10890
10890
10896
10901
10944
10955
10973
10975
11029
11032
11059
11072
11073
11081
11082
11117
11144
11147
11153
11202
11202
11227
11227
11233
11240
11247
11249
11259
11273
11274
11276
11276
11280
11280
11300
11315
11323
11360
11362
11364
11364
11378
11388
11393
11394
11402
11409
11410
11419
11425
11426
11433
11433
11433
11453
11486
11506
11508
11510
11511
11518
11549
11554
11570
11588
11596
11599
11601
11627
11680
11694
11699
11707
11726
11739
11772
11774
11781
11783
11784
11786
11787
11788
11794
11799
11803
11812
11846
11852
11883
11912
11917
11918
11918
11924
11974
11980
11980
11999
11999
12011
12015
12034
12043
12043
12058
12064
12064
12072
12093
12108
12110
12115
12120
12130
12140
12140
12149
12159
12159
12161
12166
12180
12195
12233
12236
12238
12249
12252
12258
12259
12259
12263
12301
12302
12304
12309
12315
12331
12350
12360
12367
12371
12373
12388
12400
12401
12405
12413
12426
12427
12431
12432
12432
12449
12453
12453
12470
12470
12476
12481
12495
12501
12513
12527
12532
12539
12543
12549
12555
12556
12564
12571
12573
12577
12586
12602
12610
12611
12640
12644
12651
12662
12663
12663
12663
12670
12683
12685
12698
12704
12713
12745
12758
12776
12789
12816
12818
12830
12835
12836
12839
12842
12844
12845
12874
12875
12876
12881
12881
12886
12908
12909
12935
12946
12955
12956
12957
12973
12976
12989
13011
13012
13021
13022
13026
13040
13052
13075
13077
13077
13089
13095
13096
13100
13107
13126
13133
13155
13158
13173
13224
13227
13235
13249
13265
13270
13275
13291
13300
13348
13355
13370
13382
13383
13384
13386
13392
13405
13418
13442
13449
13469
13496
13507
13518
13521
13522
13543
13564
13574
13580
13587
13589
13594
13594
13598
13601
13608
13608
13608
13612
13617
13626
13633
13635
13639
13642
13652
13674
13680
13683
13683
13685
13713
13731
13736
13739
13755
13776
13780
13784
13784
13784
13785
13791
13810
13810
13813
13816
13817
13823
13826
13841
13845
13853
13890
13917
13917
13942
13966
13976
13981
13997
14017
14023
14026
14033
14037
14060
14062
14067
14071
14073
14080
14118
14123
14127
14145
14146
14195
14195
14233
14237
14239
14253
14254
14270
14273
14278
14281
14302
14307
14307
14310
14310
14318
14322
14328
14343
14349
14360
14383
14393
14393
14412
14413
14436
14440
14450
14462
14476
14480
14488
14497
14499
14500
14518
14525
14537
14543
14552
14557
14574
14576
14603
14605
14607
14608
14619
14629
14634
14636
14637
14644
14645
14663
14665
14670
14692
14697
14703
14713
14727
14732
14765
14770
14785
14795
14804
14807
14811
14811
14831
14848
14850
14850
14853
14855
14861
14868
14896
14931
14937
14941
14959
14970
14973
14984
14990
15009
15017
15021
15025
15083
15085
15093
15094
15105
15108
15116
15120
15132
15136
15138
15139
15147
15147
15164
15166
15168
15170
15181
15187
15191
15199
15209
15210
15236
15240
15241
15260
15263
15267
15273
15274
15279
15279
15324
15346
15346
15357
15359
15361
15365
15376
15378
15380
15384
15386
15403
15411
15428
15448
15451
15453
15456
15462
15472
15495
15500
15508
15510
15519
15524
15555
15559
15568
15568
15574
15577
15579
15580
15581
15592
15595
15597
15597
15615
15617
15623
15662
15670
15685
15686
15687
15692
15698
15717
15729
15745
15754
15761
15766
15767
15795
15815
15824
15833
15837
15842
15849
15862
15892
15905
15911
15924
15928
15936
15949
15949
15953
15954
15955
15957
15961
15983
15991
16022
16024
16042
16046
16053
16054
16055
16068
16076
16096
16097
16103
16123
16123
16137
16138
16167
16177
16185
16193
16194
16201
16210
16210
16219
16219
16231
16236
16260
16263
16264
16278
16280
16294
16300
16305
16313
16326
16333
16351
16371
16372
16385
16389
16391
16419
16420
16428
16434
16466
16483
16495
16503
16517
16518
16524
16530
16530
16532
16544
16571
16579
16582
16590
16619
16628
16630
16635
16643
16654
16656
16662
16677
16689
16690
16701
16722
16726
16736
16741
16770
16805
16816
16816
16825
16839
16851
16875
16878
16891
16925
16950
16958
17000
17001
17011
17013
17015
17017
17019
17024
17026
17028
17031
17034
17076
17093
17097
17105
17109
17145
17151
17154
17168
17177
17181
17196
17214
17216
17235
17259
17263
17273
17282
17295
17308
17315
17322
17353
17357
17364
17365
17368
17382
17387
17395
17396
17406
17415
17422
17432
17437
17438
17449
17456
17462
17471
17480
17484
17497
17506
17521
17523
17545
17548
17552
17553
17558
17573
17573
17574
17592
17595
17605
17616
17621
17631
17637
17658
17660
17661
17685
17706
17711
17712
17832
17844
17850
17857
17858
17881
17889
17907
17912
17930
17936
17947
17994
18003
18018
18024
18028
18041
18042
18047
18050
18086
18087
18094
18094
18109
18148
18177
18182
18185
18189
18200
18207
18220
18224
18231
18237
18240
18243
18270
18286
18303
18308
18336
18345
18348
18349
18352
18368
18374
18396
18399
18420
18435
18435
18437
18442
18465
18474
18476
18497
18520
18521
18527
18536
18571
18572
18598
18623
18624
18637
18637
18637
18667
18667
18691
18705
18708
18713
18725
18726
18746
18751
18767
18794
18806
18820
18832
18835
18836
18860
18863
18863
18898
18907
18907
18909
18925
18932
18935
18937
18953
18958
18960
18974
18980
18994
19016
19029
19034
19043
19055
19056
19073
19079
19089
19091
19095
19103
19112
19125
19134
19143
19152
19160
19164
19176
19188
19193
19216
19233
19237
19293
19318
19322
19345
19353
19368
19370
19378
19408
19437
19453
19470
19475
19500
19512
19520
19524
19524
19525
19545
19546
19546
19550
19555
19591
19592
19595
19602
19618
19629
19631
19641
19642
19647
19649
19660
19663
19664
19668
19669
19670
19679
19679
19685
19689
19689
19699
19699
19724
19732
19746
19747
19762
19776
19790
19815
19832
19842
19881
19894
19898
19909
19933
19936
19941
19969
19970
19989
20012
20040
20046
20047
20057
20066
20101
20104
20110
20114
20115
20146
20181
20204
20215
20218
20225
20232
20242
20247
20253
20268
20270
20271
20317
20335
20346
20350
20355
20378
20382
20418
20440
20450
20467
20475
20486
20499
20505
20514
20531
20531
20532
20541
20553
20566
20571
20578
20600
20617
20617
20648
20667
20690
20698
20700
20708
20722
20725
20728
20758
20785
20788
20796
20805
20806
20807
20821
20822
20829
20833
20835
20849
20850
20854
20868
20883
20894
20895
20905
20947
20952
20956
20975
20996
21018
21021
21031
21046
21050
21051
21057
21065
21074
21084
21094
21097
21099
21106
21122
21156
21159
21181
21189
21211
21226
21227
21229
21232
21257
21295
21321
21324
21335
21339
21340
21372
21377
21379
21381
21387
21398
21423
21433
21435
21442
21446
21464
21471
21473
21480
21498
21505
21507
21517
21526
21528
21552
21566
21575
21593
21607
21613
21616
21619
21621
21624
21628
21629
21638
21666
21666
21667
21668
21689
21697
21717
21725
21731
21732
21736
21744
21776
21794
21796
21806
21814
21816
21817
21823
21842
21843
21859
21865
21866
21892
21894
21897
21931
21941
21949
21957
21964
21978
21984
21989
21996
21998
22002
22002
22003
22010
22025
22034
22042
22043
22052
22059
22090
22115
22118
22120
22126
22139
22144
22146
22166
22173
22199
22199
22203
22216
22236
22258
22262
22262
22271
22276
22283
22293
22304
22315
22348
22358
22362
22365
22378
22382
22387
22399
22401
22401
22408
22417
22419
22421
22430
22432
22439
22447
22454
22459
22468
22475
22499
22504
22514
22516
22528
22530
22538
22542
22558
22560
22574
22579
22584
22587
22646
22655
22670
22673
22685
22706
22712
22726
22727
22735
22740
22765
22772
22778
22796
22807
22820
22824
22826
22827
22830
22834
22844
22847
22850
22851
22853
22853
22863
22866
22876
22889
22896
22900
22915
22923
22924
22942
22967
22973
22978
23001
23009
23012
23020
23036
23044
23069
23077
23100
23109
23117
23119
23132
23133
23144
23164
23178
23182
23184
23185
23193
23200
23214
23215
23217
23228
23230
23234
23242
23266
23295
23308
23317
23330
23335
23335
23336
23337
23352
23359
23367
23368
23371
23375
23376
23376
23383
23392
23406
23408
23411
23413
23450
23457
23485
23494
23505
23513
23533
23538
23576
23590
23614
23619
23625
23630
23632
23638
23642
23649
23653
23666
23670
23673
23682
23695
23695
23697
23699
23707
23720
23724
23756
23764
23779
23798
23798
23800
23807
23817
23822
23823
23875
23876
23885
23892
23911
23913
23931
23938
23938
23941
23944
23960
23960
23966
23971
23986
23991
23996
24007
24020
24021
24025
24038
24044
24053
24057
24063
24074
24079
24107
24136
24148
24157
24160
24169
24188
24202
24237
24238
24239
24251
24254
24270
24270
24298
24303
24314
24322
24347
24348
24368
24378
24382
24395
24396
24403
24421
24437
24438
24445
24460
24469
24469
24498
24505
24526
24531
24544
24557
24583
24588
24595
24625
24641
24647
24648
24654
24655
24655
24660
24676
24682
24684
24698
24703
24707
24721
24724
24743
24747
24764
24766
24767
24777
24778
24778
24785
24792
24794
24799
24802
24810
24815
24824
24825
24828
24847
24852
24858
24896
24898
24907
24908
24908
24910
24929
24938
24938
24944
24948
24951
24952
24956
24958
24964
24966
24973
24994
24999
25011
25019
25069
25090
25090
25094
25097
25098
25105
25118
25129
25146
25148
25150
25158
25160
25186
25201
25207
25210
25235
25235
25252
25292
25295
25299
25322
25336
25340
25354
25376
25385
25395
25397
25432
25455
25491
25493
25495
25495
25498
25503
25510
25512
25523
25536
25536
25542
25552
25559
25559
25560
25575
25580
25593
25609
25612
25616
25622
25646
25648
25663
25665
25666
25675
25679
25690
25691
25693
25703
25707
25709
25715
25726
25729
25738
25745
25746
25748
25767
25774
25792
25802
25806
25819
25840
25843
25858
25859
25869
25875
25875
25885
25892
25913
25917
25929
25934
25949
25951
25957
25964
25964
25966
25969
25975
25983
25992
26017
26060
26061
26067
26077
26077
26079
26080
26088
26101
26133
26134
26136
26141
26150
26153
26155
26155
26169
26181
26195
26198
26202
26208
26213
26233
26278
26299
26300
26320
26321
26343
26376
26384
26386
26403
26404
26416
26435
26439
26445
26451
26461
26476
26480
26511
26513
26516
26526
26528
26531
26532
26543
26544
26548
26567
26567
26584
26587
26591
26598
26605
26608
26608
26611
26635
26645
26650
26663
26665
26680
26681
26685
26706
26711
26716
26728
26730
26730
26761
26766
26772
26774
26777
26780
26780
26785
26803
26814
26837
26849
26854
26869
26870
26883
26885
26899
26903
26909
26911
26936
26937
26944
27008
27031
27038
27061
27071
27074
27075
27076
27080
27084
27086
27089
27093
27125
27138
27138
27181
27190
27194
27200
27213
27222
27224
27245
27247
27247
27248
27262
27263
27272
27274
27284
27317
27327
27330
27349
27358
27359
27364
27371
27371
27378
27387
27397
27402
27409
27413
27423
27430
27449
27464
27473
27526
27540
27562
27594
27596
27618
27623
27630
27635
27638
27639
27673
27700
27720
27734
27746
27752
27765
27766
27775
27777
27779
27795
27807
27808
27808
27809
27812
27815
27818
27820
27836
27851
27857
27872
27873
27879
27915
27916
27917
27918
27923
27934
27939
27939
27949
27953
27973
27975
27986
27988
28005
28023
28037
28043
28045
28049
28055
28070
28075
28078
28080
28100
28107
28121
28131
28137
28137
28143
28147
28151
28153
28155
28165
28167
28177
28179
28185
28185
28189
28192
28207
28216
28216
28218
28220
28245
28270
28281
28282
28282
28285
28295
28332
28343
28365
28366
28368
28375
28380
28392
28405
28409
28409
28429
28434
28435
28443
28446
28488
28489
28495
28507
28515
28519
28539
28542
28548
28552
28574
28579
28593
28610
28611
28640
28685
28691
28695
28698
28699
28719
28719
28729
28752
28761
28764
28774
28778
28781
28783
28790
28794
28809
28815
28823
28826
28836
28838
28839
28869
28870
28880
28890
28898
28939
28945
28966
28987
29007
29017
29023
29028
29038
29042
29049
29050
29053
29062
29070
29076
29093
29094
29110
29118
29120
29120
29122
29122
29130
29143
29143
29170
29188
29188
29194
29197
29197
29203
29234
29236
29258
29286
29287
29291
29304
29306
29321
29333
29338
29366
29368
29368
29377
29387
29391
29392
29402
29405
29406
29427
29428
29434
29442
29494
29517
29536
29538
29546
29565
29576
29586
29591
29642
29645
29666
29677
29679
29683
29694
29699
29701
29702
29705
29719
29754
29762
29774
29789
29802
29808
29809
29815
29833
29835
29854
29873
29887
29892
29905
29922
29938
29945
29956
29981
30007
30020
30021
30027
30027
30044
30056
30065
30070
30072
30081
30087
30099
30104
30109
30118
30118
30130
30154
30163
30174
30181
30191
30197
30200
30222
30230
30233
30235
30248
30253
30265
30270
30290
30323
30324
30326
30328
30329
30332
30332
30333
30340
30351
30352
30365
30382
30382
30397
30427
30438
30446
30453
30454
30463
30496
30504
30510
30511
30512
30519
30521
30532
30533
30553
30555
30559
30568
30570
30576
30596
30603
30603
30607
30625
30625
30629
30634
30652
30653
30665
30667
30677
30689
30694
30698
30729
30737
30745
30751
30758
30766
30814
30825
30827
30828
30828
30845
30858
30867
30892
30896
30906
30920
30930
30940
30941
30943
30971
31005
31019
31027
31040
31043
31043
31063
31080
31096
31108
31114
31131
31154
31185
31213
31217
31238
31255
31258
31261
31267
31270
31272
31273
31288
31311
31327
31337
31362
31375
31413
31416
31419
31442
31453
31494
31501
31523
31526
31531
31541
31547
31558
31589
31592
31600
31618
31633
31646
31651
31653
31655
31669
31678
31685
31701
31704
31708
31722
31762
31771
31773
31776
31780
31780
31797
31812
31818
31835
31841
31842
31849
31852
31856
31864
31877
31881
31881
31885
31893
31898
31901
31919
31922
31939
31951
31956
31976
31992
32007
32014
32018
32021
32032
32033
32063
32067
32074
32075
32088
32098
32131
32136
32138
32152
32156
32158
32159
32162
32164
32165
32168
32168
32181
32185
32190
32194
32200
32217
32218
32218
32238
32246
32255
32259
32263
32282
32284
32286
32297
32299
32300
32300
32303
32303
32306
32311
32327
32327
32330
32332
32343
32345
32346
32370
32378
32382
32394
32395
32402
32430
32430
32456
32457
32477
32546
32554
32573
32583
32605
32611
32614
32631
32638
32644
32646
32672
32675
32679
32679
32680
32680
32683
32722
32730
32746
32753
32774
32777
32798
32806
32833
32849
32867
32892
32893
32895
32900
32905
32914
32927
32946
32952
32956
32967
32984
32992
32992
33017
33017
33033
33041
33044
33047
33064
33065
33066
33067
33072
33090
33096
33143
33144
33151
33154
33156
33162
33171
33175
33188
33192
33205
33233
33233
33237
33243
33245
33251
33292
33295
33300
33306
33314
33322
33323
33334
33345
33354
33364
33366
33378
33380
33394
33417
33421
33423
33456
33458
33461
33462
33469
33470
33499
33501
33512
33518
33518
33519
33542
33549
33554
33568
33597
33605
33627
33635
33639
33645
33650
33659
33670
33672
33683
33689
33715
33744
33766
33804
33819
33850
33857
33857
33870
33881
33886
33908
33930
33935
33935
33953
33959
33965
33988
34036
34040
34044
34060
34083
34099
34127
34131
34133
34150
34155
34160
34173
34178
34185
34189
34204
34207
34222
34227
34236
34237
34249
34251
34265
34274
34277
34329
34360
34363
34381
34408
34422
34433
34448
34480
34496
34501
34511
34524
34531
34537
34553
34553
34553
34558
34561
34594
34607
34607
34614
34615
34646
34697
34705
34721
34722
34777
34779
34781
34787
34793
34795
34821
34828
34833
34834
34843
34857
34869
34870
34887
34920
34921
34930
34954
34955
34978
34997
35000
35014
35020
35026
35053
35056
35065
35069
35073
35075
35088
35091
35093
35097
35106
35106
35118
35125
35166
35180
35195
35196
35198
35217
35224
35234
35239
35254
35282
35283
35295
35296
35299
35302
35308
35316
35320
35321
35326
35332
35341
35359
35373
35386
35416
35416
35419
35420
35432
35444
35474
35480
35483
35492
35498
35509
35517
35522
35531
35537
35537
35541
35543
35547
35549
35552
35553
35557
35567
35578
35579
35580
35592
35611
35615
35615
35616
35660
35661
35681
35687
35752
35756
35769
35786
35790
35795
35798
35823
35830
35836
35891
35894
35912
35912
35920
35930
35972
35984
36006
36011
36023
36031
36036
36038
36051
36064
36068
36069
36084
36084
36108
36109
36136
36147
36167
36184
36213
36214
36215
36220
36240
36240
36266
36282
36284
36296
36327
36330
36337
36340
36344
36351
36354
36369
36380
36391
36392
36401
36431
36432
36440
36462
36479
36502
36514
36527
36550
36568
36575
36576
36588
36588
36595
36597
36600
36613
36615
36622
36630
36634
36639
36640
36651
36653
36657
36668
36676
36678
36679
36685
36687
36706
36716
36720
36728
36737
36764
36765
36775
36776
36778
36796
36812
36831
36841
36873
36887
36899
36914
36920
36923
36927
36937
36945
36947
36961
36963
36981
36987
36987
36990
36998
37001
37001
37002
37034
37052
37070
37094
37108
37174
37178
37190
37193
37194
37201
37204
37215
37218
37227
37248
37253
37257
37263
37270
37278
37279
37279
37281
37295
37302
37306
37306
37340
37348
37355
37357
37366
37369
37371
37380
37381
37388
37389
37400
37404
37431
37465
37467
37483
37496
37498
37502
37512
37547
37554
37556
37560
37568
37574
37587
37592
37611
37626
37638
37638
37641
37647
37652
37656
37658
37664
37665
37670
37683
37716
37716
37728
37729
37729
37730
37738
37740
37741
37741
37761
37767
37773
37778
37782
37785
37788
37814
37823
37841
37856
37856
37865
37869
37873
37882
37898
37911
37925
37930
37934
37951
37953
37955
37961
37970
37973
37978
37987
37998
37998
38009
38012
38014
38021
38031
38036
38068
38080
38096
38110
38115
38116
38116
38140
38157
38158
38187
38195
38202
38224
38226
38227
38229
38244
38253
38256
38266
38291
38310
38316
38321
38325
38336
38338
38339
38344
38387
38395
38412
38419
38432
38448
38455
38470
38474
38479
38489
38511
38513
38514
38518
38526
38526
38528
38534
38559
38565
38597
38606
38618
38618
38627
38644
38645
38673
38676
38701
38713
38740
38748
38760
38774
38778
38786
38791
38814
38820
38841
38843
38844
38854
38861
38886
38914
38918
38922
38932
38937
38942
38945
38956
38985
39002
39003
39010
39014
39028
39052
39061
39071
39081
39111
39139
39142
39146
39156
39162
39170
39187
39205
39209
39219
39221
39224
39228
39241
39242
39251
39253
39323
39333
39334
39339
39347
39354
39369
39372
39389
39392
39394
39407
39446
39449
39493
39520
39536
39563
39583
39591
39595
39651
39665
39672
39691
39696
39713
39716
39722
39732
39732
39733
39737
39743
39781
39782
39789
39790
39793
39798
39801
39804
39827
39831
39832
39836
39838
39854
39860
39889
39895
39912
39918
39923
39928
39954
39958
39973
40010
40040
40044
40066
40075
40093
40100
40103
40103
40114
40116
40154
40162
40204
40207
40270
40272
40274
40318
40334
40341
40346
40354
40371
40378
40386
40388
40388
40395
40396
40399
40401
40407
40431
40435
40445
40455
40462
40478
40482
40494
40508
40514
40524
40560
40570
40573
40578
40583
40587
40600
40601
40604
40609
40616
40620
40624
40644
40648
40669
40680
40687
40698
40703
40705
40718
40720
40721
40733
40743
40760
40767
40789
40809
40810
40847
40865
40867
40874
40896
40914
40916
40947
40953
40954
40961
40963
40983
40994
40998
41011
41014
41021
41026
41031
41043
41050
41113
41119
41122
41123
41132
41134
41168
41173
41173
41188
41224
41234
41239
41243
41253
41256
41260
41265
41270
41273
41273
41284
41288
41326
41333
41351
41379
41403
41410
41414
41420
41424
41429
41431
41443
41450
41459
41468
41480
41482
41487
41487
41509
41509
41523
41538
41545
41557
41568
41568
41569
41603
41609
41621
41633
41648
41667
41667
41676
41678
41686
41690
41698
41699
41701
41701
41710
41738
41745
41763
41767
41794
41794
41800
41803
41804
41813
41819
41823
41827
41837
41839
41842
41843
41843
41845
41849
41852
41868
41878
41885
41898
41921
41944
41949
41956
41984
41998
42000
42013
42015
42030
42036
42042
42048
42057
42059
42060
42069
42070
42073
42078
42080
42081
42089
42101
42102
42123
42126
42136
42143
42149
42156
42162
42171
42192
42196
42221
42225
42238
42242
42263
42286
42288
42296
42317
42319
42320
42321
42351
42351
42364
42377
42377
42392
42395
42419
42422
42437
42439
42441
42465
42477
42496
42501
42519
42526
42538
42560
42563
42570
42574
42578
42581
42600
42602
42610
42614
42620
42625
42631
42672
42678
42680
42729
42739
42744
42748
42755
42760
42763
42770
42781
42786
42791
42819
42821
42828
42829
42840
42840
42843
42851
42867
42885
42933
42936
42942
42945
42958
42961
42999
43000
43018
43020
43030
43056
43083
43091
43095
43095
43097
43106
43139
43157
43157
43167
43197
43203
43205
43214
43224
43226
43232
43247
43251
43264
43279
43287
43292
43296
43315
43334
43341
43348
43351
43357
43358
43379
43394
43409
43413
43424
43424
43427
43441
43442
43455
43464
43469
43478
43481
43513
43514
43515
43556
43571
43571
43584
43594
43597
43607
43613
43614
43621
43623
43624
43631
43635
43648
43656
43663
43708
43717
43730
43737
43738
43753
43757
43758
43769
43780
43789
43797
43801
43818
43834
43836
43836
43844
43862
43887
43908
43908
43928
43950
44022
44030
44060
44065
44068
44080
44088
44098
44118
44137
44138
44168
44177
44178
44181
44191
44209
44210
44213
44223
44224
44233
44234
44239
44240
44243
44245
44257
44257
44265
44270
44271
44272
44277
44285
44289
44341
44345
44361
44370
44383
44397
44464
44470
44478
44488
44493
44494
44512
44513
44514
44517
44521
44534
44562
44563
44569
44570
44580
44588
44599
44620
44626
44634
44654
44662
44669
44707
44736
44743
44748
44782
44788
44811
44814
44814
44826
44842
44865
44865
44866
44870
44879
44900
44929
44929
44936
44938
44942
44954
44962
44969
44990
44990
44992
44993
45007
45043
45057
45058
45060
45061
45064
45066
45072
45088
45113
45114
45115
45116
45127
45137
45158
45159
45168
45186
45204
45209
45229
45244
45255
45268
45298
45303
45308
45311
45317
45320
45320
45323
45328
45339
45342
45344
45346
45354
45363
45383
45393
45399
45444
45446
45465
45470
45472
45478
45481
45497
45497
45500
45540
45557
45564
45567
45582
45582
45613
45629
45631
45638
45644
45646
45656
45658
45672
45680
45693
45719
45727
45743
45753
45760
45765
45778
45784
45798
45810
45819
45819
45822
45828
45832
45836
45849
45862
45876
45882
45889
45890
45894
45907
45933
45936
45938
45949
45971
45971
45977
45981
45982
45983
45990
46015
46027
46036
46042
46045
46058
46064
46074
46084
46085
46096
46100
46108
46110
46127
46148
46149
46152
46163
46165
46172
46187
46207
46209
46214
46230
46235
46241
46250
46261
46297
46303
46308
46316
46323
46332
46336
46340
46341
46347
46356
46367
46369
46378
46380
46391
46393
46393
46393
46399
46421
46428
46431
46431
46443
46462
46465
46488
46498
46529
46537
46540
46547
46558
46572
46574
46576
46584
46598
46610
46617
46619
46625
46665
46667
46683
46687
46696
46703
46735
46741
46742
46775
46785
46792
46803
46807
46831
46838
46848
46851
46865
46867
46868
46869
46886
46887
46889
46896
46896
46907
46910
46913
46938
46939
46939
46951
46954
46961
46963
46971
46985
46987
46989
46994
46995
47000
47019
47043
47048
47050
47060
47062
47083
47087
47090
47095
47123
47124
47131
47142
47182
47184
47199
47213
47216
47221
47230
47269
47284
47297
47303
47305
47318
47320
47320
47321
47322
47337
47344
47355
47361
47365
47373
47395
47403
47403
47417
47421
47440
47460
47464
47466
47492
47493
47497
47504
47506
47521
47538
47567
47572
47574
47579
47582
47606
47612
47631
47642
47645
47650
47650
47654
47658
47675
47678
47686
47695
47701
47708
47709
47735
47760
47787
47792
47815
47831
47832
47880
47885
47898
47900
47909
47919
47935
47944
47951
47957
47973
47993
48005
48015
48045
48046
48050
48051
48062
48111
48129
48155
48162
48164
48169
48170
48191
48196
48197
48212
48233
48248
48258
48259
48265
48273
48282
48319
48347
48350
48361
48387
48399
48399
48410
48413
48419
48435
48435
48483
48496
48501
48529
48535
48545
48573
48582
48589
48603
48610
48617
48631
48646
48660
48667
48667
48673
48676
48677
48709
48716
48736
48740
48750
48770
48776
48794
48795
48815
48815
48821
48825
48828
48834
48863
48870
48879
48889
48895
48897
48910
48925
48946
48950
48956
48967
48972
48991
49001
49004
49012
49014
49052
49053
49057
49105
49113
49137
49138
49155
49171
49181
49183
49202
49204
49210
49232
49251
49263
49276
49319
49323
49327
49341
49345
49348
49349
49371
49378
49384
49388
49395
49413
49414
49419
49421
49431
49434
49454
49462
49466
49466
49476
49479
49482
49482
49526
49591
49632
49636
49638
49646
49651
49654
49660
49680
49682
49687
49693
49695
49710
49716
49723
49739
49743
49762
49770
49778
49785
49786
49786
49799
49807
49810
49815
49854
49862
49870
49870
49873
49878
49892
49898
49903
49910
49912
49912
49942
49951
49959
49959
49973
49979
49980
50007
50052
50074
50091
50092
50103
50112
50113
50143
50163
50177
50188
50189
50192
50196
50199
50199
50235
50256
50267
50271
50273
50275
50279
50281
50323
50325
50343
50350
50351
50354
50359
50373
50409
50426
50432
50436
50445
50451
50482
50492
50546
50555
50574
50577
50577
50584
50586
50590
50598
50599
50607
50632
50637
50644
50648
50686
50699
50703
50708
50750
50755
50763
50767
50779
50783
50786
50796
50815
50865
50876
50883
50883
50891
50894
50904
50923
50931
50954
50972
50973
50994
51011
51023
51042
51056
51070
51079
51094
51105
51133
51162
51175
51178
51181
51190
51196
51217
51242
51244
51251
51253
51271
51281
51287
51292
51305
51307
51308
51309
51317
51327
51332
51338
51355
51355
51358
51364
51374
51378
51398
51402
51410
51418
51421
51421
51426
51442
51444
51463
51471
51482
51483
51487
51493
51512
51518
51531
51537
51542
51584
51585
51590
51597
51599
51615
51648
51650
51656
51657
51661
51665
51666
51678
51682
51693
51700
51730
51739
51751
51781
51798
51804
51812
51830
51831
51836
51860
51865
51866
51871
51886
51886
51905
51907
51909
51915
51948
51967
51969
51972
51980
51987
52006
52006
52034
52046
52054
52056
52086
52095
52097
52104
52108
52108
52114
52123
52127
52138
52139
52143
52156
52161
52173
52186
52193
52194
52194
52198
52204
52212
52221
52228
52244
52255
52256
52277
52303
52310
52315
52316
52322
52346
52355
52358
52376
52402
52403
52404
52418
52427
52435
52466
52473
52473
52479
52504
52510
52518
52536
52541
52543
52557
52559
52561
52567
52581
52581
52584
52603
52606
52611
52612
52635
52638
52650
52660
52663
52679
52695
52712
52716
52719
52726
52726
52729
52729
52735
52748
52752
52763
52780
52786
52786
52788
52799
52810
52824
52835
52841
52853
52854
52855
52873
52877
52877
52880
52885
52886
52892
52906
52915
52920
52930
52956
52971
52975
52978
52992
52998
53005
53032
53041
53083
53087
53090
53096
53106
53107
53112
53118
53121
53131
53136
53143
53166
53170
53176
53187
53197
53210
53238
53249
53262
53281
53291
53297
53300
53314
53320
53337
53338
53347
53353
53354
53375
53375
53389
53393
53393
53396
53443
53463
53468
53472
53481
53494
53500
53509
53521
53527
53536
53550
53552
53553
53561
53572
53578
53595
53611
53622
53651
53669
53670
53673
53687
53704
53705
53719
53726
53727
53731
53733
53735
53745
53752
53757
53762
53768
53770
53777
53787
53788
53796
53812
53825
53846
53867
53870
53872
53872
53882
53893
53895
53950
53952
53985
54000
54003
54005
54052
54056
54069
54076
54090
54103
54126
54126
54129
54139
54142
54151
54165
54183
54194
54213
54219
54235
54238
54240
54265
54291
54295
54308
54323
54325
54335
54338
54364
54372
54400
54449
54453
54454
54470
54472
54475
54486
54501
54505
54506
54525
54530
54534
54538
54557
54578
54597
54611
54625
54643
54655
54682
54683
54686
54688
54704
54706
54714
54729
54745
54758
54761
54769
54773
54779
54785
54791
54798
54807
54807
54826
54830
54835
54844
54863
54865
54882
54901
54923
54935
54945
54946
54962
54976
54982
54987
55002
55014
55037
55039
55046
55060
55083
55087
55106
55126
55129
55133
55140
55142
55143
55164
55165
55171
55194
55196
55214
55222
55227
55242
55248
55264
55312
55346
55358
55389
55400
55410
55432
55439
55449
55460
55460
55488
55491
55505
55509
55524
55529
55536
55537
55538
55551
55591
55591
55596
55603
55605
55633
55635
55642
55654
55669
55680
55682
55684
55687
55692
55696
55725
55751
55766
55773
55774
55775
55808
55816
55830
55843
55845
55854
55866
55873
55892
55894
55902
55909
55913
55922
55929
55953
55996
56040
56053
56058
56068
56119
56125
56130
56143
56162
56166
56178
56190
56200
56209
56257
56260
56265
56270
56309
56310
56314
56330
56335
56354
56367
56369
56386
56404
56453
56459
56479
56507
56508
56526
56528
56539
56554
56560
56563
56569
56569
56586
56588
56596
56603
56611
56616
56616
56625
56626
56635
56637
56639
56640
56647
56661
56668
56671
56671
56684
56701
56719
56719
56720
56724
56734
56736
56744
56759
56785
56793
56808
56809
56857
56864
56867
56881
56883
56885
56896
56898
56913
56948
56974
56974
56979
56980
56981
56998
57007
57015
57021
57042
57048
57055
57057
57078
57105
57108
57116
57168
57176
57182
57196
57199
57219
57220
57226
57229
57229
57258
57258
57264
57284
57296
57304
57312
57318
57338
57362
57372
57386
57411
57414
57431
57434
57436
57437
57445
57446
57465
57479
57486
57487
57509
57513
57538
57550
57565
57592
57594
57597
57601
57603
57622
57649
57650
57652
57653
57672
57678
57739
57752
57754
57769
57777
57778
57799
57808
57824
57841
57841
57841
57882
57884
57923
57925
57929
57932
57943
57948
57950
57965
58000
58036
58047
58060
58064
58064
58084
58091
58098
58099
58138
58139
58140
58184
58193
58198
58201
58235
58248
58250
58261
58261
58272
58298
58320
58323
58333
58353
58353
58353
58361
58369
58407
58411
58414
58416
58433
58433
58437
58437
58443
58453
58464
58471
58473
58480
58481
58483
58488
58496
58505
58526
58528
58553
58573
58577
58589
58617
58622
58631
58635
58643
58649
58652
58652
58676
58689
58700
58704
58707
58714
58714
58727
58735
58752
58756
58760
58762
58776
58782
58783
58794
58799
58812
58816
58819
58840
58859
58861
58874
58890
58910
58916
58928
58933
58958
58967
58973
58987
58994
58995
59008
59021
59026
59030
59052
59057
59081
59116
59131
59131
59138
59144
59146
59164
59203
59217
59281
59291
59301
59306
59318
59339
59347
59351
59359
59364
59364
59372
59376
59395
59426
59429
59433
59433
59435
59443
59448
59466
59474
59476
59487
59490
59533
59537
59539
59552
59561
59592
59599
59600
59603
59609
59611
59623
59627
59632
59640
59644
59654
59669
59674
59675
59712
59733
59734
59739
59740
59742
59748
59766
59782
59800
59834
59844
59845
59857
59860
59872
59874
59878
59930
59957
59960
59977
59991
59993
60005
60009
60021
60022
60048
60069
60080
60081
60091
60095
60107
60112
60114
60120
60139
60141
60159
60159
60164
60172
60173
60187
60216
60226
60226
60238
60238
60239
60243
60247
60250
60256
60260
60261
60273
60283
60290
60301
60305
60321
60330
60333
60334
60336
60339
60376
60380
60381
60397
60401
60419
60421
60427
60433
60436
60436
60459
60473
60484
60486
60490
60497
60503
60509
60511
60516
60531
60535
60537
60539
60540
60544
60561
60565
60569
60570
60598
60619
60639
60643
60695
60716
60720
60722
60727
60730
60746
60756
60784
60792
60797
60803
60806
60817
60820
60835
60836
60841
60850
60863
60871
60874
60875
60885
60886
60906
60914
60920
60920
60954
60957
60976
60989
60989
60999
61013
61016
61018
61025
61028
61042
61083
61084
61105
61116
61117
61126
61133
61135
61141
61142
61144
61149
61154
61175
61201
61205
61212
61217
61217
61253
61256
61268
61284
61317
61319
61324
61329
61343
61357
61374
61376
61395
61395
61396
61409
61412
61422
61440
61459
61460
61471
61479
61481
61484
61484
61498
61500
61528
61529
61534
61549
61557
61557
61575
61582
61584
61585
61592
61606
61608
61620
61625
61635
61643
61666
61682
61686
61706
61722
61723
61730
61733
61770
61771
61803
61821
61832
61833
61839
61895
61896
61920
61925
61936
61942
61961
61970
61994
62006
62011
62014
62052
62072
62084
62087
62090
62091
62099
62114
62131
62139
62157
62162
62177
62183
62192
62198
62205
62233
62234
62245
62257
62266
62271
62275
62281
62302
62305
62324
62326
62341
62345
62352
62369
62397
62410
62412
62414
62440
62444
62506
62543
62552
62565
62578
62581
62581
62582
62605
62606
62611
62613
62628
62648
62651
62658
62658
62684
62705
62705
62719
62721
62728
62742
62749
62765
62789
62815
62821
62827
62831
62842
62854
62873
62914
62917
62921
62932
62935
62961
62965
62966
62976
62990
63024
63030
63039
63062
63065
63082
63086
63113
63116
63116
63122
63127
63129
63147
63150
63161
63169
63173
63175
63183
63206
63231
63235
63242
63248
63253
63268
63277
63278
63286
63300
63305
63313
63319
63329
63340
63341
63343
63344
63360
63375
63381
63387
63392
63393
63397
63401
63401
63409
63416
63424
63438
63443
63461
63468
63491
63522
63559
63563
63575
63580
63592
63597
63601
63605
63628
63645
63651
63659
63663
63670
63675
63706
63716
63731
63742
63743
63744
63753
63758
63761
63778
63788
63821
63831
63832
63846
63850
63855
63867
63877
63889
63896
63908
63927
63943
63955
63963
63978
63983
64017
64044
64048
64068
64073
64081
64085
64105
64108
64111
64112
64137
64153
64183
64192
64202
64203
64206
64211
64227
64246
64260
64260
64276
64288
64295
64299
64319
64320
64327
64356
64369
64369
64383
64411
64427
64446
64447
64453
64456
64475
64482
64488
64489
64491
64494
64494
64502
64510
64555
64585
64588
64611
64630
64631
64632
64650
64663
64677
64682
64695
64718
64737
64740
64782
64805
64821
64822
64829
64842
64842
64846
64850
64858
64871
64886
64900
64912
64913
64942
64956
64968
64968
64988
64993
64994
64998
65004
65017
65036
65047
65052
65078
65082
65085
65098
65105
65135
65165
65188
65192
65195
65195
65200
65204
65204
65205
65209
65215
65224
65227
65235
65238
65241
65246
65266
65280
65291
65297
65297
65303
65312
65329
65341
65361
65363
65368
65368
65377
65398
65410
65424
65427
65427
65436
65437
65446
65451
65452
65472
65493
65497
65540
65544
65545
65547
65562
65590
65590
65626
65627
65641
65647
65648
65657
65664
65666
65680
65680
65685
65701
65704
65713
65718
65719
65722
65748
65752
65756
65762
65766
65767
65768
65770
65781
65781
65788
65825
65846
65854
65871
65879
65951
65953
65961
65965
65977
65987
65992
66034
66041
66064
66064
66074
66089
66095
66105
66109
66133
66144
66155
66172
66184
66191
66199
66200
66202
66210
66213
66214
66229
66234
66258
66264
66267
66270
66287
66292
66297
66301
66328
66337
66345
66370
66374
66388
66396
66404
66418
66428
66428
66446
66450
66458
66459
66461
66526
66534
66557
66563
66565
66567
66568
66570
66571
66572
66575
66583
66599
66616
66619
66636
66656
66670
66670
66676
66689
66708
66710
66727
66732
66739
66763
66764
66784
66806
66806
66811
66815
66824
66834
66845
66847
66849
66850
66866
66868
66883
66898
66911
66933
66933
66940
66943
66959
66972
66982
66990
66997
66999
67015
67015
67023
67034
67039
67056
67060
67063
67075
67079
67104
67119
67120
67131
67142
67147
67150
67157
67161
67197
67202
67202
67207
67221
67236
67275
67277
67297
67306
67315
67321
67325
67347
67375
67410
67416
67418
67433
67449
67465
67476
67491
67499
67499
67531
67563
67569
67597
67612
67667
67677
67686
67699
67702
67704
67708
67722
67730
67733
67739
67782
67816
67824
67826
67835
67835
67841
67846
67873
67879
67884
67889
67892
67896
67909
67917
67930
67932
67938
67958
67964
67971
67971
67976
67996
67999
68022
68048
68065
68070
68074
68082
68094
68117
68127
68143
68172
68178
68180
68191
68194
68195
68198
68213
68241
68251
68253
68257
68266
68271
68276
68289
68292
68293
68298
68301
68305
68308
68308
68346
68363
68368
68378
68388
68388
68390
68418
68419
68442
68444
68466
68484
68486
68489
68495
68506
68519
68529
68577
68583
68589
68614
68620
68627
68667
68676
68684
68699
68701
68708
68712
68713
68714
68717
68720
68720
68729
68738
68746
68754
68756
68758
68773
68780
68795
68804
68807
68812
68818
68821
68838
68845
68852
68855
68861
68898
68913
68932
68936
68939
68961
68966
68968
68971
68984
68990
69009
69011
69015
69020
69021
69021
69028
69034
69037
69067
69077
69084
69087
69113
69113
69136
69141
69158
69165
69190
69209
69211
69214
69240
69258
69260
69268
69278
69285
69304
69331
69335
69344
69360
69364
69383
69387
69388
69392
69399
69400
69400
69417
69424
69447
69450
69452
69453
69458
69464
69467
69474
69475
69479
69483
69490
69492
69493
69501
69507
69528
69530
69560
69568
69581
69596
69599
69606
69619
69621
69628
69636
69644
69648
69658
69661
69661
69663
69686
69691
69692
69706
69717
69723
69738
69740
69741
69753
69758
69760
69792
69800
69809
69832
69838
69842
69845
69868
69885
69894
69900
69913
69915
69919
69923
69924
69938
69946
69951
69972
69988
70008
70013
70015
70024
70033
70047
70060
70074
70088
70108
70111
70119
70125
70137
70154
70165
70175
70179
70181
70182
70187
70194
70220
70223
70245
70283
70287
70306
70307
70322
70325
70329
70330
70338
70347
70355
70358
70367
70368
70383
70394
70401
70404
70409
70414
70415
70418
70429
70434
70438
70438
70445
70466
70469
70475
70486
70494
70504
70510
70510
70516
70529
70537
70545
70552
70553
70557
70568
70574
70580
70589
70607
70626
70627
70634
70636
70654
70670
70682
70686
70687
70693
70696
70696
70702
70713
70713
70715
70732
70767
70777
70781
70796
70799
70802
70804
70805
70805
70809
70824
70829
70829
70829
70841
70858
70888
70891
70925
70926
70931
70936
70943
70949
70952
70953
70965
70983
70991
70994
71000
71002
71009
71015
71016
71050
71053
71059
71075
71087
71137
71146
71150
71152
71164
71175
71176
71178
71192
71196
71201
71203
71211
71224
71231
71248
71270
71275
71292
71292
71296
71302
71307
71338
71340
71341
71363
71378
71397
71410
71413
71415
71427
71429
71431
71436
71442
71448
71450
71454
71458
71461
71461
71470
71494
71508
71523
71536
71544
71564
71573
71579
71579
71580
71590
71602
71610
71623
71630
71631
71632
71645
71650
71651
71654
71662
71670
71687
71700
71715
71739
71746
71747
71769
71771
71774
71785
71840
71858
71859
71864
71867
71867
71877
71900
71902
71906
71908
71914
71940
71942
71943
71958
71960
71973
71978
71992
71993
72030
72048
72053
72059
72068
72079
72089
72094
72122
72156
72170
72171
72174
72220
72233
72251
72255
72268
72274
72282
72284
72286
72286
72289
72295
72308
72323
72328
72358
72365
72388
72390
72396
72405
72406
72419
72422
72423
72443
72445
72479
72490
72492
72506
72526
72548
72569
72580
72602
72605
72606
72621
72638
72640
72663
72671
72674
72676
72681
72690
72692
72715
72768
72771
72776
72784
72787
72790
72820
72838
72841
72859
72860
72877
72883
72892
72906
72909
72914
72919
72955
72980
73007
73022
73023
73074
73080
73081
73087
73095
73112
73123
73132
73144
73158
73164
73185
73187
73192
73192
73205
73218
73221
73222
73246
73252
73256
73258
73259
73271
73271
73301
73304
73313
73343
73346
73355
73402
73404
73404
73416
73426
73428
73435
73436
73449
73453
73456
73462
73475
73480
73488
73502
73540
73570
73579
73579
73582
73597
73619
73624
73626
73642
73655
73659
73674
73675
73686
73692
73697
73712
73719
73735
73744
73762
73767
73777
73785
73798
73832
73836
73846
73862
73867
73880
73898
73901
73902
73926
73942
73948
73951
73952
73955
73963
73964
73964
73984
73993
74009
74009
74021
74031
74034
74035
74037
74054
74056
74083
74101
74101
74112
74122
74128
74128
74133
74153
74156
74164
74166
74173
74190
74202
74205
74207
74234
74237
74258
74261
74265
74265
74298
74298
74299
74308
74327
74327
74329
74335
74340
74342
74345
74350
74357
74359
74377
74380
74389
74402
74403
74406
74418
74431
74433
74438
74439
74441
74447
74451
74454
74461
74466
74466
74493
74505
74506
74513
74519
74545
74550
74551
74582
74585
74611
74612
74641
74648
74653
74656
74660
74665
74670
74670
74693
74708
74713
74718
74722
74722
74729
74734
74748
74762
74763
74793
74796
74798
74803
74806
74807
74838
74844
74844
74853
74855
74855
74879
74898
74916
74918
74928
74940
74946
74960
74962
74977
75016
75018
75042
75042
75044
75063
75063
75078
75096
75121
75144
75149
75164
75185
75211
75216
75234
75235
75240
75257
75263
75269
75274
75275
75302
75304
75306
75329
75335
75342
75361
75371
75399
75406
75414
75417
75418
75435
75490
75509
75509
75522
75522
75531
75532
75554
75556
75557
75561
75563
75570
75570
75570
75573
75606
75615
75619
75623
75637
75638
75658
75661
75664
75671
75687
75695
75737
75751
75769
75774
75777
75790
75795
75813
75831
75837
75838
75849
75849
75877
75882
75891
75900
75937
75937
75944
75952
75953
75957
75957
75960
75975
75976
75977
76011
76016
76023
76067
76074
76083
76113
76114
76123
76146
76186
76224
76239
76239
76244
76263
76282
76285
76289
76297
76300
76307
76312
76318
76331
76345
76362
76373
76379
76382
76392
76407
76424
76443
76475
76489
76491
76509
76510
76515
76520
76521
76543
76547
76571
76580
76583
76601
76603
76610
76626
76628
76639
76642
76646
76650
76655
76672
76678
76688
76695
76698
76700
76706
76717
76731
76731
76732
76732
76738
76772
76782
76785
76849
76867
76891
76894
76895
76909
76910
76920
76938
76945
76950
76959
76979
76987
76991
76995
76995
77002
77011
77027
77055
77065
77073
77079
77084
77086
77095
77096
77103
77140
77146
77151
77151
77156
77157
77161
77163
77163
77175
77180
77210
77224
77237
77258
77269
77270
77280
77286
77291
77320
77352
77365
77369
77373
77421
77421
77450
77457
77457
77482
77487
77499
77518
77519
77521
77552
77578
77582
77582
77589
77592
77597
77633
77639
77652
77653
77675
77696
77732
77735
77744
77746
77749
77754
77758
77770
77787
77807
77824
77824
77829
77830
77834
77854
77854
77861
77869
77888
77924
77931
77933
77953
77959
77967
77970
77980
77992
77994
77997
78002
78014
78015
78021
78030
78032
78034
78049
78052
78052
78054
78062
78095
78099
78105
78108
78111
78115
78115
78116
78117
78121
78130
78134
78139
78139
78161
78169
78221
78234
78235
78236
78238
78247
78254
78261
78269
78290
78290
78315
78333
78334
78337
78339
78351
78366
78385
78385
78400
78409
78410
78433
78459
78469
78476
78492
78503
78513
78546
78547
78549
78549
78559
78562
78566
78568
78578
78583
78616
78633
78638
78638
78640
78643
78656
78660
78688
78692
78714
78728
78730
78737
78741
78750
78754
78775
78787
78795
78801
78803
78805
78811
78816
78818
78820
78823
78836
78849
78862
78881
78893
78898
78898
78917
78922
78930
78954
78965
78986
78989
79006
79010
79051
79061
79111
79121
79133
79135
79148
79150
79153
79161
79173
79179
79181
79187
79195
79197
79198
79235
79238
79248
79258
79259
79285
79288
79291
79298
79300
79306
79308
79314
79320
79334
79367
79369
79372
79379
79387
79389
79390
79399
79412
79428
79430
79432
79441
79445
79482
79485
79490
79499
79503
79505
79508
79510
79538
79540
79546
79547
79550
79555
79565
79569
79597
79605
79625
79626
79629
79633
79634
79646
79653
79678
79691
79699
79719
79722
79727
79744
79752
79760
79776
79786
79790
79790
79794
79811
79835
79840
79848
79866
79868
79868
79869
79873
79875
79884
79898
79901
79915
79918
79930
79941
79942
79944
79945
79962
79964
79966
79982
79987
80000
80002
80003
80003
80003
80032
80049
80050
80063
80066
80068
80077
80078
80079
80081
80082
80108
80141
80144
80156
80158
80159
80161
80164
80180
80195
80200
80226
80236
80242
80243
80255
80261
80274
80292
80295
80301
80311
80318
80328
80334
80356
80362
80371
80372
80373
80384
80384
80393
80397
80436
80445
80446
80447
80455
80456
80463
80471
80485
80488
80504
80512
80538
80563
80564
80567
80573
80577
80589
80593
80597
80623
80642
80646
80653
80668
80673
80694
80696
80741
80746
80762
80788
80837
80838
80856
80858
80866
80870
80879
80892
80921
80925
80943
80944
80956
80985
80994
80997
81005
81013
81018
81066
81070
81075
81082
81089
81100
81101
81115
81116
81125
81152
81152
81161
81180
81191
81194
81219
81219
81222
81223
81233
81255
81255
81271
81279
81282
81306
81326
81330
81336
81337
81339
81355
81361
81366
81379
81383
81397
81408
81410
81414
81427
81428
81430
81439
81447
81448
81461
81462
81463
81474
81477
81486
81487
81489
81501
81509
81515
81521
81522
81523
81536
81539
81539
81597
81602
81621
81621
81633
81645
81657
81670
81671
81676
81682
81695
81697
81700
81702
81705
81716
81716
81727
81771
81777
81790
81797
81802
81809
81814
81816
81818
81837
81860
81866
81874
81883
81884
81907
81967
81995
81999
82002
82004
82019
82032
82035
82043
82045
82064
82071
82072
82079
82105
82123
82136
82140
82147
82150
82153
82154
82157
82161
82185
82199
82205
82205
82223
82233
82253
82255
82255
82263
82282
82285
82290
82316
82319
82323
82324
82326
82328
82333
82339
82340
82377
82379
82388
82417
82417
82419
82420
82435
82448
82456
82465
82468
82479
82484
82487
82499
82499
82522
82523
82540
82542
82551
82554
82554
82554
82562
82564
82565
82573
82577
82584
82585
82593
82598
82599
82600
82601
82613
82627
82634
82635
82640
82640
82644
82647
82651
82655
82682
82692
82693
82694
82696
82698
82712
82724
82753
82763
82768
82777
82780
82790
82810
82851
82878
82882
82885
82887
82914
82922
82927
82927
82928
82937
82946
82950
82977
82988
83011
83023
83028
83039
83048
83050
83059
83062
83070
83082
83083
83087
83093
83096
83119
83148
83148
83149
83156
83157
83160
83161
83163
83177
83177
83180
83195
83198
83226
83227
83229
83275
83277
83277
83288
83295
83298
83309
83312
83326
83332
83335
83356
83392
83402
83405
83411
83445
83496
83500
83509
83526
83534
83536
83571
83583
83612
83631
83636
83636
83637
83644
83652
83658
83663
83679
83688
83694
83709
83710
83711
83719
83723
83723
83727
83732
83736
83752
83755
83758
83762
83768
83771
83778
83785
83788
83793
83797
83819
83838
83904
83964
83980
83991
83994
84010
84014
84040
84089
84106
84121
84125
84136
84141
84165
84170
84176
84181
84184
84198
84199
84206
84213
84215
84218
84266
84293
84301
84304
84319
84321
84326
84365
84374
84380
84388
84412
84416
84420
84422
84427
84431
84452
84473
84483
84484
84502
84502
84539
84550
84550
84555
84568
84595
84614
84625
84634
84675
84705
84731
84737
84746
84778
84791
84795
84798
84805
84815
84821
84824
84837
84840
84847
84854
84857
84865
84881
84884
84891
84893
84921
84934
84938
84942
84948
84957
84972
84977
84982
84986
84987
84988
84993
85025
85030
85032
85033
85035
85042
85043
85049
85063
85069
85074
85076
85083
85087
85089
85090
85090
85102
85104
85106
85111
85115
85117
85133
85146
85153
85187
85251
85257
85260
85275
85281
85285
85298
85307
85317
85351
85362
85366
85386
85395
85399
85408
85452
85472
85478
85482
85501
85505
85509
85510
85513
85524
85531
85539
85541
85546
85552
85607
85620
85621
85629
85634
85638
85658
85672
85676
85686
85693
85703
85705
85710
85723
85726
85740
85743
85746
85749
85750
85753
85757
85775
85811
85817
85825
85850
85870
85880
85899
85900
85901
85905
85915
85928
85934
85940
85942
85947
85958
85962
85966
85982
85984
86003
86010
86011
86016
86052
86062
86080
86088
86099
86120
86122
86157
86200
86204
86218
86219
86248
86252
86264
86273
86276
86297
86304
86320
86377
86380
86403
86417
86426
86428
86444
86458
86458
86476
86480
86489
86491
86492
86492
86499
86522
86524
86543
86556
86561
86577
86581
86603
86608
86609
86613
86639
86645
86668
86671
86682
86695
86721
86735
86754
86758
86784
86789
86789
86791
86799
86814
86826
86844
86858
86860
86862
86878
86881
86884
86887
86896
86918
86921
86931
86963
86972
87016
87021
87034
87045
87066
87075
87078
87088
87091
87096
87146
87154
87186
87188
87189
87213
87221
87232
87238
87245
87265
87277
87326
87329
87338
87339
87399
87405
87406
87416
87421
87423
87443
87451
87469
87473
87485
87489
87532
87539
87551
87554
87562
87569
87576
87588
87590
87591
87604
87615
87639
87646
87650
87653
87654
87654
87657
87657
87659
87666
87680
87684
87699
87699
87700
87727
87740
87749
87754
87762
87765
87776
87784
87792
87809
87816
87817
87819
87865
87899
87903
87906
87908
87923
87936
87951
87971
87972
87982
87997
87999
88006
88007
88018
88028
88038
88071
88073
88104
88118
88120
88143
88143
88146
88158
88171
88178
88208
88212
88231
88235
88240
88248
88253
88271
88274
88279
88291
88303
88305
88348
88360
88366
88369
88380
88381
88389
88398
88418
88438
88444
88445
88462
88466
88480
88504
88507
88514
88526
88530
88548
88550
88560
88595
88598
88600
88630
88638
88644
88647
88647
88649
88650
88651
88651
88654
88654
88657
88667
88687
88706
88707
88729
88734
88750
88760
88769
88774
88794
88794
88798
88809
88833
88840
88846
88853
88854
88882
88909
88924
88936
88938
88950
88970
88973
88975
88993
88997
89002
89008
89014
89032
89033
89034
89038
89041
89051
89081
89087
89090
89099
89100
89101
89102
89105
89133
89142
89146
89154
89182
89183
89183
89184
89185
89186
89187
89193
89201
89206
89219
89226
89228
89254
89269
89273
89280
89282
89290
89295
89306
89311
89328
89343
89343
89349
89352
89374
89375
89383
89413
89425
89429
89433
89443
89446
89460
89467
89472
89478
89488
89496
89499
89504
89509
89522
89530
89532
89533
89540
89578
89595
89602
89602
89614
89618
89649
89657
89659
89660
89662
89666
89692
89702
89702
89736
89743
89748
89755
89762
89770
89781
89791
89824
89825
89828
89828
89834
89892
89929
89930
89942
89956
89977
89978
89988
89992
89993
89999
90000
90010
90029
90046
90060
90061
90075
90087
90095
90102
90108
90157
90159
90174
90177
90209
90210
90212
90218
90233
90246
90246
90252
90286
90293
90298
90301
90302
90336
90336
90346
90347
90351
90364
90372
90385
90385
90387
90408
90424
90437
90453
90473
90482
90482
90497
90499
90508
90518
90519
90536
90555
90581
90592
90601
90604
90613
90640
90643
90648
90655
90657
90661
90666
90668
90680
90691
90693
90707
90712
90713
90717
90736
90740
90757
90758
90764
90776
90780
90793
90800
90818
90823
90840
90842
90843
90843
90847
90847
90855
90877
90878
90909
90915
90919
90920
90924
90953
90954
90962
90982
90989
90995
90997
91006
91015
91022
91044
91067
91087
91114
91117
91155
91155
91168
91185
91190
91205
91215
91235
91237
91252
91257
91269
91270
91290
91296
91300
91335
91337
91358
91358
91389
91391
91396
91398
91400
91402
91420
91420
91422
91424
91431
91438
91439
91459
91468
91472
91477
91491
91497
91499
91499
91502
91521
91588
91599
91604
91609
91628
91628
91636
91640
91646
91653
91664
91675
91678
91707
91709
91758
91775
91779
91798
91839
91870
91877
91883
91960
91961
91968
91976
91982
92023
92026
92033
92048
92050
92054
92068
92077
92085
92116
92127
92160
92168
92185
92197
92200
92201
92212
92229
92262
92264
92270
92275
92279
92290
92295
92306
92309
92317
92321
92335
92337
92343
92351
92398
92412
92417
92418
92421
92425
92441
92442
92449
92466
92469
92486
92491
92499
92500
92517
92529
92530
92532
92565
92569
92603
92611
92618
92619
92620
92645
92656
92672
92688
92690
92696
92701
92705
92706
92728
92731
92736
92752
92764
92777
92784
92788
92790
92793
92793
92799
92818
92831
92832
92840
92851
92853
92855
92860
92869
92883
92908
92920
92921
92934
92939
92948
92950
92950
92968
92978
92983
92988
92989
92994
92999
93002
93011
93016
93030
93039
93040
93050
93064
93076
93083
93085
93122
93140
93143
93148
93152
93161
93162
93177
93186
93188
93220
93220
93230
93231
93240
93248
93249
93260
93267
93268
93268
93279
93279
93290
93299
93300
93316
93319
93320
93320
93342
93345
93348
93368
93370
93371
93372
93416
93434
93442
93453
93461
93483
93502
93514
93517
93521
93521
93522
93522
93569
93585
93590
93593
93596
93609
93614
93631
93636
93662
93672
93678
93685
93696
93707
93724
93730
93739
93743
93749
93760
93780
93784
93787
93805
93829
93830
93842
93843
93847
93855
93856
93860
93867
93885
93892
93899
93911
93913
93922
93939
93949
93953
93956
93992
93993
93996
94000
94004
94007
94030
94042
94045
94050
94054
94066
94077
94085
94092
94145
94152
94163
94194
94195
94199
94215
94217
94221
94231
94240
94256
94281
94285
94305
94310
94317
94328
94336
94339
94349
94357
94361
94363
94366
94370
94374
94381
94382
94411
94413
94418
94425
94453
94459
94466
94468
94476
94478
94487
94490
94500
94515
94528
94528
94537
94549
94551
94552
94570
94580
94582
94596
94596
94618
94633
94637
94638
94640
94652
94654
94664
94667
94762
94778
94780
94785
94786
94787
94788
94801
94804
94814
94819
94824
94827
94879
94885
94889
94890
94897
94898
94904
94932
94953
94959
94982
94994
95002
95011
95016
95017
95019
95021
95024
95027
95030
95043
95061
95070
95074
95090
95092
95094
95098
95098
95104
95106
95115
95118
95193
95215
95217
95220
95250
95279
95280
95280
95292
95297
95309
95310
95315
95316
95319
95322
95324
95338
95374
95382
95393
95411
95412
95433
95449
95450
95459
95464
95467
95469
95486
95492
95496
95502
95509
95521
95522
95526
95526
95540
95558
95560
95569
95584
95600
95608
95609
95610
95620
95627
95629
95630
95656
95658
95670
95685
95690
95693
95697
95704
95713
95725
95732
95738
95756
95773
95775
95804
95806
95825
95828
95831
95836
95862
95865
95867
95870
95892
95900
95904
95904
95951
95952
95975
95990
95990
95998
96000
96002
96007
96008
96024
96030
96034
96040
96042
96043
96043
96047
96049
96055
96067
96073
96073
96091
96092
96106
96113
96114
96137
96153
96164
96172
96196
96196
96202
96204
96222
96223
96261
96280
96291
96293
96294
96323
96360
96372
96381
96383
96387
96392
96395
96396
96415
96421
96437
96451
96451
96453
96471
96473
96481
96495
96496
96518
96535
96545
96559
96565
96571
96575
96575
96576
96581
96584
96598
96603
96605
96606
96628
96639
96678
96734
96737
96739
96741
96745
96747
96755
96755
96769
96773
96781
96783
96804
96826
96843
96846
96854
96863
96867
96870
96881
96889
96900
96904
96916
96920
96932
96935
96948
96958
96962
96967
96980
96980
96994
97029
97030
97036
97036
97051
97055
97075
97078
97083
97083
97088
97092
97092
97094
97095
97100
97104
97135
97160
97168
97190
97191
97196
97206
97213
97216
97225
97245
97247
97248
97279
97283
97283
97290
97297
97311
97316
97323
97326
97333
97337
97340
97346
97347
97353
97364
97368
97379
97380
97401
97429
97456
97458
97458
97463
97467
97475
97495
97506
97538
97549
97554
97557
97558
97603
97604
97616
97639
97675
97697
97702
97717
97726
97727
97736
97741
97780
97809
97815
97815
97824
97827
97855
97862
97867
97872
97873
97890
97904
97905
97933
97933
97936
97968
97977
97984
98002
98005
98006
98012
98023
98037
98040
98041
98044
98047
98055
98062
98065
98077
98082
98084
98087
98101
98102
98109
98118
98132
98142
98144
98147
98152
98159
98159
98169
98170
98171
98172
98177
98182
98185
98189
98215
98220
98260
98276
98284
98285
98293
98304
98312
98319
98334
98336
98340
98341
98352
98358
98368
98381
98383
98408
98453
98472
98478
98481
98488
98497
98500
98507
98536
98558
98558
98567
98573
98577
98583
98586
98608
98610
98633
98646
98646
98647
98652
98681
98696
98698
98701
98702
98706
98714
98722
98744
98757
98759
98791
98792
98792
98806
98809
98812
98845
98868
98873
98875
98888
98895
98901
98912
98915
98921
98933
98942
98954
98963
98965
98971
98971
98978
99003
99008
99010
99012
99015
99020
99053
99053
99057
99061
99063
99064
99072
99076
99086
99099
99102
99113
99118
99120
99125
99126
99146
99149
99192
99204
99213
99215
99225
99241
99251
99261
99266
99288
99309
99331
99346
99348
99349
99359
99383
99400
99402
99423
99428
99430
99431
99436
99464
99468
99469
99475
99489
99497
99503
99508
99535
99537
99543
99543
99570
99570
99572
99572
99576
99610
99623
99647
99648
99651
99661
99671
99675
99696
99713
99721
99724
99727
99734
99738
99750
99754
99759
99773
99777
99799
99800
99807
99815
99828
99834
99834
99850
99854
99870
99889
99894
99909
99924
99928
99935
99945
99948
99963
99964
99986
99988
99996
99999
