1
1
4
12
20
33
41
48
74
78
81
99
104
108
123
124
140
155
162
173
178
191
196
203
218
220
225
229
241
247
259
273
294
338
339
341
343
390
401
402
405
416
425
425
428
429
434
438
463
464
468
474
478
480
481
482
486
517
523
531
560
603
610
617
634
637
637
639
647
648
664
666
670
673
680
680
686
696
702
703
706
731
731
742
744
746
761
771
789
818
819
829
839
905
911
919
939
952
959
963
967
999
1035
1043
1047
1098
1122
1130
1159
1177
1188
1191
1220
1228
1234
1238
1260
1260
1268
1307
1322
1328
1331
1342
1347
1358
1359
1361
1377
1379
1383
1424
1429
1446
1465
1483
1486
1487
1498
1500
1516
1528
1552
1555
1557
1571
1572
1576
1578
1606
1607
1633
1663
1684
1694
1701
1729
1751
1752
1762
1781
1782
1788
1802
1815
1823
1824
1834
1851
1859
1882
1888
1895
1899
1908
1931
1932
1943
1947
1953
1954
1965
1976
2019
2024
2035
2050
2055
2078
2082
2099
2149
2154
2162
2164
2170
2190
2194
2195
2197
2203
2221
2246
2273
2289
2310
2323
2325
2327
2327
2330
2330
2331
2346
2353
2353
2356
2359
2366
2367
2375
2386
2398
2412
2413
2433
2434
2441
2459
2474
2476
2479
2490
2491
2493
2499
2523
2534
2539
2544
2546
2547
2548
2560
2570
2611
2612
2628
2650
2658
2659
2659
2671
2671
2673
2719
2722
2724
2741
2744
2760
2763
2763
2765
2769
2770
2772
2775
2786
2788
2796
2799
2801
2805
2807
2844
2847
2851
2852
2861
2867
2871
2874
2881
2882
2887
2888
2894
2909
2915
2920
2924
2940
2949
2963
2976
2976
2980
2988
3002
3007
3013
3019
3028
3064
3080
3094
3094
3101
3115
3138
3151
3154
3162
3173
3181
3222
3230
3231
3236
3274
3279
3285
3294
3294
3305
3312
3316
3318
3320
3321
3326
3339
3339
3349
3379
3424
3434
3436
3437
3438
3450
3466
3468
3471
3492
3495
3499
3503
3507
3507
3514
3524
3529
3535
3546
3565
3576
3600
3600
3606
3611
3612
3613
3620
3622
3623
3642
3654
3655
3667
3668
3674
3704
3722
3736
3738
3749
3760
3765
3767
3781
3795
3795
3826
3834
3857
3861
3866
3870
3882
3888
3901
3932
3947
3956
3965
3990
4007
4008
4017
4019
4030
4038
4054
4058
4069
4069
4073
4090
4093
4094
4101
4146
4166
4180
4181
4183
4193
4193
4198
4209
4212
4213
4219
4229
4250
4258
4266
4274
4275
4286
4293
4296
4307
4317
4330
4338
4355
4356
4358
4359
4361
4370
4374
4376
4390
4391
4402
4411
4412
4412
4429
4439
4448
4476
4517
4540
4547
4551
4568
4568
4587
4588
4593
4594
4604
4608
4609
4623
4627
4646
4663
4666
4667
4681
4688
4707
4715
4731
4732
4752
4754
4774
4779
4780
4785
4789
4797
4818
4818
4825
4830
4919
4928
4936
4947
4975
5014
5015
5017
5025
5031
5031
5042
5059
5066
5071
5079
5084
5100
5119
5126
5128
5138
5143
5148
5152
5155
5157
5180
5188
5189
5191
5211
5222
5272
5284
5285
5288
5296
5296
5299
5330
5347
5359
5362
5363
5366
5372
5398
5411
5418
5430
5439
5446
5476
5480
5487
5488
5489
5510
5520
5524
5524
5529
5531
5533
5537
5543
5562
5568
5574
5603
5618
5628
5636
5647
5673
5693
5706
5720
5722
5731
5747
5751
5760
5764
5770
5773
5786
5789
5802
5815
5822
5829
5833
5846
5848
5855
5867
5884
5885
5893
5904
5922
5959
5967
5984
5985
6007
6027
6030
6034
6040
6045
6047
6059
6069
6072
6084
6111
6140
6144
6158
6163
6165
6175
6176
6184
6194
6206
6207
6226
6231
6253
6255
6303
6312
6315
6318
6327
6334
6340
6340
6346
6355
6359
6360
6365
6367
6368
6374
6392
6393
6396
6401
6403
6414
6435
6440
6442
6444
6478
6478
6479
6501
6507
6559
6574
6574
6580
6597
6599
6619
6630
6639
6647
6650
6656
6664
6679
6682
6686
6690
6713
6717
6723
6747
6748
6753
6762
6775
6796
6802
6805
6806
6809
6852
6855
6856
6867
6898
6905
6912
6922
6929
6937
6942
6952
6952
6972
6976
6984
7011
7024
7028
7046
7051
7052
7053
7072
7085
7089
7094
7122
7143
7159
7175
7177
7185
7191
7193
7200
7210
7210
7217
7221
7228
7233
7243
7246
7255
7261
7268
7283
7284
7284
7305
7310
7325
7345
7348
7353
7368
7369
7376
7403
7411
7434
7445
7451
7478
7479
7485
7503
7508
7511
7521
7534
7541
7547
7555
7559
7571
7573
7584
7596
7607
7652
7657
7679
7686
7723
7725
7726
7738
7766
7767
7771
7786
7804
7809
7836
7840
7840
7872
7872
7874
7881
7890
7902
7913
7928
7977
7990
7997
8002
8013
8028
8040
8040
8046
8063
8066
8073
8097
8109
8125
8125
8127
8131
8133
8152
8160
8161
8164
8194
8213
8221
8224
8232
8245
8256
8261
8266
8268
8274
8304
8339
8345
8356
8366
8368
8371
8375
8397
8429
8432
8436
8452
8457
8457
8458
8483
8489
8512
8529
8543
8597
8600
8639
8645
8653
8659
8659
8660
8679
8703
8734
8745
8748
8750
8755
8758
8760
8779
8783
8786
8790
8793
8812
8814
8823
8845
8852
8859
8861
8862
8871
8874
8875
8887
8896
8922
8940
8941
8943
8949
8960
8970
8974
8977
9035
9039
9048
9050
9059
9064
9069
9074
9077
9093
9098
9101
9106
9132
9148
9166
9171
9181
9212
9219
9228
9239
9246
9251
9256
9261
9262
9267
9284
9284
9288
9293
9297
9330
9331
9332
9333
9341
9360
9368
9382
9382
9384
9386
9387
9388
9399
9401
9407
9411
9418
9429
9435
9435
9436
9458
9460
9464
9476
9485
9489
9512
9514
9534
9547
9552
9554
9565
9570
9570
9571
9580
9592
9597
9600
9600
9603
9603
9606
9611
9624
9634
9635
9640
9657
9672
9672
9686
9689
9717
9718
9746
9770
9777
9781
9781
9810
9817
9825
9826
9841
9853
9873
9879
9884
9900
9905
9910
9921
9941
9949
9952
9966
9971
9974
10031
10053
10053
10068
10077
10083
10084
10084
10109
10117
10120
10130
10136
10137
10143
10146
10169
10191
10191
10193
10204
10209
10229
10237
10271
10272
10301
10303
10327
10328
10332
10333
10357
10359
10361
10364
10369
10418
10426
10440
10445
10473
10478
10481
10518
10531
10538
10539
10539
10559
10563
10598
10601
10628
10643
10645
10658
10660
10660
10664
10672
10678
10685
10688
10689
10694
10698
10704
10704
10721
10742
10749
10760
10787
10801
10805
10812
10838
10846
10874
10883
10886
10897
10907
10914
10931
10946
10955
10956
10973
10992
11026
11036
11038
11070
11086
11107
11117
11119
11127
11138
11139
11149
11157
11170
11171
11173
11178
11193
11199
11212
11227
11234
11266
11270
11274
11282
11286
11294
11299
11314
11322
11342
11351
11358
11375
11392
11395
11395
11405
11411
11418
11419
11431
11440
11443
11443
11450
11453
11470
11486
11503
11533
11551
11553
11562
11579
11594
11598
11601
11613
11616
11616
11623
11625
11635
11647
11652
11675
11718
11728
11730
11738
11767
11774
11781
11798
11807
11811
11826
11852
11855
11860
11864
11871
11874
11896
11897
11933
11938
11941
11943
11951
11988
11993
11997
12004
12010
12010
12011
12022
12029
12034
12044
12050
12057
12060
12079
12079
12096
12097
12103
12111
12112
12120
12121
12124
12147
12155
12164
12171
12198
12207
12210
12222
12227
12228
12239
12239
12255
12256
12277
12305
12319
12329
12334
12338
12341
12359
12376
12389
12389
12393
12419
12429
12435
12437
12441
12457
12466
12482
12530
12554
12589
12598
12604
12607
12619
12619
12631
12632
12634
12647
12653
12653
12661
12666
12674
12697
12721
12726
12749
12754
12786
12787
12789
12791
12797
12802
12809
12835
12836
12845
12855
12862
12865
12872
12877
12879
12884
12894
12911
12958
12972
12976
12979
13007
13018
13028
13035
13036
13038
13041
13051
13053
13086
13102
13107
13123
13127
13134
13166
13171
13172
13174
13180
13180
13185
13186
13186
13213
13227
13234
13242
13246
13255
13275
13279
13281
13286
13293
13297
13310
13314
13323
13338
13342
13342
13343
13349
13363
13364
13366
13377
13387
13391
13396
13397
13400
13404
13427
13440
13445
13452
13453
13457
13457
13463
13465
13477
13479
13482
13488
13491
13503
13535
13563
13563
13569
13573
13593
13600
13610
13614
13614
13616
13617
13621
13633
13642
13643
13644
13657
13659
13664
13666
13692
13715
13723
13742
13749
13749
13750
13769
13770
13818
13833
13841
13850
13857
13878
13896
13898
13899
13914
13924
13943
13972
13985
14000
14034
14066
14080
14080
14094
14099
14105
14108
14121
14130
14132
14139
14144
14150
14166
14169
14170
14172
14175
14193
14212
14213
14225
14238
14255
14260
14263
14267
14274
14285
14289
14310
14327
14344
14353
14362
14371
14378
14409
14410
14428
14447
14460
14469
14477
14490
14496
14512
14531
14547
14554
14597
14613
14631
14640
14646
14652
14659
14673
14673
14677
14694
14694
14712
14718
14723
14742
14768
14774
14785
14802
14819
14840
14852
14861
14869
14888
14895
14895
14907
14908
14912
14919
14932
14946
14956
14965
14975
14999
15001
15026
15029
15038
15079
15084
15116
15123
15124
15129
15133
15148
15165
15167
15186
15207
15210
15217
15222
15232
15244
15251
15265
15281
15282
15295
15336
15337
15347
15347
15354
15375
15376
15377
15384
15390
15399
15407
15409
15432
15436
15439
15441
15450
15488
15492
15496
15558
15561
15614
15619
15625
15630
15632
15641
15646
15647
15648
15653
15659
15667
15695
15698
15727
15750
15759
15764
15771
15774
15781
15807
15808
15811
15822
15833
15839
15843
15846
15862
15862
15867
15879
15880
15894
15916
15937
15949
15957
15962
15963
15972
15979
16006
16013
16036
16047
16062
16068
16089
16090
16092
16092
16094
16094
16100
16104
16118
16131
16135
16162
16168
16181
16185
16195
16200
16204
16212
16217
16241
16241
16254
16258
16288
16289
16299
16303
16307
16345
16363
16373
16390
16392
16392
16396
16399
16401
16402
16410
16418
16422
16434
16438
16446
16447
16456
16460
16478
16489
16493
16494
16501
16506
16509
16510
16522
16524
16531
16532
16542
16549
16552
16556
16570
16572
16589
16592
16597
16600
16609
16629
16633
16641
16655
16661
16671
16675
16684
16685
16691
16711
16715
16716
16726
16731
16752
16759
16771
16786
16791
16801
16803
16805
16809
16814
16818
16821
16821
16829
16855
16871
16897
16899
16900
16904
16906
16918
16935
16935
16944
16949
16955
16956
16970
16978
16980
16985
16987
17001
17047
17055
17060
17066
17066
17074
17077
17088
17103
17108
17108
17116
17128
17142
17144
17149
17163
17179
17190
17191
17193
17208
17210
17223
17255
17283
17285
17289
17299
17302
17313
17313
17314
17350
17365
17393
17420
17431
17441
17446
17455
17472
17489
17499
17519
17520
17528
17538
17542
17563
17590
17601
17610
17616
17621
17623
17634
17649
17656
17664
17665
17667
17671
17682
17692
17703
17704
17704
17725
17727
17743
17743
17743
17749
17750
17782
17787
17789
17810
17811
17824
17828
17844
17869
17869
17884
17898
17902
17914
17929
17935
17937
17939
17940
17948
17955
17960
17986
17995
18019
18023
18034
18036
18045
18060
18076
18078
18079
18094
18104
18105
18107
18110
18123
18134
18164
18175
18198
18210
18210
18254
18255
18281
18290
18303
18341
18343
18346
18346
18367
18380
18401
18414
18453
18453
18461
18466
18475
18487
18502
18511
18514
18514
18517
18532
18556
18565
18565
18573
18575
18595
18602
18603
18607
18608
18609
18610
18617
18631
18652
18655
18663
18673
18691
18698
18699
18711
18711
18723
18731
18743
18752
18767
18769
18776
18804
18805
18821
18822
18822
18846
18868
18874
18880
18882
18890
18903
18904
18925
18935
18941
18950
18950
18983
19018
19020
19039
19048
19060
19062
19063
19068
19076
19080
19080
19115
19121
19122
19124
19128
19138
19140
19156
19160
19162
19168
19171
19183
19184
19184
19184
19190
19192
19223
19224
19233
19258
19269
19269
19275
19282
19283
19285
19322
19331
19336
19351
19357
19378
19388
19417
19433
19438
19438
19439
19450
19451
19452
19466
19466
19472
19475
19483
19483
19498
19514
19529
19534
19535
19543
19584
19591
19608
19617
19617
19625
19631
19636
19642
19653
19666
19691
19691
19697
19709
19758
19815
19821
19823
19824
19825
19825
19833
19834
19835
19855
19856
19867
19873
19880
19886
19893
19899
19932
19932
19933
19936
19975
19980
20000
20014
20019
20023
20029
20031
20059
20070
20080
20086
20108
20114
20118
20119
20131
20147
20165
20171
20193
20205
20216
20220
20221
20300
20301
20322
20326
20328
20335
20339
20348
20352
20353
20367
20370
20378
20381
20397
20401
20401
20411
20413
20433
20446
20462
20465
20474
20478
20480
20486
20491
20493
20496
20497
20511
20514
20519
20522
20537
20541
20552
20556
20562
20573
20573
20605
20609
20615
20617
20618
20624
20626
20633
20634
20635
20649
20660
20689
20709
20728
20729
20734
20742
20745
20747
20751
20758
20761
20769
20787
20797
20797
20807
20830
20841
20852
20860
20869
20871
20894
20902
20906
20928
20930
20941
20944
20959
20987
20995
21033
21038
21057
21104
21106
21108
21135
21148
21156
21160
21167
21174
21175
21180
21192
21197
21224
21233
21262
21264
21273
21277
21292
21295
21306
21311
21313
21316
21326
21342
21349
21373
21376
21376
21378
21410
21417
21441
21442
21452
21457
21469
21484
21487
21493
21508
21524
21536
21574
21584
21587
21591
21610
21615
21623
21642
21644
21671
21693
21712
21719
21740
21741
21750
21752
21760
21778
21786
21822
21842
21857
21885
21889
21896
21918
21948
21948
21984
21986
21990
21993
22002
22015
22037
22051
22070
22071
22074
22106
22106
22112
22115
22131
22135
22139
22143
22178
22180
22183
22187
22200
22209
22218
22235
22253
22286
22287
22310
22327
22332
22335
22355
22371
22381
22383
22383
22404
22450
22450
22453
22454
22504
22544
22546
22546
22554
22554
22577
22589
22609
22609
22612
22618
22624
22630
22640
22663
22668
22672
22679
22711
22724
22746
22764
22768
22773
22787
22790
22795
22797
22801
22802
22811
22812
22847
22856
22862
22863
22880
22882
22892
22899
22917
22941
22951
22961
22982
22985
22985
22986
22997
23019
23030
23039
23040
23044
23071
23071
23076
23076
23080
23081
23082
23089
23101
23109
23112
23131
23137
23154
23156
23160
23163
23168
23182
23183
23186
23188
23192
23193
23194
23199
23204
23207
23208
23211
23213
23214
23230
23242
23254
23275
23292
23303
23314
23322
23348
23354
23356
23363
23366
23370
23382
23382
23394
23402
23402
23417
23425
23428
23429
23444
23453
23454
23456
23462
23464
23466
23473
23474
23485
23514
23519
23521
23528
23544
23552
23581
23585
23591
23598
23607
23638
23641
23647
23656
23695
23698
23707
23719
23725
23728
23732
23753
23754
23756
23759
23779
23794
23829
23879
23891
23903
23919
23928
23936
23937
23937
23940
23947
23961
23962
23968
23969
23973
23982
23992
24017
24025
24033
24040
24049
24075
24093
24102
24120
24160
24161
24163
24166
24169
24182
24191
24208
24217
24226
24227
24250
24294
24310
24322
24350
24354
24358
24366
24381
24385
24385
24386
24387
24389
24394
24397
24409
24441
24449
24456
24463
24463
24467
24468
24472
24483
24487
24507
24533
24537
24538
24546
24550
24581
24587
24602
24609
24611
24637
24639
24639
24663
24665
24677
24680
24704
24720
24735
24740
24749
24765
24767
24776
24790
24802
24813
24815
24822
24822
24855
24858
24862
24865
24866
24869
24873
24874
24892
24895
24904
24909
24910
24924
24934
24938
24938
24944
24948
24953
24958
24963
24965
25028
25033
25033
25059
25072
25085
25085
25090
25109
25112
25120
25121
25122
25126
25128
25130
25139
25144
25162
25175
25180
25190
25225
25248
25262
25274
25277
25291
25303
25308
25309
25314
25320
25328
25331
25333
25336
25337
25337
25345
25352
25362
25364
25390
25423
25432
25443
25459
25469
25476
25486
25500
25509
25525
25539
25546
25552
25552
25555
25557
25559
25560
25573
25581
25591
25642
25647
25655
25663
25681
25682
25682
25690
25699
25719
25729
25744
25746
25753
25767
25768
25796
25816
25821
25827
25833
25835
25835
25844
25850
25870
25878
25884
25898
25898
25899
25904
25905
25914
25927
25934
25939
25944
25945
25961
25980
25992
26002
26028
26033
26040
26056
26059
26061
26066
26089
26100
26110
26114
26137
26139
26142
26142
26145
26147
26149
26161
26169
26177
26178
26182
26189
26189
26190
26215
26223
26233
26246
26265
26276
26301
26329
26336
26336
26354
26355
26364
26368
26390
26404
26410
26412
26419
26419
26422
26446
26463
26477
26511
26514
26520
26542
26575
26580
26584
26594
26598
26608
26609
26622
26623
26628
26641
26644
26670
26672
26673
26683
26690
26717
26727
26728
26728
26738
26740
26743
26762
26786
26809
26811
26827
26852
26852
26852
26855
26859
26871
26885
26890
26898
26912
26917
26924
26941
26956
26977
26983
26986
26994
26995
27007
27015
27018
27026
27044
27051
27064
27077
27091
27095
27108
27114
27139
27144
27155
27161
27174
27176
27198
27202
27203
27223
27233
27259
27260
27278
27279
27282
27284
27313
27320
27325
27325
27326
27347
27356
27359
27369
27370
27370
27370
27371
27379
27391
27398
27402
27422
27460
27463
27469
27474
27475
27492
27493
27504
27534
27550
27561
27567
27599
27625
27631
27649
27653
27668
27680
27685
27702
27713
27716
27721
27723
27731
27753
27758
27762
27765
27789
27794
27796
27798
27819
27819
27853
27858
27862
27900
27901
27937
27941
27946
27974
27977
27982
28000
28027
28036
28039
28042
28049
28050
28085
28112
28117
28123
28127
28128
28128
28133
28140
28150
28152
28163
28180
28185
28217
28234
28235
28239
28239
28254
28263
28283
28304
28312
28334
28364
28376
28385
28388
28390
28398
28402
28403
28421
28426
28437
28450
28450
28457
28458
28466
28473
28479
28480
28485
28495
28507
28508
28510
28515
28516
28519
28524
28533
28533
28538
28558
28561
28570
28580
28585
28596
28632
28634
28649
28677
28678
28697
28699
28716
28717
28720
28721
28729
28729
28736
28739
28751
28754
28758
28768
28779
28790
28791
28798
28803
28806
28807
28808
28812
28812
28812
28818
28820
28820
28840
28843
28852
28881
28887
28890
28905
28922
28923
28929
28934
28946
28951
28951
28957
28968
28984
28994
29003
29034
29035
29048
29065
29069
29082
29083
29091
29092
29092
29100
29107
29107
29118
29120
29139
29148
29153
29160
29180
29186
29198
29200
29206
29207
29214
29215
29216
29216
29217
29221
29237
29250
29255
29255
29267
29272
29276
29288
29289
29290
29292
29299
29308
29315
29319
29322
29333
29341
29352
29362
29364
29368
29370
29370
29374
29374
29383
29443
29454
29459
29460
29472
29478
29497
29505
29517
29536
29547
29552
29638
29646
29665
29667
29687
29703
29716
29716
29717
29718
29731
29738
29741
29757
29762
29772
29780
29791
29808
29822
29828
29829
29833
29841
29946
29956
29971
29984
29990
29991
30002
30006
30032
30055
30062
30078
30079
30082
30084
30087
30088
30096
30124
30131
30135
30161
30173
30177
30197
30199
30206
30206
30208
30228
30235
30239
30249
30256
30262
30267
30273
30277
30277
30280
30284
30288
30305
30307
30310
30311
30324
30324
30325
30328
30353
30358
30359
30369
30379
30383
30390
30406
30411
30412
30437
30452
30454
30454
30469
30469
30470
30474
30484
30484
30486
30491
30496
30538
30540
30551
30560
30573
30576
30597
30601
30607
30616
30635
30643
30654
30659
30679
30685
30692
30704
30715
30719
30720
30721
30723
30724
30725
30726
30730
30744
30756
30761
30764
30820
30831
30840
30842
30844
30846
30879
30879
30885
30891
30897
30938
30940
30942
30944
30948
30948
30952
30969
30976
30981
30985
30986
30987
30988
31000
31029
31039
31051
31053
31079
31081
31089
31095
31099
31118
31120
31130
31133
31136
31141
31149
31167
31170
31172
31183
31187
31199
31202
31210
31221
31226
31253
31264
31272
31291
31292
31303
31306
31318
31336
31342
31344
31354
31368
31370
31370
31372
31383
31387
31451
31455
31471
31486
31488
31491
31512
31515
31522
31523
31529
31616
31618
31665
31670
31672
31679
31695
31724
31736
31761
31774
31777
31777
31792
31796
31796
31827
31839
31849
31853
31856
31860
31866
31876
31884
31926
31967
31984
31985
31988
32008
32018
32021
32026
32028
32038
32040
32051
32057
32072
32076
32087
32089
32098
32106
32121
32126
32130
32156
32156
32159
32161
32176
32209
32266
32276
32288
32289
32295
32300
32304
32307
32313
32316
32328
32333
32344
32345
32349
32354
32375
32386
32403
32422
32448
32448
32458
32461
32465
32466
32472
32490
32491
32496
32526
32528
32529
32538
32567
32569
32577
32578
32586
32589
32603
32615
32620
32623
32630
32641
32655
32669
32681
32684
32703
32710
32717
32726
32740
32760
32768
32775
32777
32780
32781
32787
32797
32806
32826
32836
32837
32866
32891
32903
32916
32917
32920
32926
32937
32938
32948
32949
32954
32957
32962
32967
32967
32978
33010
33013
33015
33018
33029
33030
33048
33056
33060
33073
33076
33082
33095
33106
33108
33121
33124
33139
33146
33157
33159
33166
33167
33181
33185
33192
33201
33214
33223
33226
33236
33241
33242
33243
33304
33310
33313
33325
33333
33338
33344
33348
33348
33358
33365
33370
33387
33390
33398
33427
33438
33440
33446
33450
33460
33474
33482
33502
33505
33517
33546
33548
33555
33616
33623
33640
33655
33664
33677
33682
33703
33707
33709
33710
33745
33753
33773
33784
33789
33790
33804
33818
33831
33855
33858
33860
33872
33884
33896
33913
33914
33915
33925
33931
33934
33934
33943
33944
33953
33961
33962
33971
33990
33993
34001
34059
34059
34061
34065
34070
34087
34088
34117
34122
34144
34150
34165
34184
34187
34191
34200
34201
34230
34232
34239
34247
34256
34262
34279
34289
34303
34317
34333
34337
34342
34350
34357
34374
34375
34382
34382
34406
34439
34446
34460
34475
34477
34491
34496
34497
34506
34517
34517
34520
34528
34536
34548
34571
34572
34573
34576
34592
34593
34593
34606
34609
34637
34657
34664
34668
34678
34690
34694
34697
34716
34719
34732
34734
34737
34743
34772
34774
34780
34803
34828
34829
34843
34857
34864
34872
34882
34888
34900
34902
34908
34911
34915
34975
34991
34992
35001
35003
35008
35016
35017
35021
35030
35037
35040
35048
35064
35067
35078
35100
35100
35103
35104
35108
35109
35117
35122
35190
35192
35212
35223
35229
35249
35250
35260
35286
35287
35308
35322
35339
35341
35345
35353
35363
35379
35384
35393
35405
35408
35418
35427
35445
35453
35458
35463
35471
35484
35490
35499
35537
35555
35565
35577
35579
35583
35585
35610
35633
35641
35648
35654
35660
35661
35664
35685
35694
35699
35708
35715
35733
35738
35743
35750
35758
35765
35771
35782
35785
35801
35831
35838
35849
35852
35862
35864
35869
35870
35883
35888
35891
35897
35907
35924
35932
35940
35950
35953
35968
36015
36016
36017
36029
36036
36048
36062
36063
36075
36090
36108
36109
36117
36125
36127
36135
36138
36147
36187
36213
36214
36217
36220
36220
36238
36245
36245
36249
36262
36264
36265
36290
36293
36295
36299
36300
36306
36313
36320
36349
36355
36372
36388
36392
36399
36414
36419
36425
36448
36467
36474
36483
36490
36497
36506
36511
36519
36522
36541
36541
36558
36568
36576
36587
36593
36619
36646
36646
36652
36673
36679
36686
36695
36699
36703
36718
36719
36725
36743
36745
36763
36769
36776
36777
36802
36802
36817
36818
36848
36885
36910
36912
36922
36929
36945
36945
36950
36953
36968
36983
36985
36988
36999
37008
37012
37015
37026
37035
37037
37042
37051
37072
37079
37083
37087
37140
37143
37168
37178
37180
37189
37192
37204
37208
37232
37249
37252
37257
37273
37283
37286
37289
37302
37311
37318
37323
37324
37330
37335
37343
37345
37356
37379
37385
37398
37406
37410
37439
37475
37488
37491
37508
37513
37523
37534
37558
37607
37613
37621
37628
37636
37640
37646
37655
37664
37664
37686
37689
37692
37693
37718
37729
37747
37753
37753
37776
37780
37786
37808
37822
37829
37835
37853
37869
37880
37892
37894
37896
37901
37904
37905
37924
37933
37934
37938
37939
37957
37958
37969
37980
37988
37988
37992
37994
38012
38018
38020
38022
38030
38075
38080
38083
38087
38097
38104
38107
38107
38108
38121
38145
38152
38173
38190
38193
38204
38217
38231
38238
38276
38300
38317
38334
38362
38371
38426
38472
38472
38485
38490
38494
38521
38524
38537
38540
38568
38589
38590
38591
38597
38614
38618
38635
38646
38647
38649
38656
38659
38677
38723
38726
38737
38740
38743
38745
38747
38753
38755
38761
38763
38779
38805
38811
38843
38868
38871
38873
38897
38901
38905
38913
38915
38928
38935
38949
38952
38959
38962
38967
39002
39003
39007
39009
39011
39024
39026
39046
39053
39057
39081
39090
39094
39095
39099
39118
39126
39158
39173
39174
39175
39187
39188
39202
39222
39236
39240
39265
39276
39281
39284
39286
39306
39322
39324
39327
39352
39365
39366
39377
39383
39393
39401
39404
39411
39413
39420
39422
39434
39437
39440
39454
39460
39471
39471
39492
39499
39517
39520
39520
39524
39525
39526
39528
39544
39558
39596
39600
39615
39617
39627
39629
39630
39666
39675
39677
39687
39692
39699
39712
39732
39760
39760
39770
39772
39799
39799
39823
39845
39856
39858
39882
39900
39905
39911
39913
39914
39916
39934
39948
39958
39959
39959
39971
40007
40010
40010
40025
40026
40029
40037
40060
40064
40092
40093
40096
40111
40114
40130
40133
40144
40145
40158
40178
40212
40227
40236
40250
40260
40260
40271
40272
40303
40303
40304
40307
40349
40358
40360
40384
40396
40403
40429
40432
40438
40453
40454
40455
40456
40460
40461
40461
40464
40469
40472
40513
40538
40541
40559
40591
40595
40597
40598
40602
40611
40616
40618
40631
40636
40639
40647
40652
40671
40674
40685
40690
40706
40723
40734
40741
40750
40768
40775
40792
40796
40812
40812
40814
40830
40832
40840
40841
40845
40852
40856
40872
40890
40912
40914
40917
40918
40929
40929
40940
40950
40970
40979
40980
40985
40991
40997
41001
41006
41009
41022
41027
41027
41037
41038
41051
41065
41098
41112
41127
41129
41139
41146
41146
41157
41159
41170
41183
41184
41192
41206
41208
41217
41225
41228
41234
41243
41260
41261
41264
41269
41270
41294
41294
41327
41342
41343
41388
41406
41423
41427
41432
41450
41508
41513
41513
41514
41523
41526
41537
41545
41552
41572
41596
41597
41608
41608
41670
41688
41706
41720
41723
41730
41734
41757
41764
41789
41789
41797
41808
41811
41824
41829
41829
41855
41858
41876
41887
41894
41913
41918
41926
41929
41935
41944
41951
41966
41984
42004
42005
42019
42022
42024
42030
42053
42063
42070
42074
42081
42104
42112
42137
42140
42158
42158
42161
42176
42180
42187
42190
42198
42201
42215
42216
42222
42237
42243
42270
42280
42297
42301
42303
42304
42326
42352
42384
42402
42411
42427
42434
42449
42471
42500
42504
42507
42510
42519
42535
42541
42542
42581
42605
42608
42615
42616
42619
42642
42652
42659
42668
42669
42681
42691
42694
42701
42701
42719
42722
42741
42741
42742
42747
42761
42762
42764
42774
42774
42778
42784
42808
42810
42845
42846
42859
42877
42880
42888
42932
42936
42940
42947
42967
42976
42980
43005
43011
43027
43073
43081
43093
43094
43114
43117
43132
43133
43171
43172
43177
43177
43180
43191
43213
43227
43262
43266
43280
43282
43292
43296
43299
43309
43311
43340
43346
43358
43373
43416
43417
43418
43421
43424
43425
43425
43426
43438
43439
43457
43475
43476
43489
43505
43510
43511
43515
43543
43543
43547
43563
43563
43571
43572
43587
43587
43609
43614
43616
43624
43626
43630
43634
43641
43644
43648
43656
43662
43668
43671
43685
43687
43697
43701
43701
43704
43705
43711
43715
43722
43733
43739
43754
43771
43775
43775
43781
43793
43853
43879
43879
43880
43882
43882
43883
43887
43893
43895
43900
43916
43919
43932
43945
43963
43965
43966
43974
43979
43996
44000
44004
44007
44025
44031
44047
44058
44059
44064
44083
44098
44102
44104
44104
44115
44115
44115
44122
44133
44139
44144
44146
44154
44185
44190
44197
44213
44241
44242
44264
44296
44299
44300
44317
44324
44334
44340
44340
44362
44363
44366
44387
44391
44398
44415
44416
44416
44434
44434
44449
44449
44450
44459
44467
44472
44491
44516
44540
44547
44553
44571
44576
44586
44590
44603
44606
44618
44628
44632
44639
44655
44660
44702
44712
44713
44736
44744
44767
44769
44778
44790
44809
44812
44814
44830
44836
44843
44869
44892
44895
44905
44907
44916
44917
44919
44937
44955
44961
44973
44981
44993
45004
45004
45007
45015
45039
45043
45072
45078
45085
45095
45107
45128
45142
45162
45182
45183
45191
45205
45245
45268
45268
45269
45277
45278
45281
45295
45298
45306
45364
45368
45377
45377
45391
45395
45399
45415
45417
45422
45423
45434
45460
45485
45489
45497
45502
45508
45512
45515
45529
45541
45544
45555
45562
45573
45603
45609
45617
45623
45628
45635
45640
45644
45666
45674
45683
45689
45706
45712
45727
45728
45738
45754
45768
45769
45772
45774
45774
45780
45783
45786
45791
45822
45831
45878
45883
45886
45890
45894
45903
45917
45919
45928
45943
45947
45982
45991
45994
45994
46022
46025
46027
46052
46070
46076
46083
46083
46092
46097
46114
46122
46125
46133
46156
46156
46156
46162
46166
46181
46201
46222
46224
46236
46239
46239
46248
46253
46260
46264
46281
46297
46298
46300
46305
46309
46311
46317
46324
46328
46334
46347
46374
46384
46390
46392
46393
46405
46416
46431
46435
46440
46444
46447
46449
46470
46473
46483
46492
46500
46507
46513
46515
46527
46538
46560
46592
46617
46628
46642
46645
46645
46648
46683
46693
46724
46727
46732
46734
46760
46761
46764
46766
46795
46797
46806
46810
46811
46821
46839
46848
46853
46887
46890
46892
46896
46899
46923
46925
46939
46949
46958
46961
46977
46979
46990
47006
47048
47072
47094
47098
47104
47108
47117
47126
47129
47132
47153
47159
47167
47167
47173
47181
47181
47182
47182
47185
47217
47218
47236
47239
47263
47273
47278
47289
47293
47297
47305
47321
47323
47342
47355
47357
47358
47400
47411
47418
47423
47428
47431
47443
47465
47466
47517
47518
47536
47543
47546
47557
47560
47566
47575
47577
47615
47634
47635
47641
47646
47647
47657
47658
47675
47691
47696
47697
47709
47743
47757
47771
47778
47780
47809
47812
47817
47827
47828
47836
47846
47851
47867
47882
47883
47889
47906
47938
47945
47948
47975
47987
47988
47996
47998
48002
48005
48006
48020
48037
48050
48067
48079
48093
48106
48113
48114
48123
48125
48127
48128
48129
48137
48174
48178
48185
48188
48197
48203
48206
48210
48210
48217
48231
48234
48235
48236
48242
48242
48252
48254
48273
48277
48280
48297
48299
48306
48334
48339
48351
48375
48378
48380
48390
48395
48397
48398
48402
48403
48410
48412
48423
48424
48433
48435
48440
48445
48451
48482
48486
48498
48501
48502
48518
48530
48532
48534
48535
48552
48559
48565
48570
48571
48585
48595
48635
48647
48657
48667
48668
48668
48693
48704
48714
48723
48732
48749
48750
48764
48779
48781
48797
48798
48818
48824
48825
48826
48850
48869
48871
48872
48878
48888
48891
48914
48915
48932
48933
48937
48938
48941
48971
48990
48994
48995
48996
48997
49013
49014
49018
49029
49042
49071
49081
49097
49137
49152
49171
49171
49178
49191
49203
49210
49234
49246
49250
49275
49275
49286
49289
49299
49301
49303
49306
49329
49330
49371
49371
49375
49390
49403
49409
49425
49425
49431
49432
49439
49446
49453
49459
49463
49486
49488
49506
49514
49526
49527
49532
49535
49556
49566
49570
49576
49589
49591
49602
49626
49626
49629
49635
49636
49637
49647
49650
49668
49692
49695
49696
49697
49703
49709
49714
49727
49735
49739
49739
49740
49744
49746
49765
49766
49774
49779
49792
49805
49812
49820
49839
49854
49867
49868
49872
49874
49882
49886
49893
49894
49902
49918
49957
49983
49993
50002
50003
50013
50050
50055
50058
50067
50068
50115
50119
50140
50144
50145
50174
50186
50194
50194
50198
50205
50210
50225
50234
50243
50244
50249
50254
50254
50255
50271
50299
50307
50351
50365
50366
50369
50370
50371
50381
50392
50392
50394
50405
50414
50421
50429
50446
50461
50481
50493
50503
50506
50509
50519
50521
50532
50537
50543
50550
50552
50560
50567
50571
50605
50618
50620
50622
50623
50638
50640
50642
50642
50660
50675
50679
50680
50730
50739
50740
50743
50753
50753
50755
50756
50760
50773
50781
50788
50797
50807
50808
50838
50838
50839
50855
50861
50862
50874
50883
50909
50928
50943
50947
50949
50954
50954
50955
50955
50963
50964
50966
50972
50990
51064
51082
51086
51159
51185
51191
51215
51222
51250
51259
51265
51273
51274
51289
51289
51292
51308
51311
51314
51317
51318
51329
51333
51340
51354
51375
51378
51381
51382
51394
51404
51423
51436
51443
51456
51463
51464
51467
51483
51495
51500
51501
51511
51512
51525
51530
51534
51543
51567
51608
51647
51662
51665
51683
51684
51689
51694
51705
51708
51712
51757
51758
51760
51762
51768
51773
51777
51798
51806
51815
51819
51821
51827
51827
51852
51861
51865
51882
51886
51904
51905
51906
51924
51924
51936
51936
51939
51944
51951
51957
51959
51959
51960
51964
52008
52033
52037
52058
52059
52068
52085
52096
52100
52101
52106
52121
52133
52165
52169
52185
52204
52210
52214
52221
52224
52225
52225
52231
52233
52239
52258
52279
52298
52301
52357
52357
52364
52364
52371
52385
52401
52415
52415
52446
52447
52456
52463
52467
52478
52494
52509
52578
52605
52611
52626
52630
52635
52643
52661
52663
52666
52675
52701
52715
52720
52732
52738
52749
52750
52750
52755
52759
52764
52785
52785
52790
52798
52799
52803
52824
52829
52835
52901
52958
52973
52984
53032
53033
53033
53043
53044
53045
53046
53052
53059
53062
53079
53083
53093
53097
53103
53116
53130
53134
53146
53147
53148
53150
53161
53162
53166
53179
53181
53189
53196
53213
53233
53241
53272
53287
53288
53289
53327
53337
53347
53348
53367
53375
53376
53379
53443
53468
53483
53493
53500
53509
53528
53530
53534
53541
53547
53570
53579
53584
53591
53600
53607
53639
53648
53653
53654
53657
53686
53688
53692
53696
53702
53707
53724
53729
53741
53768
53780
53794
53807
53807
53815
53832
53840
53862
53876
53879
53879
53905
53920
53922
53925
53947
53950
53977
53977
54007
54009
54015
54022
54023
54028
54046
54058
54083
54085
54095
54109
54132
54134
54138
54150
54158
54164
54181
54185
54202
54213
54216
54245
54259
54269
54270
54284
54298
54301
54324
54344
54347
54358
54364
54397
54422
54438
54443
54467
54469
54470
54481
54486
54489
54494
54498
54505
54508
54510
54512
54530
54530
54533
54537
54543
54543
54545
54558
54573
54585
54607
54632
54644
54653
54655
54665
54673
54678
54686
54695
54697
54705
54716
54723
54727
54727
54738
54747
54752
54752
54754
54774
54781
54796
54798
54800
54813
54820
54830
54830
54851
54852
54870
54875
54891
54893
54898
54899
54921
54940
54943
54948
54953
54972
54976
55004
55004
55033
55034
55082
55107
55108
55115
55115
55118
55126
55141
55175
55183
55187
55196
55200
55205
55206
55213
55228
55237
55244
55246
55256
55260
55261
55263
55266
55268
55268
55272
55297
55304
55309
55325
55327
55335
55345
55362
55368
55373
55381
55386
55389
55393
55398
55401
55403
55412
55429
55432
55441
55445
55466
55470
55482
55483
55488
55503
55504
55539
55547
55569
55590
55598
55629
55630
55647
55660
55661
55662
55662
55691
55693
55693
55703
55720
55724
55746
55770
55777
55783
55802
55811
55825
55830
55844
55847
55851
55861
55878
55888
55889
55895
55901
55915
55919
55926
55927
55933
55970
55978
56018
56030
56034
56036
56045
56050
56069
56071
56103
56140
56147
56157
56159
56167
56179
56182
56183
56189
56192
56195
56198
56214
56217
56224
56232
56236
56244
56256
56277
56284
56297
56317
56319
56332
56357
56364
56387
56393
56400
56406
56409
56416
56424
56431
56446
56448
56466
56472
56491
56496
56503
56507
56515
56538
56574
56584
56601
56618
56618
56640
56642
56653
56657
56661
56665
56691
56691
56714
56720
56726
56738
56750
56755
56768
56770
56770
56773
56777
56779
56784
56803
56810
56812
56832
56839
56851
56863
56880
56914
56919
56928
56934
56939
56939
56945
56946
56973
56976
56978
56979
56981
56988
56994
56996
57001
57007
57008
57011
57042
57054
57057
57092
57093
57095
57105
57107
57130
57136
57157
57158
57159
57159
57171
57172
57180
57184
57218
57231
57236
57238
57246
57247
57251
57265
57269
57271
57276
57287
57316
57328
57332
57333
57340
57352
57363
57370
57372
57377
57380
57398
57399
57402
57430
57441
57457
57460
57463
57472
57481
57483
57523
57534
57559
57562
57574
57575
57586
57591
57607
57625
57648
57672
57675
57692
57695
57700
57737
57754
57766
57785
57788
57793
57795
57799
57835
57852
57854
57872
57887
57895
57917
57919
57936
57941
57970
57971
57973
57985
58008
58015
58034
58045
58060
58063
58074
58085
58091
58101
58107
58123
58124
58126
58127
58131
58133
58134
58138
58151
58157
58158
58190
58192
58192
58204
58237
58248
58260
58262
58265
58269
58279
58292
58300
58306
58320
58322
58357
58358
58360
58362
58368
58369
58403
58410
58425
58432
58440
58473
58477
58479
58512
58541
58550
58552
58585
58585
58636
58638
58662
58672
58677
58682
58696
58702
58705
58706
58711
58711
58713
58715
58719
58721
58722
58724
58727
58735
58745
58760
58773
58776
58797
58823
58844
58845
58850
58880
58880
58882
58890
58896
58896
58897
58910
58931
58932
58966
58967
58973
58975
58977
58978
59001
59007
59036
59045
59081
59084
59090
59093
59131
59139
59147
59148
59177
59184
59187
59215
59221
59224
59225
59237
59238
59253
59258
59264
59266
59277
59287
59292
59299
59312
59317
59346
59355
59358
59366
59368
59390
59395
59395
59400
59416
59420
59439
59448
59460
59461
59472
59483
59500
59503
59512
59516
59518
59527
59527
59527
59542
59543
59554
59559
59563
59563
59579
59591
59591
59637
59643
59660
59675
59677
59686
59725
59735
59745
59758
59762
59765
59780
59784
59795
59797
59805
59843
59883
59920
59927
59936
59942
59954
59958
59965
59968
59970
59979
59992
59998
60010
60046
60057
60082
60083
60101
60109
60111
60129
60131
60152
60170
60203
60209
60214
60224
60239
60243
60255
60259
60261
60283
60297
60301
60310
60340
60348
60353
60367
60377
60377
60401
60410
60434
60445
60450
60450
60468
60486
60494
60499
60505
60506
60516
60530
60565
60567
60568
60570
60576
60577
60597
60601
60612
60614
60621
60625
60625
60628
60641
60647
60654
60660
60666
60669
60669
60674
60676
60685
60688
60721
60722
60748
60765
60767
60782
60782
60786
60791
60833
60908
60920
60924
60929
60936
60945
60950
60950
60953
60954
60968
60973
60988
60990
61018
61023
61029
61043
61058
61067
61080
61132
61133
61137
61154
61167
61188
61191
61202
61209
61212
61213
61223
61229
61235
61235
61276
61278
61279
61284
61286
61294
61303
61303
61303
61304
61326
61337
61341
61367
61367
61377
61394
61437
61444
61476
61499
61518
61519
61534
61555
61559
61564
61565
61571
61587
61599
61626
61640
61641
61641
61645
61645
61652
61673
61715
61717
61731
61752
61759
61760
61774
61788
61807
61813
61820
61831
61834
61837
61840
61848
61848
61894
61910
61917
61918
61929
61931
61937
61953
61967
61969
61986
61994
62010
62014
62030
62030
62035
62035
62038
62051
62070
62072
62076
62080
62097
62097
62115
62115
62127
62130
62131
62133
62133
62140
62142
62146
62152
62209
62212
62238
62252
62259
62267
62272
62275
62279
62290
62299
62305
62316
62326
62329
62331
62335
62342
62358
62371
62389
62391
62408
62417
62423
62430
62434
62438
62441
62444
62447
62464
62468
62473
62474
62475
62480
62481
62482
62502
62508
62510
62526
62534
62536
62545
62572
62588
62591
62610
62618
62625
62625
62628
62638
62641
62650
62659
62696
62697
62724
62735
62736
62751
62755
62758
62763
62769
62774
62777
62778
62778
62814
62818
62821
62823
62826
62834
62836
62850
62856
62874
62880
62929
62941
62965
62965
62975
62979
62984
62986
62987
62989
62994
63009
63025
63027
63030
63033
63051
63053
63063
63083
63090
63102
63106
63110
63124
63125
63129
63141
63141
63145
63151
63156
63158
63167
63185
63198
63198
63200
63204
63212
63245
63246
63248
63252
63255
63267
63267
63277
63278
63287
63305
63326
63354
63377
63380
63399
63417
63422
63424
63426
63432
63437
63459
63459
63467
63478
63497
63505
63509
63510
63510
63513
63523
63535
63548
63556
63573
63592
63631
63635
63637
63644
63650
63662
63662
63662
63671
63681
63684
63698
63699
63724
63729
63755
63772
63774
63779
63786
63794
63797
63803
63824
63840
63847
63859
63863
63869
63891
63894
63897
63915
63920
63921
63923
63948
63950
63953
63966
63974
63975
63976
63989
63996
63998
64006
64007
64012
64014
64020
64040
64041
64045
64049
64059
64066
64083
64086
64095
64116
64120
64126
64132
64138
64139
64142
64149
64151
64154
64157
64181
64193
64195
64208
64212
64212
64234
64242
64259
64273
64279
64285
64302
64312
64327
64330
64333
64337
64360
64361
64376
64380
64386
64411
64413
64416
64430
64434
64436
64439
64446
64450
64458
64462
64474
64477
64488
64514
64518
64522
64524
64526
64547
64567
64581
64598
64599
64617
64636
64659
64665
64665
64677
64694
64712
64714
64723
64725
64746
64747
64754
64755
64761
64764
64787
64793
64803
64805
64824
64846
64854
64865
64873
64879
64892
64901
64908
64913
64915
64916
64917
64919
64949
64973
64976
64981
64984
64986
64992
64994
64998
65001
65002
65018
65026
65043
65076
65076
65080
65082
65088
65094
65096
65096
65108
65110
65111
65118
65119
65123
65147
65153
65170
65185
65200
65201
65204
65205
65213
65218
65222
65232
65234
65241
65241
65251
65271
65286
65287
65297
65301
65307
65311
65322
65323
65346
65353
65355
65360
65363
65366
65368
65372
65373
65387
65401
65412
65438
65439
65457
65461
65485
65486
65513
65532
65533
65538
65555
65556
65558
65561
65574
65601
65613
65616
65657
65667
65677
65681
65695
65700
65702
65715
65717
65726
65749
65755
65774
65774
65792
65813
65835
65839
65842
65852
65854
65884
65929
65936
65955
65962
65970
65994
65996
65997
65999
66008
66011
66011
66017
66022
66034
66039
66041
66052
66066
66069
66087
66093
66105
66107
66115
66136
66151
66152
66169
66171
66186
66197
66198
66201
66218
66220
66229
66233
66238
66242
66257
66276
66277
66294
66315
66332
66338
66348
66351
66363
66366
66411
66416
66437
66467
66477
66491
66492
66493
66508
66522
66537
66553
66561
66568
66594
66596
66615
66616
66621
66622
66627
66638
66644
66662
66681
66712
66742
66747
66749
66755
66761
66772
66783
66786
66813
66818
66825
66833
66849
66849
66856
66861
66861
66869
66877
66886
66896
66907
66914
66916
66916
66922
66945
66954
66958
66969
66969
66969
66982
67009
67018
67026
67033
67037
67063
67068
67073
67086
67122
67129
67140
67141
67147
67175
67178
67191
67194
67206
67218
67232
67248
67273
67277
67281
67281
67284
67286
67292
67307
67316
67347
67392
67406
67420
67421
67432
67445
67525
67527
67533
67562
67570
67589
67591
67595
67599
67601
67626
67652
67655
67661
67671
67726
67729
67730
67731
67756
67760
67764
67768
67777
67818
67832
67834
67852
67853
67858
67874
67891
67911
67942
67943
67945
67948
67954
67956
67961
67977
67979
67992
68001
68003
68006
68014
68020
68029
68029
68036
68055
68072
68072
68077
68081
68089
68092
68107
68120
68122
68123
68125
68135
68142
68144
68150
68154
68166
68171
68174
68177
68179
68194
68207
68248
68257
68259
68268
68288
68290
68300
68318
68323
68334
68341
68345
68347
68356
68360
68368
68371
68386
68390
68442
68454
68463
68468
68471
68475
68489
68495
68497
68507
68540
68567
68572
68582
68587
68604
68604
68616
68617
68618
68634
68653
68659
68663
68665
68668
68692
68707
68715
68717
68753
68759
68769
68777
68784
68797
68803
68808
68815
68817
68822
68824
68829
68846
68849
68871
68886
68903
68905
68926
68928
68935
68936
68943
68945
68953
68987
69009
69017
69055
69060
69068
69101
69102
69110
69138
69158
69169
69174
69182
69182
69204
69212
69216
69217
69244
69258
69262
69264
69276
69295
69302
69304
69305
69305
69331
69353
69361
69367
69368
69373
69379
69412
69415
69426
69427
69443
69451
69455
69455
69460
69494
69496
69505
69508
69509
69560
69571
69631
69649
69655
69688
69706
69710
69712
69728
69735
69737
69743
69745
69764
69799
69809
69809
69811
69824
69826
69913
69914
69922
69924
69928
69930
69931
69931
69937
69954
69963
69965
69968
69984
69986
69991
70005
70007
70008
70016
70021
70027
70032
70035
70044
70071
70074
70088
70099
70101
70143
70148
70154
70175
70180
70201
70221
70234
70245
70247
70265
70267
70275
70281
70283
70284
70287
70290
70312
70324
70339
70352
70378
70383
70386
70386
70389
70391
70391
70391
70401
70414
70417
70425
70427
70442
70443
70446
70447
70450
70470
70472
70478
70484
70517
70529
70544
70555
70562
70576
70580
70581
70588
70592
70596
70609
70611
70646
70660
70666
70670
70670
70672
70696
70697
70698
70713
70727
70731
70737
70746
70752
70761
70763
70789
70800
70812
70815
70818
70842
70851
70857
70860
70863
70866
70869
70893
70894
70913
70951
70973
70975
70976
71001
71006
71008
71027
71032
71042
71042
71043
71079
71087
71090
71090
71137
71137
71156
71163
71168
71183
71188
71191
71209
71212
71213
71222
71232
71256
71268
71281
71290
71290
71294
71310
71313
71313
71329
71346
71352
71359
71391
71410
71429
71430
71436
71455
71467
71473
71485
71493
71495
71497
71504
71504
71508
71510
71516
71531
71533
71548
71551
71552
71552
71553
71560
71574
71579
71579
71606
71611
71615
71621
71628
71631
71634
71651
71662
71670
71686
71698
71701
71716
71720
71722
71724
71739
71740
71741
71758
71767
71768
71771
71778
71786
71796
71797
71799
71810
71824
71825
71827
71827
71831
71834
71842
71844
71856
71859
71868
71876
71899
71908
71909
71915
71923
71929
71932
71948
71949
71953
71970
71981
72009
72014
72019
72025
72032
72036
72042
72043
72052
72069
72086
72092
72109
72110
72121
72129
72129
72194
72196
72210
72213
72213
72215
72217
72220
72222
72224
72227
72233
72251
72267
72268
72275
72277
72300
72303
72308
72309
72309
72313
72343
72348
72350
72362
72369
72386
72394
72399
72404
72404
72410
72411
72430
72432
72434
72446
72448
72466
72469
72475
72512
72527
72544
72545
72557
72565
72585
72587
72590
72592
72594
72596
72598
72601
72610
72613
72630
72654
72671
72688
72689
72712
72714
72716
72719
72726
72727
72748
72751
72758
72758
72764
72777
72790
72795
72803
72805
72812
72824
72841
72857
72859
72864
72874
72877
72882
72882
72883
72888
72902
72909
72921
72926
72929
72929
72937
72964
72989
72994
73004
73009
73014
73024
73039
73053
73053
73055
73081
73091
73097
73107
73154
73179
73199
73209
73236
73251
73275
73278
73282
73297
73299
73316
73319
73324
73341
73342
73349
73353
73359
73361
73377
73381
73387
73389
73409
73410
73452
73466
73500
73512
73539
73552
73565
73579
73585
73601
73603
73605
73625
73640
73647
73648
73664
73683
73719
73745
73747
73758
73764
73774
73777
73780
73785
73790
73799
73817
73826
73844
73846
73849
73849
73852
73886
73889
73898
73941
73949
73949
73952
73963
73972
73992
73993
73993
74007
74016
74021
74034
74035
74038
74038
74049
74053
74061
74086
74125
74127
74132
74169
74174
74175
74196
74198
74200
74219
74232
74251
74258
74259
74260
74290
74325
74340
74349
74360
74364
74370
74372
74379
74381
74386
74414
74420
74435
74437
74442
74450
74451
74466
74580
74585
74588
74596
74602
74604
74607
74608
74622
74623
74654
74667
74674
74681
74682
74685
74687
74692
74693
74695
74706
74743
74743
74746
74765
74779
74803
74809
74849
74857
74857
74861
74877
74912
74917
74920
74927
74932
74932
74951
74960
74990
74993
75003
75004
75016
75018
75052
75070
75101
75105
75110
75111
75135
75139
75141
75147
75160
75178
75182
75201
75214
75216
75245
75257
75265
75270
75270
75276
75282
75316
75318
75320
75354
75361
75364
75367
75368
75383
75384
75387
75397
75423
75426
75437
75444
75445
75468
75468
75482
75486
75494
75514
75517
75522
75524
75536
75543
75545
75551
75560
75567
75574
75587
75605
75621
75621
75636
75643
75677
75678
75684
75691
75710
75729
75736
75743
75746
75750
75758
75765
75822
75830
75855
75856
75861
75862
75870
75879
75879
75887
75911
75912
75924
75934
75936
75944
75950
75952
75957
75959
75961
75967
75970
75972
75988
75990
75999
76015
76018
76018
76058
76077
76101
76107
76109
76113
76132
76141
76144
76152
76155
76156
76169
76178
76227
76230
76237
76240
76245
76246
76251
76274
76293
76313
76323
76323
76334
76355
76358
76360
76361
76365
76368
76368
76371
76384
76391
76397
76422
76450
76484
76484
76497
76507
76508
76510
76513
76527
76534
76559
76585
76596
76599
76619
76625
76640
76644
76659
76659
76666
76669
76672
76684
76696
76710
76722
76723
76731
76732
76745
76771
76771
76779
76781
76799
76816
76816
76820
76887
76895
76896
76900
76906
76906
76908
76916
76927
76935
76944
76953
76955
76956
76960
76968
76981
76989
76998
77011
77034
77046
77048
77081
77088
77088
77090
77101
77114
77169
77178
77178
77197
77205
77216
77230
77235
77236
77243
77262
77270
77281
77291
77295
77326
77339
77343
77348
77350
77350
77364
77364
77377
77384
77388
77389
77407
77418
77423
77446
77454
77465
77473
77480
77482
77524
77544
77552
77555
77580
77584
77591
77595
77604
77631
77653
77663
77665
77670
77708
77711
77725
77727
77733
77747
77777
77779
77779
77788
77792
77800
77809
77831
77854
77868
77871
77873
77882
77885
77887
77895
77906
77913
77921
77923
77930
77948
77955
77965
77979
77979
77981
77990
78018
78058
78073
78083
78112
78131
78134
78134
78137
78160
78168
78180
78188
78198
78202
78202
78204
78207
78208
78219
78229
78236
78244
78273
78295
78296
78312
78319
78325
78339
78350
78354
78363
78374
78376
78379
78385
78391
78411
78424
78431
78454
78478
78486
78500
78503
78550
78562
78620
78621
78637
78651
78668
78675
78681
78681
78696
78712
78716
78735
78737
78741
78764
78770
78792
78802
78809
78818
78825
78837
78856
78865
78868
78880
78909
78919
78929
78954
78977
78985
78994
79008
79009
79011
79011
79011
79015
79026
79037
79047
79070
79072
79079
79125
79128
79139
79141
79143
79160
79174
79189
79212
79214
79216
79219
79220
79222
79254
79261
79262
79270
79270
79277
79278
79291
79305
79320
79327
79330
79339
79354
79360
79366
79408
79416
79425
79440
79443
79447
79449
79462
79484
79489
79492
79501
79519
79520
79523
79528
79556
79556
79562
79570
79571
79573
79575
79576
79593
79614
79616
79616
79622
79624
79630
79645
79649
79660
79662
79688
79689
79704
79729
79751
79752
79759
79766
79777
79779
79795
79807
79814
79817
79820
79838
79843
79857
79896
79917
79932
79933
79945
79949
79973
79993
80001
80008
80020
80041
80047
80059
80082
80089
80096
80107
80116
80126
80130
80131
80132
80135
80165
80192
80206
80233
80241
80258
80285
80293
80295
80319
80338
80339
80343
80361
80386
80398
80414
80444
80467
80485
80490
80494
80498
80544
80551
80562
80563
80575
80575
80585
80591
80591
80595
80618
80627
80629
80651
80655
80658
80659
80660
80666
80680
80755
80759
80762
80763
80763
80789
80803
80806
80837
80843
80901
80907
80908
80915
80916
80921
80934
80936
80943
80947
80954
80958
80959
80960
80979
80984
81009
81017
81034
81052
81057
81068
81078
81123
81123
81125
81126
81135
81137
81144
81147
81195
81201
81203
81213
81226
81239
81249
81260
81279
81288
81295
81296
81313
81328
81338
81371
81375
81381
81408
81409
81413
81430
81464
81476
81495
81506
81520
81520
81525
81529
81541
81544
81551
81551
81574
81600
81609
81611
81615
81626
81648
81648
81658
81670
81680
81681
81684
81692
81711
81718
81722
81728
81740
81751
81752
81791
81794
81798
81800
81806
81814
81832
81839
81864
81865
81876
81891
81891
81903
81946
81947
81962
81980
81985
81994
82005
82033
82040
82062
82080
82080
82084
82091
82102
82124
82127
82140
82144
82154
82158
82176
82192
82223
82226
82230
82243
82245
82252
82267
82293
82322
82323
82348
82357
82359
82359
82363
82375
82377
82383
82386
82386
82412
82413
82416
82431
82432
82454
82458
82461
82470
82478
82485
82487
82503
82512
82517
82538
82561
82569
82570
82573
82576
82584
82604
82618
82642
82647
82652
82666
82675
82684
82685
82698
82702
82707
82711
82720
82721
82729
82738
82739
82749
82759
82789
82799
82802
82804
82810
82813
82817
82828
82837
82853
82855
82858
82861
82861
82873
82875
82883
82898
82902
82925
82933
82944
82951
82960
82971
82972
82975
82981
82985
82986
83016
83016
83019
83028
83030
83045
83058
83072
83089
83111
83151
83177
83180
83183
83189
83194
83203
83210
83221
83227
83233
83250
83272
83312
83315
83318
83323
83324
83396
83407
83416
83424
83427
83441
83447
83471
83480
83489
83491
83516
83517
83529
83542
83549
83550
83584
83598
83611
83629
83655
83657
83682
83683
83685
83686
83697
83698
83705
83728
83734
83752
83758
83769
83798
83835
83847
83852
83872
83893
83894
83895
83896
83899
83900
83909
83921
83964
83968
83991
83993
83993
83996
83997
83997
84014
84032
84045
84051
84059
84059
84068
84073
84085
84091
84098
84104
84117
84120
84123
84126
84127
84135
84137
84150
84160
84171
84183
84189
84202
84205
84210
84215
84215
84230
84231
84232
84257
84259
84264
84271
84274
84274
84288
84314
84340
84341
84343
84346
84350
84354
84376
84381
84392
84405
84410
84438
84440
84471
84476
84499
84506
84512
84518
84520
84541
84553
84563
84566
84567
84576
84599
84600
84603
84608
84619
84628
84644
84652
84657
84677
84686
84693
84705
84711
84744
84754
84756
84757
84770
84792
84813
84819
84831
84872
84876
84895
84902
84904
84908
84917
84933
84967
84969
84993
84994
84996
84998
85001
85006
85058
85063
85067
85067
85074
85083
85090
85097
85099
85113
85115
85120
85125
85150
85170
85170
85175
85181
85185
85209
85230
85234
85243
85264
85282
85285
85292
85293
85294
85306
85308
85308
85312
85318
85320
85321
85327
85347
85356
85361
85377
85389
85400
85415
85431
85450
85456
85457
85490
85499
85506
85516
85529
85529
85531
85541
85541
85542
85542
85544
85549
85560
85582
85629
85635
85639
85643
85653
85657
85669
85671
85675
85684
85685
85692
85692
85725
85730
85742
85766
85778
85818
85842
85848
85856
85862
85864
85886
85903
85913
85940
85969
85976
85998
86002
86004
86005
86005
86009
86012
86029
86077
86081
86104
86105
86129
86136
86144
86145
86173
86175
86179
86183
86203
86204
86238
86247
86249
86263
86263
86278
86284
86288
86298
86319
86333
86337
86360
86385
86418
86461
86463
86475
86479
86490
86491
86495
86496
86540
86545
86549
86564
86568
86580
86580
86586
86595
86597
86602
86619
86623
86626
86644
86663
86672
86713
86733
86734
86737
86745
86753
86769
86775
86777
86804
86805
86805
86806
86812
86812
86814
86827
86846
86856
86864
86869
86876
86878
86891
86915
86939
86944
86945
86959
86961
86970
86977
86999
87000
87016
87047
87050
87051
87064
87075
87095
87119
87122
87132
87137
87150
87158
87171
87174
87178
87179
87182
87189
87193
87198
87203
87203
87204
87227
87233
87235
87244
87252
87255
87291
87303
87304
87311
87321
87326
87327
87327
87335
87349
87354
87359
87360
87365
87368
87394
87396
87409
87424
87437
87437
87447
87469
87472
87474
87494
87501
87540
87561
87578
87580
87582
87593
87612
87625
87626
87632
87637
87647
87672
87672
87674
87676
87681
87712
87717
87727
87752
87755
87768
87776
87786
87791
87794
87803
87807
87834
87839
87850
87856
87866
87868
87883
87895
87909
87914
87923
87941
87949
87965
87972
87973
88000
88024
88032
88033
88044
88075
88097
88098
88106
88118
88143
88150
88153
88159
88163
88166
88167
88174
88197
88205
88211
88265
88278
88296
88300
88308
88339
88379
88380
88380
88394
88395
88401
88409
88434
88445
88466
88474
88486
88552
88571
88592
88609
88609
88656
88658
88666
88682
88684
88695
88699
88704
88706
88716
88738
88739
88739
88747
88751
88752
88786
88794
88824
88833
88838
88848
88895
88902
88925
88933
88938
88956
88959
88959
88961
88970
88989
88998
89016
89031
89038
89038
89047
89059
89072
89079
89080
89082
89083
89088
89090
89091
89099
89124
89124
89137
89142
89146
89160
89164
89165
89179
89182
89188
89195
89209
89210
89217
89229
89230
89256
89261
89275
89284
89297
89298
89303
89310
89325
89331
89335
89348
89361
89371
89430
89447
89469
89474
89478
89497
89502
89538
89543
89563
89576
89577
89578
89582
89601
89602
89634
89637
89641
89645
89649
89651
89656
89661
89675
89697
89718
89728
89737
89741
89750
89763
89763
89767
89768
89768
89798
89812
89816
89887
89894
89898
89898
89921
89923
89940
89941
89954
89956
89986
90001
90007
90030
90038
90040
90125
90139
90142
90149
90163
90175
90186
90187
90187
90187
90191
90213
90216
90218
90220
90222
90249
90258
90259
90285
90299
90300
90304
90327
90359
90363
90364
90368
90378
90389
90400
90405
90406
90412
90418
90420
90423
90443
90453
90460
90468
90478
90480
90483
90487
90495
90506
90507
90527
90529
90535
90542
90578
90592
90601
90604
90626
90657
90677
90678
90688
90691
90696
90709
90736
90742
90780
90789
90792
90799
90808
90808
90836
90872
90899
90899
90918
90936
90943
90964
90966
90967
90969
90973
90999
91002
91002
91027
91030
91039
91063
91070
91077
91081
91087
91094
91095
91101
91120
91133
91135
91143
91155
91166
91185
91192
91203
91206
91222
91229
91234
91248
91272
91300
91319
91324
91329
91330
91348
91351
91385
91411
91423
91423
91436
91440
91441
91450
91475
91476
91492
91494
91504
91510
91511
91513
91519
91555
91562
91570
91574
91574
91579
91589
91614
91628
91631
91639
91643
91654
91685
91705
91706
91709
91721
91729
91735
91744
91754
91759
91773
91775
91776
91781
91786
91799
91820
91820
91828
91840
91859
91863
91868
91870
91871
91873
91878
91880
91893
91896
91901
91905
91909
91911
91920
91930
91943
91947
91954
91959
91967
91971
91972
91974
91995
92001
92030
92044
92051
92064
92064
92065
92066
92067
92072
92075
92089
92090
92090
92106
92117
92127
92131
92142
92150
92151
92183
92190
92232
92239
92240
92251
92271
92298
92326
92356
92374
92411
92416
92420
92425
92428
92434
92447
92447
92447
92449
92460
92468
92498
92502
92504
92524
92531
92535
92548
92549
92551
92565
92567
92597
92611
92612
92614
92623
92624
92626
92627
92656
92658
92661
92661
92662
92677
92682
92703
92707
92717
92717
92719
92735
92735
92739
92747
92769
92770
92788
92797
92807
92812
92814
92816
92820
92823
92829
92845
92845
92855
92856
92882
92901
92924
92929
92931
92939
92947
92955
92959
92960
92967
92968
92975
92985
92997
93015
93033
93038
93088
93098
93108
93116
93118
93127
93137
93142
93144
93182
93191
93206
93206
93228
93229
93233
93242
93251
93266
93275
93288
93288
93300
93314
93326
93327
93332
93340
93343
93349
93356
93359
93363
93364
93366
93369
93373
93380
93396
93418
93422
93438
93449
93509
93529
93533
93536
93543
93546
93552
93569
93570
93586
93592
93593
93604
93607
93622
93639
93661
93664
93671
93676
93677
93678
93681
93686
93697
93710
93710
93721
93724
93746
93766
93780
93787
93788
93793
93802
93807
93815
93826
93830
93832
93839
93840
93870
93888
93899
93923
93946
93947
93953
93954
93958
93999
94029
94032
94033
94041
94049
94050
94050
94053
94054
94055
94056
94075
94077
94092
94107
94112
94118
94133
94137
94138
94142
94149
94155
94159
94173
94178
94198
94199
94203
94236
94251
94255
94302
94306
94317
94326
94344
94363
94382
94383
94388
94389
94395
94402
94435
94463
94474
94474
94480
94485
94513
94515
94527
94529
94544
94545
94548
94555
94558
94575
94580
94587
94588
94609
94644
94674
94702
94717
94745
94746
94749
94756
94760
94813
94822
94826
94844
94852
94855
94874
94889
94928
94940
94941
94953
94972
94979
95008
95016
95025
95034
95052
95060
95073
95074
95090
95092
95124
95143
95147
95163
95170
95179
95205
95230
95233
95235
95236
95240
95272
95283
95288
95308
95329
95329
95350
95358
95368
95373
95374
95374
95384
95393
95408
95418
95434
95448
95456
95471
95476
95492
95499
95518
95531
95538
95542
95549
95551
95553
95558
95566
95585
95587
95596
95600
95605
95609
95614
95631
95632
95639
95659
95665
95680
95680
95685
95686
95699
95706
95710
95711
95720
95738
95740
95762
95767
95771
95772
95788
95793
95802
95810
95814
95817
95838
95841
95853
95860
95873
95877
95891
95897
95927
95969
95969
95986
95989
96002
96008
96015
96078
96081
96083
96106
96110
96118
96135
96137
96147
96151
96208
96217
96233
96250
96259
96262
96268
96275
96284
96308
96319
96319
96327
96329
96338
96347
96359
96377
96393
96397
96406
96409
96419
96421
96423
96427
96434
96443
96449
96450
96463
96469
96470
96475
96476
96504
96510
96534
96543
96544
96571
96575
96582
96599
96599
96603
96605
96606
96609
96613
96635
96640
96643
96654
96679
96686
96704
96711
96716
96716
96730
96757
96759
96774
96775
96790
96796
96812
96830
96841
96843
96850
96851
96854
96863
96865
96870
96873
96881
96892
96907
96922
96953
96972
96986
97002
97010
97031
97058
97081
97084
97087
97090
97099
97118
97124
97136
97147
97152
97160
97164
97170
97173
97189
97189
97204
97220
97228
97239
97247
97251
97254
97261
97272
97272
97285
97293
97301
97318
97329
97344
97414
97417
97420
97430
97443
97444
97481
97483
97502
97510
97511
97513
97514
97522
97525
97548
97556
97560
97573
97580
97588
97594
97601
97625
97627
97660
97662
97665
97672
97674
97711
97729
97732
97747
97756
97764
97768
97775
97790
97811
97825
97862
97883
97886
97897
97913
97917
97934
97941
97944
97976
97989
98006
98008
98014
98015
98015
98023
98034
98035
98037
98040
98047
98051
98057
98060
98088
98091
98097
98107
98109
98140
98170
98194
98205
98209
98232
98235
98247
98268
98279
98285
98288
98313
98314
98317
98320
98322
98343
98349
98352
98372
98389
98391
98414
98431
98432
98445
98450
98453
98455
98466
98481
98490
98498
98503
98507
98579
98588
98588
98593
98596
98601
98624
98653
98653
98673
98710
98712
98714
98735
98762
98764
98764
98774
98776
98783
98805
98814
98814
98823
98824
98834
98835
98837
98843
98864
98864
98865
98866
98871
98872
98872
98878
98879
98902
98917
98921
98938
98941
98949
98957
98990
98994
98998
99005
99015
99016
99031
99031
99061
99063
99070
99104
99124
99127
99133
99135
99139
99149
99152
99156
99158
99163
99169
99194
99194
99203
99210
99221
99227
99235
99242
99249
99256
99270
99273
99274
99291
99294
99310
99318
99350
99355
99364
99366
99402
99404
99410
99410
99421
99424
99431
99436
99454
99465
99475
99492
99501
99556
99556
99579
99584
99584
99594
99596
99601
99624
99643
99652
99686
99690
99691
99731
99732
99747
99760
99763
99766
99780
99794
99794
99796
99817
99830
99841
99848
99850
99850
99870
99927
99927
99945
99988
99991
99992
