25
48
50
54
59
59
67
75
87
93
99
100
105
106
111
112
117
117
121
127
128
138
156
163
164
172
193
201
202
222
271
274
280
285
285
291
292
302
321
335
341
345
365
376
380
399
406
411
446
456
459
464
470
472
475
478
487
497
497
498
516
519
525
526
549
558
568
571
573
575
599
616
620
625
640
642
650
650
659
683
688
708
729
730
733
736
753
757
764
775
776
783
790
803
806
815
816
816
827
835
838
849
852
854
858
860
900
906
908
909
911
918
923
936
945
948
960
967
1005
1006
1029
1029
1046
1053
1057
1061
1088
1098
1108
1110
1113
1121
1131
1136
1142
1143
1152
1153
1154
1208
1208
1236
1259
1268
1279
1279
1306
1315
1338
1363
1390
1391
1394
1403
1404
1408
1411
1411
1415
1421
1425
1433
1478
1499
1499
1502
1536
1543
1560
1561
1565
1567
1567
1580
1582
1605
1611
1622
1624
1629
1646
1656
1659
1684
1711
1726
1726
1730
1732
1756
1783
1788
1791
1796
1796
1803
1812
1819
1821
1822
1843
1844
1845
1847
1857
1862
1893
1908
1912
1918
1920
1930
1950
1957
1959
1962
1967
1971
1974
1974
2008
2025
2050
2060
2062
2064
2070
2072
2083
2086
2096
2099
2115
2150
2152
2162
2169
2173
2177
2189
2191
2194
2198
2226
2229
2230
2230
2267
2288
2302
2309
2348
2361
2364
2370
2381
2392
2393
2439
2442
2462
2466
2478
2486
2523
2525
2538
2552
2559
2566
2568
2580
2591
2608
2611
2616
2623
2642
2650
2713
2715
2736
2748
2752
2757
2761
2762
2778
2784
2803
2829
2833
2847
2856
2875
2884
2891
2920
2934
2934
2943
2946
2946
2949
2953
2955
2976
2985
2993
3001
3006
3025
3030
3034
3041
3043
3063
3076
3079
3084
3088
3091
3098
3099
3105
3108
3111
3130
3133
3137
3137
3137
3181
3185
3211
3224
3230
3237
3252
3270
3271
3275
3285
3286
3290
3293
3301
3326
3355
3372
3399
3450
3500
3503
3508
3529
3540
3545
3564
3568
3576
3578
3598
3606
3627
3633
3640
3653
3688
3694
3696
3703
3718
3719
3735
3737
3759
3780
3782
3783
3793
3808
3841
3842
3846
3847
3864
3872
3908
3914
3932
3967
3971
3971
3977
3979
3988
3990
3994
4028
4034
4043
4053
4070
4076
4090
4093
4116
4122
4135
4143
4159
4170
4181
4213
4215
4216
4238
4252
4255
4288
4293
4295
4310
4310
4319
4322
4323
4326
4330
4336
4340
4341
4351
4357
4358
4364
4393
4416
4440
4452
4456
4458
4488
4489
4490
4510
4523
4550
4555
4556
4565
4578
4587
4594
4598
4603
4607
4616
4636
4638
4643
4645
4722
4732
4746
4749
4780
4781
4788
4788
4798
4818
4823
4836
4840
4850
4892
4908
4915
4979
4988
4993
4996
5035
5052
5058
5067
5070
5073
5078
5078
5079
5079
5083
5090
5091
5109
5116
5126
5139
5146
5156
5170
5178
5193
5215
5224
5232
5259
5273
5295
5305
5308
5312
5314
5322
5332
5332
5361
5364
5370
5370
5372
5377
5379
5383
5402
5412
5468
5469
5482
5491
5495
5495
5495
5499
5501
5506
5513
5517
5522
5542
5544
5546
5551
5562
5586
5589
5601
5603
5607
5618
5645
5646
5650
5650
5658
5660
5665
5671
5682
5696
5702
5704
5722
5724
5743
5744
5745
5771
5793
5801
5802
5811
5818
5829
5829
5841
5848
5852
5876
5876
5883
5888
5912
5916
5927
5965
5983
5992
6004
6038
6040
6044
6048
6054
6066
6076
6083
6089
6094
6099
6103
6104
6120
6121
6129
6162
6169
6177
6185
6186
6190
6224
6234
6258
6272
6288
6328
6339
6356
6384
6388
6406
6422
6427
6437
6458
6477
6497
6498
6508
6519
6520
6521
6524
6530
6530
6531
6534
6536
6537
6539
6544
6544
6557
6572
6586
6586
6600
6613
6622
6632
6636
6637
6649
6667
6698
6719
6724
6751
6761
6773
6776
6777
6785
6792
6794
6797
6799
6801
6805
6813
6823
6825
6855
6860
6867
6878
6909
6925
6926
6940
6956
6958
6962
6972
6974
6982
7001
7015
7016
7047
7058
7061
7078
7110
7131
7136
7149
7183
7206
7207
7210
7211
7212
7221
7240
7242
7242
7248
7268
7271
7274
7285
7287
7294
7317
7328
7350
7352
7356
7358
7359
7363
7366
7374
7375
7376
7385
7404
7413
7416
7424
7438
7463
7466
7472
7489
7504
7509
7519
7528
7550
7574
7590
7605
7612
7639
7656
7660
7664
7666
7679
7681
7751
7755
7770
7771
7772
7781
7790
7797
7815
7820
7834
7838
7841
7851
7852
7862
7871
7872
7874
7874
7889
7891
7899
7901
7921
7922
7937
7940
7941
7972
7976
7978
7993
7994
8005
8011
8031
8031
8034
8037
8051
8053
8054
8077
8095
8095
8103
8104
8109
8117
8120
8128
8129
8155
8162
8167
8169
8171
8178
8179
8183
8197
8201
8214
8215
8221
8233
8254
8261
8262
8267
8268
8268
8270
8286
8295
8314
8316
8326
8347
8355
8360
8365
8378
8383
8390
8397
8431
8432
8435
8450
8501
8522
8534
8537
8543
8559
8582
8582
8588
8595
8601
8603
8610
8612
8620
8623
8628
8635
8664
8679
8690
8700
8733
8761
8779
8791
8812
8835
8843
8861
8868
8869
8882
8889
8899
8909
8910
8913
8913
8915
8917
8924
8935
8939
8949
8953
8954
8972
8973
8989
8993
8993
8995
9015
9020
9035
9036
9044
9070
9079
9085
9102
9103
9114
9116
9128
9138
9148
9153
9154
9157
9170
9176
9177
9177
9192
9209
9217
9220
9221
9228
9236
9238
9238
9257
9269
9277
9284
9290
9295
9304
9306
9315
9325
9327
9344
9352
9369
9371
9379
9394
9433
9434
9436
9450
9454
9460
9472
9485
9486
9489
9512
9513
9516
9547
9559
9574
9603
9604
9607
9610
9631
9641
9653
9660
9709
9717
9724
9729
9739
9747
9771
9790
9798
9800
9803
9807
9810
9810
9815
9823
9825
9873
9883
9890
9914
9921
9927
9931
9935
9938
9938
9949
9956
9974
9974
9975
9982
9988
9994
10006
10008
10022
10022
10033
10048
10059
10063
10069
10091
10092
10126
10139
10139
10180
10184
10184
10190
10194
10200
10229
10236
10245
10247
10254
10284
10299
10303
10315
10342
10353
10357
10360
10367
10375
10376
10377
10396
10412
10421
10441
10445
10448
10475
10485
10492
10502
10511
10513
10530
10550
10574
10587
10592
10601
10608
10626
10632
10643
10646
10651
10656
10668
10680
10690
10693
10697
10712
10724
10761
10769
10770
10798
10803
10804
10816
10827
10846
10847
10869
10871
10878
10890
10894
10900
10901
10905
10929
10934
10943
10958
10978
10989
10998
11001
11016
11033
11051
11070
11070
11083
11115
11115
11122
11131
11155
11162
11164
11165
11176
11179
11183
11193
11193
11203
11226
11232
11240
11246
11253
11257
11260
11260
11268
11292
11307
11333
11351
11368
11369
11373
11392
11442
11444
11465
11470
11478
11495
11495
11505
11517
11524
11525
11534
11534
11536
11544
11544
11562
11562
11564
11570
11571
11603
11615
11617
11627
11633
11640
11646
11648
11649
11650
11658
11665
11669
11670
11680
11680
11684
11711
11742
11751
11751
11754
11754
11764
11767
11775
11780
11791
11803
11822
11823
11830
11849
11851
11882
11890
11896
11922
11928
11931
11962
11987
11991
11996
12038
12040
12085
12093
12102
12102
12106
12113
12118
12127
12127
12150
12153
12173
12181
12188
12205
12227
12241
12259
12275
12279
12285
12295
12315
12326
12336
12339
12343
12352
12361
12378
12381
12387
12390
12394
12397
12408
12416
12425
12434
12446
12450
12459
12470
12474
12486
12490
12498
12512
12514
12517
12542
12546
12556
12558
12560
12561
12567
12578
12582
12603
12675
12678
12688
12701
12718
12723
12723
12731
12733
12737
12739
12743
12746
12746
12748
12749
12758
12759
12761
12761
12781
12783
12801
12815
12817
12821
12822
12828
12838
12839
12862
12865
12868
12872
12882
12894
12895
12898
12913
12919
12946
12971
12976
12980
12981
13010
13022
13024
13038
13050
13056
13071
13082
13084
13102
13118
13121
13130
13139
13155
13176
13184
13187
13189
13196
13199
13204
13229
13240
13241
13242
13243
13253
13266
13274
13287
13291
13317
13320
13327
13344
13349
13351
13359
13362
13364
13369
13374
13377
13382
13383
13442
13448
13458
13467
13491
13491
13491
13496
13514
13532
13540
13544
13566
13571
13575
13577
13582
13585
13608
13609
13618
13618
13621
13624
13629
13633
13673
13677
13685
13698
13702
13727
13739
13754
13757
13760
13768
13780
13793
13797
13800
13802
13822
13824
13825
13828
13840
13844
13854
13868
13883
13887
13888
13905
13908
13909
13912
13917
13938
13953
13953
13955
13968
13972
13975
13987
14003
14003
14042
14068
14079
14086
14096
14098
14098
14100
14143
14145
14157
14193
14201
14227
14235
14244
14259
14280
14299
14302
14307
14313
14317
14334
14339
14342
14353
14354
14355
14369
14374
14375
14377
14396
14396
14414
14427
14434
14470
14490
14519
14539
14551
14569
14578
14590
14607
14625
14651
14653
14658
14661
14670
14676
14716
14721
14740
14752
14769
14776
14799
14801
14807
14811
14820
14830
14831
14833
14836
14840
14845
14845
14849
14850
14860
14874
14881
14904
14911
14917
14949
14950
14952
14961
14964
14975
14982
14984
14990
14996
15008
15013
15029
15038
15043
15046
15063
15077
15079
15087
15103
15124
15140
15148
15193
15207
15212
15218
15219
15221
15222
15234
15246
15247
15252
15255
15258
15259
15277
15285
15290
15295
15321
15326
15337
15340
15374
15384
15394
15438
15445
15448
15454
15458
15458
15472
15480
15495
15504
15507
15512
15518
15533
15536
15537
15544
15556
15567
15575
15575
15593
15606
15606
15606
15615
15638
15646
15650
15661
15668
15670
15681
15696
15696
15701
15707
15737
15741
15747
15753
15766
15779
15791
15794
15809
15817
15819
15822
15826
15849
15857
15869
15870
15878
15884
15897
15914
15940
15945
15974
15974
15988
15992
16000
16012
16017
16032
16033
16034
16034
16041
16047
16048
16059
16070
16073
16080
16082
16095
16096
16096
16106
16116
16119
16121
16143
16143
16145
16157
16165
16188
16190
16193
16221
16223
16232
16285
16310
16326
16326
16327
16329
16346
16369
16401
16411
16428
16442
16447
16447
16460
16464
16485
16486
16488
16494
16496
16510
16510
16552
16554
16569
16581
16585
16597
16616
16629
16650
16672
16677
16711
16720
16726
16737
16741
16749
16751
16774
16779
16808
16815
16817
16847
16873
16900
16938
16947
16956
16962
16974
16985
16995
17014
17020
17035
17047
17055
17069
17079
17107
17164
17170
17184
17193
17199
17201
17202
17206
17216
17219
17220
17232
17236
17238
17250
17250
17250
17251
17252
17268
17284
17286
17307
17319
17324
17349
17369
17403
17429
17431
17441
17443
17453
17462
17472
17481
17505
17513
17520
17542
17553
17562
17592
17597
17597
17600
17610
17621
17631
17647
17661
17667
17675
17678
17682
17688
17691
17715
17715
17716
17725
17728
17756
17757
17772
17783
17795
17820
17833
17847
17854
17857
17864
17868
17872
17898
17901
17901
17913
17916
17917
17934
17964
17967
17985
18015
18026
18032
18049
18061
18098
18101
18112
18125
18128
18131
18133
18142
18151
18155
18157
18159
18165
18181
18187
18192
18201
18204
18244
18247
18251
18261
18267
18272
18293
18299
18322
18335
18339
18346
18347
18351
18376
18424
18428
18446
18447
18448
18471
18496
18516
18524
18530
18546
18577
18579
18592
18595
18597
18617
18626
18628
18628
18638
18656
18656
18666
18667
18704
18714
18714
18731
18769
18769
18775
18783
18784
18795
18808
18822
18826
18831
18834
18836
18844
18855
18877
18877
18878
18905
18912
18917
18924
18924
18927
18943
18944
18945
18950
18975
18979
18987
18990
18996
19025
19026
19033
19049
19094
19097
19109
19130
19142
19144
19146
19147
19152
19170
19171
19174
19177
19177
19189
19221
19231
19240
19244
19256
19272
19279
19336
19344
19355
19372
19375
19384
19386
19387
19391
19405
19415
19424
19432
19434
19442
19443
19449
19452
19500
19506
19510
19515
19522
19527
19536
19544
19548
19569
19573
19576
19579
19593
19594
19598
19605
19608
19628
19636
19643
19651
19651
19679
19682
19686
19699
19707
19718
19725
19727
19735
19757
19767
19790
19829
19830
19836
19845
19849
19859
19871
19877
19883
19896
19896
19906
19912
19940
19949
19949
19974
19978
19983
19993
19997
20000
20003
20013
20016
20019
20032
20038
20041
20043
20047
20050
20052
20055
20056
20076
20117
20119
20125
20126
20138
20138
20152
20159
20194
20199
20203
20209
20214
20217
20233
20238
20238
20245
20254
20256
20261
20282
20282
20297
20302
20308
20329
20331
20334
20334
20335
20341
20351
20353
20363
20369
20400
20410
20433
20447
20468
20479
20480
20495
20498
20513
20519
20525
20543
20551
20551
20569
20583
20585
20586
20589
20604
20615
20615
20617
20622
20627
20632
20635
20635
20640
20642
20660
20661
20664
20673
20693
20693
20694
20697
20708
20714
20721
20723
20730
20754
20755
20756
20776
20781
20796
20807
20812
20816
20819
20835
20850
20859
20885
20888
20893
20928
20934
20944
20951
20954
20971
20986
20990
20994
20998
21040
21051
21053
21053
21055
21056
21081
21085
21087
21091
21098
21117
21142
21159
21175
21191
21214
21223
21240
21258
21272
21272
21274
21277
21287
21288
21336
21345
21346
21347
21350
21360
21376
21431
21433
21448
21454
21464
21481
21501
21503
21510
21516
21519
21526
21528
21537
21576
21588
21614
21624
21627
21660
21662
21674
21680
21681
21694
21738
21773
21778
21793
21794
21797
21803
21811
21822
21823
21825
21826
21829
21838
21839
21851
21859
21863
21870
21887
21897
21901
21909
21909
21915
21921
21938
21939
21942
21943
21947
21967
21981
21983
21987
21995
22016
22028
22048
22067
22072
22074
22079
22082
22093
22094
22107
22113
22115
22118
22119
22122
22130
22137
22178
22178
22179
22182
22193
22195
22200
22211
22213
22226
22240
22240
22247
22250
22253
22256
22258
22307
22309
22315
22315
22376
22382
22387
22401
22405
22407
22410
22436
22457
22461
22467
22474
22515
22526
22543
22559
22571
22573
22585
22590
22594
22599
22607
22614
22616
22660
22663
22672
22682
22744
22744
22755
22762
22776
22779
22783
22796
22796
22808
22808
22836
22840
22844
22846
22854
22858
22868
22874
22886
22905
22915
22922
22924
22929
22942
22944
22954
22956
22959
23001
23002
23005
23008
23038
23061
23071
23074
23085
23104
23105
23112
23113
23120
23123
23161
23174
23176
23195
23209
23214
23220
23237
23240
23258
23259
23268
23290
23295
23310
23406
23412
23425
23442
23442
23446
23477
23479
23490
23491
23497
23528
23552
23562
23571
23572
23573
23575
23578
23579
23616
23623
23625
23629
23639
23653
23658
23659
23673
23679
23687
23701
23735
23735
23740
23763
23777
23780
23783
23807
23844
23861
23886
23891
23892
23904
23931
23941
23944
23945
23962
23971
24021
24024
24068
24074
24094
24099
24106
24111
24123
24124
24125
24130
24139
24145
24146
24152
24181
24204
24206
24209
24215
24216
24229
24233
24239
24248
24263
24265
24271
24273
24276
24289
24292
24295
24307
24310
24336
24348
24349
24358
24359
24361
24364
24373
24376
24379
24398
24416
24418
24421
24434
24439
24441
24465
24473
24479
24485
24488
24501
24502
24509
24525
24530
24530
24538
24559
24563
24594
24605
24606
24611
24623
24634
24647
24649
24672
24685
24686
24686
24688
24701
24731
24733
24745
24752
24752
24754
24757
24771
24773
24774
24786
24789
24791
24800
24812
24832
24843
24849
24857
24869
24874
24877
24895
24933
24940
24945
24956
24975
24977
24991
24995
25002
25011
25016
25026
25035
25065
25078
25084
25088
25096
25103
25114
25123
25130
25132
25135
25139
25140
25144
25176
25182
25187
25196
25196
25215
25228
25229
25232
25234
25243
25267
25271
25275
25292
25306
25314
25314
25318
25327
25360
25361
25374
25376
25388
25420
25424
25427
25434
25434
25446
25454
25457
25458
25485
25486
25516
25541
25546
25560
25569
25612
25628
25633
25636
25688
25698
25705
25722
25727
25731
25736
25743
25745
25748
25780
25797
25805
25812
25821
25852
25854
25857
25884
25893
25903
25910
25916
25926
25929
25937
25953
25955
25956
25956
25979
25991
26015
26034
26041
26046
26053
26063
26070
26090
26090
26093
26102
26109
26116
26118
26163
26187
26192
26199
26215
26233
26238
26242
26248
26257
26307
26322
26326
26328
26334
26354
26360
26370
26371
26377
26378
26390
26403
26410
26415
26441
26452
26453
26454
26465
26471
26476
26477
26485
26495
26504
26505
26510
26525
26539
26542
26555
26570
26572
26590
26607
26616
26628
26645
26657
26680
26700
26702
26703
26716
26718
26750
26758
26773
26787
26794
26841
26841
26842
26846
26862
26876
26879
26888
26898
26916
26931
26932
26934
26937
26941
26945
26956
26967
26974
26976
26979
27006
27025
27032
27045
27051
27056
27074
27078
27083
27092
27097
27101
27134
27147
27150
27152
27161
27163
27174
27193
27205
27222
27228
27231
27250
27253
27266
27284
27285
27286
27287
27296
27352
27367
27381
27389
27426
27440
27454
27454
27455
27467
27484
27495
27505
27512
27517
27542
27562
27569
27569
27580
27592
27612
27625
27634
27653
27661
27666
27691
27707
27712
27713
27721
27752
27759
27761
27764
27776
27777
27791
27800
27812
27830
27839
27841
27842
27853
27858
27872
27891
27897
27914
27933
27960
27967
27983
28004
28018
28022
28027
28035
28053
28059
28061
28062
28068
28070
28076
28106
28112
28120
28127
28153
28160
28169
28183
28197
28221
28236
28238
28239
28242
28242
28248
28271
28288
28291
28292
28293
28298
28317
28321
28324
28325
28326
28349
28357
28375
28382
28383
28427
28434
28445
28446
28467
28469
28473
28477
28485
28504
28508
28519
28519
28545
28546
28552
28560
28576
28577
28585
28590
28592
28599
28600
28614
28616
28626
28640
28676
28698
28712
28724
28729
28736
28738
28744
28752
28757
28784
28786
28786
28798
28802
28819
28824
28826
28828
28834
28838
28842
28877
28881
28893
28897
28904
28910
28911
28911
28923
28934
28935
28945
28947
28952
28956
28965
28967
29003
29007
29033
29041
29044
29055
29070
29092
29104
29105
29159
29207
29212
29231
29233
29235
29241
29243
29244
29247
29267
29292
29301
29303
29313
29326
29332
29338
29339
29344
29349
29372
29381
29384
29385
29392
29407
29414
29416
29432
29445
29445
29450
29461
29462
29464
29468
29487
29487
29502
29507
29511
29521
29524
29526
29552
29567
29570
29580
29586
29602
29609
29612
29612
29614
29615
29619
29621
29623
29629
29649
29654
29656
29662
29664
29666
29687
29693
29709
29728
29735
29737
29750
29754
29756
29770
29794
29806
29818
29831
29835
29840
29857
29861
29866
29872
29903
29905
29912
29915
29917
29922
29933
29936
29946
29963
29966
29976
29982
29989
29995
30001
30012
30013
30018
30025
30027
30032
30046
30047
30067
30098
30102
30105
30106
30107
30121
30125
30132
30135
30151
30151
30153
30173
30175
30186
30186
30186
30187
30193
30209
30227
30241
30241
30254
30255
30257
30264
30274
30279
30280
30282
30286
30294
30298
30303
30309
30328
30337
30339
30362
30403
30408
30408
30410
30410
30416
30417
30454
30499
30524
30528
30544
30566
30569
30572
30585
30600
30601
30627
30628
30638
30644
30656
30675
30678
30685
30692
30733
30747
30747
30752
30754
30759
30761
30775
30797
30826
30845
30860
30863
30869
30869
30870
30874
30881
30885
30898
30899
30901
30948
30971
30975
30983
30993
30998
31006
31019
31036
31062
31063
31087
31092
31099
31108
31134
31135
31162
31163
31176
31180
31184
31185
31238
31243
31245
31254
31272
31311
31312
31318
31337
31346
31350
31366
31393
31422
31428
31436
31480
31494
31496
31510
31511
31535
31547
31556
31572
31574
31580
31592
31597
31610
31615
31641
31658
31659
31663
31670
31672
31690
31709
31716
31735
31756
31765
31770
31777
31778
31780
31783
31793
31795
31799
31807
31810
31815
31818
31820
31857
31858
31865
31867
31877
31877
31880
31903
31908
31909
31930
31932
31940
31943
31949
31964
31976
31976
31977
31989
32010
32014
32036
32037
32067
32073
32076
32088
32096
32107
32115
32118
32122
32125
32144
32152
32159
32183
32189
32194
32197
32210
32213
32237
32242
32251
32252
32261
32264
32268
32272
32274
32313
32316
32319
32323
32338
32345
32367
32372
32402
32428
32433
32437
32462
32463
32477
32485
32487
32517
32525
32535
32536
32574
32581
32585
32586
32605
32605
32618
32630
32653
32658
32660
32665
32675
32682
32691
32692
32700
32701
32701
32703
32713
32720
32738
32745
32758
32784
32796
32802
32805
32822
32830
32834
32839
32847
32858
32881
32885
32906
32938
32956
32960
32961
32970
32978
32983
32984
32988
33004
33013
33025
33029
33033
33040
33044
33060
33062
33087
33099
33100
33123
33126
33128
33140
33160
33166
33170
33173
33183
33188
33220
33220
33231
33250
33268
33279
33292
33305
33310
33321
33346
33366
33391
33391
33401
33436
33447
33448
33477
33504
33506
33508
33508
33549
33556
33560
33564
33571
33579
33587
33590
33591
33594
33598
33627
33628
33648
33653
33660
33660
33667
33672
33673
33674
33677
33678
33692
33699
33718
33741
33741
33750
33767
33775
33791
33798
33821
33825
33828
33831
33842
33848
33856
33868
33899
33910
33921
33925
33930
33946
33983
33999
33999
34005
34020
34023
34038
34074
34085
34088
34094
34153
34166
34172
34192
34204
34217
34242
34247
34247
34259
34279
34287
34296
34299
34311
34322
34325
34337
34338
34374
34376
34385
34390
34406
34417
34433
34450
34469
34470
34471
34483
34490
34517
34518
34538
34541
34542
34564
34580
34585
34586
34590
34598
34599
34605
34618
34619
34625
34641
34651
34695
34704
34706
34706
34717
34721
34754
34758
34760
34761
34770
34770
34774
34777
34779
34787
34791
34792
34797
34798
34807
34807
34811
34815
34844
34849
34868
34881
34891
34893
34894
34898
34898
34904
34924
34926
34938
34954
34962
35000
35055
35060
35065
35072
35095
35099
35100
35127
35129
35141
35146
35148
35174
35175
35177
35190
35198
35202
35213
35237
35247
35253
35263
35275
35287
35315
35330
35333
35340
35355
35366
35411
35420
35425
35429
35441
35445
35451
35459
35463
35478
35484
35485
35486
35504
35515
35520
35524
35532
35532
35535
35552
35555
35560
35575
35579
35600
35607
35623
35646
35655
35673
35675
35696
35697
35702
35706
35708
35709
35709
35725
35729
35731
35735
35737
35764
35774
35789
35796
35814
35817
35826
35829
35862
35867
35869
35874
35884
35891
35905
35907
35907
35918
35921
35929
35943
35954
35956
35958
35963
35972
35978
35980
35984
35992
35992
36011
36021
36035
36041
36046
36050
36054
36061
36066
36071
36072
36075
36093
36103
36105
36123
36143
36173
36182
36200
36202
36222
36227
36259
36273
36275
36283
36308
36310
36311
36321
36321
36333
36343
36363
36407
36413
36414
36417
36417
36419
36457
36462
36490
36497
36522
36524
36528
36531
36543
36551
36564
36564
36567
36572
36573
36579
36587
36594
36608
36612
36617
36624
36627
36637
36642
36654
36658
36685
36691
36709
36714
36718
36726
36729
36736
36750
36776
36784
36790
36806
36811
36826
36837
36846
36865
36873
36874
36884
36911
36913
36928
36930
36933
36933
36936
36945
36952
36954
36957
36958
36966
36976
36978
36981
36988
36997
37008
37018
37023
37023
37059
37075
37120
37123
37145
37155
37158
37163
37185
37199
37200
37201
37206
37229
37238
37248
37250
37254
37262
37267
37277
37292
37296
37298
37302
37309
37313
37322
37360
37366
37368
37397
37407
37412
37412
37413
37418
37423
37431
37433
37443
37449
37452
37454
37454
37474
37490
37503
37505
37506
37506
37514
37514
37520
37535
37535
37551
37568
37574
37577
37584
37599
37601
37605
37626
37631
37642
37669
37678
37687
37700
37709
37738
37748
37748
37765
37768
37774
37790
37803
37805
37825
37827
37828
37829
37831
37868
37869
37870
37897
37924
37935
37958
37966
37970
37975
38010
38013
38014
38021
38022
38051
38075
38108
38123
38164
38174
38191
38191
38192
38220
38224
38233
38248
38270
38297
38306
38309
38319
38346
38347
38351
38369
38371
38380
38389
38413
38414
38425
38428
38437
38450
38463
38472
38475
38478
38494
38502
38511
38534
38536
38538
38544
38550
38560
38568
38571
38590
38593
38600
38600
38639
38652
38657
38658
38662
38671
38672
38673
38679
38680
38680
38683
38695
38698
38707
38707
38709
38716
38717
38720
38748
38762
38810
38823
38830
38854
38857
38880
38896
38903
38919
38922
38925
38929
38930
38945
38953
38955
38956
38958
38960
38971
38983
38989
38997
39004
39010
39012
39028
39033
39035
39036
39059
39119
39123
39144
39148
39151
39152
39154
39188
39207
39213
39218
39219
39223
39225
39225
39225
39245
39254
39259
39259
39265
39279
39296
39298
39312
39313
39316
39319
39342
39345
39347
39347
39362
39373
39387
39410
39411
39425
39426
39443
39443
39453
39476
39483
39505
39508
39509
39530
39539
39544
39550
39565
39566
39597
39604
39605
39620
39633
39641
39643
39647
39677
39689
39707
39751
39759
39777
39782
39797
39800
39809
39817
39819
39825
39830
39842
39849
39871
39886
39894
39899
39939
39975
39996
40005
40018
40019
40019
40027
40034
40049
40063
40064
40089
40111
40119
40128
40132
40158
40159
40160
40162
40162
40170
40192
40193
40199
40212
40213
40214
40215
40215
40228
40254
40255
40255
40260
40267
40268
40286
40292
40308
40323
40332
40336
40338
40339
40345
40352
40358
40372
40383
40396
40436
40440
40444
40451
40472
40485
40487
40498
40517
40527
40533
40557
40563
40581
40605
40619
40645
40648
40652
40654
40670
40681
40688
40707
40715
40718
40718
40726
40747
40756
40764
40770
40772
40774
40782
40787
40797
40808
40813
40819
40822
40838
40854
40888
40895
40898
40901
40910
40917
40925
40964
40971
40983
40987
40993
40995
41008
41041
41042
41044
41053
41053
41054
41067
41068
41070
41079
41085
41088
41098
41102
41109
41116
41121
41141
41158
41159
41161
41178
41190
41196
41228
41232
41235
41236
41254
41263
41282
41284
41293
41303
41304
41311
41312
41321
41339
41341
41355
41363
41371
41376
41379
41384
41414
41424
41425
41426
41433
41434
41435
41435
41451
41464
41466
41491
41497
41498
41499
41502
41510
41518
41524
41525
41550
41572
41605
41615
41629
41631
41661
41673
41678
41681
41686
41692
41710
41719
41727
41742
41746
41747
41755
41761
41768
41781
41785
41805
41816
41826
41828
41838
41840
41849
41888
41908
41917
41919
41926
41927
41931
41935
41937
41960
41967
41969
41984
41988
41994
42000
42004
42037
42054
42057
42059
42060
42065
42067
42076
42091
42096
42120
42137
42142
42145
42159
42168
42175
42180
42184
42186
42198
42208
42208
42209
42210
42228
42241
42246
42249
42252
42257
42265
42295
42300
42319
42327
42345
42346
42348
42361
42367
42370
42393
42404
42406
42417
42420
42437
42467
42470
42513
42529
42534
42548
42551
42570
42576
42579
42579
42586
42611
42613
42627
42629
42640
42641
42670
42684
42697
42712
42721
42727
42729
42741
42745
42748
42751
42764
42788
42807
42843
42853
42857
42884
42891
42891
42896
42917
42947
42966
42987
42990
43001
43011
43012
43021
43031
43039
43051
43052
43062
43077
43089
43093
43104
43113
43128
43143
43148
43163
43169
43177
43178
43181
43196
43205
43213
43225
43230
43230
43284
43288
43289
43305
43313
43324
43333
43346
43372
43373
43373
43375
43383
43397
43403
43426
43435
43435
43442
43448
43452
43479
43485
43502
43520
43522
43524
43530
43579
43584
43587
43589
43611
43615
43640
43661
43670
43676
43681
43711
43719
43722
43723
43724
43744
43746
43779
43779
43780
43817
43831
43843
43855
43868
43878
43882
43898
43907
43931
43936
43938
43973
43995
44007
44013
44018
44035
44045
44056
44074
44075
44080
44081
44084
44101
44106
44107
44110
44117
44125
44126
44133
44137
44140
44148
44153
44171
44177
44180
44187
44193
44197
44199
44207
44216
44220
44236
44253
44268
44271
44271
44273
44303
44313
44315
44323
44325
44337
44353
44364
44384
44396
44411
44443
44448
44453
44457
44458
44461
44470
44475
44494
44495
44497
44544
44575
44576
44585
44599
44619
44622
44626
44631
44646
44657
44664
44679
44680
44681
44719
44740
44751
44756
44765
44769
44773
44788
44796
44808
44837
44843
44844
44847
44853
44868
44873
44877
44879
44882
44917
44938
44943
44952
44955
44957
44965
44987
45010
45015
45032
45032
45054
45083
45085
45119
45125
45148
45162
45162
45163
45166
45208
45223
45245
45253
45270
45277
45281
45283
45292
45309
45313
45325
45325
45338
45351
45353
45353
45355
45370
45393
45399
45443
45456
45460
45464
45481
45490
45500
45505
45525
45526
45556
45559
45564
45569
45572
45577
45581
45587
45609
45609
45618
45623
45630
45631
45641
45659
45668
45676
45685
45695
45701
45704
45730
45740
45746
45747
45757
45759
45766
45779
45789
45816
45822
45839
45839
45851
45857
45866
45870
45871
45876
45876
45881
45881
45894
45910
45911
45922
45925
45927
45928
45940
45951
45953
45983
45989
45990
45996
46005
46010
46011
46018
46026
46056
46068
46084
46142
46151
46151
46152
46155
46156
46156
46170
46177
46186
46186
46190
46193
46194
46197
46209
46211
46218
46235
46246
46249
46250
46268
46273
46280
46286
46296
46305
46309
46313
46326
46326
46328
46341
46351
46353
46357
46368
46402
46402
46411
46412
46417
46426
46446
46454
46466
46467
46502
46510
46526
46538
46547
46551
46557
46561
46580
46582
46600
46622
46630
46636
46646
46649
46652
46655
46674
46694
46701
46724
46725
46730
46731
46731
46738
46746
46758
46758
46772
46772
46804
46804
46818
46820
46833
46847
46854
46865
46870
46873
46883
46884
46887
46887
46888
46895
46900
46925
46932
46933
46943
46952
46961
46974
46986
46993
46993
47001
47011
47011
47014
47029
47030
47038
47039
47042
47059
47061
47071
47074
47106
47106
47115
47135
47137
47171
47173
47177
47183
47187
47191
47194
47196
47197
47201
47211
47218
47221
47222
47230
47236
47237
47244
47246
47251
47276
47322
47324
47329
47344
47347
47363
47364
47372
47388
47422
47430
47435
47437
47443
47457
47460
47467
47473
47480
47490
47490
47499
47499
47507
47521
47526
47533
47542
47546
47548
47553
47564
47580
47581
47589
47612
47620
47621
47622
47625
47629
47635
47636
47642
47653
47669
47697
47701
47710
47713
47735
47739
47743
47746
47754
47767
47769
47770
47797
47826
47839
47869
47871
47876
47888
47894
47900
47918
47924
47927
47935
47935
47947
47955
47959
47972
47973
47990
47992
47992
48001
48024
48038
48044
48044
48046
48057
48061
48079
48099
48114
48117
48118
48132
48169
48172
48176
48176
48209
48216
48238
48243
48250
48252
48294
48310
48336
48338
48338
48339
48339
48344
48358
48393
48398
48403
48438
48439
48455
48464
48469
48478
48482
48488
48493
48508
48520
48525
48531
48556
48565
48568
48568
48586
48592
48608
48614
48618
48633
48636
48640
48654
48662
48665
48670
48679
48708
48736
48751
48767
48782
48782
48798
48799
48816
48838
48851
48877
48896
48897
48908
48914
48920
48930
48931
48964
48964
48967
48967
48973
48992
48998
49005
49007
49013
49029
49050
49055
49089
49094
49097
49098
49111
49126
49141
49161
49168
49180
49211
49245
49247
49248
49275
49278
49288
49305
49312
49324
49333
49350
49359
49368
49370
49383
49384
49390
49394
49397
49423
49432
49435
49442
49442
49483
49488
49502
49515
49528
49529
49529
49530
49567
49570
49574
49580
49580
49585
49596
49603
49629
49636
49646
49648
49676
49680
49685
49687
49703
49731
49755
49762
49762
49766
49768
49779
49780
49791
49792
49805
49821
49830
49856
49869
49884
49896
49907
49914
49930
49942
49947
49952
49965
49996
50026
50027
50039
50070
50072
50080
50087
50090
50100
50103
50111
50113
50116
50119
50129
50133
50154
50167
50173
50173
50176
50189
50196
50212
50215
50223
50226
50236
50277
50289
50303
50309
50312
50325
50333
50355
50368
50371
50373
50385
50394
50402
50402
50412
50424
50425
50430
50442
50470
50474
50474
50475
50493
50496
50504
50508
50515
50523
50534
50553
50556
50567
50573
50575
50588
50588
50617
50628
50645
50646
50647
50675
50692
50692
50705
50728
50730
50746
50750
50751
50779
50781
50786
50800
50801
50816
50827
50836
50840
50856
50857
50859
50859
50865
50868
50880
50880
50888
50890
50897
50902
50926
50942
50961
50964
50965
50966
50971
50977
50996
51001
51011
51037
51057
51068
51076
51076
51078
51080
51080
51085
51086
51089
51091
51093
51104
51113
51114
51118
51121
51121
51141
51161
51162
51169
51177
51180
51191
51195
51198
51201
51204
51207
51207
51208
51218
51226
51239
51244
51259
51266
51279
51280
51283
51283
51311
51321
51323
51326
51327
51332
51345
51348
51349
51351
51353
51356
51365
51368
51370
51372
51380
51380
51400
51405
51413
51428
51433
51442
51463
51468
51473
51488
51525
51530
51553
51562
51573
51601
51648
51649
51657
51657
51662
51662
51707
51721
51734
51763
51766
51774
51784
51796
51807
51813
51816
51833
51856
51860
51865
51874
51899
51910
51919
51925
51927
51928
51964
51978
51985
51998
52002
52004
52007
52015
52021
52042
52047
52063
52066
52091
52099
52104
52118
52127
52143
52152
52172
52177
52196
52198
52209
52214
52216
52220
52221
52231
52242
52254
52257
52258
52258
52262
52272
52282
52283
52307
52341
52349
52363
52372
52375
52411
52415
52436
52446
52456
52457
52459
52471
52473
52476
52482
52506
52525
52527
52543
52547
52570
52583
52595
52597
52649
52652
52666
52671
52681
52691
52719
52726
52764
52778
52786
52802
52821
52824
52826
52839
52851
52874
52877
52881
52950
52976
52976
52992
52997
52997
53003
53022
53029
53048
53052
53055
53066
53067
53091
53111
53114
53132
53134
53137
53140
53157
53161
53178
53188
53213
53215
53217
53218
53243
53245
53248
53262
53265
53281
53285
53287
53287
53289
53311
53327
53336
53353
53358
53360
53364
53403
53406
53411
53415
53461
53461
53462
53469
53476
53477
53494
53495
53505
53534
53539
53543
53557
53562
53569
53575
53579
53588
53590
53590
53598
53603
53618
53633
53647
53653
53653
53654
53667
53676
53684
53688
53710
53718
53742
53744
53759
53760
53760
53761
53766
53773
53786
53788
53795
53807
53811
53818
53826
53828
53846
53851
53853
53860
53880
53884
53886
53894
53928
53934
53938
53947
53950
53985
53992
54001
54004
54018
54036
54038
54064
54073
54075
54122
54125
54130
54133
54153
54173
54175
54227
54232
54233
54265
54278
54282
54283
54292
54306
54312
54340
54340
54343
54353
54354
54358
54359
54364
54371
54389
54390
54392
54397
54408
54414
54421
54423
54430
54431
54433
54434
54439
54446
54474
54475
54496
54507
54515
54573
54586
54594
54604
54610
54633
54644
54653
54654
54661
54730
54737
54739
54762
54766
54770
54826
54858
54859
54876
54880
54887
54889
54891
54896
54916
54934
54934
54937
54941
54950
54958
54963
54965
55004
55006
55016
55019
55025
55038
55058
55080
55090
55093
55099
55099
55100
55101
55137
55151
55161
55174
55175
55183
55193
55194
55208
55210
55220
55224
55227
55227
55232
55251
55257
55264
55270
55278
55296
55302
55305
55307
55314
55317
55329
55367
55367
55393
55395
55423
55424
55429
55437
55462
55465
55469
55477
55486
55486
55491
55503
55509
55515
55521
55531
55549
55566
55567
55580
55583
55586
55588
55608
55622
55626
55636
55639
55648
55652
55652
55655
55656
55667
55687
55698
55718
55723
55767
55775
55786
55789
55798
55818
55860
55869
55874
55883
55888
55891
55895
55932
55945
55951
55974
55986
55987
55989
55989
56004
56007
56020
56032
56042
56054
56059
56060
56070
56071
56076
56100
56110
56110
56122
56123
56132
56158
56188
56195
56202
56211
56217
56218
56219
56236
56237
56241
56241
56244
56246
56247
56250
56251
56279
56287
56289
56296
56302
56315
56319
56326
56328
56331
56342
56368
56380
56381
56398
56410
56414
56415
56418
56434
56439
56447
56468
56474
56480
56488
56489
56527
56529
56541
56553
56556
56560
56583
56619
56619
56632
56662
56663
56666
56669
56690
56715
56722
56729
56730
56733
56756
56760
56770
56781
56781
56797
56813
56815
56849
56885
56890
56918
56956
56964
56979
56980
56995
56998
57018
57023
57028
57035
57035
57049
57053
57061
57062
57068
57076
57090
57106
57126
57127
57155
57181
57184
57216
57219
57221
57231
57236
57238
57270
57272
57273
57290
57292
57297
57324
57336
57338
57345
57346
57348
57375
57381
57382
57392
57393
57397
57410
57412
57426
57427
57432
57469
57491
57494
57515
57525
57534
57555
57558
57571
57584
57600
57611
57641
57651
57660
57661
57703
57705
57708
57709
57710
57716
57721
57723
57729
57730
57732
57735
57742
57757
57759
57797
57815
57821
57829
57835
57840
57852
57859
57862
57868
57874
57875
57876
57889
57895
57897
57907
57932
57938
57949
57972
57977
57981
57983
57985
57987
58002
58007
58018
58019
58029
58041
58047
58050
58052
58089
58098
58098
58100
58103
58104
58104
58116
58117
58133
58133
58165
58171
58175
58184
58190
58206
58209
58231
58264
58269
58292
58300
58323
58323
58364
58367
58399
58401
58416
58422
58426
58431
58434
58444
58451
58478
58481
58485
58489
58493
58508
58526
58546
58550
58551
58555
58572
58573
58573
58585
58596
58609
58643
58653
58662
58668
58693
58719
58737
58744
58765
58765
58768
58813
58818
58878
58881
58884
58891
58907
58917
58926
58933
58935
58943
58961
58965
58967
58979
58999
59001
59035
59035
59041
59084
59088
59090
59092
59099
59102
59108
59109
59112
59163
59173
59176
59182
59184
59186
59187
59216
59219
59236
59242
59245
59265
59265
59269
59291
59293
59293
59295
59300
59302
59304
59314
59314
59335
59350
59351
59352
59358
59360
59373
59376
59383
59384
59390
59393
59401
59411
59413
59420
59429
59433
59438
59439
59447
59452
59455
59463
59497
59513
59514
59514
59534
59536
59556
59566
59579
59598
59604
59609
59614
59639
59640
59640
59671
59690
59700
59705
59730
59737
59738
59767
59794
59809
59813
59831
59847
59848
59852
59857
59869
59875
59918
59945
59955
59988
59995
59996
60013
60014
60026
60026
60032
60057
60070
60074
60082
60090
60101
60135
60164
60166
60168
60170
60208
60211
60227
60230
60232
60236
60242
60246
60276
60288
60289
60292
60294
60294
60306
60306
60331
60338
60339
60359
60376
60404
60416
60420
60429
60437
60446
60454
60465
60469
60482
60488
60492
60493
60530
60535
60567
60568
60617
60630
60652
60682
60684
60692
60694
60698
60715
60716
60727
60728
60743
60745
60755
60757
60758
60763
60775
60780
60786
60799
60818
60828
60841
60850
60851
60859
60861
60864
60894
60913
60914
60916
60920
60927
60934
60951
60954
60969
60979
61010
61012
61020
61033
61041
61045
61068
61073
61103
61104
61111
61124
61135
61139
61148
61153
61159
61160
61161
61170
61187
61187
61201
61206
61219
61223
61239
61248
61254
61266
61277
61293
61293
61308
61364
61367
61370
61373
61387
61416
61433
61438
61439
61448
61448
61463
61468
61472
61483
61490
61501
61504
61509
61514
61529
61530
61559
61561
61589
61591
61600
61625
61626
61631
61639
61643
61647
61647
61652
61681
61684
61686
61687
61717
61724
61726
61738
61742
61745
61747
61770
61771
61783
61788
61800
61834
61836
61869
61877
61894
61922
61924
61927
61940
61956
61961
61980
61983
61988
62019
62038
62041
62051
62053
62056
62097
62099
62115
62122
62127
62130
62132
62137
62145
62153
62198
62207
62210
62218
62221
62233
62236
62247
62254
62260
62294
62323
62342
62349
62349
62355
62356
62364
62381
62411
62432
62443
62462
62462
62471
62481
62481
62512
62520
62532
62563
62569
62591
62608
62617
62617
62625
62631
62636
62657
62660
62662
62669
62682
62697
62707
62707
62730
62731
62756
62818
62843
62849
62851
62871
62872
62874
62889
62890
62898
62899
62905
62905
62907
62934
62937
62938
62941
62979
62982
62992
62993
63012
63013
63019
63021
63049
63050
63054
63055
63055
63075
63123
63128
63132
63132
63159
63178
63187
63200
63200
63207
63213
63220
63235
63235
63243
63263
63268
63277
63278
63279
63282
63287
63291
63296
63296
63319
63326
63341
63352
63359
63382
63385
63386
63386
63393
63408
63417
63418
63424
63429
63433
63447
63459
63464
63469
63473
63498
63501
63522
63533
63541
63545
63557
63560
63567
63567
63578
63591
63612
63613
63626
63663
63665
63677
63684
63694
63694
63706
63711
63732
63733
63734
63748
63775
63787
63807
63808
63808
63818
63819
63822
63832
63838
63839
63849
63850
63865
63887
63911
63921
63946
63955
63956
63974
63982
64046
64056
64057
64058
64066
64066
64069
64088
64091
64117
64143
64162
64175
64176
64199
64203
64208
64218
64242
64243
64256
64260
64288
64300
64308
64324
64338
64342
64367
64369
64369
64379
64384
64384
64385
64393
64393
64399
64406
64416
64429
64448
64450
64452
64455
64458
64466
64485
64499
64516
64522
64545
64547
64548
64553
64565
64579
64607
64615
64621
64623
64640
64646
64651
64682
64688
64708
64723
64745
64753
64776
64789
64795
64801
64807
64835
64838
64842
64847
64880
64898
64899
64909
64918
64921
64934
64941
64945
64946
64952
64955
64966
64967
64967
64967
64973
64975
64999
65005
65023
65033
65041
65048
65057
65073
65074
65079
65096
65102
65109
65111
65113
65123
65125
65133
65133
65133
65135
65140
65145
65153
65164
65164
65165
65181
65207
65207
65208
65230
65246
65254
65284
65285
65294
65319
65335
65344
65345
65356
65361
65365
65393
65394
65397
65400
65456
65458
65459
65465
65476
65527
65528
65548
65571
65594
65596
65596
65611
65620
65661
65685
65750
65756
65766
65773
65773
65774
65775
65776
65778
65796
65798
65809
65813
65858
65863
65864
65866
65872
65872
65920
65929
65935
65944
65954
65958
65961
65963
65964
65981
65987
65990
66002
66013
66026
66041
66041
66063
66068
66075
66080
66080
66085
66090
66104
66105
66107
66123
66145
66147
66148
66154
66157
66160
66161
66172
66197
66207
66217
66222
66240
66260
66281
66283
66308
66309
66329
66330
66355
66358
66382
66406
66433
66456
66456
66475
66487
66499
66500
66520
66521
66551
66554
66556
66561
66583
66592
66592
66595
66609
66610
66623
66644
66659
66667
66670
66674
66688
66699
66714
66737
66743
66744
66750
66770
66774
66812
66818
66826
66839
66850
66858
66875
66877
66878
66896
66898
66903
66913
66941
66947
66949
66953
66958
66962
66971
66978
66987
66994
66995
67001
67008
67009
67013
67031
67038
67042
67046
67047
67048
67054
67070
67078
67089
67106
67111
67118
67118
67130
67132
67154
67158
67166
67199
67201
67203
67203
67215
67221
67232
67241
67245
67252
67258
67264
67271
67287
67291
67309
67319
67321
67329
67346
67359
67362
67363
67364
67367
67370
67405
67410
67412
67418
67451
67453
67478
67491
67496
67498
67501
67504
67511
67516
67525
67531
67549
67555
67567
67576
67579
67580
67598
67609
67614
67630
67631
67652
67654
67670
67672
67677
67681
67683
67694
67714
67738
67739
67743
67744
67749
67749
67756
67767
67769
67775
67776
67777
67781
67783
67789
67804
67805
67849
67870
67913
67925
67941
67942
67956
67963
67965
67977
67977
67979
67990
67998
68003
68016
68031
68037
68039
68060
68090
68092
68141
68142
68178
68202
68212
68220
68229
68232
68234
68239
68241
68245
68260
68302
68320
68330
68331
68366
68383
68411
68424
68435
68446
68459
68468
68469
68470
68474
68508
68510
68512
68535
68543
68546
68556
68556
68583
68591
68594
68601
68612
68616
68621
68630
68631
68676
68682
68685
68713
68724
68746
68769
68790
68813
68819
68838
68845
68853
68859
68864
68869
68874
68876
68893
68919
68945
68946
68948
68965
68977
68981
68984
68989
68997
69010
69025
69032
69067
69079
69082
69103
69104
69121
69122
69129
69141
69152
69166
69166
69170
69171
69179
69180
69180
69182
69191
69200
69214
69217
69239
69274
69276
69280
69290
69290
69297
69317
69317
69317
69321
69327
69327
69328
69330
69341
69342
69370
69372
69379
69391
69394
69411
69435
69437
69451
69472
69478
69479
69492
69498
69501
69526
69533
69537
69543
69554
69604
69606
69619
69627
69635
69636
69656
69670
69676
69684
69694
69717
69726
69728
69731
69745
69753
69766
69770
69775
69787
69794
69824
69849
69851
69871
69888
69906
69950
69951
69952
69968
69976
69980
69982
69986
69986
69990
70002
70009
70018
70023
70024
70068
70079
70091
70091
70119
70135
70152
70157
70157
70171
70171
70183
70183
70203
70224
70226
70232
70236
70239
70253
70255
70259
70264
70280
70281
70281
70282
70287
70304
70326
70341
70365
70379
70385
70400
70409
70412
70441
70454
70459
70469
70469
70472
70479
70495
70495
70497
70501
70526
70532
70545
70576
70597
70608
70630
70639
70656
70656
70663
70668
70682
70683
70696
70703
70727
70737
70738
70740
70745
70747
70761
70778
70780
70802
70821
70824
70825
70827
70847
70857
70861
70876
70876
70880
70884
70898
70904
70928
70930
70940
70950
70959
70959
70970
70997
70999
71003
71062
71085
71131
71134
71136
71151
71162
71170
71174
71180
71195
71229
71229
71273
71280
71282
71301
71338
71352
71364
71365
71368
71372
71383
71385
71386
71406
71410
71413
71422
71425
71441
71441
71442
71447
71486
71498
71499
71510
71552
71558
71577
71596
71607
71621
71638
71653
71679
71683
71690
71707
71715
71724
71726
71749
71761
71780
71813
71814
71818
71825
71859
71859
71877
71881
71888
71898
71902
71917
71927
71947
71975
71978
71984
71988
71993
71994
71994
72004
72022
72024
72026
72034
72050
72057
72078
72090
72094
72100
72125
72128
72128
72131
72141
72145
72155
72157
72170
72183
72187
72204
72212
72215
72220
72220
72233
72239
72247
72248
72254
72254
72276
72284
72286
72287
72299
72304
72304
72316
72317
72322
72331
72338
72352
72352
72363
72366
72376
72381
72385
72394
72405
72407
72408
72444
72449
72460
72477
72490
72492
72492
72506
72511
72516
72518
72519
72530
72552
72557
72589
72600
72606
72607
72609
72609
72628
72628
72633
72647
72649
72653
72663
72688
72695
72699
72703
72731
72759
72765
72768
72772
72780
72800
72802
72811
72815
72835
72837
72838
72846
72848
72869
72875
72888
72907
72933
72961
72965
72980
72980
72980
72981
72989
73029
73058
73098
73114
73136
73143
73158
73159
73177
73183
73198
73199
73212
73213
73215
73230
73232
73247
73253
73255
73280
73288
73300
73311
73333
73336
73337
73340
73375
73383
73403
73412
73415
73424
73424
73428
73429
73433
73453
73458
73462
73464
73469
73473
73473
73475
73477
73505
73510
73547
73549
73551
73554
73565
73567
73579
73583
73591
73595
73624
73654
73671
73693
73727
73744
73746
73755
73762
73777
73778
73839
73842
73849
73864
73871
73904
73921
73948
73962
73962
73964
73977
73989
73992
74008
74016
74027
74058
74091
74100
74101
74107
74129
74139
74143
74160
74187
74204
74208
74222
74239
74242
74248
74250
74257
74263
74263
74272
74278
74279
74312
74324
74331
74333
74358
74359
74361
74361
74365
74370
74373
74386
74401
74404
74407
74409
74410
74427
74441
74446
74477
74494
74513
74523
74535
74545
74557
74564
74582
74595
74614
74621
74630
74634
74654
74659
74662
74664
74675
74683
74684
74696
74697
74706
74707
74716
74731
74743
74756
74757
74765
74775
74795
74826
74829
74843
74851
74886
74887
74893
74894
74900
74908
74919
74928
74930
74931
74952
74953
74953
74956
74964
74989
75060
75074
75087
75103
75113
75118
75141
75147
75149
75155
75187
75190
75209
75209
75217
75217
75245
75281
75290
75296
75300
75302
75318
75326
75329
75359
75364
75369
75372
75377
75378
75387
75389
75409
75411
75419
75421
75429
75454
75454
75459
75506
75533
75540
75548
75570
75574
75601
75602
75618
75625
75628
75648
75654
75662
75664
75678
75683
75690
75715
75716
75731
75774
75778
75782
75799
75806
75820
75831
75834
75834
75853
75865
75874
75876
75901
75907
75914
75917
75929
75947
75958
75989
75992
75999
76006
76012
76017
76021
76038
76050
76056
76065
76100
76136
76139
76139
76155
76164
76165
76171
76198
76201
76214
76217
76220
76250
76253
76264
76275
76283
76318
76339
76369
76370
76373
76380
76381
76391
76393
76396
76397
76402
76403
76408
76418
76422
76452
76459
76463
76466
76471
76474
76475
76475
76491
76499
76507
76511
76511
76517
76517
76521
76524
76534
76545
76550
76560
76577
76591
76632
76640
76660
76687
76693
76693
76715
76719
76720
76746
76779
76794
76819
76831
76847
76862
76863
76866
76869
76870
76872
76873
76874
76883
76905
76929
76931
76935
76952
76962
76977
76990
76991
76994
76999
77005
77009
77021
77022
77034
77043
77065
77066
77069
77072
77085
77103
77105
77108
77111
77121
77121
77141
77154
77157
77158
77160
77169
77182
77182
77197
77205
77217
77231
77235
77258
77269
77273
77293
77301
77304
77313
77337
77339
77340
77350
77357
77358
77374
77383
77425
77435
77448
77483
77494
77516
77523
77552
77592
77593
77614
77618
77620
77674
77685
77691
77706
77739
77739
77751
77758
77762
77786
77797
77816
77817
77830
77847
77852
77863
77867
77874
77876
77877
77880
77888
77925
77956
77967
77991
78003
78006
78007
78007
78017
78020
78020
78022
78040
78049
78060
78076
78086
78103
78113
78148
78160
78170
78178
78190
78191
78197
78230
78233
78240
78244
78254
78284
78285
78287
78288
78297
78303
78310
78351
78351
78370
78380
78381
78424
78458
78502
78515
78523
78535
78548
78553
78559
78563
78564
78574
78582
78599
78639
78643
78643
78644
78647
78653
78700
78710
78734
78783
78788
78792
78798
78800
78806
78811
78822
78823
78825
78836
78859
78873
78883
78884
78888
78890
78894
78899
78902
78907
78921
78922
78936
78942
78946
78959
78968
78975
78977
78979
78999
79002
79036
79043
79045
79050
79054
79064
79080
79082
79088
79093
79098
79106
79108
79111
79120
79132
79147
79154
79196
79197
79236
79273
79280
79298
79306
79307
79323
79328
79350
79368
79403
79412
79416
79431
79435
79437
79445
79451
79459
79466
79475
79478
79487
79524
79542
79548
79558
79560
79567
79572
79574
79579
79587
79589
79591
79592
79595
79611
79628
79632
79633
79643
79661
79664
79669
79675
79682
79687
79694
79700
79717
79721
79738
79742
79743
79751
79752
79774
79784
79800
79809
79813
79814
79826
79830
79835
79854
79903
79917
79934
79944
79964
79968
79969
79977
79980
79985
80007
80036
80056
80069
80069
80074
80086
80087
80089
80090
80093
80112
80115
80123
80129
80159
80167
80177
80177
80181
80214
80216
80216
80225
80232
80236
80238
80261
80265
80269
80275
80302
80303
80341
80344
80350
80366
80386
80395
80411
80435
80439
80448
80449
80451
80476
80487
80497
80506
80511
80518
80529
80554
80558
80561
80565
80567
80584
80586
80618
80623
80634
80640
80647
80657
80676
80678
80696
80716
80725
80730
80734
80743
80747
80785
80794
80811
80830
80840
80856
80870
80882
80893
80896
80900
80907
80913
80918
80948
80956
80958
80962
80962
80973
80976
81006
81009
81011
81017
81024
81024
81025
81038
81042
81049
81051
81056
81056
81062
81062
81064
81075
81078
81082
81093
81098
81115
81126
81144
81147
81152
81154
81165
81165
81179
81194
81213
81221
81230
81238
81243
81257
81257
81261
81284
81309
81311
81313
81314
81328
81343
81348
81351
81358
81386
81395
81410
81414
81429
81430
81433
81436
81441
81448
81452
81464
81478
81479
81485
81488
81507
81522
81523
81524
81542
81559
81559
81559
81567
81568
81601
81601
81609
81616
81624
81631
81642
81648
81655
81659
81715
81724
81752
81756
81759
81760
81778
81779
81779
81788
81794
81799
81823
81845
81852
81866
81874
81886
81900
81903
81913
81934
81943
81943
81947
81952
81965
81973
81985
81999
82002
82014
82020
82027
82034
82035
82051
82060
82061
82061
82069
82090
82107
82125
82128
82131
82152
82167
82174
82186
82191
82194
82206
82213
82223
82228
82249
82257
82271
82271
82291
82292
82304
82317
82318
82324
82381
82401
82402
82403
82403
82411
82412
82428
82431
82440
82468
82472
82480
82481
82485
82505
82509
82520
82522
82526
82541
82602
82603
82606
82608
82614
82618
82627
82629
82641
82654
82674
82719
82721
82726
82732
82746
82791
82831
82866
82874
82875
82878
82885
82916
82922
82929
82940
82963
82970
82995
82996
82998
83011
83017
83039
83045
83068
83078
83080
83083
83090
83094
83097
83100
83103
83104
83121
83124
83133
83199
83205
83209
83213
83222
83237
83238
83253
83257
83258
83283
83283
83287
83296
83303
83311
83311
83312
83314
83319
83335
83347
83348
83352
83352
83355
83368
83381
83391
83392
83396
83403
83406
83411
83421
83426
83434
83436
83455
83480
83485
83506
83507
83511
83512
83516
83518
83534
83539
83546
83553
83553
83558
83562
83562
83576
83593
83595
83611
83616
83623
83625
83635
83635
83636
83637
83642
83646
83656
83657
83666
83667
83689
83702
83707
83736
83738
83743
83757
83765
83777
83781
83788
83798
83803
83804
83806
83872
83875
83889
83894
83895
83898
83903
83914
83924
83945
83949
83953
83979
83981
83991
83996
84000
84008
84015
84021
84037
84049
84052
84067
84075
84078
84082
84088
84093
84113
84136
84144
84147
84147
84157
84164
84168
84185
84185
84196
84197
84205
84206
84212
84220
84266
84272
84272
84276
84282
84288
84308
84331
84341
84348
84351
84359
84359
84367
84384
84400
84410
84417
84422
84424
84443
84444
84457
84496
84500
84502
84507
84516
84530
84535
84558
84563
84563
84566
84574
84577
84579
84585
84589
84606
84629
84639
84652
84661
84666
84667
84677
84680
84684
84689
84695
84696
84697
84700
84702
84710
84723
84730
84733
84755
84759
84772
84773
84785
84809
84818
84821
84829
84831
84833
84834
84842
84846
84851
84859
84860
84866
84874
84890
84892
84903
84913
84913
84917
84926
84928
84931
84949
84955
84966
84975
84987
84993
84997
84998
85001
85008
85018
85037
85053
85057
85062
85068
85071
85071
85097
85101
85111
85122
85123
85146
85154
85164
85175
85179
85180
85199
85209
85219
85220
85274
85281
85283
85296
85310
85324
85344
85362
85364
85367
85373
85398
85410
85427
85459
85460
85464
85471
85475
85475
85486
85487
85508
85513
85522
85547
85549
85558
85574
85581
85606
85608
85611
85646
85648
85648
85648
85654
85680
85684
85684
85691
85726
85726
85742
85743
85750
85753
85760
85760
85769
85770
85770
85772
85774
85785
85799
85808
85816
85822
85831
85856
85857
85869
85873
85920
85922
85925
85925
85926
85930
85935
85940
85941
85944
85972
85996
86002
86011
86032
86052
86054
86061
86080
86086
86095
86096
86105
86127
86143
86159
86174
86186
86193
86196
86200
86201
86228
86232
86246
86265
86268
86273
86289
86292
86295
86301
86307
86310
86318
86318
86332
86340
86344
86355
86365
86396
86407
86426
86444
86461
86464
86473
86478
86482
86490
86496
86508
86509
86547
86553
86554
86556
86563
86565
86572
86574
86578
86581
86611
86611
86613
86615
86618
86625
86631
86639
86650
86665
86666
86670
86680
86702
86711
86777
86792
86795
86801
86845
86862
86862
86869
86878
86900
86908
86913
86934
86952
86968
86971
86972
86979
87005
87007
87008
87019
87024
87042
87047
87055
87075
87106
87125
87145
87153
87157
87161
87164
87165
87180
87181
87184
87190
87203
87204
87212
87225
87235
87240
87241
87241
87247
87254
87258
87272
87275
87276
87289
87292
87311
87311
87326
87350
87350
87357
87372
87375
87376
87383
87386
87398
87399
87405
87447
87451
87454
87457
87461
87481
87482
87495
87518
87533
87545
87550
87552
87574
87575
87588
87609
87618
87638
87643
87648
87653
87654
87664
87664
87666
87681
87697
87699
87701
87705
87707
87708
87723
87723
87740
87745
87749
87773
87777
87786
87811
87812
87849
87865
87905
87910
87943
87952
87954
87964
87970
87998
88004
88006
88012
88016
88033
88033
88034
88046
88049
88057
88081
88104
88104
88119
88120
88123
88141
88149
88164
88183
88189
88198
88204
88207
88223
88235
88243
88248
88257
88260
88282
88295
88311
88331
88334
88337
88344
88349
88382
88383
88414
88416
88425
88425
88430
88437
88437
88450
88487
88488
88503
88508
88510
88517
88518
88528
88529
88598
88605
88610
88611
88617
88632
88650
88653
88680
88698
88719
88734
88739
88751
88751
88752
88763
88771
88772
88779
88816
88823
88825
88849
88861
88868
88873
88891
88898
88914
88915
88965
88979
88989
89000
89003
89007
89008
89009
89022
89037
89039
89046
89060
89072
89099
89101
89102
89121
89126
89141
89144
89146
89158
89169
89175
89175
89183
89184
89191
89192
89194
89199
89210
89212
89212
89212
89231
89237
89238
89254
89255
89264
89270
89275
89278
89283
89289
89294
89306
89308
89312
89322
89322
89342
89358
89368
89390
89395
89401
89423
89436
89487
89495
89516
89524
89555
89569
89588
89605
89613
89620
89624
89624
89634
89635
89636
89637
89646
89652
89652
89658
89665
89694
89702
89705
89708
89710
89711
89715
89717
89724
89729
89732
89736
89752
89780
89785
89790
89802
89821
89841
89844
89849
89888
89898
89898
89927
89935
89940
89943
89957
89975
90002
90003
90008
90018
90023
90024
90030
90033
90050
90051
90053
90057
90084
90084
90084
90085
90088
90088
90096
90100
90101
90109
90120
90124
90132
90167
90191
90192
90201
90214
90224
90266
90284
90288
90289
90305
90322
90335
90353
90364
90368
90381
90389
90393
90406
90409
90438
90440
90462
90480
90480
90490
90496
90511
90512
90528
90537
90539
90563
90578
90582
90583
90586
90587
90587
90591
90617
90625
90628
90652
90658
90671
90679
90693
90716
90729
90732
90736
90761
90765
90778
90779
90794
90801
90816
90829
90831
90836
90847
90855
90861
90879
90888
90891
90918
90919
90925
90929
90931
90942
90954
90959
90971
90984
91000
91020
91024
91027
91032
91038
91046
91050
91051
91061
91063
91068
91069
91090
91096
91096
91097
91109
91130
91167
91177
91184
91185
91187
91193
91217
91221
91229
91229
91231
91233
91234
91245
91252
91269
91275
91284
91290
91303
91303
91305
91317
91327
91329
91331
91343
91357
91358
91365
91369
91370
91372
91375
91407
91434
91448
91455
91477
91477
91495
91500
91505
91518
91522
91523
91527
91551
91566
91574
91583
91591
91596
91599
91637
91643
91655
91656
91661
91662
91681
91688
91691
91691
91699
91718
91728
91734
91740
91752
91758
91764
91793
91823
91828
91842
91863
91871
91890
91908
91935
91947
91959
91963
91968
91974
91977
91982
91988
92002
92004
92039
92041
92068
92080
92086
92088
92099
92115
92146
92160
92181
92214
92245
92250
92258
92271
92272
92277
92293
92303
92311
92317
92317
92327
92337
92340
92347
92364
92375
92375
92382
92392
92418
92456
92462
92477
92487
92488
92493
92507
92533
92534
92539
92551
92558
92562
92576
92582
92602
92613
92613
92616
92624
92632
92642
92657
92674
92676
92681
92683
92683
92727
92744
92746
92770
92795
92799
92801
92811
92825
92827
92845
92862
92865
92868
92875
92876
92896
92917
92920
92922
92926
92930
92933
92934
92935
92942
92981
92984
92987
92990
92997
93000
93003
93039
93049
93064
93078
93082
93093
93095
93132
93158
93167
93179
93202
93203
93206
93218
93239
93240
93242
93242
93256
93263
93266
93271
93274
93275
93279
93285
93293
93295
93300
93311
93317
93330
93336
93352
93367
93369
93378
93395
93436
93443
93444
93450
93462
93469
93475
93488
93513
93555
93559
93574
93578
93585
93587
93587
93591
93599
93611
93625
93635
93644
93659
93661
93683
93693
93706
93708
93732
93751
93767
93773
93778
93788
93792
93797
93799
93803
93812
93814
93817
93832
93837
93853
93887
93890
93911
93914
93915
93926
93936
93950
93973
93975
93978
93978
93984
94005
94007
94010
94015
94018
94021
94029
94035
94055
94063
94073
94077
94105
94135
94140
94169
94207
94213
94214
94228
94232
94251
94251
94269
94281
94281
94284
94319
94320
94326
94335
94336
94358
94360
94377
94380
94382
94400
94414
94422
94423
94428
94437
94438
94451
94451
94453
94461
94461
94471
94493
94495
94501
94505
94510
94530
94530
94543
94545
94548
94579
94591
94595
94600
94605
94611
94620
94635
94638
94639
94660
94665
94672
94685
94705
94706
94726
94727
94742
94745
94746
94766
94778
94804
94811
94821
94823
94845
94876
94899
94917
94923
94929
94935
94937
94939
94943
94948
94963
94993
94994
95001
95007
95014
95027
95036
95041
95060
95066
95081
95097
95099
95101
95102
95117
95124
95125
95132
95136
95138
95151
95156
95173
95182
95184
95188
95218
95222
95246
95252
95268
95276
95284
95290
95293
95293
95303
95308
95311
95316
95346
95355
95359
95362
95371
95372
95374
95377
95378
95381
95382
95390
95406
95411
95412
95426
95429
95455
95457
95460
95465
95472
95480
95528
95543
95546
95555
95568
95570
95573
95582
95595
95601
95608
95621
95630
95631
95637
95638
95640
95650
95660
95679
95686
95698
95701
95704
95718
95719
95723
95732
95767
95768
95772
95790
95790
95797
95801
95802
95811
95827
95844
95844
95874
95888
95891
95894
95908
95947
95951
95957
95966
95978
95991
95994
96001
96010
96019
96037
96037
96038
96063
96065
96073
96086
96087
96112
96131
96141
96148
96169
96172
96191
96204
96205
96208
96217
96222
96226
96251
96274
96277
96283
96294
96300
96322
96325
96329
96334
96345
96348
96349
96368
96379
96384
96411
96420
96425
96457
96462
96492
96502
96514
96517
96532
96534
96536
96585
96629
96629
96638
96639
96653
96660
96671
96671
96673
96693
96696
96719
96725
96725
96727
96733
96746
96760
96762
96767
96782
96789
96827
96829
96841
96845
96856
96857
96862
96868
96883
96893
96953
96962
96974
96978
96983
96983
96988
97002
97007
97010
97014
97024
97030
97032
97055
97061
97063
97066
97080
97094
97103
97142
97153
97155
97181
97187
97188
97191
97201
97207
97218
97226
97281
97293
97296
97305
97305
97326
97339
97355
97363
97399
97402
97403
97404
97408
97409
97426
97439
97450
97467
97478
97491
97504
97519
97524
97535
97539
97562
97573
97575
97579
97593
97611
97612
97617
97620
97634
97635
97638
97653
97692
97706
97708
97715
97718
97750
97754
97766
97769
97769
97771
97783
97784
97792
97792
97800
97800
97804
97820
97823
97835
97839
97884
97888
97900
97910
97952
97952
97958
97959
97969
97973
97988
97990
97993
98011
98050
98053
98053
98077
98090
98106
98106
98120
98131
98143
98143
98147
98174
98175
98193
98194
98195
98209
98210
98212
98214
98227
98258
98264
98266
98284
98285
98288
98310
98312
98319
98320
98352
98354
98368
98372
98377
98397
98409
98411
98430
98433
98467
98468
98469
98471
98501
98507
98513
98514
98533
98534
98557
98559
98559
98571
98571
98623
98652
98684
98692
98699
98710
98713
98727
98727
98745
98761
98769
98781
98788
98808
98813
98821
98821
98826
98830
98847
98849
98853
98856
98869
98870
98872
98903
98904
98930
98942
98968
98982
98982
98997
98999
99002
99003
99004
99007
99010
99013
99017
99017
99019
99036
99053
99075
99077
99078
99090
99097
99099
99099
99101
99114
99121
99138
99146
99169
99171
99181
99187
99214
99219
99219
99221
99249
99266
99267
99279
99286
99331
99336
99346
99360
99365
99373
99374
99411
99412
99412
99420
99428
99430
99436
99463
99471
99495
99502
99510
99513
99523
99527
99558
99559
99565
99565
99573
99601
99611
99638
99639
99642
99655
99670
99679
99690
99692
99702
99711
99728
99753
99760
99764
99764
99770
99772
99772
99772
99781
99801
99810
99816
99817
99839
99844
99845
99848
99852
99872
99885
99889
99893
99905
99923
99926
99956
99965
99969
99981
99990
