22
25
30
39
45
53
61
65
66
73
89
90
105
117
122
134
136
164
166
170
173
179
188
199
208
217
239
289
290
297
331
363
364
388
443
449
469
474
487
498
506
525
531
531
532
533
536
561
566
591
594
596
606
619
620
628
650
659
664
665
688
692
699
700
706
709
711
722
728
731
752
777
804
810
812
814
816
832
832
838
838
840
874
937
937
949
963
969
981
986
987
993
1001
1002
1002
1010
1013
1044
1048
1053
1057
1064
1067
1101
1113
1125
1127
1136
1138
1140
1144
1163
1172
1202
1206
1227
1232
1243
1249
1250
1257
1270
1270
1272
1275
1276
1280
1286
1290
1293
1297
1301
1302
1308
1324
1332
1332
1334
1368
1383
1399
1441
1465
1466
1480
1490
1508
1519
1526
1534
1534
1543
1547
1557
1563
1571
1582
1595
1617
1622
1628
1628
1635
1635
1638
1671
1678
1682
1685
1693
1725
1737
1752
1754
1775
1777
1780
1789
1796
1801
1803
1809
1812
1825
1860
1864
1867
1884
1914
1932
1950
1959
1959
1968
1977
1977
1977
2018
2019
2029
2029
2035
2072
2091
2091
2124
2141
2141
2148
2149
2154
2157
2160
2164
2199
2202
2208
2211
2216
2241
2255
2261
2266
2284
2290
2301
2307
2313
2323
2332
2333
2337
2352
2371
2374
2384
2385
2390
2397
2399
2402
2415
2416
2416
2418
2420
2422
2434
2446
2491
2507
2521
2522
2525
2527
2536
2555
2572
2575
2582
2605
2631
2634
2642
2674
2682
2706
2720
2732
2739
2740
2747
2755
2776
2788
2803
2820
2822
2827
2833
2836
2862
2863
2868
2872
2877
2910
2919
2923
2926
2929
2929
2939
2948
2958
2964
2972
2995
3044
3054
3055
3069
3088
3097
3097
3103
3106
3107
3108
3123
3143
3192
3204
3231
3233
3256
3260
3261
3284
3287
3311
3315
3323
3325
3331
3341
3362
3366
3369
3373
3375
3380
3385
3398
3409
3433
3454
3478
3481
3486
3509
3521
3531
3544
3548
3551
3556
3568
3587
3594
3594
3602
3618
3629
3645
3660
3661
3668
3690
3695
3698
3698
3720
3727
3740
3742
3775
3777
3779
3780
3783
3806
3813
3816
3820
3884
3889
3908
3923
3943
3947
3951
3952
3975
3989
3998
4003
4012
4016
4023
4028
4031
4031
4058
4063
4065
4069
4072
4093
4096
4116
4121
4124
4127
4141
4143
4149
4161
4168
4172
4176
4181
4197
4198
4218
4229
4243
4250
4280
4281
4302
4310
4313
4319
4339
4355
4366
4367
4369
4373
4382
4392
4395
4399
4402
4431
4440
4441
4450
4468
4479
4485
4488
4499
4511
4518
4526
4533
4545
4546
4555
4564
4580
4585
4590
4595
4604
4622
4624
4667
4670
4676
4696
4702
4719
4726
4732
4763
4763
4781
4789
4794
4799
4829
4831
4878
4893
4912
4913
4941
4947
4956
4957
4977
5007
5029
5031
5038
5044
5080
5099
5148
5154
5158
5181
5181
5183
5188
5219
5233
5246
5269
5287
5290
5294
5301
5302
5324
5333
5347
5366
5371
5378
5389
5410
5427
5453
5455
5470
5483
5498
5500
5504
5536
5538
5541
5543
5626
5634
5640
5647
5656
5667
5675
5679
5681
5682
5683
5683
5684
5700
5710
5716
5721
5752
5754
5761
5775
5781
5793
5793
5794
5795
5798
5799
5801
5806
5819
5821
5825
5831
5846
5857
5883
5883
5885
5886
5887
5894
5896
5897
5899
5925
5949
5952
5985
5989
5994
5995
6005
6012
6025
6027
6030
6035
6068
6089
6108
6117
6122
6122
6131
6140
6151
6181
6188
6193
6193
6195
6214
6219
6222
6245
6245
6257
6278
6283
6288
6329
6329
6329
6340
6358
6381
6404
6414
6431
6447
6453
6455
6464
6471
6494
6514
6557
6576
6578
6579
6621
6628
6632
6639
6642
6654
6661
6665
6691
6693
6711
6716
6721
6725
6730
6732
6742
6752
6760
6764
6771
6792
6802
6814
6828
6829
6829
6836
6846
6856
6856
6857
6871
6880
6893
6920
6956
6963
6965
6975
6980
6990
6995
7010
7024
7042
7047
7081
7100
7107
7109
7109
7126
7179
7180
7187
7189
7193
7193
7201
7204
7218
7229
7236
7247
7252
7273
7274
7280
7286
7297
7298
7308
7310
7313
7315
7316
7328
7333
7338
7343
7386
7400
7411
7422
7425
7448
7451
7462
7467
7469
7487
7488
7504
7509
7527
7529
7530
7544
7544
7563
7569
7576
7594
7611
7617
7631
7632
7642
7645
7647
7674
7696
7696
7699
7704
7706
7711
7720
7727
7730
7759
7762
7763
7778
7782
7795
7800
7820
7824
7850
7863
7870
7880
7890
7903
7903
7922
7938
7952
7972
7973
7974
7976
7979
7990
8007
8021
8031
8034
8042
8047
8076
8083
8091
8098
8104
8107
8112
8120
8122
8123
8135
8135
8140
8145
8148
8149
8157
8173
8187
8201
8206
8206
8211
8214
8218
8220
8225
8242
8256
8257
8263
8263
8268
8278
8282
8321
8344
8345
8352
8368
8368
8369
8385
8398
8419
8420
8421
8433
8443
8444
8452
8474
8474
8475
8492
8512
8523
8524
8526
8527
8537
8579
8614
8616
8619
8637
8642
8643
8651
8661
8669
8687
8708
8711
8720
8720
8722
8729
8735
8737
8740
8751
8754
8759
8790
8828
8869
8874
8888
8889
8919
8922
8926
8931
8939
8944
8981
8998
9003
9003
9029
9039
9040
9045
9045
9063
9069
9074
9075
9079
9081
9083
9084
9089
9110
9159
9165
9184
9185
9196
9208
9212
9213
9232
9235
9257
9283
9295
9305
9305
9308
9310
9320
9336
9337
9355
9369
9373
9392
9392
9403
9410
9418
9424
9431
9435
9441
9464
9465
9470
9493
9501
9504
9511
9530
9533
9538
9539
9549
9557
9559
9567
9571
9574
9592
9601
9609
9613
9631
9648
9655
9662
9662
9663
9690
9694
9697
9703
9705
9707
9708
9728
9735
9749
9761
9762
9791
9799
9853
9866
9870
9890
9894
9899
9912
9914
9929
9952
9964
9966
9984
9992
9993
10015
10026
10059
10070
10077
10080
10107
10109
10133
10166
10184
10189
10205
10205
10210
10218
10228
10237
10252
10254
10257
10266
10271
10305
10307
10320
10327
10337
10341
10346
10347
10350
10354
10355
10372
10397
10400
10408
10409
10414
10420
10427
10459
10481
10493
10498
10500
10501
10502
10511
10523
10531
10544
10558
10568
10577
10578
10582
10592
10601
10606
10607
10612
10627
10628
10631
10641
10642
10650
10656
10659
10663
10666
10668
10670
10671
10672
10672
10674
10691
10707
10730
10733
10754
10783
10800
10802
10825
10838
10840
10842
10855
10861
10863
10867
10885
10889
10898
10900
10925
10939
10940
10968
10977
10983
11000
11014
11026
11046
11063
11089
11104
11108
11114
11132
11142
11162
11167
11175
11175
11199
11205
11207
11216
11217
11241
11250
11256
11258
11259
11260
11264
11266
11268
11271
11291
11291
11298
11302
11343
11343
11362
11368
11369
11372
11375
11397
11400
11408
11419
11420
11422
11455
11458
11484
11484
11511
11517
11517
11534
11537
11539
11547
11548
11579
11581
11589
11592
11623
11625
11632
11655
11660
11662
11665
11666
11691
11691
11693
11697
11702
11703
11723
11723
11725
11731
11754
11761
11771
11794
11797
11814
11827
11828
11830
11845
11868
11878
11892
11900
11912
11917
11926
11940
11954
11957
11965
11976
12000
12042
12051
12061
12079
12100
12107
12126
12128
12136
12152
12158
12165
12166
12168
12177
12178
12198
12223
12239
12245
12268
12272
12274
12280
12281
12292
12294
12299
12300
12304
12304
12316
12339
12339
12353
12357
12378
12385
12386
12401
12408
12428
12434
12438
12442
12450
12457
12464
12476
12506
12518
12519
12526
12527
12528
12541
12542
12550
12561
12573
12598
12627
12627
12664
12668
12680
12695
12713
12716
12740
12741
12744
12749
12753
12787
12808
12814
12843
12847
12856
12866
12868
12868
12871
12872
12873
12876
12879
12896
12902
12940
12944
12947
12949
12952
12955
12964
12997
13005
13006
13010
13023
13037
13044
13056
13077
13094
13107
13115
13128
13169
13170
13183
13184
13194
13199
13206
13231
13233
13248
13269
13270
13275
13278
13288
13314
13320
13338
13347
13368
13374
13385
13393
13418
13418
13435
13442
13445
13452
13490
13490
13495
13499
13513
13514
13527
13531
13533
13535
13535
13554
13566
13582
13618
13618
13619
13621
13628
13637
13666
13669
13671
13684
13700
13709
13756
13759
13774
13775
13781
13781
13809
13809
13817
13818
13819
13831
13833
13852
13854
13861
13881
13887
13908
13915
13916
13927
13942
13949
13955
13956
13968
13976
13981
13989
13993
13994
14016
14022
14024
14037
14078
14090
14092
14109
14111
14113
14115
14128
14145
14157
14169
14187
14199
14200
14205
14205
14238
14257
14267
14290
14304
14334
14358
14363
14368
14396
14405
14415
14417
14421
14435
14448
14464
14464
14466
14479
14489
14501
14516
14519
14543
14544
14568
14579
14589
14591
14598
14606
14610
14632
14675
14682
14690
14693
14697
14717
14726
14728
14736
14736
14746
14755
14756
14785
14787
14792
14797
14810
14812
14815
14829
14831
14853
14891
14893
14899
14909
14909
14918
14935
14942
14954
14969
14969
14974
14976
14978
14980
14990
14997
15002
15046
15053
15077
15084
15092
15092
15095
15105
15107
15110
15121
15128
15139
15160
15161
15165
15173
15174
15175
15177
15181
15198
15200
15221
15236
15248
15251
15253
15260
15262
15263
15283
15290
15297
15309
15317
15355
15356
15361
15367
15370
15385
15387
15388
15391
15391
15394
15398
15402
15414
15421
15423
15424
15468
15481
15486
15491
15514
15517
15521
15527
15528
15540
15559
15581
15582
15606
15621
15622
15640
15654
15662
15667
15689
15690
15690
15702
15708
15717
15723
15725
15739
15754
15766
15780
15795
15799
15805
15829
15829
15838
15846
15868
15890
15919
15945
15958
15961
15963
15969
15972
15986
15998
15998
15999
16005
16009
16011
16021
16023
16032
16033
16041
16050
16059
16061
16072
16077
16084
16090
16092
16105
16113
16115
16130
16131
16159
16189
16220
16233
16249
16256
16278
16279
16280
16282
16284
16297
16300
16301
16305
16315
16349
16350
16357
16361
16366
16373
16379
16400
16424
16428
16437
16445
16447
16472
16479
16488
16549
16550
16556
16556
16561
16571
16599
16611
16618
16624
16645
16649
16651
16660
16662
16670
16671
16675
16687
16689
16695
16696
16700
16719
16732
16763
16767
16775
16783
16789
16821
16844
16847
16858
16865
16880
16897
16905
16919
16920
16945
16960
16963
16963
16964
16964
16966
16987
16989
17005
17024
17028
17055
17077
17081
17119
17126
17139
17145
17147
17163
17165
17193
17200
17225
17229
17248
17250
17273
17291
17297
17299
17315
17335
17338
17355
17369
17387
17407
17411
17426
17428
17429
17439
17496
17501
17511
17523
17534
17544
17566
17567
17579
17582
17611
17620
17623
17634
17634
17642
17650
17661
17681
17689
17691
17694
17700
17719
17720
17751
17753
17759
17765
17777
17784
17795
17796
17813
17816
17816
17828
17841
17842
17843
17848
17858
17860
17867
17868
17870
17872
17905
17905
17908
17925
17938
17953
17973
17982
18016
18033
18041
18051
18063
18072
18083
18093
18100
18104
18131
18133
18133
18134
18134
18138
18142
18158
18164
18167
18179
18198
18201
18220
18253
18254
18260
18261
18274
18296
18306
18317
18320
18326
18326
18326
18335
18338
18351
18352
18356
18375
18385
18398
18404
18413
18427
18439
18463
18468
18482
18494
18494
18499
18514
18514
18515
18522
18529
18542
18564
18566
18568
18578
18589
18594
18597
18599
18622
18631
18645
18652
18654
18655
18659
18675
18689
18689
18705
18707
18723
18728
18731
18737
18741
18742
18757
18788
18796
18799
18810
18822
18831
18832
18864
18870
18871
18872
18876
18894
18899
18905
18931
18931
18942
18954
18957
18958
18968
18995
19009
19017
19028
19052
19065
19069
19070
19097
19098
19100
19119
19123
19137
19157
19160
19166
19169
19176
19186
19186
19200
19230
19236
19251
19252
19258
19261
19264
19269
19273
19280
19289
19292
19296
19310
19316
19328
19343
19379
19380
19391
19396
19404
19421
19428
19431
19449
19453
19455
19465
19466
19467
19484
19490
19495
19507
19512
19520
19550
19611
19624
19635
19638
19642
19645
19660
19666
19671
19678
19684
19708
19724
19724
19746
19754
19756
19781
19786
19787
19787
19790
19816
19844
19856
19892
19897
19905
19913
19915
19930
19935
19937
19960
19979
19993
19995
20006
20034
20041
20041
20046
20048
20053
20073
20074
20086
20088
20103
20107
20109
20128
20132
20134
20136
20138
20152
20167
20175
20185
20189
20192
20202
20205
20208
20210
20244
20255
20258
20287
20293
20297
20308
20319
20334
20345
20353
20366
20374
20380
20384
20400
20403
20417
20438
20445
20464
20474
20493
20518
20548
20556
20570
20584
20585
20608
20631
20633
20634
20638
20655
20667
20671
20676
20688
20699
20704
20718
20725
20737
20790
20801
20808
20808
20812
20814
20819
20821
20821
20824
20832
20857
20860
20871
20887
20888
20896
20909
20926
20949
20950
20953
20964
20968
20977
20985
21004
21006
21057
21060
21065
21066
21093
21099
21100
21101
21104
21132
21150
21164
21172
21188
21210
21210
21211
21223
21232
21239
21269
21315
21315
21322
21340
21355
21364
21406
21421
21423
21423
21428
21453
21460
21464
21476
21481
21495
21532
21547
21548
21550
21551
21552
21559
21565
21574
21574
21584
21597
21597
21605
21614
21632
21648
21657
21676
21686
21693
21714
21740
21748
21758
21781
21787
21806
21809
21810
21831
21831
21848
21863
21878
21882
21889
21898
21902
21910
21910
21912
21912
21914
21940
21945
21954
21957
21959
21959
21966
21966
21985
22001
22009
22013
22019
22041
22048
22059
22060
22069
22093
22093
22105
22106
22111
22143
22184
22191
22199
22202
22222
22225
22230
22240
22242
22246
22254
22257
22257
22289
22300
22307
22328
22332
22332
22359
22361
22362
22364
22366
22368
22368
22369
22375
22380
22387
22396
22400
22402
22428
22447
22451
22463
22465
22474
22476
22476
22478
22490
22503
22508
22515
22521
22553
22553
22577
22581
22592
22597
22607
22625
22633
22648
22649
22650
22670
22682
22695
22700
22700
22701
22713
22714
22721
22729
22738
22739
22739
22751
22777
22779
22788
22795
22796
22803
22819
22849
22859
22860
22861
22863
22882
22884
22903
22906
22907
22908
22918
22951
22992
23003
23006
23014
23015
23031
23035
23035
23036
23048
23049
23063
23072
23089
23089
23093
23097
23107
23130
23132
23144
23152
23158
23158
23158
23159
23168
23178
23196
23213
23217
23222
23233
23235
23237
23264
23272
23278
23289
23301
23304
23312
23328
23330
23349
23360
23366
23367
23374
23383
23392
23409
23430
23437
23438
23443
23455
23458
23460
23483
23485
23492
23512
23521
23522
23526
23531
23552
23569
23581
23587
23592
23593
23609
23624
23629
23634
23648
23650
23658
23660
23681
23683
23685
23688
23699
23700
23701
23706
23721
23731
23741
23753
23767
23791
23808
23812
23821
23823
23824
23827
23861
23863
23869
23869
23870
23872
23874
23899
23904
23916
23917
23935
23944
23968
23979
23982
23990
23999
24002
24009
24012
24085
24088
24100
24106
24144
24155
24156
24170
24178
24178
24187
24199
24209
24219
24233
24250
24255
24277
24277
24280
24287
24292
24330
24365
24368
24379
24421
24425
24435
24445
24458
24475
24478
24483
24485
24507
24508
24525
24528
24536
24551
24555
24560
24569
24580
24603
24604
24606
24609
24622
24651
24663
24669
24681
24682
24690
24693
24717
24729
24730
24748
24764
24769
24790
24790
24800
24801
24817
24822
24831
24834
24842
24881
24902
24927
24958
24965
24966
24979
25000
25011
25017
25029
25053
25053
25056
25069
25081
25086
25087
25093
25093
25104
25130
25134
25139
25144
25145
25148
25159
25161
25167
25181
25193
25203
25206
25210
25231
25233
25235
25243
25253
25257
25262
25270
25271
25275
25276
25277
25284
25291
25304
25304
25320
25323
25335
25337
25339
25339
25340
25353
25356
25360
25360
25360
25363
25373
25376
25386
25387
25404
25430
25433
25442
25457
25457
25460
25466
25489
25495
25498
25526
25533
25543
25556
25560
25575
25578
25585
25592
25618
25629
25631
25639
25643
25643
25648
25651
25652
25702
25705
25714
25726
25729
25733
25734
25747
25748
25761
25772
25773
25778
25782
25788
25788
25807
25818
25830
25854
25864
25875
25888
25902
25913
25932
25933
25933
25933
25959
25979
25984
26002
26008
26020
26022
26026
26030
26031
26033
26039
26047
26055
26059
26061
26063
26081
26090
26090
26098
26112
26115
26132
26171
26185
26189
26195
26198
26216
26236
26258
26265
26267
26311
26327
26333
26337
26354
26359
26361
26363
26372
26428
26435
26442
26448
26463
26502
26516
26529
26531
26533
26544
26548
26553
26558
26565
26576
26589
26600
26606
26609
26616
26631
26631
26639
26662
26665
26672
26678
26680
26680
26681
26688
26714
26715
26719
26730
26739
26749
26755
26769
26784
26785
26804
26810
26817
26829
26831
26835
26842
26844
26846
26878
26884
26892
26915
26920
26923
26941
26943
26950
26952
26952
26962
26970
26977
26994
27002
27003
27009
27017
27041
27044
27050
27057
27067
27119
27126
27127
27135
27159
27168
27170
27185
27195
27228
27245
27262
27265
27266
27277
27282
27286
27300
27310
27326
27378
27393
27394
27415
27422
27436
27450
27455
27460
27482
27486
27492
27511
27514
27522
27523
27528
27528
27534
27546
27553
27564
27567
27569
27611
27611
27651
27663
27702
27734
27743
27772
27791
27792
27797
27820
27821
27851
27869
27881
27901
27912
27925
27927
27930
27934
27938
27953
27984
27996
27998
28005
28012
28013
28020
28027
28028
28035
28037
28043
28047
28067
28071
28076
28095
28100
28100
28104
28126
28129
28133
28136
28139
28160
28187
28225
28235
28251
28253
28269
28280
28285
28298
28312
28332
28346
28356
28356
28364
28367
28367
28370
28379
28426
28444
28465
28472
28488
28491
28497
28501
28507
28509
28509
28517
28519
28525
28533
28559
28574
28584
28594
28596
28602
28602
28619
28629
28643
28665
28674
28674
28679
28692
28695
28706
28733
28736
28738
28744
28777
28819
28862
28864
28866
28885
28886
28891
28895
28896
28899
28902
28914
28925
28929
28936
28943
28947
28951
29015
29016
29031
29033
29043
29052
29066
29071
29072
29074
29080
29086
29098
29101
29108
29108
29129
29134
29135
29140
29142
29144
29147
29170
29179
29190
29196
29212
29214
29239
29243
29273
29300
29316
29317
29323
29339
29350
29423
29426
29430
29446
29451
29455
29467
29481
29495
29507
29534
29556
29557
29569
29571
29578
29591
29619
29623
29624
29626
29655
29655
29656
29666
29672
29683
29691
29708
29711
29715
29729
29734
29735
29762
29767
29774
29787
29800
29810
29815
29825
29838
29846
29876
29888
29937
29944
29946
29953
29970
29976
29981
30013
30016
30027
30032
30045
30049
30049
30059
30067
30068
30078
30082
30086
30101
30104
30106
30115
30137
30159
30191
30200
30226
30239
30250
30267
30283
30306
30307
30314
30318
30319
30321
30326
30331
30335
30348
30349
30389
30406
30413
30418
30422
30426
30439
30443
30445
30449
30471
30473
30473
30476
30497
30508
30516
30528
30559
30589
30593
30598
30612
30631
30634
30649
30652
30661
30666
30671
30695
30695
30715
30728
30747
30750
30761
30763
30768
30776
30778
30782
30796
30801
30828
30836
30869
30889
30896
30909
30910
30912
30922
30924
30925
30954
30956
30959
30973
30983
31013
31013
31019
31022
31040
31043
31070
31073
31073
31080
31095
31116
31124
31131
31133
31138
31159
31169
31178
31180
31203
31206
31220
31227
31240
31246
31246
31247
31277
31279
31296
31298
31326
31332
31342
31357
31357
31365
31366
31368
31411
31432
31457
31467
31470
31493
31500
31507
31509
31510
31515
31521
31530
31539
31541
31547
31552
31572
31577
31588
31607
31612
31615
31636
31641
31663
31663
31665
31677
31696
31701
31703
31713
31719
31737
31768
31785
31792
31795
31833
31874
31881
31912
31920
31924
31937
31940
31970
31974
31998
32013
32041
32042
32047
32053
32058
32060
32062
32065
32072
32076
32078
32091
32093
32107
32113
32125
32141
32155
32156
32170
32197
32200
32204
32227
32238
32260
32273
32284
32291
32306
32322
32323
32348
32349
32352
32354
32357
32375
32376
32388
32389
32419
32435
32440
32460
32473
32473
32474
32492
32504
32516
32533
32538
32549
32553
32566
32578
32585
32590
32591
32607
32608
32612
32619
32627
32649
32655
32659
32659
32659
32675
32683
32696
32701
32723
32724
32728
32738
32751
32780
32783
32787
32793
32820
32834
32862
32864
32865
32873
32893
32909
32914
32921
32925
32930
32944
32950
32971
32976
32976
32977
32984
33015
33015
33063
33074
33089
33093
33093
33096
33107
33118
33118
33125
33129
33130
33154
33155
33183
33192
33195
33202
33214
33263
33272
33277
33284
33314
33315
33330
33331
33334
33334
33346
33348
33351
33358
33369
33400
33408
33410
33452
33467
33478
33481
33487
33495
33497
33500
33512
33517
33527
33532
33541
33541
33543
33543
33549
33553
33553
33559
33581
33585
33678
33678
33681
33697
33716
33734
33737
33740
33760
33780
33792
33794
33796
33796
33812
33823
33832
33836
33860
33867
33873
33879
33888
33898
33898
33901
33904
33914
33918
33918
33927
33935
33948
33949
33950
33953
33958
33964
33987
33998
34003
34021
34021
34023
34027
34048
34092
34099
34101
34107
34107
34120
34129
34136
34146
34150
34153
34159
34160
34168
34226
34228
34232
34252
34291
34292
34297
34305
34309
34368
34377
34379
34401
34433
34434
34438
34456
34467
34488
34498
34528
34535
34535
34548
34569
34571
34577
34584
34594
34596
34612
34622
34655
34672
34682
34683
34693
34694
34695
34695
34741
34751
34752
34768
34784
34786
34789
34811
34845
34856
34858
34859
34860
34870
34886
34892
34898
34899
34903
34907
34926
34957
34958
34962
34968
34978
34995
35001
35009
35020
35023
35024
35045
35057
35063
35067
35078
35081
35121
35131
35153
35154
35181
35182
35184
35185
35221
35246
35275
35295
35313
35315
35317
35330
35330
35344
35361
35368
35390
35407
35433
35441
35453
35470
35499
35530
35542
35597
35610
35619
35623
35629
35652
35656
35670
35698
35726
35738
35739
35763
35769
35785
35820
35828
35830
35838
35846
35854
35857
35877
35981
35987
35991
35993
35995
35997
36003
36018
36020
36028
36035
36052
36054
36071
36075
36082
36083
36086
36112
36112
36132
36133
36151
36157
36168
36173
36182
36185
36209
36229
36240
36241
36247
36252
36256
36259
36269
36269
36300
36314
36320
36336
36345
36356
36360
36366
36367
36371
36385
36402
36414
36427
36435
36437
36445
36450
36457
36460
36461
36478
36485
36517
36522
36527
36528
36551
36586
36595
36597
36607
36613
36620
36648
36655
36658
36662
36667
36678
36692
36693
36693
36696
36697
36729
36732
36739
36746
36767
36769
36782
36783
36783
36791
36795
36799
36802
36802
36809
36818
36821
36821
36822
36827
36835
36844
36851
36867
36869
36880
36881
36896
36897
36897
36938
36938
36943
36954
36956
36971
36988
36993
37011
37026
37042
37045
37048
37053
37056
37065
37076
37086
37102
37109
37138
37145
37151
37165
37198
37206
37207
37217
37223
37233
37265
37281
37284
37298
37309
37315
37343
37346
37356
37361
37367
37376
37381
37408
37433
37442
37447
37459
37471
37472
37482
37487
37501
37501
37504
37513
37529
37530
37533
37534
37541
37543
37544
37546
37550
37552
37560
37562
37571
37574
37581
37583
37583
37585
37593
37608
37609
37612
37615
37620
37620
37625
37631
37643
37660
37666
37692
37693
37730
37740
37742
37751
37778
37778
37778
37783
37797
37802
37821
37825
37858
37866
37873
37875
37883
37883
37892
37906
37922
37929
37973
37982
37983
37983
37985
37987
37987
38007
38034
38060
38088
38094
38094
38098
38104
38109
38115
38117
38120
38124
38143
38146
38146
38147
38153
38156
38160
38161
38169
38178
38192
38203
38204
38212
38216
38223
38226
38236
38238
38250
38272
38278
38282
38283
38284
38296
38316
38337
38341
38359
38377
38400
38401
38407
38412
38424
38436
38443
38450
38465
38506
38514
38519
38547
38548
38562
38581
38592
38599
38600
38601
38611
38630
38645
38654
38656
38661
38679
38690
38719
38733
38734
38745
38757
38766
38772
38777
38781
38788
38813
38837
38856
38865
38869
38873
38914
38927
38930
38956
38956
38957
38972
38972
39001
39003
39019
39021
39029
39031
39043
39053
39057
39101
39109
39122
39136
39139
39172
39180
39181
39183
39183
39191
39204
39215
39229
39229
39243
39265
39275
39278
39280
39292
39315
39326
39330
39334
39375
39391
39425
39430
39431
39437
39464
39466
39467
39476
39486
39487
39500
39500
39506
39517
39529
39545
39550
39550
39562
39590
39602
39615
39628
39636
39638
39648
39648
39671
39677
39690
39697
39719
39730
39731
39737
39744
39766
39769
39778
39778
39811
39827
39846
39849
39854
39856
39860
39860
39875
39880
39887
39905
39933
39956
39960
39974
39976
39983
39986
39989
39992
39998
40000
40000
40013
40031
40033
40039
40049
40054
40065
40081
40086
40092
40100
40102
40102
40108
40109
40114
40121
40172
40176
40179
40186
40194
40210
40212
40214
40222
40233
40263
40297
40324
40387
40387
40399
40408
40412
40414
40424
40425
40429
40448
40455
40483
40503
40503
40516
40521
40529
40536
40539
40540
40541
40544
40555
40561
40563
40578
40601
40613
40622
40622
40623
40635
40651
40670
40673
40680
40694
40696
40708
40748
40757
40796
40808
40819
40861
40864
40880
40883
40885
40906
40926
40930
40932
40947
40947
40954
40971
40989
40990
41006
41014
41014
41037
41039
41039
41039
41055
41071
41078
41078
41090
41091
41091
41097
41106
41108
41113
41151
41155
41159
41183
41193
41205
41211
41223
41256
41259
41260
41296
41302
41315
41317
41381
41387
41405
41411
41456
41461
41483
41486
41491
41492
41501
41534
41543
41549
41611
41613
41630
41631
41675
41681
41701
41720
41739
41742
41744
41754
41755
41767
41767
41767
41794
41802
41803
41812
41812
41817
41836
41837
41873
41876
41879
41880
41891
41891
41896
41897
41900
41902
41915
41916
41924
41944
41949
41953
41953
41958
41979
41981
42004
42017
42031
42039
42044
42049
42092
42092
42093
42094
42100
42104
42113
42117
42124
42133
42149
42168
42168
42172
42184
42201
42206
42214
42218
42222
42232
42247
42249
42252
42266
42278
42283
42286
42289
42294
42298
42308
42314
42326
42331
42332
42334
42338
42344
42345
42352
42356
42364
42365
42392
42404
42405
42417
42429
42441
42441
42444
42448
42450
42478
42484
42496
42509
42552
42554
42563
42567
42567
42595
42598
42604
42611
42612
42632
42633
42655
42658
42663
42678
42680
42682
42688
42692
42692
42721
42726
42731
42739
42753
42774
42783
42783
42787
42793
42800
42815
42828
42869
42874
42875
42876
42882
42913
42921
42922
42942
42943
42954
42955
42965
42966
42968
42977
42989
43009
43031
43046
43047
43048
43056
43066
43077
43086
43090
43093
43110
43126
43131
43131
43156
43158
43172
43181
43194
43207
43213
43246
43272
43289
43295
43298
43299
43328
43339
43350
43356
43362
43363
43368
43369
43375
43405
43409
43436
43445
43480
43505
43505
43511
43534
43541
43569
43572
43576
43585
43599
43605
43615
43627
43658
43666
43678
43688
43689
43691
43693
43695
43699
43710
43724
43749
43758
43769
43779
43779
43780
43781
43782
43782
43785
43815
43839
43875
43880
43883
43888
43900
43901
43906
43952
43955
43967
43978
43992
43992
43998
44037
44051
44063
44067
44075
44084
44091
44109
44120
44162
44162
44179
44183
44205
44213
44270
44279
44288
44296
44303
44310
44311
44314
44315
44322
44337
44337
44350
44355
44371
44378
44382
44394
44412
44433
44435
44435
44452
44455
44455
44490
44492
44496
44500
44506
44546
44551
44562
44585
44596
44633
44633
44647
44651
44652
44658
44662
44674
44689
44696
44712
44712
44717
44719
44731
44739
44777
44793
44799
44830
44852
44858
44866
44869
44890
44890
44902
44902
44907
44913
44920
44920
44941
44971
44982
45004
45007
45014
45025
45035
45058
45058
45060
45068
45095
45104
45131
45133
45163
45169
45172
45185
45191
45215
45231
45251
45251
45286
45295
45297
45298
45299
45347
45351
45360
45363
45410
45410
45411
45433
45438
45440
45442
45454
45457
45480
45481
45484
45493
45493
45505
45510
45537
45538
45566
45582
45585
45585
45606
45619
45623
45633
45634
45649
45658
45673
45678
45693
45710
45711
45724
45731
45732
45742
45745
45796
45802
45806
45813
45818
45822
45830
45834
45836
45846
45847
45852
45864
45885
45892
45922
45951
45960
45967
45984
45996
46000
46013
46014
46027
46035
46047
46047
46056
46058
46078
46078
46100
46130
46135
46139
46156
46161
46197
46227
46229
46235
46240
46248
46267
46281
46294
46296
46303
46330
46332
46335
46357
46367
46389
46451
46452
46461
46468
46489
46508
46517
46540
46546
46547
46555
46562
46566
46573
46577
46581
46596
46620
46624
46629
46634
46642
46650
46652
46654
46658
46659
46663
46666
46670
46675
46685
46688
46689
46703
46735
46745
46745
46749
46759
46768
46791
46792
46805
46814
46842
46845
46886
46887
46890
46903
46909
46926
46943
46951
46962
46963
46975
46976
46977
46990
47018
47040
47049
47082
47119
47126
47134
47135
47144
47145
47149
47152
47164
47168
47179
47193
47198
47258
47262
47264
47264
47271
47273
47278
47292
47304
47320
47322
47332
47334
47336
47342
47342
47358
47369
47369
47371
47389
47397
47405
47415
47428
47449
47454
47456
47470
47502
47517
47520
47522
47527
47562
47566
47585
47587
47590
47598
47606
47646
47671
47687
47691
47693
47695
47709
47713
47743
47745
47755
47761
47771
47789
47819
47822
47828
47830
47837
47846
47862
47870
47872
47882
47899
47905
47908
47929
47946
47948
47953
47973
47989
48000
48006
48006
48010
48019
48021
48028
48034
48054
48070
48070
48074
48082
48087
48088
48089
48098
48109
48110
48119
48122
48126
48134
48179
48188
48197
48208
48213
48220
48232
48239
48250
48251
48252
48255
48255
48282
48307
48308
48313
48335
48349
48352
48354
48356
48360
48370
48390
48391
48395
48409
48451
48454
48458
48470
48475
48479
48495
48512
48512
48520
48527
48528
48535
48542
48549
48557
48558
48587
48597
48600
48614
48622
48633
48656
48659
48661
48662
48665
48668
48670
48671
48685
48689
48693
48699
48699
48714
48723
48739
48755
48760
48762
48772
48784
48795
48814
48818
48822
48829
48841
48861
48866
48871
48890
48897
48915
48916
48923
48933
48934
48934
48934
48968
48972
48986
48987
49015
49038
49047
49066
49081
49082
49096
49099
49115
49122
49125
49133
49133
49142
49161
49167
49171
49171
49188
49205
49220
49227
49234
49248
49248
49256
49269
49298
49303
49312
49322
49325
49340
49347
49351
49353
49354
49362
49375
49393
49393
49409
49417
49420
49430
49440
49451
49465
49480
49485
49497
49510
49516
49519
49524
49531
49536
49553
49567
49574
49574
49594
49599
49600
49614
49617
49619
49622
49645
49646
49651
49694
49706
49722
49739
49743
49747
49748
49749
49754
49799
49804
49821
49831
49838
49839
49881
49887
49893
49914
49919
49924
49927
49943
49948
49950
49975
49985
49988
49988
50002
50004
50006
50043
50055
50059
50065
50078
50085
50088
50097
50098
50109
50120
50132
50139
50140
50150
50151
50166
50170
50179
50190
50193
50195
50215
50235
50237
50238
50262
50267
50275
50300
50308
50309
50313
50314
50318
50322
50349
50358
50373
50377
50392
50402
50412
50422
50424
50428
50452
50455
50475
50477
50491
50502
50527
50542
50562
50565
50568
50581
50583
50590
50619
50625
50632
50634
50636
50637
50643
50651
50661
50669
50680
50689
50701
50701
50702
50712
50715
50733
50735
50780
50784
50807
50808
50817
50847
50853
50856
50870
50883
50890
50891
50903
50905
50914
50914
50929
50938
50938
50945
50951
50952
50955
50962
50975
50996
51010
51016
51023
51050
51053
51074
51075
51081
51082
51084
51086
51090
51102
51108
51135
51141
51167
51169
51192
51204
51206
51211
51217
51256
51274
51274
51279
51280
51288
51306
51308
51309
51311
51322
51342
51344
51352
51352
51361
51378
51385
51390
51403
51408
51411
51418
51425
51448
51450
51480
51484
51489
51537
51544
51557
51557
51571
51574
51577
51608
51617
51631
51635
51638
51669
51669
51676
51676
51683
51717
51729
51732
51739
51742
51766
51768
51786
51787
51801
51806
51806
51806
51810
51818
51819
51828
51842
51843
51854
51860
51863
51877
51884
51885
51889
51908
51914
51915
51931
51933
51935
51945
51961
51966
51966
51972
52002
52017
52024
52043
52046
52067
52070
52093
52099
52120
52120
52154
52164
52171
52182
52189
52193
52198
52202
52209
52213
52221
52234
52235
52249
52251
52272
52310
52315
52332
52369
52374
52376
52379
52397
52423
52427
52448
52449
52449
52463
52470
52481
52489
52504
52506
52507
52508
52517
52526
52535
52536
52557
52565
52587
52597
52600
52612
52613
52627
52636
52654
52660
52667
52671
52701
52702
52703
52716
52733
52739
52746
52772
52774
52777
52794
52809
52814
52822
52831
52834
52835
52847
52852
52866
52868
52876
52881
52884
52888
52895
52910
52962
52963
52964
52972
52986
52989
53001
53002
53006
53015
53019
53025
53035
53047
53049
53052
53063
53082
53084
53085
53110
53121
53131
53155
53170
53172
53189
53195
53196
53205
53211
53216
53226
53231
53234
53239
53251
53259
53264
53265
53289
53290
53296
53322
53334
53343
53354
53360
53365
53367
53389
53402
53415
53417
53445
53472
53503
53516
53516
53517
53524
53536
53537
53543
53566
53584
53614
53619
53626
53627
53661
53672
53673
53699
53703
53707
53708
53712
53728
53736
53740
53749
53753
53764
53770
53774
53779
53811
53811
53828
53845
53846
53853
53856
53857
53880
53881
53904
53905
53907
53911
53915
53933
53936
53942
53946
53959
53972
54009
54017
54027
54039
54045
54054
54055
54085
54098
54104
54125
54126
54129
54139
54157
54176
54188
54196
54215
54220
54230
54273
54293
54298
54305
54306
54331
54347
54384
54402
54404
54406
54434
54440
54468
54496
54504
54505
54510
54526
54536
54539
54542
54544
54556
54568
54573
54574
54595
54629
54636
54645
54669
54688
54691
54703
54729
54743
54750
54762
54765
54772
54772
54780
54782
54784
54786
54791
54802
54813
54813
54824
54825
54828
54830
54842
54845
54865
54871
54880
54886
54907
54911
54916
54931
54940
54954
54977
54984
54989
54992
54997
55011
55015
55024
55032
55038
55045
55061
55064
55075
55086
55094
55099
55114
55130
55134
55160
55173
55180
55184
55187
55188
55192
55197
55200
55201
55205
55207
55209
55221
55223
55229
55234
55245
55246
55256
55260
55267
55276
55306
55337
55338
55339
55344
55348
55360
55364
55365
55379
55407
55410
55416
55426
55429
55439
55442
55451
55474
55474
55479
55494
55496
55499
55501
55511
55514
55517
55547
55557
55574
55600
55605
55608
55615
55620
55625
55626
55630
55631
55636
55644
55662
55663
55667
55674
55688
55688
55688
55703
55710
55717
55720
55722
55739
55760
55772
55778
55784
55797
55801
55828
55836
55853
55859
55899
55909
55909
55911
55919
55924
55948
55953
55960
55976
55981
55998
56010
56013
56036
56041
56054
56059
56062
56076
56084
56095
56111
56120
56123
56128
56129
56140
56141
56143
56176
56185
56186
56201
56203
56212
56232
56239
56268
56272
56283
56284
56291
56307
56307
56311
56311
56320
56327
56355
56356
56358
56363
56377
56377
56379
56405
56410
56414
56437
56440
56444
56457
56482
56500
56525
56533
56534
56547
56556
56565
56576
56584
56600
56612
56613
56622
56649
56653
56675
56684
56691
56716
56731
56734
56735
56751
56768
56774
56776
56801
56805
56807
56811
56814
56817
56818
56820
56820
56840
56841
56842
56856
56865
56874
56891
56893
56910
56912
56920
56930
56943
56945
56963
56965
56971
56971
56991
56996
56997
57013
57020
57025
57050
57059
57064
57069
57082
57096
57105
57118
57131
57145
57153
57153
57157
57163
57169
57170
57180
57244
57245
57250
57255
57260
57273
57290
57297
57300
57308
57319
57324
57326
57330
57332
57336
57338
57339
57341
57356
57377
57390
57394
57408
57425
57476
57484
57494
57500
57505
57507
57518
57525
57561
57564
57585
57610
57613
57635
57648
57651
57666
57694
57708
57722
57741
57759
57768
57770
57778
57778
57783
57789
57790
57832
57832
57837
57840
57841
57856
57860
57871
57874
57899
57902
57909
57916
57927
57930
57940
57949
57953
57956
57974
57975
57978
57997
57998
58005
58044
58069
58071
58091
58120
58132
58140
58145
58146
58166
58187
58189
58192
58202
58208
58212
58217
58218
58221
58222
58224
58234
58239
58245
58300
58308
58316
58323
58345
58346
58372
58378
58388
58392
58398
58410
58417
58424
58426
58437
58441
58446
58457
58464
58466
58474
58482
58492
58500
58506
58512
58513
58524
58526
58527
58537
58551
58553
58562
58574
58577
58579
58607
58617
58649
58651
58664
58666
58678
58681
58685
58686
58692
58703
58714
58717
58720
58727
58733
58739
58751
58755
58771
58774
58776
58791
58845
58849
58853
58854
58856
58875
58877
58881
58882
58889
58905
58920
58921
58929
58935
58937
58938
58939
58942
58948
58966
58995
59017
59025
59026
59056
59066
59083
59100
59112
59116
59118
59139
59150
59154
59155
59156
59159
59173
59180
59202
59234
59250
59261
59263
59298
59304
59310
59315
59334
59344
59350
59359
59376
59422
59425
59425
59442
59454
59459
59470
59503
59536
59537
59546
59570
59597
59604
59625
59629
59637
59638
59656
59657
59673
59674
59699
59715
59728
59813
59818
59842
59843
59848
59849
59857
59858
59861
59866
59873
59874
59874
59876
59879
59912
59916
59935
59940
59946
59958
59958
59959
59963
59971
59974
59989
59997
59999
60000
60008
60009
60017
60019
60022
60031
60046
60059
60060
60074
60078
60101
60109
60110
60123
60128
60133
60151
60160
60173
60175
60175
60197
60233
60238
60249
60259
60265
60270
60271
60273
60275
60283
60292
60298
60309
60312
60323
60337
60337
60338
60355
60367
60390
60401
60404
60407
60414
60416
60426
60436
60436
60438
60441
60455
60455
60478
60479
60480
60495
60502
60511
60520
60520
60527
60538
60542
60561
60564
60574
60585
60589
60591
60602
60610
60642
60671
60682
60710
60715
60720
60730
60734
60749
60749
60765
60779
60795
60797
60807
60814
60820
60824
60830
60841
60854
60861
60872
60875
60902
60920
60932
60947
60948
60974
60991
60997
61012
61019
61024
61039
61052
61057
61091
61096
61098
61108
61114
61121
61125
61131
61135
61138
61140
61149
61153
61186
61188
61211
61213
61218
61220
61222
61241
61253
61259
61266
61268
61273
61281
61291
61323
61325
61331
61337
61342
61345
61351
61360
61372
61374
61383
61391
61393
61398
61415
61422
61432
61439
61464
61464
61466
61479
61482
61483
61495
61498
61502
61520
61521
61529
61578
61594
61603
61605
61608
61675
61698
61727
61735
61735
61739
61759
61760
61765
61791
61794
61795
61828
61836
61837
61849
61900
61905
61912
61918
61925
61929
61945
61946
61947
61952
61970
61973
61976
61978
61998
62002
62004
62010
62016
62022
62028
62048
62053
62071
62078
62084
62108
62111
62120
62130
62138
62162
62163
62167
62178
62179
62198
62210
62212
62214
62230
62248
62263
62265
62270
62285
62299
62309
62313
62315
62324
62333
62344
62352
62355
62369
62375
62386
62399
62400
62401
62419
62463
62470
62473
62510
62515
62526
62532
62546
62563
62578
62612
62615
62619
62642
62660
62661
62661
62665
62690
62693
62697
62699
62702
62705
62718
62720
62725
62736
62741
62748
62756
62763
62771
62772
62775
62784
62811
62851
62853
62854
62863
62875
62894
62911
62911
62913
62924
62931
62943
62953
62964
62978
62979
63027
63029
63053
63055
63087
63127
63129
63131
63138
63140
63140
63158
63159
63185
63223
63227
63236
63238
63260
63276
63278
63281
63286
63316
63324
63330
63355
63364
63369
63374
63389
63389
63395
63399
63403
63406
63411
63433
63436
63440
63441
63441
63450
63456
63459
63488
63506
63516
63518
63522
63527
63538
63539
63539
63542
63545
63546
63547
63565
63579
63587
63597
63608
63609
63615
63624
63626
63632
63642
63655
63672
63695
63707
63723
63734
63748
63754
63782
63818
63823
63833
63849
63856
63861
63874
63884
63905
63912
63913
63920
63925
63929
63941
63943
63964
63975
63977
63992
64011
64040
64045
64057
64076
64082
64098
64113
64130
64130
64136
64212
64215
64219
64227
64227
64227
64237
64237
64237
64239
64239
64243
64249
64252
64257
64270
64272
64289
64293
64299
64323
64331
64341
64378
64381
64388
64388
64403
64414
64425
64438
64439
64441
64444
64448
64457
64474
64499
64500
64517
64527
64535
64549
64570
64572
64577
64586
64606
64613
64639
64658
64658
64661
64664
64671
64704
64711
64724
64731
64738
64745
64750
64753
64787
64790
64798
64813
64826
64833
64839
64848
64866
64907
64912
64923
64925
64951
64969
64989
64990
65021
65022
65025
65039
65050
65054
65058
65067
65093
65095
65100
65102
65105
65131
65133
65134
65139
65143
65145
65147
65155
65167
65177
65184
65186
65202
65210
65217
65265
65268
65270
65285
65294
65295
65302
65309
65325
65350
65358
65360
65380
65391
65403
65414
65419
65430
65439
65452
65463
65472
65482
65497
65502
65504
65504
65522
65526
65532
65540
65563
65568
65575
65587
65591
65615
65619
65621
65635
65641
65650
65651
65672
65685
65686
65715
65718
65724
65728
65759
65762
65766
65772
65778
65783
65787
65847
65865
65872
65882
65884
65891
65893
65913
65931
65942
65944
65944
65959
65964
65970
65976
65977
65984
65999
66021
66021
66026
66032
66050
66055
66060
66076
66079
66083
66085
66089
66093
66094
66132
66135
66141
66144
66157
66169
66175
66179
66186
66189
66204
66241
66260
66286
66299
66324
66325
66335
66354
66357
66361
66377
66384
66391
66423
66444
66449
66456
66478
66495
66506
66511
66512
66528
66543
66545
66546
66566
66591
66621
66640
66653
66673
66677
66700
66702
66709
66713
66717
66719
66721
66721
66751
66752
66768
66781
66784
66809
66814
66816
66824
66826
66830
66831
66838
66855
66858
66864
66866
66896
66903
66935
66950
66968
66974
67018
67049
67061
67074
67097
67100
67107
67109
67115
67116
67117
67140
67141
67149
67163
67167
67170
67180
67183
67185
67185
67188
67194
67200
67206
67222
67223
67224
67232
67240
67244
67249
67254
67270
67275
67280
67288
67288
67291
67312
67313
67319
67326
67336
67358
67359
67362
67398
67410
67413
67415
67422
67425
67429
67434
67434
67438
67439
67450
67457
67482
67493
67501
67502
67508
67515
67532
67552
67553
67560
67569
67595
67606
67633
67635
67643
67646
67671
67673
67681
67698
67702
67703
67722
67736
67746
67776
67777
67790
67800
67830
67842
67858
67862
67900
67902
67903
67910
67921
67962
67963
67966
67969
67970
67971
67982
67997
68012
68032
68048
68065
68066
68068
68075
68085
68095
68105
68117
68119
68124
68125
68136
68142
68169
68176
68189
68214
68223
68234
68242
68252
68254
68267
68270
68293
68294
68307
68308
68325
68341
68343
68356
68358
68366
68374
68378
68382
68386
68389
68397
68412
68420
68426
68430
68438
68440
68442
68443
68449
68461
68475
68479
68483
68501
68511
68512
68518
68546
68549
68562
68563
68571
68581
68610
68615
68615
68615
68636
68651
68660
68661
68691
68693
68699
68708
68708
68713
68727
68748
68749
68765
68778
68786
68797
68799
68825
68828
68840
68843
68843
68855
68857
68857
68858
68863
68885
68896
68899
68900
68902
68910
68911
68917
68926
68943
68968
68968
68982
68994
69005
69009
69010
69015
69021
69034
69041
69046
69049
69069
69089
69105
69114
69119
69148
69158
69160
69161
69162
69202
69210
69231
69241
69245
69285
69305
69319
69319
69321
69322
69329
69349
69353
69364
69377
69384
69390
69391
69406
69412
69426
69429
69430
69434
69448
69448
69455
69489
69493
69523
69547
69556
69560
69570
69583
69592
69593
69595
69597
69610
69610
69614
69619
69632
69637
69648
69653
69655
69675
69677
69682
69701
69709
69710
69710
69712
69715
69729
69731
69746
69747
69755
69756
69767
69768
69776
69778
69788
69799
69820
69825
69832
69834
69857
69865
69892
69908
69910
69923
69928
69942
69954
69976
69978
69986
69999
70021
70024
70029
70030
70036
70037
70048
70050
70058
70064
70078
70082
70089
70094
70098
70111
70132
70137
70149
70150
70152
70159
70159
70166
70178
70206
70212
70214
70219
70232
70249
70255
70280
70286
70291
70294
70298
70307
70311
70317
70317
70337
70349
70389
70396
70420
70420
70422
70437
70451
70473
70476
70485
70487
70492
70500
70512
70525
70531
70543
70544
70547
70549
70550
70564
70570
70579
70585
70590
70591
70613
70619
70624
70636
70638
70641
70661
70673
70674
70679
70681
70685
70691
70693
70705
70705
70708
70716
70739
70763
70764
70784
70790
70792
70798
70801
70802
70820
70820
70869
70882
70886
70901
70909
70929
70931
70932
70945
70953
70955
70970
70972
71003
71004
71019
71025
71028
71030
71037
71053
71068
71085
71086
71091
71094
71110
71118
71130
71186
71202
71214
71220
71233
71235
71250
71259
71269
71276
71284
71295
71326
71333
71352
71367
71371
71374
71375
71379
71392
71403
71418
71463
71465
71466
71478
71478
71516
71518
71519
71520
71521
71524
71534
71547
71551
71555
71562
71590
71593
71605
71606
71609
71632
71632
71636
71653
71668
71696
71698
71700
71705
71710
71713
71723
71738
71750
71750
71760
71765
71779
71785
71802
71802
71810
71811
71816
71833
71850
71854
71872
71875
71876
71880
71886
71895
71914
71933
71950
71965
71976
71976
71982
71982
71989
72006
72016
72022
72029
72040
72049
72064
72083
72090
72095
72121
72123
72132
72135
72140
72165
72174
72184
72197
72205
72258
72280
72292
72305
72313
72319
72331
72333
72352
72359
72379
72383
72391
72395
72416
72419
72420
72425
72425
72430
72431
72435
72452
72461
72471
72475
72497
72502
72526
72541
72554
72560
72562
72611
72617
72634
72664
72675
72678
72689
72725
72730
72737
72741
72746
72757
72757
72779
72789
72793
72806
72813
72819
72830
72842
72857
72871
72873
72876
72892
72929
72940
72949
72965
72966
72971
72974
72976
73018
73029
73029
73044
73064
73069
73085
73086
73089
73094
73108
73127
73131
73133
73140
73143
73145
73148
73160
73169
73173
73179
73189
73189
73189
73191
73197
73217
73229
73229
73240
73243
73249
73254
73274
73276
73306
73308
73308
73312
73314
73321
73328
73335
73335
73345
73352
73352
73361
73371
73385
73388
73411
73420
73420
73423
73424
73432
73442
73442
73448
73448
73484
73501
73513
73519
73532
73541
73543
73544
73550
73556
73569
73595
73634
73635
73637
73647
73661
73664
73683
73684
73691
73702
73712
73745
73756
73795
73797
73803
73806
73813
73824
73825
73843
73850
73857
73863
73869
73872
73877
73881
73884
73900
73918
73935
73942
73944
73948
73948
73951
73968
73974
73978
73989
73991
73992
74002
74004
74041
74055
74072
74074
74078
74091
74091
74096
74110
74117
74131
74142
74145
74150
74155
74159
74169
74191
74206
74208
74211
74219
74234
74239
74252
74256
74262
74303
74320
74322
74323
74323
74328
74334
74356
74358
74415
74432
74436
74437
74446
74452
74455
74458
74463
74471
74473
74507
74507
74513
74525
74559
74566
74569
74585
74595
74623
74636
74652
74665
74683
74683
74684
74685
74700
74704
74709
74709
74727
74732
74735
74756
74776
74777
74795
74804
74809
74835
74849
74870
74885
74890
74893
74901
74906
74908
74910
74914
74934
74934
74941
74948
74959
74975
74979
74996
74997
75001
75039
75041
75042
75042
75053
75054
75055
75069
75094
75098
75101
75109
75118
75118
75124
75184
75186
75187
75188
75199
75207
75213
75228
75228
75228
75238
75241
75256
75259
75260
75262
75281
75289
75292
75311
75347
75359
75368
75376
75380
75394
75397
75405
75423
75427
75433
75435
75439
75449
75458
75460
75465
75466
75516
75522
75526
75540
75545
75553
75564
75565
75575
75591
75598
75601
75613
75619
75622
75623
75642
75652
75665
75675
75677
75677
75680
75685
75692
75718
75720
75739
75747
75755
75765
75787
75788
75795
75802
75809
75810
75822
75854
75860
75861
75877
75894
75908
75909
75916
75918
75918
75930
75941
75942
75945
75955
75960
75971
75975
76014
76024
76029
76029
76044
76049
76051
76052
76070
76089
76093
76100
76109
76125
76126
76128
76128
76167
76254
76254
76258
76259
76288
76296
76342
76352
76361
76389
76391
76413
76413
76428
76434
76437
76441
76447
76448
76471
76472
76472
76475
76540
76541
76551
76563
76567
76571
76571
76586
76588
76597
76611
76621
76628
76635
76641
76642
76649
76663
76689
76692
76709
76715
76717
76724
76738
76742
76745
76755
76766
76769
76773
76781
76782
76796
76802
76815
76819
76824
76824
76830
76847
76851
76869
76870
76896
76921
76935
76939
76944
76961
76974
76978
76986
77004
77006
77026
77033
77066
77074
77076
77088
77104
77120
77141
77146
77192
77205
77205
77216
77246
77257
77262
77267
77282
77294
77310
77317
77321
77326
77347
77358
77361
77370
77380
77401
77403
77410
77411
77439
77439
77440
77467
77477
77496
77500
77502
77512
77520
77546
77561
77567
77588
77615
77625
77626
77627
77631
77631
77682
77689
77728
77729
77734
77737
77759
77769
77800
77818
77826
77830
77831
77843
77859
77866
77867
77895
77905
77911
77913
77922
77928
77967
77983
77984
77984
77984
77985
77986
77992
78003
78004
78007
78047
78061
78071
78092
78113
78130
78141
78159
78170
78174
78175
78176
78187
78192
78203
78233
78255
78261
78300
78302
78313
78324
78328
78352
78361
78369
78374
78378
78395
78406
78409
78410
78410
78415
78421
78450
78464
78490
78495
78499
78501
78506
78506
78517
78530
78531
78537
78564
78567
78574
78578
78592
78596
78603
78609
78615
78619
78620
78627
78650
78655
78666
78682
78697
78740
78746
78747
78749
78752
78760
78765
78771
78777
78787
78788
78810
78833
78839
78845
78861
78864
78869
78871
78873
78874
78885
78892
78897
78910
78918
78921
78924
78932
78949
78963
78974
78978
78980
78981
78983
78990
78994
79041
79042
79044
79051
79059
79065
79073
79091
79099
79099
79120
79123
79142
79158
79164
79166
79169
79183
79201
79212
79237
79239
79249
79251
79252
79255
79273
79304
79311
79313
79317
79331
79334
79347
79354
79356
79356
79361
79363
79364
79377
79378
79384
79410
79410
79410
79421
79433
79434
79439
79442
79446
79450
79454
79467
79486
79488
79494
79503
79515
79522
79526
79529
79535
79549
79555
79559
79570
79575
79592
79611
79631
79638
79638
79642
79644
79658
79678
79686
79688
79693
79712
79718
79730
79732
79734
79741
79753
79762
79763
79777
79793
79796
79800
79801
79810
79819
79833
79851
79853
79855
79859
79868
79883
79903
79903
79905
79919
79928
79931
79956
79963
79971
79991
79996
80014
80016
80016
80022
80025
80062
80065
80076
80084
80086
80096
80108
80150
80171
80171
80182
80184
80196
80199
80200
80207
80217
80236
80239
80242
80256
80259
80265
80289
80290
80303
80311
80312
80391
80391
80398
80400
80408
80408
80410
80411
80415
80419
80419
80474
80475
80490
80501
80523
80540
80568
80570
80577
80578
80602
80603
80605
80608
80622
80627
80631
80635
80664
80674
80680
80687
80712
80733
80744
80746
80751
80770
80791
80798
80798
80819
80824
80828
80861
80865
80873
80884
80886
80896
80903
80909
80920
80928
80929
80931
80934
80960
80966
80967
80967
80981
80995
81000
81004
81012
81036
81051
81055
81064
81076
81077
81081
81087
81121
81126
81132
81164
81175
81177
81182
81186
81189
81205
81222
81243
81246
81254
81254
81260
81275
81297
81298
81300
81317
81328
81340
81350
81354
81368
81370
81384
81417
81431
81436
81439
81466
81486
81511
81512
81516
81537
81570
81586
81588
81596
81599
81600
81611
81614
81622
81625
81629
81632
81650
81654
81663
81668
81678
81687
81687
81698
81702
81707
81708
81711
81740
81749
81753
81759
81759
81759
81760
81770
81770
81788
81813
81817
81818
81829
81834
81840
81861
81870
81878
81881
81883
81894
81935
81952
81958
81962
81972
81976
81979
81986
81992
82033
82033
82039
82054
82067
82090
82143
82153
82163
82194
82197
82214
82225
82231
82237
82237
82244
82252
82259
82265
82269
82277
82283
82309
82315
82335
82351
82371
82394
82413
82421
82422
82433
82451
82456
82462
82484
82490
82493
82504
82513
82551
82562
82589
82596
82606
82609
82611
82626
82634
82644
82667
82678
82695
82705
82709
82721
82722
82729
82730
82736
82755
82755
82765
82793
82809
82830
82842
82875
82891
82891
82909
82916
82920
82930
82933
82951
82973
82993
83008
83013
83015
83018
83045
83052
83062
83064
83069
83074
83077
83078
83086
83108
83114
83135
83135
83138
83164
83171
83180
83182
83200
83204
83204
83207
83210
83214
83260
83283
83287
83290
83291
83304
83304
83320
83329
83330
83334
83343
83395
83396
83408
83444
83448
83452
83469
83488
83489
83490
83491
83493
83502
83519
83519
83526
83533
83535
83544
83547
83549
83554
83559
83582
83596
83597
83598
83601
83603
83621
83623
83642
83642
83643
83660
83661
83666
83668
83680
83690
83695
83719
83723
83759
83775
83779
83782
83790
83790
83803
83803
83806
83811
83819
83836
83846
83852
83873
83913
83937
83947
83952
83959
84004
84015
84023
84026
84032
84051
84053
84054
84063
84088
84095
84108
84121
84127
84146
84150
84167
84167
84177
84184
84207
84210
84212
84212
84221
84222
84227
84270
84292
84300
84300
84303
84307
84312
84313
84324
84336
84337
84347
84354
84363
84377
84386
84387
84394
84396
84401
84402
84416
84419
84421
84431
84431
84437
84438
84442
84445
84483
84485
84503
84522
84531
84534
84536
84546
84547
84552
84559
84578
84584
84589
84594
84601
84603
84635
84649
84657
84680
84692
84694
84695
84696
84709
84718
84721
84725
84727
84738
84795
84801
84802
84810
84833
84835
84838
84843
84893
84901
84901
84905
84910
84910
84931
84953
84995
85022
85024
85032
85052
85059
85063
85067
85070
85073
85091
85093
85098
85101
85101
85109
85111
85123
85129
85133
85150
85164
85166
85172
85188
85214
85219
85223
85259
85265
85286
85292
85304
85347
85348
85356
85360
85373
85386
85401
85409
85414
85419
85424
85434
85438
85485
85487
85494
85495
85495
85509
85512
85513
85531
85569
85571
85591
85597
85607
85610
85625
85625
85644
85645
85646
85648
85657
85672
85683
85684
85707
85734
85742
85757
85762
85765
85796
85812
85821
85839
85845
85858
85866
85867
85889
85908
85917
85919
85929
85934
85936
85947
85968
85971
85972
85984
85985
85988
85998
86000
86010
86018
86027
86027
86047
86048
86060
86063
86074
86077
86077
86085
86106
86120
86144
86166
86191
86199
86203
86211
86218
86233
86237
86237
86243
86280
86304
86321
86325
86383
86384
86385
86390
86392
86393
86396
86400
86406
86408
86419
86423
86425
86431
86480
86481
86511
86512
86522
86522
86553
86556
86557
86564
86568
86569
86611
86614
86621
86635
86650
86651
86654
86665
86683
86685
86694
86711
86713
86736
86741
86746
86756
86769
86773
86776
86782
86799
86804
86811
86812
86813
86816
86817
86828
86830
86830
86837
86839
86843
86862
86865
86869
86888
86897
86908
86929
86974
86977
86977
86977
86997
87017
87017
87018
87024
87041
87042
87044
87053
87057
87067
87084
87086
87094
87106
87115
87122
87136
87141
87160
87165
87167
87177
87188
87189
87196
87198
87207
87209
87219
87230
87232
87260
87262
87271
87272
87276
87289
87306
87327
87327
87334
87335
87338
87342
87366
87369
87382
87394
87408
87420
87436
87442
87444
87446
87449
87470
87474
87475
87488
87513
87529
87534
87557
87564
87613
87619
87640
87653
87653
87655
87660
87662
87667
87670
87680
87688
87695
87698
87728
87766
87781
87795
87812
87823
87824
87835
87837
87839
87841
87848
87852
87857
87864
87873
87884
87900
87900
87902
87910
87913
87935
87947
87959
87965
87970
87973
87974
87993
88007
88019
88035
88050
88052
88057
88079
88084
88086
88089
88094
88105
88106
88118
88123
88127
88147
88151
88155
88166
88168
88199
88202
88205
88216
88219
88219
88230
88234
88238
88239
88240
88254
88262
88273
88283
88296
88299
88310
88354
88360
88360
88364
88371
88373
88375
88390
88395
88397
88405
88406
88407
88410
88423
88432
88434
88475
88539
88541
88571
88580
88651
88659
88660
88682
88684
88703
88721
88722
88735
88752
88771
88782
88820
88835
88845
88847
88854
88873
88879
88901
88928
88930
88956
88958
88961
88977
88980
88986
88994
88995
88995
88996
89019
89031
89057
89057
89061
89066
89077
89077
89092
89095
89114
89118
89143
89167
89173
89197
89210
89210
89232
89247
89252
89253
89257
89267
89275
89279
89286
89299
89309
89320
89332
89347
89363
89368
89389
89393
89402
89412
89445
89446
89448
89458
89459
89471
89472
89472
89475
89479
89481
89503
89511
89525
89537
89546
89552
89558
89563
89572
89592
89592
89599
89608
89611
89621
89624
89624
89638
89640
89653
89656
89659
89665
89665
89675
89689
89710
89711
89718
89720
89739
89750
89759
89760
89761
89778
89790
89820
89827
89857
89865
89873
89882
89904
89928
89936
89960
89962
89967
90006
90016
90016
90020
90024
90028
90031
90040
90053
90054
90055
90063
90067
90098
90131
90135
90154
90181
90188
90190
90196
90197
90198
90221
90235
90243
90245
90247
90254
90282
90286
90296
90316
90323
90335
90343
90353
90355
90366
90375
90381
90416
90422
90440
90442
90456
90481
90488
90494
90506
90513
90524
90530
90535
90547
90552
90557
90561
90564
90589
90591
90595
90598
90600
90601
90602
90604
90604
90648
90649
90658
90673
90684
90692
90710
90711
90713
90722
90733
90734
90747
90753
90784
90803
90811
90812
90830
90843
90859
90867
90871
90919
90928
90931
90934
90948
90961
90963
90971
90975
90982
90985
90987
90997
91003
91060
91064
91066
91085
91100
91107
91110
91116
91125
91126
91131
91142
91152
91176
91183
91189
91192
91195
91214
91229
91231
91234
91264
91272
91286
91291
91291
91303
91304
91308
91310
91314
91338
91349
91349
91352
91356
91358
91368
91375
91377
91399
91400
91404
91406
91408
91416
91454
91459
91462
91467
91491
91513
91519
91525
91526
91530
91531
91532
91539
91554
91610
91613
91622
91631
91642
91654
91656
91666
91669
91678
91704
91708
91743
91763
91768
91797
91817
91827
91828
91862
91867
91875
91892
91895
91917
91927
91928
91942
91963
91963
91968
91969
91970
91975
91992
92000
92014
92022
92027
92030
92040
92068
92069
92070
92075
92090
92095
92108
92108
92112
92121
92127
92152
92185
92205
92214
92218
92222
92251
92264
92313
92317
92317
92327
92334
92338
92362
92379
92386
92411
92422
92427
92435
92449
92459
92463
92463
92467
92482
92486
92486
92509
92513
92526
92569
92569
92577
92591
92592
92598
92610
92616
92623
92628
92630
92652
92661
92662
92677
92678
92693
92706
92730
92730
92733
92744
92748
92752
92754
92767
92779
92782
92792
92793
92796
92820
92823
92847
92862
92872
92882
92889
92899
92924
92926
92930
92936
92950
92951
92955
92994
93001
93009
93009
93011
93027
93043
93083
93085
93108
93112
93114
93142
93143
93172
93173
93196
93204
93221
93233
93233
93236
93244
93246
93285
93296
93298
93299
93299
93306
93311
93346
93350
93355
93379
93400
93410
93416
93416
93418
93422
93428
93432
93436
93458
93478
93485
93502
93515
93521
93534
93558
93559
93562
93570
93579
93588
93598
93612
93629
93634
93635
93638
93654
93657
93667
93674
93682
93682
93697
93701
93713
93718
93718
93755
93772
93777
93778
93778
93785
93789
93791
93808
93811
93811
93822
93827
93840
93848
93849
93852
93854
93855
93860
93877
93879
93883
93885
93915
93940
93957
93982
93983
93983
93987
93992
93994
94001
94011
94018
94022
94033
94045
94050
94069
94084
94089
94104
94114
94138
94139
94147
94157
94164
94168
94173
94190
94200
94210
94220
94227
94249
94251
94275
94287
94301
94310
94318
94325
94345
94345
94359
94359
94359
94368
94378
94383
94386
94433
94458
94464
94464
94474
94476
94499
94514
94518
94535
94543
94549
94556
94562
94575
94595
94598
94598
94600
94606
94630
94672
94677
94687
94692
94711
94712
94714
94720
94722
94728
94740
94740
94742
94746
94767
94770
94775
94776
94778
94780
94781
94784
94786
94787
94789
94832
94834
94849
94858
94859
94861
94870
94873
94876
94877
94883
94885
94889
94902
94909
94920
94927
94930
94949
94949
94956
94982
94987
94993
94995
94997
95007
95019
95028
95055
95073
95073
95084
95114
95114
95117
95122
95122
95133
95141
95147
95147
95155
95165
95188
95198
95203
95204
95206
95211
95213
95217
95235
95251
95258
95275
95302
95313
95315
95317
95333
95334
95337
95344
95357
95369
95373
95386
95387
95391
95397
95404
95410
95411
95419
95428
95431
95454
95464
95469
95476
95481
95482
95497
95502
95507
95510
95532
95542
95547
95548
95555
95566
95580
95608
95628
95648
95664
95666
95674
95683
95722
95723
95726
95731
95739
95758
95774
95795
95808
95810
95811
95823
95826
95826
95838
95840
95853
95855
95862
95872
95874
95886
95896
95934
95938
95938
95938
95984
96002
96003
96010
96014
96025
96025
96046
96060
96080
96090
96091
96101
96103
96107
96124
96130
96134
96158
96160
96168
96172
96182
96185
96195
96208
96252
96270
96289
96296
96307
96316
96316
96330
96338
96343
96347
96360
96365
96372
96372
96377
96377
96384
96391
96411
96424
96437
96454
96454
96462
96480
96485
96486
96494
96501
96508
96541
96542
96543
96548
96565
96568
96582
96591
96603
96610
96612
96626
96654
96661
96687
96691
96706
96710
96714
96716
96730
96737
96738
96754
96757
96781
96783
96803
96825
96825
96849
96862
96873
96876
96882
96882
96892
96893
96893
96895
96910
96920
96934
96935
96940
96949
96955
96958
96959
96971
96985
96985
96995
97003
97009
97031
97044
97048
97052
97086
97089
97092
97092
97095
97107
97110
97111
97123
97132
97137
97138
97142
97146
97169
97185
97195
97197
97198
97230
97242
97244
97244
97252
97252
97260
97264
97301
97302
97304
97323
97323
97326
97337
97357
97362
97381
97396
97396
97405
97407
97417
97422
97436
97443
97444
97469
97471
97480
97481
97481
97495
97506
97520
97555
97570
97575
97603
97615
97626
97645
97665
97665
97672
97679
97690
97696
97710
97724
97739
97753
97779
97796
97798
97807
97809
97832
97842
97847
97852
97855
97858
97877
97890
97925
97926
97943
97945
97948
97950
97978
97982
97992
97993
98005
98008
98010
98018
98021
98036
98049
98055
98067
98081
98081
98085
98130
98133
98135
98149
98155
98174
98195
98197
98221
98227
98229
98268
98270
98292
98300
98300
98303
98312
98324
98360
98370
98373
98383
98390
98421
98448
98489
98494
98524
98532
98545
98557
98574
98595
98604
98609
98611
98614
98617
98626
98627
98633
98643
98648
98650
98664
98666
98668
98668
98670
98670
98685
98696
98697
98698
98704
98707
98724
98756
98757
98775
98779
98795
98814
98829
98871
98874
98875
98889
98895
98915
98926
98932
98947
98949
98958
98968
98976
98991
99010
99024
99025
99029
99033
99045
99056
99076
99076
99079
99084
99087
99093
99095
99125
99134
99142
99145
99152
99156
99177
99179
99186
99187
99188
99191
99196
99197
99199
99213
99214
99219
99239
99240
99241
99275
99276
99293
99294
99310
99317
99327
99329
99331
99334
99338
99344
99373
99385
99392
99397
99399
99399
99400
99403
99407
99411
99414
99421
99444
99457
99476
99486
99487
99493
99494
99495
99502
99513
99517
99519
99526
99527
99551
99568
99573
99585
99589
99609
99645
99657
99669
99706
99709
99717
99720
99733
99748
99776
99823
99831
99832
99843
99843
99862
99881
99888
99892
99899
99917
99920
99921
99929
99931
99939
99944
99949
99974
99978
99995
99999
