1
1
3
9
16
22
25
26
35
39
47
48
52
70
81
92
98
107
120
156
165
178
187
220
228
239
240
293
373
392
394
397
400
408
411
413
421
422
426
433
453
457
487
491
494
503
503
504
526
530
531
536
543
556
570
620
638
646
648
676
680
680
697
713
715
730
734
735
745
763
765
769
771
777
789
793
797
798
802
848
854
868
873
876
879
885
889
918
931
943
949
965
970
982
990
992
995
1005
1024
1030
1033
1042
1050
1076
1077
1086
1091
1121
1124
1129
1132
1134
1135
1136
1142
1152
1156
1172
1184
1190
1197
1199
1204
1214
1229
1255
1264
1280
1285
1290
1291
1294
1294
1316
1317
1327
1338
1346
1348
1363
1372
1379
1380
1386
1402
1410
1417
1428
1429
1440
1448
1466
1469
1492
1511
1512
1519
1521
1523
1528
1528
1530
1536
1554
1564
1564
1577
1577
1579
1600
1606
1617
1620
1640
1666
1694
1702
1708
1709
1717
1724
1730
1732
1733
1734
1741
1743
1753
1755
1769
1771
1772
1785
1810
1810
1876
1895
1906
1911
1913
1957
1964
1976
1981
1982
1993
2016
2049
2057
2069
2096
2096
2098
2098
2101
2102
2162
2175
2185
2192
2202
2202
2204
2215
2259
2267
2271
2275
2277
2292
2292
2295
2304
2306
2316
2324
2331
2335
2338
2354
2371
2375
2381
2384
2386
2388
2392
2396
2401
2403
2412
2436
2440
2464
2501
2509
2513
2523
2549
2552
2562
2565
2584
2589
2615
2628
2628
2635
2646
2650
2656
2656
2704
2714
2718
2721
2749
2771
2772
2795
2811
2821
2836
2856
2856
2858
2865
2865
2876
2889
2903
2912
2923
2945
2947
2949
2950
2953
2964
2974
2977
3004
3010
3057
3062
3066
3066
3078
3085
3111
3113
3124
3126
3142
3143
3160
3163
3171
3190
3192
3195
3197
3197
3200
3216
3242
3249
3252
3256
3264
3265
3268
3295
3304
3305
3317
3330
3342
3346
3348
3349
3360
3363
3363
3373
3375
3386
3393
3393
3396
3405
3415
3425
3440
3455
3458
3470
3480
3481
3495
3516
3517
3529
3532
3532
3532
3543
3555
3563
3564
3572
3582
3596
3606
3622
3634
3667
3690
3718
3719
3726
3729
3742
3748
3748
3753
3759
3779
3790
3799
3802
3809
3813
3824
3840
3841
3878
3883
3902
3903
3910
3939
3975
3985
3996
3997
4000
4027
4029
4042
4049
4111
4127
4130
4138
4141
4146
4149
4163
4187
4206
4220
4226
4231
4242
4244
4245
4249
4259
4262
4276
4302
4302
4310
4318
4321
4331
4357
4359
4361
4371
4374
4380
4396
4420
4436
4475
4492
4495
4501
4514
4522
4549
4554
4556
4565
4578
4593
4617
4618
4624
4626
4626
4642
4655
4656
4656
4674
4679
4680
4697
4711
4718
4724
4729
4743
4770
4770
4774
4776
4781
4811
4815
4817
4824
4839
4848
4856
4859
4861
4867
4897
4900
4907
4912
4913
4917
4941
4955
4964
4970
4973
4981
5005
5014
5020
5022
5028
5034
5052
5053
5061
5076
5086
5094
5096
5103
5110
5115
5122
5126
5128
5136
5142
5142
5143
5153
5166
5174
5177
5179
5187
5189
5195
5201
5213
5247
5279
5281
5281
5293
5299
5305
5306
5312
5316
5317
5320
5321
5341
5356
5367
5370
5380
5385
5397
5403
5420
5420
5449
5464
5467
5473
5474
5493
5516
5521
5522
5524
5532
5535
5546
5547
5548
5549
5556
5584
5602
5602
5610
5636
5643
5658
5684
5687
5690
5702
5718
5731
5746
5758
5762
5768
5773
5776
5779
5815
5816
5825
5825
5834
5844
5857
5881
5884
5889
5900
5912
5915
5917
5974
5981
5991
6002
6009
6014
6015
6027
6031
6034
6041
6050
6107
6113
6130
6169
6186
6202
6212
6214
6214
6229
6232
6283
6300
6341
6355
6388
6398
6411
6415
6420
6434
6435
6456
6476
6478
6484
6488
6499
6507
6524
6529
6530
6546
6554
6558
6567
6570
6573
6577
6586
6588
6621
6623
6624
6626
6635
6646
6648
6651
6667
6669
6680
6683
6683
6694
6695
6711
6745
6749
6755
6789
6796
6816
6826
6826
6833
6850
6862
6896
6906
6907
6912
6917
6928
6931
6947
6959
6972
6979
6981
6996
7001
7008
7020
7030
7031
7036
7041
7064
7070
7082
7090
7102
7105
7112
7126
7131
7149
7153
7154
7158
7176
7188
7188
7199
7208
7227
7230
7238
7245
7263
7282
7299
7312
7314
7329
7341
7341
7355
7355
7358
7375
7401
7402
7403
7429
7438
7444
7447
7459
7469
7469
7485
7488
7507
7510
7522
7538
7553
7559
7569
7577
7596
7598
7607
7613
7613
7632
7648
7654
7667
7675
7676
7676
7696
7698
7710
7723
7735
7737
7753
7773
7784
7812
7818
7864
7877
7888
7902
7909
7940
7943
7948
7949
7967
7975
7982
7994
7997
8000
8039
8061
8067
8090
8091
8092
8106
8106
8108
8125
8129
8132
8161
8167
8179
8192
8203
8239
8239
8250
8268
8288
8316
8322
8322
8326
8329
8333
8341
8341
8424
8442
8462
8463
8467
8497
8508
8522
8558
8565
8567
8578
8579
8584
8587
8622
8633
8643
8652
8663
8679
8693
8698
8701
8703
8708
8719
8725
8731
8741
8748
8753
8769
8772
8779
8788
8792
8807
8811
8815
8820
8824
8837
8842
8843
8844
8844
8848
8855
8855
8869
8871
8872
8882
8887
8891
8891
8904
8921
8931
8941
8942
8944
8951
8960
8960
8970
8983
8988
8989
8996
8996
9011
9015
9016
9023
9028
9031
9032
9047
9061
9062
9066
9080
9090
9092
9124
9129
9144
9145
9149
9159
9162
9165
9204
9218
9244
9262
9263
9277
9282
9301
9318
9365
9373
9374
9374
9383
9384
9389
9402
9407
9424
9449
9452
9457
9477
9481
9494
9500
9501
9533
9533
9562
9566
9568
9571
9582
9594
9636
9657
9657
9659
9662
9664
9673
9682
9686
9700
9720
9722
9725
9725
9746
9752
9758
9761
9766
9779
9781
9812
9819
9843
9846
9846
9860
9862
9864
9886
9911
9920
9927
9931
9945
9949
9949
9954
9958
9963
9971
9988
9993
10014
10028
10044
10044
10061
10066
10073
10075
10105
10130
10132
10135
10138
10140
10157
10162
10169
10188
10190
10194
10202
10204
10252
10278
10296
10297
10304
10305
10315
10318
10361
10378
10383
10389
10396
10400
10422
10447
10465
10480
10481
10490
10507
10531
10540
10544
10562
10592
10605
10606
10607
10609
10617
10625
10635
10636
10643
10653
10660
10676
10679
10682
10692
10733
10737
10752
10764
10780
10799
10804
10810
10811
10812
10880
10894
10896
10898
10939
10951
10953
10973
11015
11020
11027
11035
11046
11046
11060
11062
11092
11115
11123
11136
11147
11167
11178
11231
11245
11261
11263
11264
11268
11271
11282
11283
11293
11304
11322
11357
11364
11366
11370
11395
11402
11436
11437
11441
11445
11446
11450
11453
11467
11471
11477
11494
11498
11499
11503
11508
11521
11529
11543
11551
11556
11567
11570
11604
11606
11613
11620
11667
11675
11683
11694
11697
11701
11709
11717
11727
11730
11756
11780
11795
11799
11808
11821
11821
11836
11839
11839
11856
11858
11859
11871
11882
11889
11901
11904
11904
11916
11919
11925
11935
11947
11948
11953
11963
11967
11973
11991
12007
12009
12018
12021
12035
12043
12049
12062
12066
12074
12086
12087
12098
12108
12109
12120
12121
12127
12170
12186
12191
12198
12199
12209
12209
12251
12253
12256
12260
12261
12286
12314
12334
12338
12351
12360
12379
12399
12404
12408
12412
12425
12441
12445
12447
12455
12472
12473
12479
12481
12481
12485
12505
12514
12519
12520
12522
12541
12555
12564
12577
12592
12593
12603
12606
12606
12621
12621
12629
12639
12648
12654
12670
12671
12673
12677
12678
12692
12732
12734
12739
12775
12780
12785
12789
12804
12808
12810
12816
12819
12829
12836
12838
12840
12856
12858
12892
12894
12909
12919
12923
12939
12944
12946
12957
12958
12963
12985
12992
13047
13054
13058
13058
13061
13063
13091
13107
13111
13115
13122
13124
13128
13129
13132
13138
13159
13167
13172
13180
13180
13188
13242
13243
13250
13256
13277
13295
13325
13326
13335
13344
13382
13405
13429
13444
13448
13454
13457
13470
13481
13485
13490
13493
13520
13532
13538
13540
13550
13550
13597
13600
13629
13650
13652
13676
13681
13686
13695
13700
13705
13716
13726
13730
13734
13764
13766
13774
13790
13790
13809
13810
13831
13833
13843
13843
13850
13861
13867
13874
13895
13902
13916
13926
13932
13951
13964
13987
13997
14009
14010
14012
14045
14045
14082
14086
14087
14093
14095
14115
14116
14116
14138
14158
14237
14243
14253
14259
14266
14293
14295
14321
14333
14368
14378
14379
14380
14387
14392
14392
14404
14409
14419
14426
14430
14433
14471
14475
14477
14508
14517
14524
14528
14534
14539
14547
14551
14553
14564
14568
14578
14580
14586
14602
14606
14643
14669
14669
14683
14691
14694
14700
14707
14728
14741
14751
14755
14768
14770
14777
14778
14785
14786
14793
14798
14805
14806
14816
14818
14833
14840
14840
14851
14858
14861
14883
14894
14906
14908
14914
14935
14945
14953
14957
14958
14968
14988
14994
14995
14996
15000
15001
15003
15011
15019
15036
15037
15058
15061
15062
15072
15084
15095
15100
15119
15128
15135
15138
15144
15160
15163
15167
15171
15203
15222
15250
15277
15283
15302
15305
15308
15310
15315
15316
15338
15339
15344
15344
15345
15373
15381
15382
15391
15434
15470
15475
15478
15479
15484
15490
15491
15499
15501
15503
15505
15520
15551
15579
15582
15589
15598
15603
15608
15612
15614
15621
15626
15627
15643
15647
15648
15649
15650
15668
15681
15681
15706
15721
15732
15737
15741
15747
15769
15785
15802
15806
15810
15816
15831
15833
15848
15851
15869
15883
15891
15903
15913
15914
15921
15927
15929
15939
15942
15943
15962
15963
15973
15974
15984
15986
15998
16028
16032
16054
16074
16081
16089
16115
16117
16117
16127
16129
16153
16160
16172
16175
16175
16176
16194
16196
16229
16264
16270
16281
16285
16285
16295
16312
16325
16325
16347
16350
16362
16363
16370
16371
16380
16391
16420
16449
16461
16464
16468
16490
16500
16508
16515
16517
16524
16545
16550
16553
16561
16565
16567
16580
16580
16600
16600
16608
16611
16623
16646
16651
16651
16671
16704
16707
16707
16708
16713
16714
16714
16715
16723
16730
16745
16748
16752
16764
16765
16766
16771
16787
16797
16800
16813
16821
16823
16833
16852
16861
16869
16876
16888
16891
16906
16915
16921
16933
16934
16938
16938
16955
16957
16985
16987
16992
16994
17008
17030
17032
17036
17041
17050
17053
17053
17053
17059
17088
17091
17099
17113
17121
17130
17150
17171
17189
17200
17202
17215
17246
17266
17274
17287
17288
17302
17316
17327
17330
17338
17339
17350
17364
17383
17397
17407
17408
17424
17431
17438
17457
17487
17523
17527
17528
17532
17533
17536
17548
17552
17566
17580
17584
17593
17609
17631
17651
17665
17684
17687
17718
17752
17779
17783
17799
17800
17804
17818
17819
17819
17827
17830
17834
17846
17848
17863
17868
17875
17877
17878
17882
17895
17901
17906
17907
17913
17926
17934
17936
17947
17952
17956
17981
17989
18004
18017
18017
18018
18019
18024
18029
18055
18077
18098
18098
18117
18125
18126
18132
18140
18143
18145
18147
18148
18161
18161
18167
18168
18177
18189
18191
18193
18198
18198
18216
18237
18241
18246
18260
18279
18296
18334
18335
18344
18347
18350
18357
18358
18364
18371
18377
18386
18387
18401
18406
18430
18431
18434
18455
18457
18463
18463
18465
18468
18489
18495
18499
18515
18541
18560
18568
18569
18577
18587
18597
18618
18623
18626
18638
18644
18677
18687
18687
18693
18696
18702
18703
18716
18716
18722
18724
18731
18740
18750
18775
18792
18794
18807
18820
18829
18835
18836
18840
18852
18874
18874
18890
18902
18902
18908
18912
18912
18918
18922
18924
18927
18963
18973
18976
18979
18980
18982
18985
18985
18986
18994
18994
19008
19036
19052
19060
19069
19087
19095
19113
19113
19114
19122
19145
19148
19171
19174
19178
19178
19181
19184
19202
19206
19215
19222
19224
19242
19244
19249
19266
19269
19272
19277
19292
19297
19300
19303
19310
19322
19348
19369
19389
19390
19403
19416
19421
19424
19432
19450
19479
19518
19522
19540
19552
19553
19554
19567
19579
19581
19585
19608
19663
19664
19667
19678
19680
19697
19755
19766
19783
19796
19803
19810
19811
19819
19822
19824
19840
19850
19864
19868
19868
19873
19915
19917
19943
19950
19951
19969
19973
19976
19990
19993
20001
20001
20004
20006
20012
20013
20020
20029
20042
20044
20047
20055
20070
20084
20089
20095
20129
20154
20157
20163
20168
20172
20201
20202
20215
20231
20237
20242
20244
20257
20275
20302
20303
20317
20318
20322
20351
20354
20363
20371
20384
20407
20414
20420
20425
20437
20440
20442
20457
20461
20468
20469
20482
20484
20485
20489
20505
20505
20509
20512
20525
20535
20543
20583
20593
20600
20617
20653
20655
20690
20697
20704
20712
20804
20811
20814
20823
20849
20858
20858
20873
20876
20890
20908
20910
20916
20917
20925
20928
20930
20940
20969
20981
20985
21026
21029
21052
21059
21072
21084
21085
21106
21119
21123
21142
21178
21186
21189
21196
21216
21224
21225
21225
21228
21230
21249
21251
21252
21259
21267
21292
21293
21304
21315
21316
21325
21328
21330
21348
21354
21378
21382
21400
21411
21424
21449
21477
21507
21514
21554
21556
21557
21569
21612
21615
21625
21646
21679
21680
21696
21697
21704
21710
21734
21748
21777
21785
21787
21791
21817
21820
21825
21825
21834
21835
21874
21876
21897
21902
21912
21919
21952
21974
21977
21986
22004
22018
22022
22024
22027
22034
22059
22065
22131
22137
22181
22183
22216
22234
22240
22243
22248
22248
22251
22253
22279
22291
22311
22316
22317
22334
22341
22364
22379
22387
22397
22397
22399
22407
22414
22414
22423
22434
22440
22455
22455
22457
22483
22485
22509
22543
22553
22554
22566
22575
22590
22592
22598
22615
22618
22620
22621
22650
22653
22681
22690
22691
22704
22713
22718
22724
22729
22739
22747
22775
22776
22808
22808
22809
22815
22817
22829
22831
22853
22857
22860
22871
22872
22874
22896
22921
22924
22957
22963
22979
22979
22979
22980
23007
23015
23021
23028
23066
23084
23099
23104
23120
23123
23126
23138
23158
23168
23185
23189
23200
23213
23222
23244
23252
23252
23261
23262
23297
23299
23300
23304
23307
23319
23322
23322
23330
23361
23367
23378
23382
23391
23394
23395
23403
23417
23419
23423
23440
23441
23442
23443
23457
23472
23475
23482
23491
23525
23526
23542
23550
23555
23556
23560
23575
23582
23591
23596
23597
23601
23608
23613
23663
23667
23674
23677
23688
23692
23697
23710
23715
23717
23719
23727
23730
23734
23738
23753
23758
23768
23768
23782
23796
23820
23821
23865
23881
23889
23891
23920
23936
23954
23959
23963
23972
23980
24001
24004
24005
24007
24010
24027
24041
24046
24059
24066
24078
24083
24093
24106
24119
24123
24155
24173
24175
24176
24180
24182
24188
24209
24235
24237
24278
24287
24315
24331
24339
24346
24372
24385
24403
24407
24407
24422
24422
24446
24465
24481
24497
24505
24507
24513
24515
24523
24524
24534
24551
24565
24572
24574
24574
24578
24582
24584
24593
24593
24600
24600
24610
24611
24621
24643
24646
24650
24662
24671
24672
24677
24715
24721
24724
24730
24730
24741
24748
24749
24758
24768
24770
24771
24773
24786
24794
24807
24817
24818
24822
24834
24837
24839
24850
24854
24856
24858
24867
24880
24901
24910
24910
24930
24930
24934
24947
24953
24961
25028
25031
25033
25033
25045
25060
25067
25076
25081
25105
25111
25128
25152
25174
25178
25186
25211
25245
25248
25295
25306
25316
25326
25336
25350
25365
25379
25435
25451
25452
25452
25453
25460
25462
25468
25482
25515
25527
25528
25531
25532
25533
25541
25551
25562
25563
25565
25572
25582
25610
25621
25622
25632
25643
25653
25656
25664
25668
25706
25709
25717
25719
25727
25732
25736
25740
25740
25742
25755
25761
25764
25781
25797
25798
25826
25826
25838
25841
25846
25848
25865
25865
25869
25878
25885
25898
25900
25915
25930
25938
25941
25961
25963
25985
25995
26005
26036
26051
26060
26064
26066
26067
26094
26096
26101
26109
26120
26153
26165
26168
26171
26227
26231
26233
26239
26240
26249
26260
26268
26304
26306
26306
26312
26341
26350
26356
26360
26385
26387
26404
26415
26419
26435
26461
26467
26497
26501
26519
26522
26523
26525
26526
26529
26555
26569
26578
26584
26596
26605
26607
26614
26621
26626
26635
26638
26643
26649
26663
26674
26683
26691
26714
26723
26730
26730
26758
26784
26801
26802
26814
26816
26829
26829
26850
26867
26867
26868
26888
26897
26902
26902
26914
26914
26924
26927
26944
26946
26968
26974
26984
26997
27000
27002
27004
27005
27029
27034
27072
27073
27075
27090
27093
27096
27096
27142
27147
27147
27152
27153
27157
27178
27186
27189
27190
27213
27224
27236
27246
27249
27250
27251
27253
27278
27283
27285
27292
27313
27315
27318
27334
27347
27355
27363
27376
27390
27398
27399
27423
27431
27438
27441
27441
27446
27446
27447
27455
27455
27485
27487
27489
27490
27492
27509
27510
27521
27524
27551
27553
27559
27566
27584
27587
27609
27613
27624
27634
27640
27652
27663
27664
27673
27680
27693
27715
27722
27728
27739
27743
27744
27758
27760
27769
27775
27784
27793
27800
27805
27814
27815
27816
27817
27822
27823
27824
27835
27850
27863
27863
27869
27873
27875
27881
27892
27899
27901
27913
27918
27926
27927
27939
27946
27949
27952
27964
27965
27967
27969
27975
27991
28020
28035
28036
28045
28071
28088
28109
28116
28123
28159
28178
28180
28184
28188
28211
28238
28240
28267
28279
28291
28298
28299
28316
28321
28365
28368
28368
28387
28394
28407
28410
28411
28432
28435
28436
28452
28468
28471
28485
28492
28504
28521
28526
28541
28552
28561
28566
28595
28597
28605
28606
28607
28612
28620
28631
28634
28637
28655
28663
28667
28674
28692
28697
28707
28712
28724
28740
28746
28749
28771
28775
28778
28790
28790
28796
28799
28805
28821
28835
28838
28866
28869
28880
28900
28913
28915
28926
28950
28954
28956
28971
28978
28980
28988
29014
29059
29068
29074
29080
29091
29097
29106
29153
29163
29184
29221
29222
29241
29242
29256
29260
29272
29288
29291
29297
29301
29302
29304
29305
29305
29307
29316
29316
29333
29342
29363
29365
29378
29391
29391
29392
29397
29404
29419
29435
29451
29462
29465
29472
29477
29482
29484
29489
29507
29511
29516
29516
29535
29549
29554
29568
29574
29579
29584
29595
29597
29607
29615
29625
29631
29633
29636
29644
29664
29667
29669
29678
29695
29702
29706
29717
29737
29750
29753
29773
29780
29792
29795
29809
29814
29814
29816
29828
29830
29836
29837
29855
29875
29879
29907
29914
29921
29932
29934
29936
29951
29951
29971
29974
29989
29992
30017
30019
30028
30029
30033
30036
30045
30046
30049
30056
30075
30081
30082
30085
30106
30109
30124
30143
30145
30156
30162
30175
30184
30195
30208
30227
30244
30252
30290
30294
30300
30305
30306
30308
30310
30310
30310
30313
30329
30334
30344
30374
30388
30411
30415
30425
30442
30463
30470
30482
30493
30493
30496
30497
30512
30559
30570
30574
30583
30598
30601
30629
30629
30631
30636
30638
30647
30648
30659
30669
30672
30682
30695
30709
30720
30733
30750
30756
30766
30770
30778
30787
30796
30797
30798
30810
30812
30812
30814
30835
30840
30842
30851
30856
30868
30894
30944
30948
30956
30961
30973
30974
30975
30979
31016
31035
31053
31071
31074
31075
31098
31120
31128
31133
31133
31134
31150
31155
31177
31189
31193
31225
31227
31227
31234
31260
31260
31266
31286
31290
31291
31291
31293
31293
31297
31298
31303
31307
31311
31328
31332
31345
31349
31355
31358
31369
31381
31384
31388
31389
31390
31402
31406
31420
31422
31423
31424
31430
31454
31462
31463
31484
31493
31511
31513
31517
31522
31529
31530
31533
31537
31554
31567
31574
31580
31588
31629
31642
31652
31710
31715
31717
31736
31737
31759
31770
31774
31786
31800
31801
31806
31843
31873
31885
31888
31889
31898
31900
31907
31908
31917
31924
31949
31951
31964
31975
32004
32006
32008
32043
32049
32055
32061
32071
32079
32083
32101
32103
32107
32123
32133
32141
32142
32180
32180
32182
32184
32209
32232
32240
32257
32258
32267
32270
32288
32323
32326
32328
32328
32390
32393
32404
32405
32422
32436
32452
32457
32457
32463
32465
32466
32467
32468
32474
32474
32480
32488
32489
32490
32494
32494
32498
32503
32504
32510
32515
32528
32538
32539
32541
32569
32570
32572
32580
32586
32590
32596
32602
32604
32616
32624
32634
32636
32642
32646
32647
32655
32657
32662
32664
32674
32675
32681
32684
32687
32722
32785
32787
32789
32795
32800
32802
32807
32820
32824
32824
32847
32859
32860
32870
32881
32882
32883
32912
32916
32919
32932
32936
32943
32945
32948
32956
32970
32981
33014
33030
33036
33070
33073
33078
33095
33099
33107
33117
33117
33123
33133
33145
33156
33200
33222
33223
33225
33228
33229
33229
33246
33258
33276
33295
33326
33353
33353
33358
33360
33363
33366
33371
33385
33386
33387
33399
33424
33436
33439
33444
33452
33455
33461
33463
33474
33498
33509
33515
33519
33537
33539
33547
33556
33561
33561
33593
33602
33609
33647
33657
33670
33687
33701
33709
33714
33724
33732
33759
33765
33768
33775
33776
33786
33786
33812
33823
33835
33842
33847
33848
33866
33866
33869
33883
33896
33898
33898
33932
33945
33956
33966
33977
33985
33986
33991
33998
34000
34006
34022
34033
34065
34092
34099
34102
34128
34128
34156
34179
34191
34206
34215
34216
34224
34247
34253
34254
34260
34269
34272
34277
34279
34283
34285
34289
34291
34306
34310
34310
34311
34319
34334
34341
34358
34380
34406
34428
34442
34458
34460
34461
34475
34513
34518
34549
34550
34560
34561
34563
34564
34567
34604
34611
34615
34617
34628
34633
34633
34634
34638
34640
34642
34649
34668
34681
34697
34699
34701
34712
34723
34726
34728
34728
34732
34742
34792
34793
34799
34841
34847
34848
34860
34863
34869
34869
34873
34910
34918
34928
34940
34951
34954
34963
34996
34997
35004
35006
35011
35011
35014
35014
35021
35034
35045
35050
35050
35060
35061
35084
35094
35121
35145
35146
35148
35175
35187
35222
35263
35284
35293
35346
35379
35380
35383
35399
35411
35416
35417
35444
35449
35458
35479
35482
35484
35495
35552
35568
35588
35595
35621
35635
35651
35653
35665
35673
35675
35685
35696
35697
35715
35716
35716
35762
35762
35773
35784
35786
35797
35834
35834
35842
35842
35854
35866
35888
35892
35897
35907
35920
35928
35939
35969
35978
35994
35996
36010
36011
36015
36042
36068
36093
36096
36098
36104
36111
36128
36143
36160
36163
36172
36196
36203
36210
36220
36233
36294
36324
36340
36346
36350
36364
36412
36421
36437
36453
36456
36477
36491
36497
36507
36527
36531
36531
36532
36540
36549
36551
36563
36571
36590
36594
36600
36603
36605
36609
36612
36629
36633
36639
36639
36645
36651
36660
36677
36683
36685
36686
36695
36701
36710
36712
36722
36738
36760
36762
36771
36775
36785
36797
36828
36833
36843
36845
36866
36887
36896
36913
36918
36922
36944
36953
36961
36992
36999
37003
37007
37016
37024
37035
37035
37039
37050
37058
37076
37080
37081
37103
37111
37130
37147
37155
37162
37175
37180
37190
37191
37194
37257
37289
37293
37293
37319
37334
37344
37359
37374
37374
37383
37383
37388
37391
37418
37437
37444
37461
37466
37467
37475
37494
37518
37532
37573
37574
37578
37582
37592
37600
37603
37612
37628
37634
37637
37654
37666
37667
37671
37673
37694
37711
37722
37732
37738
37747
37788
37791
37796
37812
37823
37824
37824
37844
37856
37862
37866
37882
37885
37914
37921
37927
37932
37937
37938
37954
37960
37968
37974
37988
37992
37995
37996
38000
38007
38010
38024
38030
38038
38041
38042
38058
38061
38062
38074
38082
38090
38107
38123
38126
38127
38147
38158
38185
38197
38198
38199
38207
38216
38230
38251
38253
38255
38291
38293
38302
38309
38310
38315
38315
38336
38369
38390
38413
38421
38424
38441
38467
38469
38479
38494
38515
38524
38530
38532
38542
38547
38558
38572
38575
38579
38613
38619
38622
38626
38639
38639
38639
38643
38659
38666
38669
38673
38694
38703
38727
38738
38741
38747
38748
38752
38757
38772
38772
38782
38804
38821
38823
38835
38837
38864
38884
38892
38909
38912
38913
38923
38924
38936
38946
38960
38961
38965
38989
39015
39027
39029
39042
39055
39059
39069
39091
39108
39113
39123
39136
39176
39184
39190
39220
39223
39252
39282
39288
39288
39290
39294
39301
39306
39310
39317
39323
39329
39331
39341
39364
39376
39395
39399
39408
39422
39423
39454
39457
39461
39468
39479
39497
39514
39527
39529
39535
39544
39553
39571
39601
39608
39612
39623
39638
39659
39667
39686
39687
39689
39694
39697
39715
39719
39746
39757
39773
39776
39801
39806
39808
39846
39853
39859
39862
39874
39877
39895
39897
39897
39901
39903
39916
39929
39939
39940
39945
39952
39953
39968
39976
39978
40000
40023
40025
40038
40045
40050
40058
40063
40067
40114
40132
40182
40199
40245
40249
40252
40263
40302
40322
40329
40330
40332
40343
40352
40361
40363
40374
40376
40377
40384
40391
40393
40398
40399
40411
40418
40434
40437
40448
40455
40455
40480
40495
40500
40533
40540
40544
40550
40552
40573
40578
40588
40595
40616
40618
40618
40633
40654
40670
40684
40692
40693
40694
40706
40719
40735
40749
40760
40791
40794
40810
40825
40838
40842
40868
40879
40881
40883
40887
40887
40892
40906
40913
40916
40923
40928
40949
40956
40957
41002
41008
41014
41017
41022
41035
41035
41051
41055
41084
41095
41102
41107
41120
41127
41132
41153
41162
41175
41183
41185
41188
41203
41210
41220
41246
41285
41290
41307
41308
41308
41321
41324
41332
41379
41379
41394
41401
41431
41435
41448
41470
41471
41484
41486
41488
41497
41525
41525
41533
41562
41574
41584
41606
41618
41623
41627
41659
41670
41679
41685
41685
41694
41700
41715
41731
41733
41744
41756
41799
41814
41849
41856
41874
41879
41881
41885
41885
41901
41902
41916
41917
41934
41936
41937
41954
41954
41957
41958
41964
41967
41974
41981
41985
41986
41988
42001
42001
42009
42017
42017
42020
42022
42045
42066
42070
42092
42097
42105
42107
42108
42117
42117
42120
42131
42135
42178
42179
42200
42209
42216
42218
42219
42221
42224
42234
42236
42237
42240
42247
42252
42255
42277
42284
42286
42291
42298
42306
42308
42325
42325
42332
42336
42342
42361
42381
42395
42405
42407
42415
42426
42435
42435
42443
42457
42460
42463
42484
42486
42492
42504
42508
42511
42523
42526
42526
42534
42547
42553
42563
42573
42573
42585
42587
42604
42607
42610
42612
42623
42645
42658
42660
42661
42679
42684
42712
42726
42731
42742
42763
42772
42778
42781
42787
42793
42806
42810
42812
42842
42843
42851
42856
42861
42870
42885
42893
42910
42922
42922
42925
42939
42952
42959
42960
42961
42967
42968
42970
42980
43003
43006
43039
43043
43083
43085
43106
43124
43130
43131
43153
43180
43209
43231
43236
43241
43252
43257
43268
43282
43294
43295
43313
43319
43325
43328
43337
43338
43354
43361
43366
43387
43391
43400
43401
43409
43417
43423
43424
43441
43443
43460
43467
43486
43488
43527
43538
43543
43553
43569
43578
43584
43586
43608
43627
43629
43649
43652
43655
43668
43672
43677
43681
43688
43693
43711
43723
43756
43759
43764
43770
43779
43787
43803
43811
43814
43815
43826
43837
43847
43851
43860
43868
43870
43874
43877
43878
43885
43899
43908
43912
43927
43939
43959
43960
43978
43982
44024
44036
44065
44075
44075
44090
44095
44096
44097
44107
44110
44121
44122
44133
44149
44184
44184
44198
44202
44217
44219
44221
44226
44229
44243
44250
44253
44265
44274
44303
44338
44342
44343
44346
44350
44362
44378
44405
44408
44441
44455
44485
44494
44499
44517
44521
44535
44549
44557
44568
44582
44589
44609
44613
44616
44638
44640
44649
44663
44663
44668
44669
44682
44698
44699
44732
44743
44745
44751
44759
44787
44794
44798
44816
44832
44835
44844
44870
44881
44889
44892
44911
44916
44919
44927
44937
44941
44949
44957
44960
44968
44976
44979
44985
44985
45004
45022
45033
45037
45042
45056
45069
45092
45106
45115
45142
45148
45150
45152
45172
45181
45207
45235
45240
45242
45259
45268
45306
45309
45310
45312
45331
45335
45339
45339
45342
45349
45351
45357
45359
45426
45431
45452
45462
45470
45495
45497
45507
45520
45545
45556
45566
45566
45578
45591
45595
45598
45600
45608
45608
45618
45622
45648
45649
45652
45661
45669
45670
45674
45687
45696
45698
45698
45710
45718
45728
45732
45741
45745
45747
45769
45784
45801
45817
45827
45847
45850
45867
45879
45879
45881
45881
45899
45910
45917
45918
45934
45946
45975
45976
45995
45998
46003
46020
46035
46035
46080
46083
46087
46090
46108
46115
46117
46126
46140
46166
46168
46181
46195
46197
46202
46219
46220
46222
46264
46268
46279
46280
46283
46289
46292
46296
46335
46341
46353
46358
46366
46372
46381
46397
46403
46405
46409
46432
46444
46449
46451
46457
46468
46481
46491
46506
46509
46510
46516
46520
46528
46536
46539
46548
46551
46553
46570
46587
46589
46598
46605
46618
46622
46646
46648
46715
46720
46734
46754
46762
46767
46770
46782
46782
46794
46801
46805
46810
46822
46823
46829
46833
46836
46838
46851
46867
46917
46918
46927
46966
46991
47000
47000
47003
47014
47022
47028
47053
47057
47060
47061
47075
47081
47085
47109
47111
47118
47127
47130
47132
47135
47140
47147
47148
47155
47159
47184
47204
47206
47222
47240
47240
47243
47258
47284
47285
47292
47293
47330
47332
47334
47339
47344
47357
47361
47361
47377
47420
47424
47425
47432
47452
47460
47467
47469
47470
47483
47489
47491
47501
47515
47549
47549
47553
47554
47555
47569
47570
47573
47598
47598
47600
47605
47635
47651
47657
47677
47690
47694
47719
47725
47731
47732
47734
47735
47757
47773
47804
47816
47821
47821
47831
47855
47861
47863
47881
47896
47902
47904
47915
47928
47950
47955
47968
47980
47984
47994
48013
48024
48025
48042
48055
48056
48061
48080
48081
48086
48089
48093
48100
48106
48136
48138
48152
48171
48172
48177
48178
48183
48183
48188
48200
48207
48219
48240
48268
48278
48288
48297
48310
48315
48320
48327
48330
48338
48356
48363
48386
48399
48404
48407
48408
48413
48414
48420
48430
48441
48442
48449
48455
48475
48482
48499
48520
48527
48539
48542
48549
48550
48551
48568
48594
48597
48597
48605
48627
48630
48651
48678
48681
48682
48711
48715
48716
48730
48756
48763
48779
48782
48791
48791
48802
48809
48820
48827
48860
48879
48894
48908
48914
48918
48939
48943
48987
48997
48998
49000
49014
49030
49046
49050
49052
49064
49072
49072
49095
49100
49134
49140
49151
49154
49159
49161
49166
49168
49175
49179
49229
49231
49238
49242
49246
49260
49260
49265
49278
49278
49285
49288
49338
49353
49364
49364
49406
49416
49419
49446
49453
49470
49474
49475
49477
49492
49493
49493
49495
49503
49516
49528
49539
49545
49560
49561
49571
49572
49577
49582
49591
49603
49623
49639
49639
49643
49646
49651
49661
49680
49685
49727
49733
49742
49745
49765
49765
49775
49785
49798
49805
49816
49818
49831
49837
49842
49848
49872
49872
49873
49875
49881
49896
49904
49919
49925
49938
49941
49949
49950
49951
49954
49968
49969
50013
50015
50059
50061
50070
50113
50115
50161
50164
50177
50200
50221
50233
50238
50239
50248
50250
50255
50270
50271
50278
50290
50306
50307
50318
50318
50323
50333
50344
50345
50388
50391
50406
50417
50422
50427
50439
50439
50461
50466
50477
50495
50498
50516
50526
50527
50528
50529
50551
50552
50568
50578
50583
50592
50599
50603
50621
50643
50666
50667
50670
50671
50682
50694
50694
50702
50704
50705
50706
50713
50715
50721
50725
50732
50739
50744
50789
50794
50806
50814
50821
50837
50852
50858
50892
50895
50922
50922
50941
50942
50943
50946
50952
50962
50966
50981
50984
51001
51007
51007
51009
51034
51037
51051
51056
51057
51069
51085
51085
51105
51134
51152
51154
51160
51162
51167
51178
51193
51203
51216
51218
51234
51235
51235
51236
51256
51258
51270
51273
51282
51293
51298
51300
51315
51330
51337
51341
51343
51352
51366
51374
51421
51426
51433
51442
51451
51493
51501
51522
51528
51534
51535
51539
51558
51566
51568
51569
51582
51590
51592
51595
51595
51601
51614
51635
51644
51652
51666
51695
51731
51781
51788
51805
51814
51815
51819
51821
51822
51830
51832
51851
51851
51875
51890
51894
51900
51905
51911
51912
51924
51988
51995
52002
52028
52034
52036
52043
52048
52051
52080
52095
52127
52136
52143
52154
52158
52188
52193
52194
52244
52268
52309
52310
52310
52311
52318
52342
52352
52361
52362
52367
52370
52383
52394
52395
52419
52420
52454
52489
52533
52548
52561
52566
52571
52573
52582
52582
52604
52610
52611
52618
52619
52621
52631
52639
52658
52666
52670
52678
52683
52694
52709
52758
52767
52769
52780
52809
52813
52838
52850
52854
52860
52865
52873
52884
52896
52898
52916
52954
52954
52962
52966
52976
52977
53011
53034
53039
53041
53045
53061
53064
53088
53099
53100
53105
53107
53125
53125
53137
53166
53175
53176
53197
53200
53218
53220
53226
53227
53270
53275
53285
53305
53354
53358
53359
53365
53370
53371
53383
53388
53389
53393
53404
53426
53435
53436
53444
53474
53489
53492
53493
53497
53503
53517
53520
53526
53535
53543
53558
53578
53588
53589
53602
53623
53629
53644
53647
53650
53674
53712
53713
53716
53726
53732
53733
53733
53737
53741
53742
53750
53758
53762
53783
53787
53792
53801
53804
53807
53809
53811
53828
53852
53854
53866
53872
53884
53888
53890
53891
53910
53915
53916
53918
53920
53923
53925
53934
53938
53941
53947
53949
53953
53957
53968
53969
53993
53994
54004
54013
54015
54016
54025
54029
54051
54054
54059
54062
54066
54070
54072
54078
54102
54106
54108
54112
54119
54156
54157
54164
54173
54196
54222
54226
54228
54228
54238
54250
54254
54280
54286
54295
54297
54298
54311
54312
54328
54329
54334
54344
54346
54350
54384
54385
54390
54395
54398
54403
54416
54436
54438
54439
54446
54486
54486
54491
54498
54500
54512
54516
54524
54536
54542
54582
54638
54650
54655
54663
54665
54667
54688
54690
54709
54712
54714
54719
54724
54741
54746
54748
54749
54750
54762
54762
54780
54787
54797
54810
54814
54824
54835
54894
54900
54902
54916
54917
54928
54943
54976
54976
54983
54991
54991
55003
55005
55009
55014
55021
55043
55045
55046
55063
55075
55077
55112
55113
55126
55133
55142
55143
55154
55160
55166
55185
55190
55214
55216
55224
55248
55258
55292
55292
55292
55301
55308
55321
55323
55325
55330
55349
55359
55379
55385
55390
55395
55397
55416
55421
55427
55432
55445
55447
55480
55492
55497
55518
55520
55521
55539
55566
55594
55596
55608
55626
55636
55643
55647
55694
55715
55725
55771
55778
55813
55831
55852
55854
55883
55885
55890
55898
55899
55902
55938
55952
55959
55989
55990
55992
56000
56004
56015
56016
56034
56038
56053
56066
56074
56075
56081
56088
56089
56097
56121
56122
56149
56169
56170
56184
56184
56187
56197
56199
56210
56222
56226
56243
56268
56270
56271
56276
56276
56282
56285
56290
56291
56292
56295
56298
56302
56303
56305
56339
56341
56348
56349
56376
56377
56407
56416
56419
56427
56431
56434
56436
56450
56462
56463
56476
56503
56510
56514
56517
56518
56520
56523
56551
56559
56567
56571
56575
56575
56579
56603
56604
56610
56610
56614
56625
56625
56629
56633
56649
56664
56667
56679
56689
56737
56747
56764
56775
56776
56794
56798
56808
56829
56852
56856
56867
56869
56875
56875
56904
56937
56945
56953
56978
56980
56997
57006
57035
57040
57043
57048
57050
57067
57075
57075
57092
57097
57104
57120
57128
57142
57149
57151
57154
57192
57211
57219
57235
57239
57239
57245
57250
57254
57265
57277
57281
57284
57294
57294
57298
57305
57322
57322
57323
57330
57347
57355
57365
57376
57379
57385
57387
57401
57439
57450
57460
57465
57469
57471
57486
57488
57495
57495
57537
57547
57552
57554
57583
57607
57623
57629
57632
57640
57659
57687
57692
57696
57709
57740
57740
57761
57772
57780
57784
57791
57807
57817
57858
57865
57878
57905
57914
57925
57942
57945
57956
57973
57979
57983
57986
57998
58006
58028
58034
58037
58041
58067
58075
58077
58079
58088
58097
58101
58114
58130
58147
58147
58161
58166
58214
58219
58219
58224
58224
58236
58252
58262
58268
58271
58273
58298
58303
58319
58326
58352
58362
58388
58400
58401
58402
58446
58456
58479
58481
58486
58493
58494
58508
58538
58540
58558
58562
58562
58570
58572
58574
58581
58583
58583
58584
58606
58607
58614
58632
58636
58652
58653
58661
58663
58671
58678
58682
58689
58690
58696
58711
58725
58734
58750
58751
58760
58768
58793
58794
58803
58806
58813
58824
58836
58843
58856
58870
58882
58892
58903
58916
58945
58951
58952
58954
58954
58981
58993
58994
58995
59003
59009
59024
59044
59050
59053
59074
59079
59083
59097
59114
59145
59187
59191
59194
59198
59224
59235
59237
59241
59242
59244
59267
59272
59277
59294
59299
59312
59331
59336
59340
59360
59363
59369
59369
59370
59372
59375
59415
59420
59428
59432
59453
59474
59478
59492
59498
59500
59510
59515
59517
59530
59588
59589
59608
59608
59623
59628
59640
59647
59649
59664
59665
59686
59688
59692
59696
59712
59725
59734
59740
59740
59752
59753
59758
59772
59773
59779
59783
59799
59811
59815
59825
59887
59897
59902
59904
59905
59906
59907
59934
59936
59939
59948
59962
59974
59983
60000
60005
60033
60033
60036
60045
60046
60052
60066
60071
60088
60108
60132
60133
60139
60140
60143
60151
60158
60167
60173
60181
60200
60200
60212
60214
60218
60221
60224
60225
60238
60302
60308
60318
60331
60343
60355
60360
60367
60391
60421
60427
60443
60445
60446
60454
60456
60466
60475
60489
60492
60493
60500
60505
60508
60512
60529
60530
60534
60536
60562
60562
60573
60583
60587
60592
60598
60605
60608
60608
60613
60621
60633
60634
60642
60644
60653
60654
60684
60685
60691
60696
60702
60718
60721
60724
60726
60733
60742
60745
60753
60757
60782
60802
60804
60819
60828
60843
60855
60858
60859
60875
60879
60880
60882
60882
60885
60890
60902
60902
60909
60927
60937
60944
60953
60960
60966
60974
60978
61006
61012
61056
61057
61065
61067
61085
61100
61109
61112
61132
61136
61150
61186
61211
61232
61248
61263
61269
61278
61284
61286
61293
61298
61313
61313
61313
61353
61354
61375
61380
61388
61410
61419
61424
61427
61430
61434
61440
61454
61455
61486
61506
61510
61512
61523
61534
61541
61547
61566
61572
61592
61598
61609
61610
61629
61634
61637
61640
61648
61649
61652
61665
61681
61683
61687
61689
61690
61693
61702
61706
61715
61737
61741
61761
61771
61778
61805
61826
61831
61838
61851
61853
61894
61907
61908
61910
61924
61932
61948
61959
61966
61967
61968
61971
61978
61998
61999
62004
62007
62023
62026
62028
62038
62040
62046
62051
62059
62066
62072
62080
62082
62100
62123
62138
62150
62156
62180
62183
62186
62222
62224
62246
62247
62251
62261
62265
62274
62296
62302
62315
62316
62348
62350
62357
62359
62368
62368
62370
62402
62425
62427
62438
62458
62476
62481
62484
62486
62503
62519
62546
62548
62549
62568
62575
62575
62588
62598
62599
62616
62625
62627
62630
62671
62677
62683
62686
62690
62726
62733
62734
62747
62768
62770
62812
62822
62834
62838
62842
62895
62898
62923
62936
62941
62956
62975
62985
62988
62989
62992
63005
63008
63017
63039
63048
63081
63083
63102
63108
63119
63119
63124
63124
63137
63143
63146
63150
63150
63161
63165
63183
63186
63209
63212
63216
63221
63224
63229
63265
63269
63301
63315
63320
63337
63338
63349
63360
63361
63373
63394
63402
63421
63432
63442
63450
63454
63466
63468
63468
63488
63495
63510
63515
63536
63565
63567
63583
63584
63633
63633
63641
63650
63652
63659
63668
63674
63679
63686
63699
63720
63724
63739
63757
63758
63761
63762
63805
63811
63825
63845
63857
63870
63892
63893
63917
63918
63928
63953
63955
63963
63968
63976
63987
63994
64032
64062
64075
64076
64082
64115
64122
64132
64142
64143
64150
64162
64169
64178
64195
64205
64205
64219
64222
64224
64247
64259
64259
64263
64268
64314
64341
64341
64341
64348
64361
64369
64387
64393
64403
64414
64417
64418
64420
64428
64454
64463
64474
64477
64485
64493
64495
64496
64503
64510
64512
64526
64531
64541
64542
64562
64566
64572
64595
64601
64627
64631
64643
64647
64652
64666
64674
64675
64678
64685
64685
64696
64706
64708
64728
64775
64783
64789
64798
64802
64807
64815
64836
64838
64848
64866
64866
64880
64893
64893
64895
64895
64898
64925
64949
64950
64951
64960
64962
64964
64967
64973
64983
64992
64995
65007
65010
65011
65014
65018
65028
65071
65090
65106
65107
65117
65128
65130
65159
65160
65161
65164
65166
65169
65204
65207
65211
65215
65225
65225
65247
65267
65274
65282
65287
65287
65326
65342
65342
65351
65352
65359
65363
65364
65368
65375
65378
65386
65388
65394
65394
65412
65416
65419
65423
65437
65441
65446
65455
65469
65474
65484
65491
65493
65497
65510
65515
65518
65531
65540
65546
65569
65585
65592
65594
65594
65603
65607
65622
65647
65654
65659
65660
65675
65698
65699
65703
65720
65742
65743
65748
65749
65757
65783
65787
65792
65794
65802
65818
65819
65828
65839
65844
65846
65853
65883
65888
65909
65910
65922
65933
65936
65957
65966
65985
65986
65989
66000
66014
66028
66042
66045
66048
66055
66056
66082
66101
66102
66116
66125
66130
66158
66161
66180
66184
66202
66203
66205
66211
66216
66225
66227
66236
66262
66291
66293
66305
66310
66318
66321
66325
66333
66335
66336
66349
66360
66380
66386
66401
66402
66404
66406
66414
66417
66422
66434
66436
66474
66479
66479
66485
66493
66493
66499
66507
66532
66553
66560
66561
66575
66575
66578
66578
66580
66580
66581
66594
66599
66612
66630
66674
66678
66685
66695
66716
66724
66724
66730
66749
66753
66763
66770
66785
66805
66814
66824
66854
66872
66874
66877
66881
66882
66901
66907
66909
66917
66923
66934
66970
66998
66998
66999
67001
67004
67034
67040
67041
67048
67066
67069
67080
67107
67130
67138
67153
67168
67173
67185
67222
67228
67237
67245
67252
67256
67256
67261
67266
67269
67286
67300
67308
67326
67334
67337
67357
67363
67368
67369
67369
67370
67372
67375
67378
67426
67429
67431
67448
67457
67462
67467
67484
67510
67517
67522
67543
67565
67610
67611
67614
67637
67644
67658
67687
67690
67697
67699
67709
67742
67751
67754
67769
67770
67787
67792
67794
67800
67815
67821
67846
67849
67850
67854
67855
67857
67865
67873
67924
67938
67949
67980
67996
68003
68046
68061
68073
68086
68106
68114
68117
68119
68145
68147
68152
68185
68188
68195
68209
68227
68235
68239
68281
68293
68340
68351
68372
68373
68392
68406
68411
68419
68431
68448
68449
68450
68451
68469
68472
68475
68481
68501
68502
68521
68526
68526
68528
68553
68561
68562
68567
68584
68586
68597
68601
68601
68605
68631
68651
68655
68655
68657
68661
68665
68667
68671
68698
68707
68731
68744
68746
68749
68753
68755
68756
68769
68782
68797
68805
68806
68809
68815
68815
68816
68817
68823
68834
68850
68869
68870
68889
68909
68920
68928
68931
68931
68933
68937
68948
68957
68963
68968
68975
68980
69000
69008
69013
69019
69034
69047
69054
69064
69065
69078
69079
69082
69094
69110
69117
69141
69143
69157
69177
69177
69178
69194
69207
69224
69228
69237
69239
69252
69280
69281
69282
69293
69315
69322
69324
69342
69354
69412
69422
69433
69448
69458
69468
69488
69496
69516
69542
69586
69589
69640
69697
69706
69706
69709
69711
69713
69720
69720
69723
69731
69734
69741
69745
69771
69780
69785
69793
69793
69794
69795
69798
69801
69802
69806
69827
69833
69836
69848
69874
69874
69906
69923
69923
69924
69930
69946
69949
69964
70003
70030
70034
70034
70040
70043
70046
70052
70070
70080
70101
70120
70123
70125
70135
70148
70153
70162
70165
70171
70185
70187
70192
70197
70213
70216
70218
70228
70245
70250
70274
70284
70300
70300
70301
70303
70308
70308
70313
70316
70336
70344
70347
70348
70356
70367
70368
70380
70384
70406
70410
70421
70428
70437
70438
70440
70441
70447
70471
70475
70496
70502
70525
70529
70529
70531
70539
70568
70571
70589
70595
70619
70639
70651
70677
70679
70689
70695
70728
70729
70739
70747
70748
70771
70783
70791
70803
70826
70832
70840
70841
70856
70871
70873
70880
70902
70918
70923
70929
70951
70972
70974
70979
70988
71013
71014
71040
71047
71060
71065
71071
71073
71078
71092
71094
71106
71121
71123
71126
71130
71138
71138
71141
71154
71171
71185
71193
71206
71211
71213
71219
71244
71245
71261
71269
71285
71291
71301
71304
71319
71322
71333
71339
71343
71354
71358
71362
71365
71365
71396
71403
71413
71414
71418
71418
71424
71427
71441
71445
71464
71488
71505
71515
71531
71544
71555
71562
71577
71589
71597
71598
71599
71600
71606
71610
71610
71617
71630
71636
71645
71649
71669
71671
71697
71699
71722
71728
71733
71737
71749
71759
71780
71782
71794
71797
71806
71807
71825
71826
71827
71835
71838
71850
71850
71854
71867
71875
71877
71911
71920
71921
71924
71925
71933
71936
71951
71962
71967
71969
71981
71982
71983
71997
72008
72020
72027
72031
72031
72033
72044
72058
72060
72074
72088
72101
72114
72178
72178
72187
72192
72192
72193
72204
72213
72233
72242
72249
72254
72266
72283
72285
72289
72305
72337
72338
72341
72341
72350
72356
72366
72369
72377
72389
72392
72419
72439
72453
72454
72455
72461
72463
72467
72491
72494
72494
72495
72498
72504
72518
72536
72550
72560
72576
72589
72590
72597
72598
72599
72611
72619
72631
72638
72648
72656
72657
72670
72675
72701
72713
72724
72730
72737
72740
72767
72781
72798
72809
72819
72839
72848
72849
72849
72859
72871
72889
72891
72912
72919
72920
72925
72927
72927
72932
72943
72957
72959
72962
72973
72993
72995
72998
73004
73027
73034
73041
73043
73051
73053
73055
73066
73074
73076
73099
73107
73112
73126
73131
73132
73135
73140
73141
73152
73158
73159
73168
73173
73176
73180
73234
73243
73246
73276
73287
73292
73295
73298
73311
73323
73328
73331
73336
73354
73354
73354
73357
73369
73375
73379
73386
73391
73393
73399
73408
73409
73409
73414
73419
73425
73425
73438
73467
73469
73523
73525
73526
73543
73553
73586
73601
73614
73615
73623
73639
73651
73660
73696
73709
73737
73744
73776
73810
73827
73837
73857
73859
73860
73863
73870
73875
73888
73892
73895
73904
73907
73914
73918
73939
73954
73955
73970
73971
74021
74044
74059
74076
74079
74084
74102
74118
74133
74137
74143
74164
74184
74200
74203
74210
74219
74220
74221
74230
74246
74275
74283
74286
74311
74326
74332
74334
74370
74387
74424
74449
74460
74471
74478
74483
74500
74517
74521
74528
74534
74534
74537
74547
74561
74566
74579
74586
74593
74600
74609
74624
74646
74650
74652
74658
74666
74666
74671
74673
74687
74703
74704
74705
74717
74728
74749
74756
74767
74767
74769
74781
74787
74803
74804
74816
74821
74824
74885
74894
74896
74899
74912
74923
74930
74939
74955
74980
74986
75002
75002
75008
75026
75050
75064
75075
75083
75090
75091
75098
75100
75124
75125
75150
75160
75182
75195
75224
75226
75228
75229
75249
75282
75293
75293
75313
75326
75328
75345
75345
75364
75370
75386
75390
75404
75411
75411
75416
75426
75427
75446
75448
75449
75459
75487
75488
75494
75497
75507
75514
75519
75538
75543
75558
75594
75604
75613
75625
75640
75651
75694
75700
75719
75731
75756
75761
75768
75774
75780
75788
75796
75803
75816
75818
75820
75826
75830
75834
75835
75835
75853
75864
75878
75882
75883
75886
75889
75894
75898
75931
75967
75971
75973
75984
75995
75995
75998
76010
76011
76014
76058
76060
76074
76081
76082
76086
76117
76125
76126
76137
76138
76167
76211
76214
76216
76232
76238
76244
76254
76255
76256
76261
76277
76277
76281
76288
76297
76306
76312
76320
76335
76338
76338
76357
76388
76398
76404
76413
76423
76431
76433
76463
76481
76484
76484
76495
76506
76536
76536
76539
76539
76540
76546
76551
76596
76606
76614
76615
76627
76627
76637
76641
76644
76677
76679
76694
76696
76698
76698
76746
76749
76756
76763
76777
76778
76795
76808
76810
76838
76846
76878
76893
76910
76914
76937
76952
76962
76963
76964
76978
76980
77016
77020
77027
77029
77030
77047
77056
77065
77070
77079
77086
77092
77107
77109
77119
77124
77144
77144
77175
77187
77198
77202
77202
77208
77221
77227
77238
77246
77251
77252
77254
77277
77292
77309
77313
77336
77358
77380
77380
77401
77407
77414
77432
77432
77437
77475
77483
77490
77491
77496
77503
77524
77532
77532
77541
77557
77566
77573
77591
77596
77602
77614
77641
77652
77654
77662
77687
77696
77696
77704
77736
77746
77746
77755
77774
77777
77779
77779
77805
77814
77865
77865
77865
77908
77928
77952
77982
78029
78033
78065
78073
78073
78079
78080
78085
78122
78147
78170
78174
78179
78186
78201
78204
78205
78225
78234
78250
78253
78257
78262
78264
78286
78298
78299
78303
78307
78310
78328
78336
78361
78364
78370
78375
78381
78382
78387
78388
78392
78396
78397
78399
78401
78402
78419
78420
78432
78434
78440
78453
78454
78455
78455
78484
78485
78490
78498
78500
78503
78509
78534
78543
78578
78601
78646
78647
78674
78683
78686
78709
78709
78717
78718
78718
78729
78732
78741
78793
78805
78807
78822
78825
78851
78856
78869
78877
78879
78881
78881
78902
78925
78930
78960
78969
78990
78998
79001
79007
79023
79024
79044
79050
79071
79075
79083
79092
79106
79119
79130
79136
79136
79153
79154
79164
79166
79195
79227
79234
79244
79252
79282
79335
79337
79344
79350
79353
79359
79393
79401
79401
79416
79420
79421
79430
79439
79455
79462
79480
79500
79504
79505
79509
79515
79521
79527
79530
79533
79534
79538
79551
79564
79567
79576
79577
79604
79619
79654
79668
79669
79696
79698
79702
79725
79759
79760
79780
79795
79796
79811
79822
79826
79836
79865
79880
79881
79912
79919
79947
79950
79972
79977
79984
79984
79985
80008
80027
80029
80040
80049
80068
80072
80089
80118
80121
80129
80132
80137
80148
80149
80151
80154
80159
80193
80217
80220
80224
80231
80232
80238
80241
80261
80279
80288
80296
80297
80298
80299
80309
80311
80354
80362
80369
80376
80380
80387
80390
80391
80391
80402
80403
80449
80453
80463
80468
80470
80475
80475
80494
80494
80499
80500
80553
80584
80588
80589
80598
80600
80612
80624
80631
80639
80688
80709
80718
80728
80736
80750
80764
80779
80780
80780
80789
80798
80801
80813
80823
80824
80833
80835
80848
80880
80899
80911
80914
80933
80939
80940
80940
80953
80955
80976
80984
80986
80987
80988
80990
80993
81019
81033
81039
81040
81041
81053
81064
81067
81084
81088
81090
81100
81141
81171
81196
81207
81208
81241
81241
81263
81264
81266
81275
81276
81299
81299
81303
81307
81319
81336
81336
81345
81346
81353
81390
81394
81420
81432
81452
81489
81500
81506
81522
81522
81524
81532
81537
81537
81539
81539
81549
81550
81573
81594
81602
81607
81618
81621
81622
81622
81637
81653
81670
81706
81717
81720
81735
81768
81770
81778
81784
81787
81790
81801
81801
81802
81829
81832
81834
81847
81853
81854
81863
81875
81889
81896
81903
81904
81920
81928
81930
81951
81957
81957
81960
81976
81988
81988
81998
82002
82011
82014
82019
82024
82031
82042
82058
82058
82071
82087
82091
82092
82124
82136
82141
82175
82186
82190
82198
82198
82221
82221
82224
82258
82267
82286
82315
82323
82325
82328
82337
82342
82356
82356
82363
82364
82366
82370
82370
82393
82402
82403
82412
82421
82426
82429
82439
82448
82451
82458
82468
82475
82482
82487
82490
82498
82506
82512
82525
82538
82545
82549
82551
82561
82569
82587
82598
82607
82620
82652
82652
82665
82669
82672
82691
82694
82695
82706
82716
82717
82739
82739
82748
82756
82786
82789
82794
82796
82797
82814
82816
82833
82835
82839
82842
82844
82858
82866
82876
82882
82901
82903
82906
82975
82985
82991
82997
83002
83006
83008
83009
83019
83027
83047
83054
83101
83115
83140
83178
83183
83198
83202
83212
83212
83241
83242
83246
83263
83264
83292
83318
83320
83327
83352
83383
83383
83385
83386
83402
83404
83426
83426
83432
83442
83446
83454
83464
83466
83467
83480
83495
83496
83500
83507
83520
83522
83529
83548
83555
83569
83585
83599
83606
83608
83614
83624
83625
83627
83633
83634
83657
83665
83668
83672
83687
83700
83743
83745
83751
83757
83763
83770
83789
83794
83828
83840
83870
83888
83904
83927
83932
83946
83949
83952
83976
83989
83991
84027
84035
84054
84054
84065
84076
84078
84104
84113
84116
84117
84136
84140
84154
84181
84193
84194
84230
84240
84249
84251
84254
84254
84255
84260
84264
84278
84336
84344
84348
84364
84368
84407
84409
84411
84420
84420
84428
84441
84449
84451
84465
84474
84475
84483
84493
84493
84494
84510
84511
84511
84512
84518
84542
84544
84558
84558
84573
84576
84578
84584
84591
84604
84613
84616
84636
84666
84669
84670
84678
84681
84693
84699
84731
84733
84736
84741
84747
84752
84795
84800
84806
84812
84812
84824
84826
84831
84836
84840
84847
84849
84852
84858
84877
84878
84882
84892
84912
84914
84915
84921
84926
84950
84978
85008
85020
85021
85041
85050
85052
85058
85070
85073
85085
85101
85114
85127
85138
85138
85141
85157
85158
85163
85164
85193
85195
85212
85217
85224
85240
85240
85249
85257
85259
85274
85276
85279
85282
85285
85289
85312
85324
85328
85328
85329
85334
85337
85360
85370
85375
85378
85388
85389
85389
85404
85417
85430
85437
85442
85470
85474
85491
85509
85515
85542
85553
85554
85586
85590
85598
85613
85616
85648
85648
85655
85658
85664
85707
85713
85723
85724
85731
85732
85736
85741
85759
85765
85772
85778
85785
85817
85821
85861
85883
85897
85898
85904
85916
85932
85933
85951
85973
85974
85983
85985
85992
85999
86002
86025
86027
86028
86036
86050
86056
86060
86080
86081
86090
86095
86100
86114
86118
86127
86127
86135
86140
86141
86144
86169
86172
86179
86184
86193
86200
86202
86220
86248
86256
86259
86284
86285
86341
86341
86368
86397
86400
86413
86436
86458
86463
86473
86481
86485
86509
86512
86515
86533
86533
86543
86553
86562
86565
86571
86581
86582
86598
86601
86613
86616
86639
86648
86663
86677
86679
86707
86713
86717
86724
86727
86746
86749
86752
86753
86784
86797
86818
86829
86842
86853
86856
86863
86866
86868
86874
86886
86896
86913
86916
86922
86939
86968
86975
86977
86981
86989
87013
87015
87029
87078
87080
87081
87087
87108
87153
87154
87157
87157
87163
87166
87166
87181
87193
87211
87227
87274
87289
87296
87305
87308
87309
87335
87336
87337
87341
87346
87369
87370
87372
87391
87414
87418
87444
87447
87454
87465
87467
87475
87487
87488
87490
87490
87492
87496
87515
87518
87535
87548
87583
87597
87597
87601
87607
87616
87626
87653
87655
87659
87673
87677
87680
87687
87693
87698
87702
87703
87717
87728
87762
87765
87774
87783
87784
87784
87793
87793
87800
87822
87842
87843
87849
87872
87878
87886
87900
87911
87915
87918
87920
87923
87929
87931
87955
87968
87969
87979
87984
87990
87994
88018
88030
88030
88047
88061
88071
88083
88088
88101
88103
88103
88106
88111
88120
88125
88135
88142
88153
88168
88174
88197
88225
88227
88244
88247
88261
88267
88306
88327
88342
88343
88347
88350
88352
88352
88403
88419
88421
88428
88429
88460
88474
88482
88484
88490
88496
88509
88511
88513
88520
88536
88544
88547
88551
88575
88578
88594
88607
88628
88641
88646
88659
88682
88686
88691
88701
88701
88711
88711
88714
88715
88741
88749
88761
88772
88774
88777
88808
88817
88822
88830
88843
88845
88851
88852
88906
88917
88918
88921
88926
88940
88961
88998
89031
89054
89102
89110
89128
89129
89131
89141
89174
89195
89200
89233
89238
89262
89266
89281
89282
89289
89297
89300
89307
89321
89336
89346
89354
89355
89366
89375
89394
89413
89413
89420
89421
89427
89430
89440
89442
89456
89465
89474
89481
89484
89498
89512
89536
89539
89549
89569
89576
89585
89592
89595
89606
89623
89653
89679
89689
89699
89725
89731
89734
89740
89757
89786
89792
89805
89805
89818
89825
89827
89846
89849
89854
89861
89867
89867
89884
89895
89904
89921
89929
89939
89941
89957
89976
89981
89986
89990
89990
89994
90032
90040
90044
90050
90076
90076
90081
90083
90084
90091
90091
90102
90128
90132
90151
90165
90178
90187
90211
90217
90220
90225
90233
90238
90244
90248
90251
90260
90269
90279
90282
90298
90306
90307
90314
90317
90321
90333
90339
90352
90376
90387
90390
90391
90405
90413
90420
90420
90425
90431
90432
90435
90437
90446
90450
90463
90479
90486
90504
90507
90513
90520
90538
90539
90554
90559
90561
90563
90567
90598
90607
90620
90622
90624
90629
90642
90649
90655
90660
90700
90707
90721
90729
90747
90753
90782
90789
90793
90798
90809
90813
90815
90824
90828
90859
90863
90877
90879
90891
90893
90915
90926
90930
90944
90950
90960
90964
90968
90986
90988
91019
91024
91030
91054
91055
91070
91082
91096
91107
91118
91127
91146
91154
91164
91175
91181
91182
91183
91195
91213
91228
91236
91249
91256
91270
91274
91278
91282
91291
91298
91307
91308
91310
91323
91330
91337
91344
91367
91371
91375
91380
91383
91389
91403
91407
91417
91424
91441
91460
91467
91478
91485
91488
91489
91490
91502
91527
91554
91556
91558
91560
91572
91590
91606
91612
91616
91617
91626
91630
91635
91656
91657
91673
91680
91684
91689
91699
91708
91714
91715
91725
91730
91733
91735
91753
91755
91756
91762
91764
91767
91768
91771
91773
91780
91797
91809
91810
91822
91838
91839
91844
91847
91863
91902
91909
91909
91913
91914
91914
91919
91922
91923
91924
91934
91936
91938
91941
91953
91979
91985
91989
91993
92003
92016
92018
92019
92043
92045
92047
92050
92054
92061
92063
92068
92073
92081
92087
92097
92098
92104
92105
92114
92116
92118
92129
92146
92164
92187
92190
92197
92219
92235
92249
92249
92286
92300
92304
92351
92354
92354
92358
92360
92369
92374
92412
92420
92441
92441
92448
92456
92456
92463
92466
92469
92489
92489
92504
92513
92533
92535
92555
92560
92577
92584
92589
92591
92595
92595
92607
92632
92639
92648
92656
92671
92678
92680
92687
92704
92707
92722
92723
92726
92734
92745
92752
92757
92769
92777
92779
92782
92798
92799
92801
92831
92859
92878
92902
92919
92924
92930
92934
92938
92954
92961
93012
93016
93025
93026
93037
93050
93051
93060
93067
93068
93076
93083
93097
93100
93101
93105
93112
93116
93118
93126
93129
93145
93155
93183
93186
93206
93207
93245
93271
93276
93281
93284
93285
93287
93290
93304
93309
93322
93326
93329
93338
93348
93361
93376
93380
93392
93405
93410
93410
93415
93428
93436
93448
93454
93457
93463
93475
93484
93498
93509
93527
93530
93542
93549
93571
93589
93590
93592
93605
93608
93623
93623
93627
93627
93630
93643
93655
93656
93662
93666
93667
93686
93686
93688
93696
93699
93702
93704
93709
93712
93719
93733
93738
93760
93760
93765
93767
93771
93783
93789
93796
93807
93809
93839
93844
93855
93872
93878
93896
93909
93923
93926
93933
93958
93988
93995
93998
94047
94052
94060
94086
94123
94135
94136
94146
94148
94150
94154
94155
94174
94176
94191
94194
94197
94202
94211
94215
94218
94224
94226
94227
94235
94259
94270
94275
94299
94310
94335
94353
94357
94371
94378
94395
94400
94413
94419
94425
94436
94470
94472
94474
94482
94493
94495
94498
94503
94532
94537
94539
94542
94544
94547
94548
94555
94558
94560
94562
94571
94588
94614
94615
94624
94633
94638
94655
94675
94687
94696
94698
94703
94730
94738
94740
94750
94750
94751
94754
94767
94770
94779
94779
94801
94816
94820
94824
94858
94866
94878
94905
94937
94938
94953
94963
94963
94995
95002
95003
95011
95018
95020
95025
95063
95074
95086
95087
95092
95126
95133
95135
95149
95187
95189
95191
95202
95212
95222
95222
95223
95232
95240
95242
95259
95266
95270
95287
95290
95292
95323
95337
95351
95353
95358
95362
95372
95380
95382
95396
95403
95444
95455
95462
95465
95482
95487
95488
95492
95501
95505
95514
95518
95522
95523
95531
95539
95553
95554
95605
95614
95622
95639
95655
95671
95673
95698
95701
95706
95708
95713
95721
95766
95767
95770
95773
95775
95779
95783
95784
95792
95819
95834
95846
95872
95880
95884
95905
95915
95916
95917
95921
95926
95948
95951
95971
95974
95978
95979
95988
95990
95992
95999
96017
96031
96079
96088
96098
96109
96129
96131
96136
96140
96167
96168
96182
96189
96198
96201
96206
96214
96220
96222
96222
96227
96270
96282
96314
96315
96340
96352
96362
96366
96385
96390
96400
96401
96410
96428
96449
96459
96463
96476
96484
96487
96491
96514
96523
96542
96546
96546
96548
96551
96559
96565
96574
96581
96583
96613
96614
96617
96619
96620
96622
96632
96633
96639
96645
96651
96663
96668
96674
96712
96715
96724
96726
96729
96731
96736
96757
96759
96764
96764
96765
96771
96782
96800
96802
96805
96820
96822
96835
96835
96844
96846
96854
96881
96891
96894
96897
96909
96911
96914
96929
96954
96955
96986
96989
96999
97018
97019
97019
97031
97039
97040
97042
97068
97069
97093
97110
97121
97141
97148
97174
97175
97188
97201
97212
97219
97248
97251
97261
97308
97313
97315
97317
97318
97321
97325
97329
97329
97335
97339
97345
97347
97352
97382
97396
97401
97432
97434
97443
97472
97475
97484
97485
97490
97493
97497
97505
97531
97542
97556
97561
97571
97588
97589
97612
97639
97652
97656
97691
97692
97703
97708
97722
97731
97743
97745
97770
97773
97774
97783
97784
97796
97799
97804
97824
97834
97840
97855
97882
97906
97914
97919
97941
97956
97960
97981
97986
97990
97993
97994
97997
97998
98074
98075
98102
98109
98115
98137
98138
98153
98162
98163
98170
98185
98200
98209
98233
98246
98250
98263
98264
98282
98286
98303
98348
98368
98369
98371
98381
98391
98395
98396
98405
98408
98414
98414
98441
98466
98467
98469
98478
98480
98486
98489
98518
98525
98527
98534
98553
98554
98574
98594
98612
98620
98631
98638
98643
98644
98651
98656
98691
98698
98704
98710
98715
98717
98719
98724
98729
98730
98737
98742
98744
98747
98767
98790
98805
98813
98817
98833
98834
98837
98837
98870
98886
98893
98893
98898
98900
98900
98917
98927
98932
98939
98940
98966
98968
98968
98977
98988
98995
98998
98998
99010
99016
99017
99020
99032
99033
99034
99037
99049
99086
99090
99094
99138
99146
99175
99180
99205
99239
99246
99261
99261
99262
99265
99271
99271
99287
99298
99308
99319
99327
99330
99342
99357
99358
99361
99373
99409
99416
99436
99446
99453
99455
99479
99479
99490
99491
99494
99508
99508
99523
99534
99538
99569
99581
99593
99619
99628
99629
99630
99634
99635
99672
99679
99680
99720
99728
99756
99760
99797
99836
99839
99840
99848
99852
99857
99860
99866
99870
99872
99878
99881
99900
99919
99937
99940
99949
99954
99969
99989
