2
22
29
31
32
49
67
79
86
87
103
121
130
161
163
168
178
179
182
185
200
214
222
224
227
240
240
265
270
286
286
302
324
325
367
367
375
384
421
426
440
441
442
443
443
445
457
478
501
517
523
533
552
553
560
561
570
572
582
593
600
603
604
610
611
612
641
682
701
719
723
724
735
736
749
770
784
803
809
831
834
845
851
856
861
877
879
884
901
907
918
950
996
1001
1031
1032
1035
1038
1047
1054
1055
1058
1067
1067
1072
1081
1098
1106
1110
1111
1119
1134
1135
1136
1152
1153
1156
1168
1169
1200
1202
1207
1212
1212
1225
1233
1243
1243
1247
1261
1269
1275
1288
1298
1300
1304
1320
1331
1345
1346
1347
1355
1361
1371
1376
1381
1381
1393
1395
1426
1430
1434
1483
1512
1515
1544
1546
1560
1571
1578
1595
1612
1613
1615
1630
1638
1638
1641
1645
1646
1671
1675
1677
1680
1715
1716
1720
1726
1727
1734
1739
1742
1767
1772
1788
1791
1802
1809
1809
1819
1833
1836
1855
1855
1880
1881
1881
1888
1909
1920
1929
1942
1948
1948
1948
1950
1962
1967
1970
2000
2000
2000
2004
2011
2020
2045
2085
2095
2103
2125
2135
2136
2146
2157
2167
2178
2189
2189
2189
2217
2227
2234
2242
2242
2244
2247
2269
2275
2299
2299
2306
2314
2339
2342
2344
2346
2351
2352
2353
2359
2369
2387
2395
2395
2410
2416
2421
2440
2446
2456
2464
2467
2505
2507
2513
2520
2524
2527
2553
2566
2583
2591
2635
2636
2644
2644
2658
2662
2662
2663
2695
2697
2700
2700
2720
2721
2740
2743
2747
2752
2760
2779
2781
2807
2810
2811
2815
2820
2825
2832
2834
2862
2896
2911
2913
2922
2923
2940
2942
2946
2957
2958
2973
2989
3000
3015
3019
3024
3032
3048
3049
3087
3105
3109
3111
3131
3136
3146
3147
3149
3165
3165
3182
3189
3217
3251
3262
3276
3294
3312
3315
3354
3366
3368
3369
3389
3396
3406
3410
3420
3422
3424
3424
3430
3446
3449
3456
3456
3456
3471
3481
3484
3504
3505
3535
3537
3552
3570
3576
3584
3609
3614
3614
3643
3663
3670
3689
3733
3745
3755
3766
3775
3790
3791
3800
3803
3810
3811
3815
3817
3819
3826
3828
3859
3861
3863
3873
3874
3877
3882
3883
3892
3893
3894
3897
3901
3914
3933
3942
3967
3996
3997
4000
4002
4010
4019
4023
4027
4028
4039
4043
4052
4057
4059
4062
4071
4071
4079
4081
4082
4085
4088
4092
4098
4101
4101
4113
4113
4116
4117
4142
4143
4180
4184
4218
4219
4236
4246
4259
4264
4270
4295
4296
4297
4301
4314
4315
4316
4318
4322
4322
4333
4339
4342
4351
4353
4360
4362
4363
4364
4385
4412
4426
4435
4438
4443
4450
4451
4457
4469
4474
4493
4513
4520
4522
4530
4531
4532
4545
4547
4549
4560
4576
4578
4582
4598
4603
4607
4610
4610
4614
4624
4636
4638
4650
4651
4659
4673
4683
4686
4690
4696
4698
4705
4707
4716
4729
4730
4732
4732
4734
4734
4753
4777
4790
4795
4798
4804
4830
4839
4844
4847
4857
4869
4885
4894
4896
4899
4922
4954
4959
4968
4994
4997
4998
4998
5003
5004
5004
5049
5055
5061
5076
5095
5116
5140
5149
5167
5175
5177
5187
5194
5197
5212
5217
5218
5219
5233
5234
5244
5247
5249
5249
5270
5273
5273
5284
5309
5330
5331
5339
5349
5361
5368
5383
5387
5401
5427
5430
5439
5445
5450
5469
5489
5489
5499
5502
5506
5508
5516
5519
5532
5533
5533
5561
5572
5584
5595
5607
5613
5616
5618
5643
5648
5661
5666
5676
5680
5682
5702
5730
5740
5749
5750
5756
5764
5773
5775
5793
5807
5812
5820
5823
5836
5837
5844
5855
5857
5858
5869
5880
5881
5885
5889
5894
5910
5911
5912
5917
5918
5926
5927
5936
5940
5953
5960
5966
5982
5987
6000
6005
6014
6027
6036
6044
6046
6050
6057
6064
6069
6071
6073
6088
6097
6125
6132
6137
6139
6142
6143
6163
6167
6178
6188
6196
6197
6202
6219
6226
6244
6257
6261
6273
6285
6300
6305
6305
6307
6317
6323
6329
6336
6337
6342
6345
6371
6384
6391
6404
6417
6417
6429
6448
6451
6454
6457
6470
6479
6493
6495
6503
6509
6537
6549
6588
6611
6615
6631
6660
6664
6684
6694
6699
6701
6704
6712
6716
6718
6747
6748
6753
6757
6773
6798
6800
6802
6817
6819
6822
6827
6838
6853
6855
6857
6869
6875
6885
6901
6904
6918
6930
6951
6994
6998
7013
7038
7039
7057
7061
7070
7072
7091
7099
7124
7129
7157
7162
7184
7207
7214
7220
7225
7227
7227
7237
7242
7251
7259
7259
7279
7282
7299
7299
7337
7339
7344
7350
7355
7375
7377
7380
7384
7385
7396
7399
7400
7425
7445
7476
7489
7497
7506
7506
7507
7541
7552
7559
7564
7574
7597
7613
7632
7636
7638
7655
7671
7692
7698
7704
7707
7712
7713
7731
7747
7759
7760
7761
7776
7796
7813
7823
7831
7832
7834
7842
7866
7867
7895
7898
7914
7917
7920
7934
7962
8000
8000
8005
8007
8021
8023
8025
8027
8043
8050
8060
8078
8081
8087
8095
8099
8110
8117
8123
8134
8150
8155
8161
8170
8172
8174
8185
8191
8191
8196
8202
8203
8224
8225
8236
8247
8265
8269
8270
8280
8281
8281
8287
8293
8303
8304
8317
8338
8340
8353
8361
8367
8368
8381
8396
8435
8446
8466
8474
8481
8484
8499
8509
8520
8521
8536
8538
8544
8565
8570
8576
8579
8584
8590
8604
8607
8614
8678
8692
8692
8692
8696
8709
8718
8721
8736
8746
8753
8774
8784
8804
8814
8816
8863
8890
8891
8906
8916
8930
8952
8953
8957
8964
8966
8977
8981
8991
8993
8994
8997
9002
9018
9028
9050
9073
9074
9095
9108
9111
9122
9126
9154
9156
9169
9170
9170
9171
9185
9189
9237
9238
9247
9260
9276
9277
9279
9280
9282
9293
9295
9297
9301
9315
9322
9331
9337
9342
9353
9361
9370
9370
9376
9379
9383
9407
9417
9419
9430
9465
9484
9491
9495
9516
9536
9543
9547
9560
9560
9573
9576
9586
9610
9611
9618
9618
9624
9626
9647
9651
9655
9665
9667
9667
9684
9691
9711
9716
9742
9748
9769
9774
9775
9783
9793
9799
9805
9808
9814
9821
9824
9826
9826
9838
9859
9878
9887
9892
9912
9915
9931
9931
9938
9941
9966
9972
9978
9999
10029
10036
10041
10075
10075
10081
10101
10102
10104
10149
10163
10164
10173
10192
10208
10209
10210
10214
10219
10241
10269
10289
10293
10295
10304
10311
10313
10321
10330
10331
10337
10341
10345
10352
10353
10355
10356
10356
10366
10373
10374
10375
10376
10414
10436
10439
10441
10458
10471
10474
10478
10478
10510
10533
10535
10553
10553
10565
10577
10581
10594
10599
10627
10632
10632
10643
10656
10657
10657
10678
10685
10697
10710
10710
10722
10730
10736
10752
10755
10774
10779
10780
10785
10792
10799
10804
10808
10845
10855
10869
10878
10885
10887
10894
10899
10902
10908
10932
10942
10943
10944
10944
10956
10961
10963
10968
10969
10979
10993
10994
11007
11016
11018
11030
11031
11038
11040
11046
11050
11068
11091
11109
11116
11128
11179
11184
11195
11198
11198
11199
11218
11232
11262
11264
11283
11292
11306
11306
11318
11353
11355
11382
11387
11388
11392
11402
11405
11408
11416
11432
11436
11439
11447
11449
11457
11467
11477
11490
11495
11511
11518
11544
11552
11555
11559
11559
11586
11598
11606
11607
11609
11618
11620
11621
11625
11629
11651
11670
11671
11676
11677
11678
11696
11723
11728
11747
11756
11763
11765
11782
11787
11811
11813
11814
11825
11858
11859
11859
11888
11889
11895
11903
11915
11934
11945
11957
11969
11981
12003
12009
12009
12010
12012
12017
12045
12046
12046
12046
12047
12051
12051
12053
12062
12072
12078
12085
12094
12117
12136
12145
12148
12154
12157
12167
12217
12218
12224
12240
12242
12264
12270
12293
12297
12302
12304
12304
12328
12330
12352
12362
12375
12379
12391
12394
12404
12426
12429
12443
12450
12452
12473
12483
12491
12500
12507
12507
12509
12517
12557
12558
12561
12580
12587
12597
12605
12609
12638
12639
12642
12658
12659
12675
12678
12697
12699
12707
12711
12734
12735
12737
12742
12752
12761
12761
12762
12770
12782
12787
12790
12800
12807
12809
12817
12828
12829
12831
12841
12867
12868
12870
12877
12881
12886
12925
12933
12937
12939
12943
12944
12967
12971
12974
12977
13050
13061
13063
13068
13076
13105
13117
13125
13131
13141
13154
13171
13199
13208
13209
13217
13228
13241
13246
13248
13262
13262
13262
13267
13271
13280
13289
13303
13338
13342
13342
13376
13384
13391
13398
13411
13412
13426
13437
13469
13486
13487
13491
13492
13509
13518
13525
13556
13558
13563
13576
13593
13603
13610
13615
13616
13625
13632
13657
13679
13687
13692
13702
13705
13731
13741
13759
13765
13766
13766
13766
13778
13780
13790
13791
13803
13807
13809
13812
13816
13836
13840
13849
13863
13871
13872
13879
13888
13897
13901
13911
13915
13915
13922
13923
13947
13947
13965
13965
13984
13997
13999
14010
14015
14016
14021
14047
14048
14081
14087
14091
14125
14126
14140
14144
14153
14154
14160
14189
14195
14209
14211
14219
14220
14227
14228
14238
14251
14265
14267
14273
14293
14293
14301
14307
14318
14363
14369
14372
14378
14419
14423
14424
14428
14462
14466
14487
14498
14500
14519
14534
14537
14538
14546
14551
14553
14556
14557
14558
14565
14566
14567
14575
14588
14592
14592
14597
14598
14613
14615
14623
14651
14651
14654
14659
14666
14682
14687
14730
14749
14757
14792
14799
14810
14838
14868
14871
14874
14895
14907
14915
14937
14939
14939
14944
14947
14996
15001
15003
15016
15019
15039
15043
15064
15081
15102
15107
15111
15114
15126
15138
15142
15160
15163
15167
15185
15186
15202
15210
15220
15223
15224
15226
15228
15234
15246
15253
15279
15292
15293
15294
15295
15297
15300
15313
15323
15340
15343
15387
15425
15429
15439
15447
15453
15456
15462
15468
15480
15495
15500
15509
15518
15521
15528
15528
15536
15538
15588
15597
15611
15614
15627
15650
15654
15657
15662
15662
15672
15684
15704
15704
15716
15720
15726
15741
15745
15745
15763
15778
15779
15799
15813
15823
15823
15828
15830
15837
15842
15848
15852
15853
15862
15872
15885
15889
15901
15913
15924
15943
15953
15983
16034
16049
16061
16062
16064
16089
16098
16103
16108
16119
16138
16138
16152
16152
16162
16173
16187
16192
16211
16216
16222
16223
16224
16234
16236
16245
16253
16271
16272
16277
16277
16285
16299
16302
16312
16315
16320
16323
16327
16327
16328
16336
16340
16343
16365
16366
16378
16383
16410
16430
16455
16456
16471
16479
16494
16497
16501
16515
16518
16533
16537
16542
16545
16549
16555
16564
16593
16609
16617
16632
16641
16642
16643
16649
16667
16674
16706
16708
16727
16729
16731
16752
16754
16758
16764
16782
16815
16820
16829
16840
16851
16863
16886
16893
16921
16932
16933
16945
16968
16969
16985
16996
17011
17030
17033
17033
17071
17096
17109
17148
17174
17184
17207
17212
17216
17224
17236
17239
17248
17254
17271
17273
17275
17294
17297
17302
17327
17328
17328
17330
17336
17347
17353
17353
17374
17382
17389
17408
17426
17428
17452
17461
17468
17479
17494
17503
17503
17506
17509
17515
17532
17533
17549
17603
17644
17645
17649
17655
17659
17669
17687
17688
17690
17703
17710
17711
17715
17722
17733
17738
17744
17775
17786
17789
17790
17790
17793
17798
17804
17805
17814
17820
17845
17853
17854
17859
17892
17893
17935
17937
17943
17948
17961
17977
17986
18019
18022
18032
18036
18057
18066
18068
18071
18073
18082
18100
18110
18110
18168
18210
18228
18253
18254
18274
18275
18275
18281
18303
18307
18316
18334
18336
18337
18344
18345
18346
18371
18378
18386
18403
18416
18418
18425
18445
18477
18494
18496
18514
18523
18538
18542
18547
18555
18565
18572
18576
18582
18583
18585
18590
18596
18608
18608
18614
18627
18633
18637
18678
18695
18709
18712
18738
18741
18763
18800
18801
18808
18809
18809
18810
18820
18823
18833
18833
18840
18849
18865
18874
18931
18932
18944
18945
18947
18947
18959
18961
18961
18969
18971
18982
18999
19008
19023
19037
19052
19058
19059
19063
19072
19075
19080
19102
19117
19142
19155
19156
19174
19176
19181
19184
19185
19213
19220
19221
19232
19235
19241
19248
19248
19250
19251
19251
19254
19281
19283
19292
19292
19294
19305
19314
19322
19334
19355
19380
19384
19385
19393
19429
19439
19448
19450
19458
19458
19464
19472
19478
19495
19497
19513
19521
19542
19542
19542
19558
19580
19580
19583
19598
19599
19602
19605
19607
19650
19666
19680
19680
19713
19720
19737
19738
19743
19744
19749
19752
19760
19766
19769
19786
19799
19802
19849
19876
19877
19886
19888
19897
19911
19954
19955
19965
20002
20009
20028
20029
20031
20048
20059
20075
20080
20094
20110
20121
20124
20126
20171
20172
20176
20178
20180
20186
20199
20204
20218
20234
20277
20291
20302
20308
20314
20315
20347
20350
20367
20384
20418
20428
20430
20433
20434
20447
20447
20454
20479
20480
20495
20498
20501
20501
20501
20514
20525
20537
20539
20546
20562
20575
20587
20590
20591
20607
20609
20624
20630
20634
20644
20651
20656
20661
20662
20662
20665
20681
20707
20728
20728
20732
20747
20752
20760
20767
20770
20777
20783
20784
20786
20792
20801
20803
20806
20809
20847
20863
20892
20911
20927
20929
20931
20940
20942
20956
21004
21017
21018
21031
21042
21048
21049
21053
21067
21080
21080
21086
21099
21099
21106
21114
21158
21165
21199
21202
21233
21245
21249
21255
21262
21270
21272
21276
21286
21319
21320
21320
21337
21342
21342
21348
21360
21396
21405
21405
21446
21451
21458
21458
21459
21463
21464
21464
21466
21469
21493
21499
21506
21543
21559
21565
21575
21588
21604
21611
21611
21617
21630
21639
21647
21651
21672
21675
21679
21686
21691
21715
21721
21723
21725
21730
21732
21744
21748
21748
21753
21763
21771
21780
21781
21788
21810
21827
21848
21848
21861
21871
21877
21881
21886
21893
21928
21930
21941
21954
21957
21960
21965
21987
22015
22051
22056
22060
22062
22087
22136
22139
22142
22163
22166
22173
22173
22174
22186
22202
22209
22212
22218
22218
22229
22231
22236
22239
22254
22254
22264
22302
22302
22305
22337
22347
22386
22392
22412
22420
22452
22471
22488
22500
22540
22553
22564
22565
22567
22567
22568
22575
22592
22596
22606
22624
22627
22629
22649
22652
22671
22673
22680
22687
22690
22700
22703
22710
22712
22727
22734
22738
22741
22752
22762
22770
22773
22793
22800
22814
22831
22836
22842
22864
22868
22878
22882
22887
22892
22899
22915
22932
22947
22999
23017
23020
23022
23026
23028
23029
23059
23066
23067
23070
23073
23098
23099
23123
23129
23141
23151
23157
23160
23176
23201
23204
23215
23230
23235
23240
23249
23256
23262
23266
23293
23330
23342
23347
23348
23367
23371
23400
23404
23416
23431
23436
23444
23444
23445
23463
23481
23503
23505
23507
23549
23551
23554
23554
23576
23590
23601
23604
23633
23644
23647
23652
23655
23660
23664
23665
23686
23687
23712
23741
23744
23752
23754
23767
23800
23803
23804
23808
23808
23818
23819
23846
23849
23860
23916
23918
23931
23938
23948
23950
23985
23985
23990
23991
23999
24010
24012
24019
24023
24025
24034
24041
24043
24064
24067
24069
24095
24096
24096
24126
24144
24170
24180
24198
24209
24211
24216
24234
24235
24239
24244
24244
24275
24294
24332
24338
24361
24377
24377
24417
24419
24424
24424
24424
24437
24442
24444
24451
24458
24465
24485
24495
24520
24520
24539
24555
24563
24566
24575
24582
24585
24597
24604
24609
24618
24619
24621
24630
24633
24641
24641
24659
24663
24670
24671
24679
24690
24702
24738
24744
24754
24770
24781
24784
24802
24840
24849
24856
24885
24901
24905
24910
24912
24925
24926
24927
24935
24956
24957
24968
24976
24984
24991
25016
25042
25047
25049
25075
25103
25107
25111
25114
25116
25139
25142
25181
25182
25185
25196
25198
25203
25230
25234
25259
25259
25261
25262
25269
25275
25275
25281
25285
25298
25307
25326
25329
25331
25356
25376
25386
25398
25399
25400
25404
25407
25410
25412
25436
25451
25461
25463
25468
25469
25480
25481
25484
25486
25502
25568
25607
25614
25645
25648
25655
25657
25666
25687
25693
25694
25724
25727
25732
25740
25741
25763
25765
25773
25783
25789
25793
25803
25808
25819
25826
25833
25854
25860
25862
25880
25885
25899
25917
25919
25934
25935
25959
25974
25984
25987
25988
26003
26012
26023
26024
26036
26040
26056
26060
26073
26081
26095
26095
26096
26125
26130
26131
26166
26188
26194
26199
26249
26253
26254
26258
26263
26271
26271
26272
26274
26285
26309
26316
26324
26342
26351
26360
26371
26381
26416
26423
26438
26443
26452
26465
26473
26475
26483
26499
26512
26516
26523
26523
26529
26549
26550
26558
26575
26579
26584
26585
26588
26588
26591
26609
26611
26613
26618
26621
26627
26654
26680
26696
26698
26718
26725
26734
26751
26752
26770
26778
26791
26792
26809
26824
26875
26882
26882
26891
26897
26898
26913
26926
26958
26966
26984
26986
26998
27029
27045
27084
27119
27131
27152
27166
27173
27185
27185
27185
27201
27203
27217
27244
27247
27263
27276
27294
27303
27308
27318
27329
27345
27349
27358
27358
27368
27383
27386
27399
27410
27412
27414
27416
27447
27471
27486
27487
27510
27514
27520
27534
27548
27555
27560
27561
27563
27582
27603
27610
27613
27616
27617
27636
27643
27647
27649
27659
27681
27684
27690
27696
27696
27701
27714
27715
27722
27727
27753
27755
27759
27795
27795
27801
27805
27845
27858
27874
27884
27891
27891
27896
27905
27910
27918
27943
27954
27969
27975
27987
27996
28015
28021
28034
28056
28065
28081
28103
28112
28118
28120
28120
28128
28145
28145
28149
28159
28170
28178
28180
28194
28196
28197
28198
28214
28221
28240
28242
28252
28263
28266
28268
28269
28272
28275
28291
28291
28298
28301
28302
28312
28318
28320
28341
28357
28443
28447
28448
28469
28502
28540
28564
28569
28575
28578
28606
28636
28649
28651
28658
28676
28685
28686
28689
28695
28700
28710
28711
28711
28712
28716
28720
28724
28728
28739
28747
28765
28766
28774
28776
28789
28806
28822
28824
28836
28838
28843
28855
28858
28859
28862
28866
28871
28882
28885
28886
28891
28905
28913
28925
28931
28950
28952
28979
28981
28991
28992
28995
29041
29051
29063
29065
29075
29079
29083
29093
29099
29100
29115
29133
29139
29146
29169
29172
29178
29195
29205
29207
29211
29218
29233
29238
29242
29249
29250
29256
29268
29283
29284
29295
29296
29310
29314
29316
29325
29334
29340
29343
29346
29366
29377
29410
29419
29419
29433
29434
29451
29452
29472
29483
29494
29500
29515
29517
29527
29539
29549
29549
29570
29587
29593
29596
29599
29600
29622
29626
29631
29643
29650
29652
29689
29690
29694
29700
29702
29707
29716
29726
29733
29750
29763
29765
29771
29781
29807
29831
29840
29846
29868
29882
29948
29959
29967
29969
29970
29970
30009
30025
30030
30038
30047
30072
30074
30080
30082
30082
30088
30097
30102
30109
30111
30123
30128
30129
30151
30158
30162
30173
30182
30189
30207
30214
30231
30237
30256
30265
30265
30270
30275
30281
30293
30309
30311
30320
30321
30321
30335
30344
30348
30358
30374
30375
30385
30394
30395
30395
30396
30402
30418
30427
30435
30442
30446
30452
30453
30460
30461
30461
30468
30496
30508
30525
30525
30528
30572
30574
30574
30578
30581
30582
30590
30597
30603
30605
30623
30632
30634
30640
30644
30661
30685
30690
30701
30707
30708
30719
30732
30734
30735
30742
30754
30758
30762
30770
30771
30779
30787
30793
30814
30815
30818
30835
30853
30859
30867
30867
30875
30884
30892
30901
30905
30907
30931
30947
30998
31008
31018
31030
31038
31040
31060
31076
31091
31092
31092
31126
31126
31156
31162
31167
31168
31185
31198
31211
31228
31230
31230
31244
31249
31252
31264
31266
31280
31284
31286
31288
31317
31319
31326
31326
31343
31364
31376
31388
31397
31408
31408
31411
31422
31424
31459
31467
31482
31495
31503
31508
31528
31543
31560
31573
31575
31575
31585
31588
31594
31603
31611
31630
31644
31673
31694
31712
31717
31729
31755
31767
31768
31778
31788
31792
31799
31802
31825
31830
31835
31841
31847
31851
31854
31855
31863
31877
31902
31904
31918
31938
31942
31945
31961
31985
31989
31999
32014
32039
32086
32087
32087
32092
32118
32118
32119
32124
32136
32149
32155
32156
32158
32160
32162
32181
32204
32207
32213
32214
32216
32223
32230
32250
32257
32265
32269
32293
32296
32307
32313
32334
32338
32346
32347
32362
32369
32383
32397
32399
32403
32409
32433
32443
32443
32462
32467
32480
32490
32522
32537
32537
32539
32542
32548
32555
32556
32559
32561
32576
32584
32586
32597
32599
32601
32612
32612
32614
32619
32623
32649
32667
32677
32677
32679
32684
32696
32727
32731
32733
32744
32751
32759
32764
32767
32767
32784
32786
32797
32807
32819
32824
32829
32844
32870
32872
32884
32912
32923
32924
32954
32959
32973
32978
32999
33026
33033
33066
33069
33075
33081
33095
33107
33116
33122
33122
33124
33140
33151
33196
33204
33210
33231
33240
33253
33256
33258
33259
33288
33291
33305
33305
33361
33374
33380
33382
33383
33390
33391
33392
33411
33422
33426
33434
33439
33464
33491
33496
33502
33505
33511
33540
33548
33556
33559
33564
33576
33588
33590
33609
33617
33632
33647
33652
33672
33682
33687
33698
33708
33722
33761
33770
33776
33780
33783
33827
33869
33876
33890
33896
33923
33938
33950
33959
33961
33964
33972
33976
33978
34041
34060
34068
34073
34088
34093
34097
34101
34105
34106
34114
34118
34124
34137
34146
34146
34155
34158
34158
34159
34200
34208
34214
34215
34218
34229
34244
34262
34264
34278
34281
34290
34324
34333
34348
34380
34400
34419
34425
34429
34433
34446
34455
34459
34465
34466
34466
34467
34468
34491
34502
34505
34506
34510
34521
34532
34539
34541
34552
34557
34567
34582
34589
34592
34601
34626
34628
34637
34653
34666
34673
34682
34685
34707
34730
34733
34754
34765
34791
34802
34809
34827
34851
34853
34871
34899
34906
34918
34941
34945
34948
34957
34961
34962
34978
34985
34987
34989
35020
35023
35032
35034
35047
35051
35057
35087
35090
35101
35116
35130
35134
35136
35137
35144
35152
35155
35163
35165
35188
35200
35201
35207
35221
35228
35235
35243
35253
35255
35261
35265
35271
35273
35277
35281
35283
35300
35308
35310
35325
35340
35345
35355
35386
35410
35419
35427
35427
35431
35434
35436
35439
35444
35458
35481
35484
35489
35491
35501
35506
35510
35519
35541
35546
35553
35555
35562
35563
35580
35587
35588
35593
35594
35597
35606
35608
35617
35619
35633
35637
35641
35643
35676
35715
35721
35723
35726
35766
35771
35780
35804
35804
35825
35850
35851
35859
35875
35890
35892
35893
35894
35902
35920
35922
35922
35931
35943
35943
35950
35961
35962
35973
35979
35980
35997
36014
36028
36042
36044
36067
36072
36083
36090
36090
36126
36129
36138
36141
36159
36162
36162
36167
36176
36181
36184
36186
36219
36219
36220
36247
36267
36273
36278
36312
36334
36337
36354
36360
36378
36385
36411
36420
36420
36432
36434
36437
36441
36445
36473
36484
36503
36506
36522
36523
36531
36539
36567
36573
36584
36618
36618
36623
36627
36635
36635
36644
36650
36652
36657
36685
36686
36692
36693
36694
36731
36739
36771
36777
36783
36792
36797
36801
36828
36831
36834
36846
36848
36890
36894
36895
36899
36916
36919
36919
36938
36965
36972
36977
36982
36997
36997
37017
37019
37062
37062
37066
37081
37102
37108
37123
37136
37139
37148
37164
37165
37184
37185
37186
37203
37214
37227
37227
37255
37267
37291
37302
37309
37310
37311
37313
37314
37315
37330
37350
37368
37378
37403
37407
37424
37437
37450
37470
37484
37498
37499
37506
37513
37520
37545
37556
37559
37579
37579
37581
37599
37625
37627
37644
37655
37660
37666
37676
37697
37710
37711
37718
37725
37749
37790
37799
37806
37813
37814
37817
37820
37839
37861
37882
37883
37895
37902
37918
37920
37939
37954
37954
37961
37966
37969
37971
37973
37987
37988
38007
38010
38029
38031
38035
38040
38078
38079
38102
38108
38131
38135
38146
38158
38167
38170
38179
38186
38187
38188
38190
38204
38213
38256
38283
38296
38313
38324
38324
38334
38336
38349
38352
38384
38435
38439
38448
38448
38450
38458
38470
38472
38481
38485
38501
38501
38519
38528
38535
38544
38547
38554
38610
38626
38647
38651
38652
38665
38668
38676
38699
38708
38712
38728
38734
38735
38752
38767
38773
38783
38784
38787
38798
38813
38838
38850
38864
38866
38870
38876
38878
38882
38890
38891
38893
38907
38921
38925
38948
38949
38962
38970
38976
39020
39041
39042
39057
39061
39120
39121
39122
39133
39138
39141
39142
39147
39161
39162
39163
39180
39203
39214
39217
39220
39230
39242
39255
39256
39271
39288
39293
39303
39323
39341
39343
39371
39372
39374
39404
39406
39445
39450
39450
39454
39471
39472
39541
39544
39556
39557
39558
39573
39575
39593
39595
39602
39603
39620
39624
39641
39641
39643
39661
39661
39669
39696
39700
39710
39723
39735
39736
39738
39743
39751
39769
39770
39773
39779
39784
39788
39792
39802
39802
39824
39835
39843
39849
39849
39861
39887
39892
39915
39918
39922
39925
39959
39966
39966
39975
39981
39981
39986
40014
40016
40018
40022
40033
40037
40053
40060
40064
40068
40082
40085
40085
40094
40098
40122
40131
40137
40215
40235
40253
40256
40263
40266
40275
40297
40303
40312
40357
40375
40380
40422
40438
40455
40468
40479
40487
40489
40498
40525
40540
40547
40548
40565
40566
40587
40631
40660
40674
40681
40686
40691
40692
40701
40708
40712
40714
40735
40741
40751
40756
40763
40767
40771
40776
40792
40799
40822
40826
40827
40827
40839
40850
40868
40885
40919
40926
40929
40965
40967
40990
40990
40991
40999
41016
41017
41018
41026
41048
41051
41064
41067
41080
41151
41163
41165
41169
41182
41213
41223
41223
41228
41236
41237
41245
41250
41259
41259
41260
41270
41273
41284
41287
41289
41292
41300
41308
41309
41311
41332
41359
41364
41395
41405
41405
41417
41452
41461
41473
41492
41503
41526
41549
41549
41550
41560
41566
41584
41590
41593
41618
41619
41628
41638
41649
41650
41650
41653
41654
41660
41663
41686
41688
41690
41697
41733
41743
41796
41805
41808
41834
41840
41853
41858
41864
41865
41874
41878
41881
41885
41904
41915
41927
41938
41943
41973
41978
41988
41997
41998
42008
42011
42015
42017
42020
42022
42033
42047
42063
42069
42079
42079
42082
42097
42113
42133
42139
42146
42147
42151
42155
42156
42163
42192
42200
42202
42207
42216
42218
42221
42228
42228
42238
42243
42246
42250
42266
42291
42299
42299
42302
42305
42323
42328
42332
42361
42371
42385
42401
42420
42426
42429
42436
42443
42458
42465
42467
42483
42490
42499
42505
42509
42522
42544
42556
42561
42578
42581
42596
42599
42604
42610
42624
42631
42638
42643
42644
42644
42660
42676
42694
42699
42699
42721
42763
42775
42802
42823
42847
42850
42854
42862
42873
42885
42888
42892
42907
42909
42913
42917
42934
42959
42967
42971
42973
42995
43004
43023
43050
43087
43087
43097
43107
43113
43113
43124
43144
43158
43162
43181
43185
43186
43194
43207
43219
43242
43247
43275
43280
43287
43302
43308
43317
43317
43322
43334
43343
43346
43348
43350
43350
43406
43407
43409
43409
43420
43422
43451
43452
43464
43473
43477
43494
43527
43529
43532
43546
43549
43549
43554
43565
43583
43590
43594
43600
43604
43608
43623
43623
43643
43653
43663
43671
43678
43697
43703
43704
43721
43721
43772
43786
43790
43794
43796
43800
43801
43803
43841
43851
43852
43854
43859
43865
43887
43900
43917
43928
43933
43935
43943
43947
43954
43954
43962
43965
43974
43981
43988
43990
43992
44000
44020
44027
44033
44037
44043
44049
44072
44074
44121
44124
44124
44125
44130
44135
44136
44140
44150
44172
44180
44198
44213
44235
44237
44247
44251
44268
44275
44276
44296
44302
44312
44312
44314
44314
44323
44326
44336
44353
44370
44376
44384
44406
44413
44471
44501
44519
44523
44524
44526
44528
44537
44559
44559
44564
44576
44589
44598
44616
44622
44629
44647
44648
44660
44679
44683
44684
44700
44711
44722
44738
44745
44748
44752
44779
44783
44796
44797
44825
44834
44845
44871
44878
44880
44882
44884
44885
44887
44889
44903
44930
44935
44957
44959
44968
44969
45004
45005
45011
45014
45016
45024
45033
45039
45042
45046
45070
45089
45091
45104
45113
45151
45158
45160
45160
45174
45183
45187
45191
45201
45204
45214
45216
45261
45272
45281
45282
45292
45302
45309
45316
45331
45335
45351
45355
45373
45376
45396
45399
45409
45412
45418
45434
45444
45445
45447
45450
45463
45468
45468
45470
45478
45491
45493
45503
45508
45511
45512
45514
45517
45519
45524
45526
45530
45567
45598
45599
45600
45609
45635
45655
45662
45684
45696
45715
45724
45725
45730
45730
45742
45759
45761
45768
45779
45781
45790
45792
45795
45809
45833
45848
45849
45858
45860
45865
45876
45884
45892
45902
45938
45943
45945
45962
45979
45986
45994
46021
46033
46040
46065
46071
46084
46101
46119
46135
46137
46139
46151
46160
46168
46170
46194
46200
46213
46214
46220
46221
46236
46238
46242
46248
46250
46267
46267
46276
46290
46295
46316
46322
46322
46325
46336
46337
46339
46373
46384
46384
46406
46406
46408
46439
46447
46455
46468
46479
46480
46487
46488
46529
46531
46533
46549
46567
46569
46579
46580
46583
46603
46604
46605
46617
46631
46638
46643
46648
46656
46657
46662
46678
46678
46692
46693
46694
46710
46734
46744
46767
46774
46794
46798
46802
46824
46828
46839
46852
46857
46906
46911
46921
46923
46926
46930
46972
46974
46975
46985
46987
47020
47033
47036
47037
47061
47079
47096
47099
47104
47104
47105
47125
47133
47158
47165
47177
47184
47206
47214
47226
47240
47260
47274
47287
47290
47301
47301
47310
47313
47314
47315
47330
47353
47366
47375
47375
47376
47391
47427
47427
47428
47433
47443
47445
47447
47459
47468
47470
47476
47479
47490
47490
47491
47493
47516
47520
47521
47540
47550
47559
47565
47566
47566
47567
47573
47581
47595
47603
47613
47616
47617
47619
47668
47670
47677
47680
47693
47694
47700
47708
47715
47721
47741
47754
47769
47797
47801
47804
47815
47825
47826
47827
47829
47830
47834
47835
47835
47836
47856
47858
47877
47887
47913
47918
47922
47925
47930
47933
47934
47944
47957
47964
47972
47976
47986
48011
48011
48012
48019
48019
48040
48051
48069
48085
48093
48094
48115
48131
48133
48151
48176
48179
48188
48194
48196
48196
48201
48215
48222
48234
48239
48270
48287
48307
48315
48341
48346
48365
48378
48392
48397
48423
48463
48465
48466
48483
48483
48493
48499
48512
48522
48526
48528
48538
48548
48552
48553
48557
48560
48564
48580
48602
48622
48634
48641
48645
48651
48651
48663
48669
48677
48695
48705
48714
48738
48740
48745
48748
48765
48777
48786
48788
48794
48808
48815
48829
48833
48841
48863
48866
48867
48872
48878
48881
48897
48906
48907
48918
48926
48930
48957
48964
48982
49004
49005
49005
49010
49010
49024
49035
49054
49055
49064
49081
49089
49093
49101
49117
49121
49129
49134
49150
49159
49174
49189
49212
49218
49231
49243
49258
49261
49269
49275
49275
49286
49291
49298
49317
49320
49347
49348
49353
49361
49381
49383
49403
49410
49410
49421
49426
49449
49469
49471
49476
49480
49483
49484
49488
49493
49503
49507
49513
49516
49522
49539
49542
49542
49544
49549
49563
49578
49579
49585
49588
49596
49598
49613
49650
49663
49675
49679
49689
49704
49712
49713
49714
49735
49741
49771
49776
49794
49809
49863
49884
49894
49902
49909
49917
49926
49932
49939
49939
49949
49954
49958
49960
49963
49964
49964
49985
49989
49990
49990
49995
50027
50051
50062
50072
50074
50083
50092
50094
50123
50125
50129
50134
50139
50141
50145
50154
50155
50162
50169
50173
50175
50190
50228
50237
50259
50260
50263
50268
50270
50275
50280
50288
50294
50296
50301
50302
50302
50308
50313
50326
50339
50360
50365
50370
50422
50428
50431
50457
50463
50465
50470
50493
50495
50497
50509
50532
50535
50542
50550
50552
50572
50573
50580
50601
50601
50609
50613
50628
50642
50648
50662
50666
50695
50704
50719
50730
50733
50754
50759
50762
50783
50803
50811
50816
50817
50821
50835
50862
50863
50875
50876
50877
50889
50890
50893
50917
50927
50932
50935
50942
50963
50963
50996
51002
51007
51037
51038
51050
51052
51054
51058
51067
51070
51070
51093
51098
51107
51108
51113
51118
51140
51142
51149
51153
51155
51176
51182
51185
51187
51191
51199
51209
51223
51223
51236
51246
51247
51257
51280
51282
51284
51287
51301
51308
51314
51328
51352
51368
51371
51398
51401
51403
51409
51411
51419
51419
51432
51434
51436
51452
51491
51493
51503
51510
51513
51519
51529
51531
51536
51537
51542
51554
51565
51570
51641
51645
51652
51665
51691
51694
51728
51730
51731
51742
51746
51749
51750
51757
51775
51779
51793
51820
51845
51858
51859
51861
51866
51868
51885
51895
51897
51930
51948
51949
51960
51971
51988
51993
52004
52005
52007
52010
52026
52046
52050
52053
52056
52061
52063
52070
52081
52082
52088
52091
52098
52102
52120
52126
52149
52177
52182
52187
52191
52195
52198
52204
52212
52214
52214
52229
52230
52237
52238
52243
52267
52287
52289
52296
52301
52303
52307
52317
52331
52342
52342
52347
52358
52372
52373
52378
52402
52407
52418
52420
52455
52455
52461
52461
52463
52470
52488
52490
52491
52507
52520
52529
52532
52553
52553
52564
52580
52585
52586
52590
52604
52608
52627
52629
52644
52650
52652
52661
52661
52666
52691
52708
52716
52722
52748
52765
52775
52777
52791
52797
52808
52819
52841
52875
52880
52889
52893
52902
52912
52961
52970
53013
53033
53049
53055
53058
53076
53077
53082
53083
53083
53086
53103
53105
53109
53125
53127
53148
53148
53175
53177
53182
53183
53197
53199
53200
53202
53204
53212
53215
53228
53250
53264
53269
53270
53273
53284
53308
53316
53325
53328
53340
53345
53348
53366
53375
53389
53392
53416
53417
53418
53431
53431
53439
53468
53477
53486
53488
53489
53513
53525
53526
53529
53532
53538
53550
53578
53607
53620
53633
53642
53657
53658
53662
53664
53665
53667
53669
53677
53679
53721
53738
53741
53747
53761
53762
53768
53775
53790
53793
53793
53798
53821
53823
53835
53840
53842
53846
53847
53848
53850
53854
53859
53870
53886
53888
53890
53898
53900
53904
53905
53908
53913
53928
53931
53933
53944
53963
53994
53997
54018
54030
54041
54079
54083
54095
54143
54166
54179
54183
54221
54221
54242
54243
54243
54261
54263
54274
54280
54306
54316
54317
54325
54329
54338
54339
54341
54344
54357
54368
54376
54397
54416
54420
54436
54466
54487
54500
54514
54522
54539
54553
54556
54561
54575
54584
54585
54594
54607
54619
54624
54630
54637
54653
54677
54678
54680
54689
54699
54711
54719
54721
54725
54735
54738
54771
54772
54800
54807
54813
54834
54867
54916
54926
54926
54929
54932
54933
54948
54975
55003
55010
55011
55013
55019
55021
55033
55051
55053
55100
55115
55141
55151
55156
55166
55174
55185
55190
55206
55215
55218
55223
55242
55279
55300
55304
55325
55331
55334
55338
55342
55358
55359
55362
55375
55380
55382
55383
55431
55435
55456
55459
55465
55470
55486
55496
55501
55507
55543
55545
55545
55558
55579
55579
55589
55598
55604
55622
55624
55628
55630
55630
55650
55659
55681
55700
55709
55722
55802
55803
55808
55809
55831
55833
55845
55864
55865
55869
55876
55898
55926
55927
55936
55938
55945
55946
55948
55961
55973
55976
55976
55989
55995
55995
56020
56021
56035
56071
56082
56102
56117
56126
56128
56138
56148
56149
56160
56185
56209
56232
56243
56246
56254
56258
56269
56273
56291
56302
56328
56330
56331
56341
56344
56354
56354
56369
56370
56373
56375
56377
56398
56416
56432
56453
56470
56471
56487
56500
56503
56515
56523
56544
56555
56565
56582
56628
56629
56631
56642
56673
56701
56715
56717
56725
56730
56737
56750
56762
56768
56786
56786
56798
56819
56832
56836
56851
56884
56899
56922
56938
56974
56987
56994
57002
57013
57046
57058
57077
57082
57083
57095
57098
57113
57116
57116
57149
57162
57176
57197
57203
57205
57223
57233
57261
57262
57266
57266
57297
57326
57336
57349
57351
57364
57394
57414
57416
57433
57439
57439
57445
57449
57459
57484
57492
57504
57505
57507
57510
57512
57525
57528
57545
57546
57554
57568
57576
57583
57593
57616
57627
57629
57641
57645
57646
57661
57666
57681
57701
57711
57716
57732
57735
57742
57747
57770
57792
57793
57797
57802
57810
57838
57838
57841
57852
57865
57890
57891
57896
57947
57951
57953
57959
57965
57972
57982
57986
57988
57989
58005
58009
58035
58037
58077
58106
58129
58150
58153
58155
58162
58174
58198
58209
58219
58232
58236
58246
58246
58250
58266
58305
58316
58323
58325
58327
58327
58330
58367
58372
58381
58381
58404
58406
58421
58422
58444
58450
58455
58464
58466
58489
58492
58497
58498
58509
58513
58518
58548
58567
58585
58600
58611
58617
58621
58629
58676
58722
58730
58733
58737
58753
58760
58763
58776
58780
58786
58794
58798
58807
58811
58837
58848
58848
58870
58892
58892
58915
58916
58917
58938
58955
58971
58987
58990
58995
59004
59014
59045
59049
59090
59106
59117
59178
59183
59184
59199
59215
59222
59227
59229
59231
59232
59245
59248
59267
59282
59290
59293
59295
59317
59325
59342
59350
59355
59363
59383
59413
59416
59417
59443
59443
59479
59490
59495
59515
59528
59531
59549
59561
59566
59578
59598
59599
59615
59618
59621
59628
59647
59647
59647
59648
59649
59650
59697
59700
59714
59737
59741
59751
59762
59764
59766
59769
59801
59808
59831
59836
59843
59862
59868
59872
59881
59886
59887
59897
59907
59921
59925
59939
59941
59942
59944
59949
59964
59973
59979
59983
59986
59989
59994
60008
60012
60040
60061
60063
60068
60072
60085
60096
60110
60112
60124
60126
60129
60136
60138
60149
60159
60171
60173
60175
60186
60187
60196
60204
60230
60232
60239
60255
60266
60267
60292
60299
60306
60318
60330
60337
60337
60356
60362
60368
60369
60376
60400
60402
60404
60407
60407
60410
60433
60439
60468
60479
60482
60484
60493
60517
60522
60527
60555
60557
60560
60588
60589
60593
60600
60626
60652
60653
60672
60680
60690
60706
60717
60718
60722
60723
60725
60754
60755
60760
60760
60762
60764
60775
60776
60777
60777
60797
60801
60819
60819
60828
60836
60847
60861
60868
60875
60925
60927
60946
60948
60951
60965
60990
60994
61008
61009
61012
61015
61025
61029
61034
61038
61042
61043
61045
61072
61079
61079
61088
61099
61106
61132
61138
61144
61156
61156
61160
61161
61170
61173
61183
61199
61210
61215
61218
61218
61240
61248
61268
61322
61326
61334
61336
61344
61347
61354
61360
61366
61366
61412
61414
61431
61435
61453
61477
61489
61496
61517
61529
61557
61560
61579
61581
61584
61611
61622
61629
61632
61632
61639
61652
61666
61677
61681
61694
61741
61760
61761
61773
61845
61857
61865
61873
61874
61875
61875
61886
61891
61895
61897
61912
61935
61944
61947
61951
61956
61971
61993
62009
62034
62040
62049
62057
62076
62076
62079
62106
62120
62128
62152
62160
62165
62176
62201
62206
62212
62258
62264
62265
62268
62284
62306
62320
62322
62327
62331
62341
62350
62414
62433
62446
62446
62451
62453
62465
62468
62471
62471
62485
62489
62512
62520
62537
62557
62563
62566
62570
62572
62591
62599
62622
62643
62649
62665
62676
62679
62686
62697
62706
62719
62731
62733
62737
62751
62762
62777
62817
62841
62848
62850
62853
62858
62883
62891
62894
62896
62908
62918
62930
62951
62981
62981
62983
62986
62990
63014
63015
63032
63035
63042
63049
63050
63051
63080
63083
63087
63093
63105
63119
63148
63152
63161
63165
63167
63186
63193
63200
63244
63250
63262
63298
63315
63324
63333
63339
63344
63349
63350
63362
63370
63373
63382
63384
63386
63405
63407
63407
63408
63413
63420
63427
63439
63455
63509
63511
63537
63544
63573
63574
63577
63590
63593
63608
63620
63623
63629
63632
63633
63647
63652
63652
63676
63684
63706
63717
63734
63748
63752
63763
63770
63795
63800
63801
63817
63818
63827
63827
63829
63841
63853
63855
63863
63875
63891
63893
63908
63908
63910
63911
63913
63927
63933
63946
63946
63948
63950
63952
63954
63954
63960
63963
63973
63980
63993
64001
64011
64015
64020
64029
64043
64069
64074
64076
64097
64103
64109
64113
64130
64135
64164
64197
64200
64216
64220
64224
64246
64275
64286
64288
64292
64304
64313
64323
64323
64330
64339
64347
64399
64403
64407
64408
64415
64423
64432
64440
64525
64545
64553
64555
64555
64561
64588
64593
64593
64599
64610
64612
64621
64633
64644
64671
64684
64713
64735
64746
64754
64803
64805
64807
64820
64840
64843
64849
64852
64853
64854
64896
64900
64916
64924
64935
64955
64958
64958
64963
64966
64991
64999
65001
65001
65008
65029
65033
65037
65067
65087
65110
65112
65116
65118
65119
65120
65127
65131
65148
65150
65162
65173
65178
65186
65190
65209
65209
65227
65232
65236
65243
65266
65270
65271
65282
65298
65304
65328
65344
65345
65405
65413
65416
65430
65448
65466
65495
65522
65528
65541
65581
65607
65623
65626
65637
65650
65667
65672
65692
65697
65703
65720
65737
65741
65778
65803
65806
65807
65825
65828
65838
65842
65845
65855
65878
65878
65879
65882
65913
65931
65942
65960
65984
65994
66023
66033
66049
66051
66054
66069
66095
66099
66100
66105
66117
66121
66135
66151
66159
66166
66167
66188
66191
66203
66212
66217
66234
66257
66274
66284
66310
66313
66331
66355
66420
66424
66437
66442
66456
66477
66483
66488
66514
66515
66523
66541
66571
66573
66603
66617
66641
66652
66662
66666
66669
66678
66679
66683
66700
66702
66705
66705
66716
66720
66723
66735
66741
66753
66798
66809
66824
66825
66837
66845
66854
66865
66884
66889
66892
66895
66898
66903
66907
66922
66941
66989
66990
66991
66999
67025
67037
67067
67069
67075
67077
67102
67107
67123
67123
67126
67132
67150
67158
67163
67163
67170
67175
67182
67187
67195
67196
67196
67205
67218
67218
67218
67224
67255
67262
67289
67292
67292
67318
67323
67330
67340
67354
67362
67384
67385
67405
67412
67441
67452
67474
67479
67512
67515
67529
67540
67555
67562
67565
67578
67582
67585
67587
67608
67615
67624
67624
67631
67634
67639
67653
67662
67671
67674
67686
67690
67696
67697
67702
67704
67705
67729
67730
67737
67751
67756
67766
67777
67787
67796
67797
67799
67805
67809
67852
67852
67867
67901
67919
67925
67928
67929
67951
67957
67958
67958
67960
67964
67964
67969
67974
67982
67982
67995
67996
68008
68031
68032
68033
68044
68053
68061
68065
68065
68072
68083
68087
68097
68098
68135
68147
68165
68174
68182
68192
68192
68195
68215
68234
68247
68266
68270
68273
68276
68285
68290
68296
68315
68336
68344
68346
68349
68352
68353
68383
68390
68395
68409
68411
68418
68445
68446
68464
68467
68480
68485
68487
68488
68489
68494
68505
68506
68512
68527
68530
68535
68543
68547
68554
68570
68580
68582
68596
68604
68612
68615
68635
68650
68656
68664
68665
68669
68673
68700
68704
68722
68729
68733
68734
68757
68771
68778
68779
68789
68794
68803
68817
68817
68819
68886
68889
68891
68907
68920
68930
68946
68950
68953
68957
68960
68996
69018
69063
69066
69071
69076
69091
69100
69103
69109
69121
69123
69133
69134
69168
69180
69182
69182
69195
69198
69198
69206
69221
69225
69231
69292
69293
69300
69317
69328
69335
69345
69373
69386
69398
69420
69421
69436
69451
69485
69493
69494
69497
69497
69499
69500
69504
69519
69522
69525
69548
69549
69556
69560
69563
69580
69584
69592
69609
69622
69627
69642
69662
69669
69674
69681
69694
69705
69710
69725
69751
69752
69781
69781
69785
69825
69848
69850
69854
69873
69879
69906
69917
69962
69966
69970
69973
69983
69995
70004
70009
70013
70055
70055
70057
70079
70079
70082
70083
70093
70093
70107
70130
70132
70136
70149
70153
70165
70171
70181
70197
70210
70214
70216
70230
70233
70234
70254
70297
70306
70310
70319
70320
70324
70327
70345
70348
70359
70374
70378
70398
70399
70400
70409
70433
70442
70448
70463
70474
70500
70509
70516
70544
70556
70559
70565
70574
70577
70591
70592
70592
70594
70613
70615
70632
70633
70638
70644
70646
70654
70663
70683
70687
70692
70696
70712
70719
70722
70727
70736
70746
70750
70787
70790
70793
70797
70800
70814
70822
70822
70827
70833
70835
70859
70891
70892
70897
70907
70932
70932
70943
70964
70966
70987
70995
70996
70997
71009
71021
71031
71035
71040
71051
71073
71075
71077
71086
71091
71114
71131
71136
71162
71169
71188
71188
71199
71213
71239
71239
71245
71253
71276
71283
71291
71294
71297
71307
71310
71317
71319
71320
71321
71345
71347
71352
71355
71378
71407
71410
71418
71420
71435
71449
71451
71467
71473
71483
71486
71503
71505
71518
71536
71547
71554
71559
71563
71565
71572
71583
71595
71600
71603
71624
71639
71642
71643
71645
71646
71651
71665
71673
71688
71690
71697
71698
71738
71739
71753
71766
71780
71785
71792
71796
71804
71806
71806
71808
71809
71824
71856
71857
71860
71866
71876
71884
71888
71889
71930
71933
71935
71936
71955
71975
71980
71989
71997
71998
72000
72009
72010
72017
72018
72020
72031
72040
72044
72050
72061
72070
72093
72098
72106
72108
72111
72135
72148
72160
72192
72197
72210
72214
72227
72247
72265
72267
72271
72301
72311
72312
72315
72345
72355
72356
72369
72376
72392
72409
72414
72416
72418
72425
72427
72427
72449
72454
72476
72487
72513
72523
72523
72525
72526
72531
72537
72545
72555
72598
72629
72642
72645
72647
72651
72659
72661
72664
72691
72702
72716
72717
72720
72722
72731
72740
72750
72780
72786
72789
72800
72800
72833
72863
72866
72880
72884
72889
72896
72908
72908
72920
72928
72933
72946
72959
72961
72966
72977
72985
72988
72994
73003
73030
73030
73037
73053
73054
73054
73065
73066
73067
73093
73113
73116
73116
73117
73125
73140
73143
73149
73156
73157
73158
73162
73167
73181
73184
73185
73191
73191
73201
73212
73233
73239
73246
73246
73249
73264
73264
73269
73270
73300
73301
73321
73322
73324
73342
73375
73390
73404
73415
73422
73425
73435
73447
73453
73475
73477
73503
73507
73518
73522
73527
73532
73539
73540
73549
73557
73570
73575
73582
73589
73589
73597
73597
73597
73613
73619
73619
73621
73625
73637
73663
73677
73677
73680
73684
73686
73693
73693
73695
73703
73711
73712
73722
73730
73737
73739
73743
73746
73774
73783
73790
73806
73844
73848
73856
73867
73872
73875
73890
73898
73907
73908
73925
73928
73932
73941
73945
73958
73960
73961
73977
73977
73979
73984
73986
73994
74025
74034
74037
74052
74059
74065
74065
74067
74076
74100
74100
74109
74117
74130
74140
74149
74153
74156
74162
74169
74169
74173
74176
74188
74190
74194
74204
74218
74222
74223
74225
74226
74235
74235
74242
74268
74272
74276
74284
74309
74336
74348
74360
74365
74385
74389
74392
74401
74408
74423
74431
74432
74445
74455
74461
74471
74506
74514
74520
74527
74529
74541
74555
74558
74563
74574
74576
74585
74613
74614
74617
74631
74634
74639
74644
74648
74652
74661
74664
74664
74665
74687
74697
74698
74723
74728
74728
74752
74759
74760
74762
74766
74823
74824
74834
74836
74859
74861
74885
74886
74896
74909
74910
74918
74919
74921
74924
74947
74980
74982
74984
74984
74986
74986
74988
74996
74997
74998
75019
75029
75051
75071
75073
75074
75077
75079
75079
75082
75101
75111
75134
75184
75214
75217
75224
75266
75273
75275
75285
75287
75288
75310
75311
75320
75339
75345
75383
75397
75410
75417
75417
75423
75461
75466
75480
75492
75502
75523
75552
75562
75585
75586
75587
75592
75606
75616
75635
75644
75671
75672
75684
75686
75722
75740
75753
75762
75782
75810
75815
75815
75816
75849
75868
75877
75885
75886
75916
75925
75929
75930
75935
75943
75948
75959
75967
75971
75976
75980
75992
76003
76021
76024
76027
76037
76044
76046
76051
76060
76079
76099
76113
76117
76126
76128
76159
76165
76177
76181
76188
76189
76197
76202
76204
76206
76208
76212
76223
76226
76236
76239
76250
76252
76252
76267
76282
76290
76291
76303
76367
76367
76377
76400
76402
76427
76432
76455
76472
76478
76485
76497
76500
76508
76563
76571
76581
76583
76584
76584
76612
76620
76628
76636
76660
76664
76673
76684
76688
76689
76690
76690
76705
76708
76714
76722
76727
76731
76731
76739
76748
76748
76784
76785
76794
76797
76800
76815
76828
76835
76842
76853
76886
76894
76904
76910
76911
76912
76912
76913
76915
76934
76935
76939
76939
76952
76965
76969
76975
77001
77041
77049
77050
77065
77066
77072
77085
77085
77090
77099
77117
77125
77133
77152
77171
77176
77176
77185
77196
77198
77204
77245
77248
77264
77264
77290
77292
77295
77297
77301
77321
77328
77343
77343
77384
77401
77402
77405
77413
77416
77426
77426
77451
77453
77455
77457
77465
77467
77476
77479
77480
77480
77492
77511
77522
77523
77524
77544
77546
77554
77554
77598
77613
77614
77623
77628
77628
77674
77681
77681
77682
77685
77688
77700
77703
77711
77731
77764
77765
77782
77789
77806
77837
77841
77852
77853
77858
77860
77882
77884
77893
77898
77921
77941
77945
77953
77957
77963
77965
77990
77990
77991
78006
78006
78010
78011
78012
78014
78015
78042
78058
78062
78065
78090
78093
78102
78104
78113
78149
78154
78184
78191
78196
78199
78224
78244
78244
78246
78248
78265
78295
78324
78328
78336
78343
78354
78364
78372
78374
78378
78387
78410
78434
78438
78439
78445
78446
78460
78478
78481
78489
78489
78495
78497
78506
78518
78522
78530
78539
78567
78569
78581
78583
78594
78605
78617
78635
78675
78677
78692
78700
78720
78740
78749
78752
78776
78796
78812
78823
78855
78857
78867
78879
78882
78887
78897
78927
78929
78951
78952
78991
78994
79022
79046
79049
79055
79120
79120
79128
79154
79164
79200
79204
79205
79211
79211
79219
79221
79222
79238
79257
79275
79300
79324
79348
79351
79380
79387
79417
79435
79438
79446
79455
79467
79475
79495
79502
79513
79514
79523
79524
79545
79561
79562
79587
79598
79602
79621
79639
79644
79649
79668
79670
79672
79679
79683
79687
79691
79695
79698
79699
79711
79716
79717
79733
79742
79751
79784
79795
79813
79830
79835
79844
79872
79885
79886
79905
79910
79914
79929
79933
79949
79951
79956
79961
79977
79982
80058
80059
80072
80072
80109
80110
80119
80125
80133
80137
80145
80146
80151
80168
80192
80201
80207
80212
80237
80240
80252
80257
80260
80274
80285
80286
80321
80329
80338
80343
80357
80408
80417
80425
80446
80470
80471
80476
80479
80524
80548
80556
80563
80566
80567
80572
80574
80575
80577
80582
80612
80615
80641
80648
80656
80657
80666
80672
80680
80682
80704
80734
80772
80773
80784
80806
80809
80814
80835
80842
80843
80844
80863
80880
80918
80919
80947
80956
80967
80972
80992
80993
81008
81012
81022
81023
81024
81028
81058
81064
81079
81084
81087
81094
81104
81105
81132
81155
81164
81173
81174
81231
81239
81278
81286
81312
81314
81315
81328
81330
81332
81347
81357
81361
81376
81393
81393
81399
81408
81427
81446
81449
81476
81481
81483
81486
81492
81506
81509
81515
81531
81546
81547
81567
81579
81583
81597
81603
81617
81644
81646
81651
81654
81665
81670
81671
81679
81690
81747
81750
81777
81780
81793
81799
81807
81815
81819
81824
81830
81842
81879
81887
81917
81921
81921
81939
81945
81962
81977
81998
82000
82008
82015
82016
82031
82038
82047
82053
82060
82068
82068
82070
82073
82100
82108
82112
82118
82122
82132
82144
82147
82149
82172
82179
82184
82194
82195
82201
82201
82209
82224
82235
82246
82258
82272
82273
82293
82301
82310
82312
82318
82326
82359
82378
82390
82416
82430
82436
82437
82439
82446
82448
82477
82489
82491
82499
82503
82505
82517
82522
82525
82529
82547
82554
82556
82559
82564
82565
82570
82599
82635
82638
82650
82657
82658
82662
82663
82670
82676
82680
82699
82714
82715
82716
82720
82720
82740
82748
82753
82757
82770
82772
82792
82804
82807
82808
82831
82834
82836
82866
82898
82901
82906
82934
82935
82937
82947
82954
82963
82967
82983
82986
83000
83005
83010
83012
83018
83021
83025
83030
83046
83050
83055
83066
83085
83088
83090
83095
83108
83119
83171
83188
83191
83198
83228
83247
83263
83272
83275
83276
83310
83328
83329
83357
83363
83365
83376
83387
83404
83414
83420
83425
83425
83474
83478
83480
83486
83487
83494
83496
83501
83511
83513
83531
83535
83537
83546
83548
83563
83565
83565
83575
83579
83587
83601
83607
83610
83615
83636
83647
83652
83689
83695
83707
83721
83736
83756
83778
83780
83780
83786
83796
83799
83805
83816
83821
83828
83830
83839
83841
83844
83849
83859
83863
83866
83876
83876
83885
83889
83892
83895
83924
83938
83943
83953
83971
83977
83990
84011
84014
84014
84020
84053
84070
84082
84097
84122
84122
84131
84157
84175
84178
84196
84200
84209
84213
84218
84229
84250
84290
84311
84328
84343
84343
84346
84376
84387
84396
84410
84427
84430
84442
84444
84445
84465
84494
84517
84523
84527
84527
84529
84535
84535
84537
84549
84556
84559
84563
84574
84582
84583
84592
84601
84603
84619
84673
84689
84711
84730
84733
84757
84772
84807
84820
84824
84828
84839
84840
84841
84847
84859
84860
84876
84879
84879
84881
84900
84914
84916
84931
84943
84945
84962
84972
84982
84982
84995
85005
85005
85016
85030
85030
85038
85048
85069
85073
85109
85125
85155
85175
85202
85203
85207
85211
85227
85230
85234
85235
85239
85244
85263
85285
85291
85301
85307
85317
85332
85334
85350
85354
85355
85366
85371
85377
85407
85410
85440
85445
85455
85472
85488
85511
85517
85518
85522
85537
85559
85576
85594
85601
85609
85633
85659
85671
85672
85675
85684
85688
85691
85702
85706
85709
85737
85756
85763
85795
85797
85803
85805
85830
85840
85869
85871
85887
85889
85892
85901
85903
85916
85917
85923
85939
85959
85966
85968
85983
85990
86003
86014
86017
86024
86046
86058
86059
86059
86087
86096
86098
86109
86110
86137
86148
86156
86173
86186
86186
86193
86198
86218
86236
86252
86263
86269
86302
86302
86333
86347
86349
86376
86378
86394
86410
86411
86412
86436
86455
86462
86493
86505
86515
86516
86521
86532
86535
86542
86549
86578
86586
86597
86597
86624
86641
86651
86657
86676
86689
86695
86698
86737
86739
86759
86767
86777
86780
86791
86802
86809
86812
86825
86827
86829
86853
86864
86865
86866
86870
86913
86925
86960
86971
86983
86988
86995
86999
87005
87006
87011
87026
87032
87033
87046
87062
87064
87077
87100
87101
87111
87111
87119
87120
87143
87143
87145
87151
87153
87159
87159
87166
87182
87188
87195
87225
87226
87231
87231
87282
87286
87293
87297
87314
87315
87340
87346
87356
87359
87359
87359
87373
87394
87405
87408
87410
87417
87418
87425
87426
87444
87459
87463
87472
87476
87480
87482
87486
87500
87501
87502
87516
87531
87532
87533
87543
87549
87554
87570
87579
87580
87591
87603
87606
87610
87611
87614
87637
87643
87667
87671
87676
87677
87679
87694
87699
87713
87730
87734
87738
87740
87740
87757
87765
87783
87786
87787
87790
87791
87792
87798
87808
87857
87871
87886
87894
87897
87897
87901
87906
87906
87912
87919
87931
87935
87940
87942
87942
87957
87959
87963
88000
88002
88020
88026
88032
88040
88059
88069
88075
88095
88097
88111
88113
88139
88157
88158
88227
88230
88238
88242
88250
88270
88323
88358
88366
88379
88387
88400
88408
88419
88448
88449
88484
88490
88506
88515
88530
88546
88551
88569
88571
88573
88574
88581
88595
88619
88639
88646
88664
88676
88682
88693
88702
88705
88709
88718
88757
88757
88762
88763
88772
88779
88782
88782
88791
88793
88814
88818
88826
88828
88836
88849
88854
88885
88893
88912
88914
88916
88927
88936
88954
88955
88997
89000
89005
89008
89023
89025
89034
89037
89037
89041
89041
89043
89046
89059
89067
89082
89090
89110
89111
89127
89157
89157
89171
89176
89187
89190
89220
89227
89282
89282
89286
89288
89290
89311
89334
89347
89351
89377
89392
89404
89445
89453
89460
89470
89470
89489
89533
89565
89566
89573
89589
89602
89620
89621
89622
89624
89629
89632
89646
89661
89666
89667
89674
89691
89692
89702
89717
89717
89746
89753
89780
89784
89785
89787
89791
89807
89810
89826
89858
89859
89877
89903
89914
89918
89919
89923
89981
90007
90013
90030
90033
90065
90098
90110
90123
90125
90132
90148
90148
90148
90149
90152
90157
90168
90170
90195
90198
90214
90220
90231
90243
90256
90281
90306
90318
90348
90351
90353
90354
90398
90400
90426
90433
90435
90437
90442
90458
90458
90472
90473
90475
90481
90498
90500
90508
90508
90511
90539
90542
90563
90564
90575
90587
90625
90625
90626
90678
90692
90704
90706
90744
90748
90751
90756
90782
90782
90785
90822
90831
90852
90855
90868
90877
90879
90896
90900
90922
90927
90940
90956
90961
90963
90969
90974
90981
90996
91005
91011
91018
91020
91023
91033
91033
91036
91044
91050
91061
91089
91117
91134
91145
91169
91170
91181
91182
91183
91201
91234
91242
91260
91263
91281
91301
91304
91306
91307
91307
91333
91350
91353
91362
91364
91379
91393
91402
91404
91406
91409
91415
91430
91432
91432
91433
91437
91450
91475
91479
91481
91488
91492
91500
91503
91504
91504
91512
91517
91523
91534
91546
91551
91552
91570
91576
91580
91582
91584
91587
91606
91615
91626
91633
91636
91638
91648
91651
91679
91691
91697
91734
91741
91782
91790
91807
91837
91849
91855
91856
91858
91860
91879
91906
91916
91923
91923
91931
91935
91967
91981
91996
92013
92024
92026
92034
92060
92066
92067
92071
92072
92072
92084
92132
92155
92156
92171
92190
92203
92208
92214
92232
92246
92249
92261
92266
92270
92270
92272
92273
92276
92283
92288
92296
92300
92321
92329
92342
92354
92358
92361
92389
92422
92422
92425
92435
92440
92460
92475
92475
92477
92502
92504
92521
92537
92539
92552
92556
92559
92565
92565
92569
92572
92573
92595
92649
92657
92673
92674
92676
92688
92708
92731
92760
92768
92774
92784
92787
92787
92789
92810
92811
92819
92834
92844
92859
92870
92873
92875
92880
92882
92883
92884
92886
92905
92930
92947
92988
93001
93006
93016
93019
93022
93023
93024
93024
93037
93038
93069
93076
93081
93084
93098
93098
93098
93104
93114
93128
93129
93130
93130
93131
93134
93150
93189
93189
93208
93214
93221
93227
93239
93242
93244
93267
93292
93329
93338
93346
93355
93363
93364
93379
93412
93419
93428
93446
93452
93456
93462
93473
93474
93478
93486
93493
93499
93502
93509
93510
93511
93513
93520
93531
93531
93532
93539
93560
93583
93602
93620
93622
93624
93629
93660
93672
93674
93677
93709
93759
93791
93791
93798
93830
93841
93845
93855
93865
93891
93894
93900
93907
93910
93919
93922
93926
93936
93945
93979
94013
94026
94029
94032
94033
94034
94041
94051
94057
94069
94077
94083
94118
94122
94123
94123
94132
94137
94141
94177
94183
94188
94188
94198
94205
94208
94224
94227
94227
94227
94240
94241
94246
94263
94264
94286
94292
94297
94303
94305
94315
94324
94344
94347
94352
94364
94369
94370
94371
94382
94385
94391
94395
94396
94403
94423
94433
94441
94443
94444
94460
94466
94469
94477
94478
94479
94494
94509
94525
94531
94538
94542
94550
94569
94602
94605
94615
94617
94618
94623
94625
94626
94640
94664
94690
94726
94745
94747
94749
94752
94754
94756
94762
94795
94806
94811
94819
94819
94825
94825
94863
94871
94871
94873
94886
94887
94903
94918
94919
94920
94921
94922
94927
94928
94937
94944
94948
94951
94959
94972
94979
94979
94994
95006
95007
95008
95018
95030
95034
95046
95053
95063
95073
95099
95101
95104
95106
95113
95114
95123
95125
95144
95149
95152
95159
95160
95179
95186
95207
95213
95220
95231
95240
95240
95247
95247
95264
95264
95271
95279
95281
95286
95310
95320
95365
95384
95384
95390
95399
95405
95406
95411
95435
95485
95497
95502
95522
95525
95530
95538
95546
95568
95568
95577
95602
95603
95603
95609
95625
95630
95633
95635
95640
95662
95666
95668
95673
95690
95693
95694
95718
95723
95724
95737
95771
95777
95782
95810
95811
95812
95813
95815
95834
95835
95841
95848
95857
95864
95873
95876
95876
95881
95887
95888
95890
95897
95899
95909
95923
95940
95950
95951
95955
95961
95961
95962
95969
95983
95989
95999
96001
96026
96037
96049
96053
96057
96058
96061
96065
96111
96115
96117
96124
96126
96132
96163
96202
96206
96216
96216
96219
96231
96237
96276
96277
96277
96282
96292
96299
96314
96315
96338
96345
96354
96360
96372
96380
96388
96395
96412
96413
96414
96416
96424
96454
96472
96472
96487
96512
96519
96585
96594
96635
96636
96649
96654
96677
96687
96694
96705
96757
96766
96766
96790
96800
96805
96807
96809
96837
96871
96881
96898
96903
96904
96907
96930
96933
96940
96944
96950
96952
96957
96960
96961
96965
96966
96967
96989
96995
97020
97024
97038
97039
97045
97053
97055
97080
97090
97106
97118
97123
97172
97200
97210
97223
97243
97249
97253
97261
97273
97286
97288
97299
97312
97339
97344
97345
97347
97375
97380
97396
97401
97414
97414
97418
97419
97426
97439
97442
97457
97464
97465
97467
97468
97470
97471
97479
97486
97493
97495
97506
97512
97537
97539
97546
97557
97570
97573
97603
97614
97616
97619
97620
97622
97626
97651
97670
97679
97692
97695
97704
97711
97715
97718
97724
97724
97726
97731
97731
97742
97764
97767
97767
97771
97792
97797
97806
97806
97816
97817
97856
97863
97865
97874
97875
97877
97884
97885
97885
97889
97901
97913
97921
97928
97942
97974
97991
97998
97998
98015
98021
98028
98040
98041
98054
98083
98084
98107
98144
98146
98151
98153
98166
98189
98211
98251
98253
98256
98274
98282
98286
98307
98318
98325
98336
98357
98358
98367
98373
98376
98380
98391
98411
98430
98433
98445
98447
98455
98459
98478
98493
98496
98497
98529
98545
98548
98548
98551
98567
98573
98585
98611
98612
98614
98631
98634
98637
98644
98656
98660
98660
98669
98673
98677
98691
98693
98702
98724
98729
98755
98768
98771
98783
98793
98795
98825
98841
98842
98848
98848
98854
98865
98871
98880
98895
98898
98914
98926
98926
98941
98941
98946
98947
98948
98955
98971
98977
98979
98983
98987
98988
98992
98993
98994
99002
99014
99015
99023
99023
99024
99029
99034
99034
99037
99060
99072
99078
99091
99104
99124
99134
99140
99152
99165
99174
99184
99195
99219
99225
99249
99253
99256
99264
99266
99302
99309
99317
99325
99329
99344
99349
99379
99381
99389
99402
99409
99414
99424
99425
99435
99443
99448
99450
99453
99501
99566
99601
99617
99627
99634
99640
99650
99674
99677
99693
99703
99724
99725
99736
99742
99744
99796
99801
99810
99821
99831
99834
99852
99855
99872
99880
99891
99894
99895
99901
99905
99908
99909
99913
99919
99936
99939
99939
99975
99989
99993
