3
7
17
34
34
55
79
91
111
120
121
121
126
137
138
142
151
162
172
175
190
228
273
274
274
278
328
337
344
347
355
361
363
370
374
376
399
399
400
404
417
460
460
461
462
465
472
472
476
484
485
487
491
499
509
510
514
516
529
538
553
555
556
557
560
564
568
576
583
633
635
636
638
651
666
667
679
687
693
694
715
725
745
758
768
785
791
796
811
836
840
845
866
896
904
924
931
936
938
938
940
943
949
953
962
982
984
986
992
1001
1021
1023
1036
1121
1125
1129
1192
1197
1203
1219
1235
1241
1248
1249
1259
1297
1305
1325
1365
1401
1422
1427
1447
1454
1457
1465
1465
1483
1484
1485
1488
1507
1510
1512
1524
1528
1554
1556
1558
1558
1562
1565
1569
1584
1590
1590
1596
1604
1612
1617
1618
1618
1624
1634
1635
1654
1660
1660
1675
1677
1691
1694
1703
1704
1727
1737
1804
1806
1807
1822
1836
1859
1875
1887
1890
1899
1906
1909
1916
1929
1951
1993
2011
2021
2041
2051
2054
2060
2064
2082
2084
2089
2091
2104
2106
2112
2148
2158
2168
2170
2172
2187
2202
2205
2227
2232
2242
2242
2244
2263
2267
2272
2281
2281
2284
2293
2334
2339
2341
2351
2379
2388
2395
2415
2419
2423
2426
2429
2454
2457
2458
2463
2464
2484
2497
2520
2543
2545
2577
2577
2591
2595
2598
2601
2603
2607
2612
2674
2677
2681
2689
2723
2726
2729
2733
2733
2735
2735
2754
2763
2767
2774
2781
2782
2785
2801
2808
2813
2817
2844
2870
2871
2878
2886
2902
2906
2918
2928
2930
2957
2958
2982
3013
3017
3037
3042
3055
3061
3081
3088
3117
3118
3119
3133
3134
3143
3149
3166
3193
3202
3218
3221
3239
3249
3254
3277
3277
3293
3298
3308
3326
3336
3337
3342
3346
3346
3357
3360
3364
3368
3371
3371
3373
3389
3399
3403
3416
3420
3422
3443
3447
3465
3468
3477
3485
3486
3518
3519
3534
3545
3575
3601
3615
3621
3632
3633
3653
3659
3708
3711
3715
3732
3737
3747
3771
3772
3774
3782
3783
3828
3831
3843
3863
3869
3871
3878
3891
3898
3926
3928
3930
3932
3949
3960
3966
3980
3983
3985
3985
3994
4055
4066
4077
4098
4103
4116
4119
4120
4133
4140
4155
4170
4177
4210
4214
4254
4279
4279
4289
4291
4329
4331
4341
4360
4369
4380
4399
4411
4412
4419
4437
4452
4483
4497
4503
4508
4517
4519
4532
4541
4549
4551
4569
4579
4590
4592
4596
4606
4625
4626
4639
4646
4653
4657
4662
4667
4677
4717
4724
4741
4751
4755
4760
4763
4766
4776
4777
4787
4794
4797
4813
4833
4855
4862
4862
4863
4871
4875
4883
4886
4889
4900
4903
4905
4937
4947
4960
4960
4965
4971
4983
5000
5005
5012
5013
5031
5056
5057
5058
5068
5077
5086
5095
5102
5136
5148
5150
5164
5183
5192
5199
5201
5246
5247
5248
5252
5257
5267
5273
5306
5308
5317
5325
5330
5339
5342
5343
5347
5355
5356
5386
5386
5390
5393
5402
5412
5435
5435
5454
5463
5468
5472
5483
5508
5509
5511
5514
5524
5535
5535
5540
5545
5548
5562
5563
5568
5580
5590
5612
5618
5627
5628
5634
5647
5651
5661
5721
5721
5734
5767
5780
5817
5850
5854
5879
5880
5894
5897
5920
5921
5924
5930
5932
5939
5942
5957
5957
5960
5961
5974
5981
5982
6009
6017
6025
6025
6029
6054
6077
6080
6085
6087
6092
6094
6095
6098
6118
6123
6126
6152
6172
6175
6180
6194
6194
6195
6196
6196
6210
6233
6281
6296
6298
6328
6332
6333
6368
6396
6408
6433
6437
6440
6462
6465
6493
6494
6499
6512
6515
6527
6528
6536
6538
6540
6554
6557
6566
6568
6568
6579
6587
6588
6605
6623
6641
6641
6646
6653
6682
6682
6687
6734
6744
6773
6777
6790
6816
6816
6825
6839
6852
6873
6878
6889
6910
6912
6914
6916
6918
6921
6953
6958
6970
6989
7015
7018
7019
7024
7027
7055
7074
7080
7087
7094
7103
7104
7109
7116
7177
7181
7183
7188
7190
7195
7200
7208
7213
7215
7238
7248
7250
7267
7271
7275
7309
7321
7341
7341
7345
7346
7361
7374
7412
7416
7424
7455
7458
7469
7478
7483
7503
7515
7519
7520
7526
7554
7567
7583
7598
7601
7605
7607
7647
7666
7672
7685
7697
7705
7724
7726
7740
7748
7751
7752
7761
7765
7771
7772
7788
7808
7816
7825
7831
7847
7852
7854
7863
7875
7894
7907
7914
7918
7921
7925
7933
7951
7957
7961
7968
8017
8017
8021
8026
8029
8032
8050
8059
8070
8071
8105
8115
8128
8139
8142
8159
8162
8164
8171
8233
8239
8260
8263
8264
8266
8273
8283
8292
8300
8313
8329
8330
8331
8349
8353
8355
8359
8361
8364
8372
8391
8425
8439
8456
8492
8505
8514
8515
8515
8543
8558
8565
8568
8571
8588
8598
8601
8615
8624
8626
8638
8649
8681
8682
8695
8712
8720
8725
8732
8738
8766
8786
8794
8800
8815
8823
8840
8851
8855
8869
8872
8876
8879
8887
8890
8892
8895
8901
8904
8906
8924
8924
8937
8942
8945
8948
8977
8981
8992
8994
9012
9013
9023
9024
9026
9032
9033
9045
9062
9068
9068
9073
9076
9084
9095
9115
9126
9137
9146
9152
9157
9162
9187
9199
9212
9219
9223
9228
9231
9237
9239
9245
9253
9260
9290
9294
9305
9316
9332
9339
9353
9359
9366
9375
9385
9402
9404
9408
9428
9460
9487
9496
9515
9523
9525
9528
9553
9554
9576
9578
9582
9589
9597
9620
9630
9658
9664
9679
9690
9691
9712
9720
9725
9730
9733
9741
9746
9796
9805
9818
9829
9831
9833
9845
9873
9882
9902
9904
9910
9928
9938
9959
9961
9964
9968
9983
9987
9991
10006
10006
10006
10026
10031
10032
10034
10035
10035
10038
10051
10060
10091
10092
10109
10109
10118
10118
10138
10149
10170
10178
10183
10199
10200
10231
10232
10235
10250
10252
10262
10286
10311
10333
10341
10343
10359
10363
10372
10394
10400
10445
10448
10450
10451
10451
10458
10461
10465
10503
10505
10508
10528
10534
10535
10537
10549
10552
10565
10568
10570
10573
10581
10584
10589
10595
10603
10606
10639
10643
10646
10649
10672
10674
10685
10686
10687
10697
10706
10716
10733
10749
10754
10765
10769
10770
10779
10782
10787
10800
10808
10810
10823
10823
10835
10836
10851
10851
10865
10871
10872
10880
10883
10884
10894
10914
10943
10944
10947
10948
10957
10962
10970
10991
11018
11035
11049
11051
11058
11078
11090
11104
11108
11112
11112
11119
11134
11151
11154
11160
11174
11207
11228
11239
11243
11245
11245
11245
11262
11262
11282
11294
11312
11319
11340
11341
11351
11352
11363
11368
11371
11386
11444
11444
11450
11463
11466
11468
11503
11524
11528
11558
11559
11562
11566
11573
11584
11595
11607
11616
11634
11636
11637
11638
11640
11658
11661
11662
11662
11675
11725
11747
11755
11757
11765
11777
11777
11783
11788
11789
11799
11799
11804
11813
11821
11836
11839
11880
11888
11895
11899
11904
11912
11914
11926
11943
11948
11969
11971
11973
12012
12016
12018
12035
12050
12111
12120
12130
12134
12136
12139
12142
12159
12160
12164
12171
12178
12203
12211
12220
12228
12240
12245
12272
12287
12288
12289
12297
12305
12306
12312
12342
12354
12365
12375
12376
12394
12394
12408
12419
12419
12441
12451
12458
12477
12478
12480
12482
12492
12504
12509
12517
12519
12526
12534
12537
12558
12568
12574
12586
12587
12594
12615
12633
12634
12662
12663
12690
12701
12712
12722
12724
12724
12725
12737
12753
12763
12790
12795
12806
12810
12819
12821
12829
12832
12832
12839
12850
12871
12874
12883
12889
12891
12892
12910
12918
12940
12964
12965
12968
12997
12999
13011
13025
13033
13076
13083
13086
13090
13097
13100
13113
13142
13142
13183
13188
13190
13190
13193
13194
13217
13228
13232
13246
13252
13260
13264
13270
13279
13286
13296
13300
13332
13344
13354
13365
13371
13387
13430
13436
13447
13459
13463
13464
13478
13486
13489
13491
13493
13503
13512
13514
13521
13533
13537
13537
13541
13585
13609
13614
13626
13631
13632
13641
13649
13658
13661
13661
13668
13679
13685
13687
13692
13703
13714
13721
13721
13757
13763
13765
13767
13798
13861
13863
13896
13896
13910
13913
13934
13943
13948
13952
13962
13994
14000
14000
14001
14002
14007
14010
14014
14026
14033
14035
14066
14068
14070
14116
14117
14129
14141
14145
14157
14157
14158
14159
14216
14222
14240
14258
14290
14311
14325
14329
14343
14355
14355
14371
14375
14382
14384
14391
14403
14444
14457
14464
14480
14488
14488
14490
14497
14523
14523
14534
14540
14554
14555
14569
14579
14586
14592
14594
14614
14617
14619
14623
14628
14634
14640
14642
14648
14688
14688
14692
14711
14734
14737
14738
14757
14781
14800
14801
14823
14829
14830
14851
14870
14900
14915
14918
14924
14940
14966
14969
14975
14997
15003
15005
15005
15017
15026
15050
15054
15055
15058
15061
15085
15096
15104
15104
15111
15113
15116
15124
15124
15128
15137
15140
15147
15151
15153
15162
15173
15174
15255
15257
15276
15291
15319
15345
15347
15351
15364
15371
15383
15387
15392
15415
15422
15440
15452
15472
15478
15478
15483
15499
15500
15521
15526
15534
15540
15543
15547
15547
15561
15571
15572
15587
15595
15601
15608
15612
15614
15616
15621
15633
15647
15651
15655
15656
15661
15664
15685
15692
15718
15719
15724
15736
15741
15754
15779
15782
15790
15808
15809
15811
15827
15837
15839
15847
15860
15864
15880
15889
15891
15898
15908
15920
15924
15970
15980
15990
15992
16016
16021
16066
16072
16075
16078
16082
16094
16099
16112
16118
16118
16121
16122
16127
16130
16145
16163
16168
16181
16182
16182
16187
16187
16208
16212
16238
16244
16250
16277
16302
16308
16319
16323
16330
16348
16359
16365
16372
16381
16394
16401
16418
16447
16466
16467
16476
16512
16517
16534
16539
16547
16549
16601
16614
16637
16638
16639
16668
16689
16699
16715
16719
16721
16723
16728
16757
16772
16782
16784
16802
16804
16809
16814
16818
16821
16828
16839
16844
16850
16856
16869
16873
16873
16874
16882
16899
16920
16933
16943
16949
16980
16981
16986
16987
16988
16990
17025
17031
17034
17057
17074
17109
17117
17124
17126
17128
17158
17168
17175
17181
17184
17195
17199
17209
17239
17244
17267
17275
17277
17298
17306
17308
17311
17325
17349
17360
17384
17391
17402
17424
17428
17433
17434
17473
17481
17507
17520
17523
17536
17562
17579
17582
17582
17595
17604
17609
17613
17648
17656
17678
17691
17693
17699
17727
17733
17735
17750
17753
17774
17787
17805
17807
17813
17817
17817
17817
17820
17824
17825
17853
17859
17861
17870
17879
17888
17892
17913
17954
17960
17963
17973
17976
17987
18003
18005
18008
18009
18030
18030
18032
18062
18067
18075
18079
18082
18082
18089
18117
18119
18121
18141
18161
18168
18172
18173
18178
18216
18220
18222
18230
18255
18258
18267
18274
18277
18299
18306
18320
18323
18331
18333
18374
18376
18385
18385
18389
18389
18403
18412
18423
18437
18441
18476
18478
18505
18507
18513
18521
18523
18534
18561
18565
18568
18586
18597
18646
18675
18685
18690
18700
18718
18730
18731
18737
18743
18745
18750
18757
18780
18793
18795
18795
18814
18818
18821
18861
18862
18875
18906
18909
18916
18924
18960
18967
18984
18988
19000
19010
19013
19026
19052
19057
19065
19067
19079
19079
19106
19110
19124
19132
19133
19135
19141
19151
19153
19154
19154
19175
19189
19203
19213
19221
19232
19234
19242
19248
19248
19250
19250
19268
19276
19277
19286
19289
19293
19303
19306
19310
19311
19316
19331
19348
19351
19356
19368
19380
19392
19397
19413
19416
19432
19438
19442
19453
19469
19492
19506
19508
19514
19543
19551
19551
19558
19583
19589
19610
19613
19618
19631
19663
19671
19676
19677
19685
19685
19685
19697
19701
19706
19719
19723
19726
19732
19733
19733
19741
19767
19776
19785
19808
19821
19825
19838
19842
19848
19866
19867
19878
19935
19938
19958
19967
19979
19985
19997
20000
20014
20021
20021
20037
20041
20056
20069
20070
20075
20079
20093
20132
20136
20139
20153
20173
20182
20187
20197
20197
20200
20212
20224
20231
20237
20246
20262
20273
20290
20292
20292
20297
20304
20306
20318
20322
20353
20356
20382
20388
20393
20396
20400
20402
20414
20468
20474
20500
20501
20527
20540
20552
20570
20571
20580
20592
20592
20594
20607
20629
20636
20643
20650
20664
20665
20666
20670
20677
20694
20695
20698
20728
20737
20777
20794
20800
20801
20811
20819
20827
20834
20867
20898
20899
20908
20912
20922
20927
20929
20940
20949
20952
20954
20954
20964
20980
20981
21006
21006
21009
21019
21026
21029
21081
21088
21089
21091
21105
21121
21129
21129
21136
21136
21139
21144
21146
21147
21186
21198
21229
21232
21241
21245
21270
21275
21276
21280
21293
21293
21294
21296
21304
21312
21315
21318
21359
21369
21370
21370
21370
21375
21388
21389
21420
21424
21437
21475
21476
21482
21487
21488
21490
21507
21535
21538
21546
21548
21556
21563
21577
21581
21590
21597
21598
21604
21617
21633
21651
21657
21661
21706
21714
21720
21726
21730
21732
21737
21739
21742
21742
21749
21755
21755
21766
21779
21812
21834
21850
21869
21880
21881
21886
21887
21888
21902
21906
21913
21916
21935
21947
21963
21964
21988
22008
22029
22030
22033
22039
22061
22065
22070
22086
22090
22095
22109
22117
22121
22130
22138
22142
22155
22161
22168
22180
22181
22181
22184
22209
22229
22231
22235
22241
22271
22281
22283
22287
22305
22321
22337
22340
22359
22365
22369
22370
22373
22374
22378
22381
22392
22423
22436
22440
22467
22477
22482
22493
22499
22508
22511
22519
22526
22536
22544
22545
22549
22553
22555
22559
22561
22564
22569
22572
22573
22603
22614
22618
22622
22625
22642
22681
22689
22695
22704
22705
22719
22735
22745
22763
22809
22827
22835
22848
22859
22877
22887
22890
22893
22895
22902
22909
22932
22940
22950
22950
22959
22971
22976
22998
23010
23019
23025
23027
23031
23050
23054
23061
23073
23078
23079
23088
23107
23121
23122
23126
23142
23143
23144
23151
23152
23158
23167
23175
23180
23188
23189
23192
23214
23214
23219
23235
23241
23283
23288
23308
23326
23327
23330
23340
23366
23383
23400
23403
23405
23409
23411
23414
23417
23417
23434
23448
23476
23500
23507
23508
23512
23513
23517
23528
23533
23536
23545
23562
23572
23583
23592
23610
23614
23620
23622
23636
23637
23647
23661
23668
23679
23679
23687
23709
23722
23722
23727
23731
23732
23748
23750
23753
23759
23767
23787
23814
23824
23833
23836
23845
23850
23851
23853
23873
23879
23886
23896
23896
23924
23933
23948
23953
23991
24000
24014
24028
24028
24028
24063
24068
24070
24079
24083
24084
24102
24103
24120
24126
24132
24145
24159
24163
24171
24181
24188
24190
24208
24210
24214
24227
24234
24237
24240
24240
24253
24287
24288
24303
24313
24324
24331
24351
24352
24383
24400
24408
24414
24424
24425
24429
24440
24450
24452
24453
24464
24473
24476
24484
24509
24529
24535
24540
24541
24547
24548
24552
24554
24584
24587
24596
24598
24598
24604
24608
24621
24626
24636
24642
24645
24665
24667
24683
24690
24693
24700
24719
24742
24746
24755
24767
24774
24783
24805
24806
24822
24822
24823
24828
24832
24839
24842
24855
24862
24863
24864
24866
24871
24883
24888
24888
24904
24911
24916
24918
24919
24923
24933
24966
24972
24984
24989
24996
25013
25020
25034
25036
25045
25047
25049
25053
25058
25059
25063
25063
25075
25085
25091
25112
25124
25145
25168
25214
25250
25278
25279
25281
25297
25309
25348
25368
25376
25389
25397
25409
25410
25419
25425
25429
25430
25466
25471
25487
25491
25492
25499
25514
25535
25536
25540
25543
25543
25544
25550
25565
25584
25610
25614
25632
25643
25645
25645
25647
25655
25656
25662
25665
25669
25679
25687
25692
25704
25705
25718
25745
25753
25757
25764
25776
25779
25792
25818
25848
25879
25912
25913
25917
25929
25934
25940
25948
25963
25970
25980
25987
25998
26005
26005
26015
26022
26024
26025
26035
26035
26049
26069
26074
26083
26085
26105
26110
26111
26119
26127
26130
26135
26142
26148
26148
26159
26192
26195
26210
26224
26231
26239
26239
26241
26246
26249
26253
26276
26277
26290
26290
26335
26345
26355
26356
26359
26360
26363
26369
26382
26383
26391
26405
26420
26421
26430
26446
26457
26465
26471
26473
26484
26488
26489
26491
26496
26502
26503
26524
26563
26564
26580
26584
26623
26626
26642
26659
26659
26664
26718
26720
26723
26740
26746
26752
26760
26762
26768
26777
26778
26791
26805
26808
26812
26814
26817
26823
26823
26827
26834
26844
26867
26867
26868
26871
26884
26887
26906
26914
26915
26916
26929
26930
26942
26946
26959
26961
26968
26970
26977
26980
26983
26984
26989
26999
27008
27016
27047
27047
27050
27058
27059
27065
27071
27071
27074
27088
27127
27130
27131
27138
27152
27171
27172
27175
27188
27199
27238
27242
27249
27256
27261
27280
27286
27293
27297
27314
27316
27338
27339
27369
27393
27394
27401
27424
27441
27450
27454
27458
27486
27487
27496
27506
27517
27525
27555
27600
27610
27615
27616
27648
27653
27658
27662
27684
27690
27700
27712
27725
27732
27734
27735
27751
27754
27777
27797
27806
27808
27826
27831
27837
27859
27869
27896
27897
27904
27923
27936
27944
27947
27950
27981
27985
28009
28014
28015
28048
28056
28075
28090
28115
28118
28143
28145
28146
28165
28169
28173
28184
28185
28206
28223
28231
28233
28238
28262
28277
28279
28282
28283
28307
28308
28311
28333
28336
28350
28352
28356
28370
28376
28384
28391
28402
28404
28414
28414
28423
28426
28426
28436
28450
28455
28457
28465
28466
28482
28488
28491
28498
28525
28527
28534
28565
28574
28584
28590
28595
28606
28606
28611
28612
28617
28619
28625
28645
28654
28654
28660
28666
28691
28694
28700
28758
28762
28762
28769
28775
28790
28790
28794
28795
28801
28815
28824
28834
28843
28861
28861
28925
28931
28939
28961
28962
28962
28969
28978
28979
28989
28997
29004
29020
29051
29052
29054
29060
29083
29097
29110
29140
29142
29153
29155
29169
29172
29174
29176
29213
29224
29229
29231
29245
29248
29258
29263
29286
29293
29298
29310
29315
29318
29332
29347
29350
29351
29367
29368
29381
29401
29481
29493
29498
29508
29516
29518
29521
29532
29532
29535
29536
29544
29546
29568
29586
29590
29610
29617
29622
29627
29638
29645
29650
29662
29667
29678
29684
29696
29717
29727
29770
29776
29778
29779
29800
29815
29816
29818
29821
29831
29838
29847
29851
29886
29886
29897
29901
29904
29910
29919
29926
29932
29932
29934
29956
29965
29969
29970
29981
29981
29982
29989
30008
30024
30028
30050
30054
30055
30072
30077
30083
30086
30112
30113
30122
30127
30130
30137
30150
30152
30160
30170
30182
30199
30205
30207
30222
30247
30283
30312
30336
30346
30382
30392
30400
30409
30454
30456
30470
30506
30509
30513
30536
30536
30540
30544
30549
30558
30577
30584
30588
30590
30596
30597
30598
30603
30608
30611
30613
30630
30664
30674
30681
30692
30705
30708
30709
30709
30728
30729
30734
30747
30748
30754
30769
30772
30780
30791
30801
30836
30840
30888
30903
30903
30911
30926
30936
30946
30949
30959
30974
31000
31028
31036
31039
31040
31042
31044
31060
31061
31068
31069
31073
31097
31100
31114
31123
31124
31127
31137
31142
31150
31161
31207
31212
31223
31253
31254
31266
31274
31290
31314
31316
31323
31342
31349
31352
31365
31367
31379
31384
31392
31393
31396
31399
31405
31450
31461
31479
31481
31503
31503
31511
31513
31514
31515
31527
31558
31558
31559
31571
31580
31582
31591
31591
31592
31597
31601
31603
31609
31614
31637
31656
31662
31663
31680
31712
31732
31736
31749
31764
31798
31809
31810
31812
31819
31820
31823
31846
31865
31871
31893
31894
31896
31914
31974
31984
31986
31994
31999
32007
32015
32015
32019
32029
32035
32038
32047
32048
32057
32074
32075
32121
32126
32135
32145
32157
32159
32170
32176
32178
32197
32201
32217
32219
32229
32231
32239
32242
32250
32261
32291
32294
32296
32306
32310
32330
32337
32339
32379
32384
32385
32385
32402
32452
32463
32467
32484
32500
32502
32507
32531
32532
32537
32538
32557
32559
32569
32590
32597
32606
32615
32616
32617
32624
32624
32629
32629
32632
32638
32653
32657
32677
32731
32735
32744
32746
32749
32756
32758
32759
32761
32788
32788
32789
32794
32795
32802
32821
32832
32833
32839
32852
32855
32862
32866
32888
32891
32903
32919
32920
32929
32961
32964
32971
32975
32979
32986
32987
32997
32997
32999
33016
33021
33030
33049
33056
33070
33081
33094
33094
33108
33123
33162
33162
33167
33171
33177
33188
33193
33199
33205
33208
33246
33257
33257
33265
33267
33280
33286
33294
33301
33321
33325
33343
33350
33352
33355
33359
33360
33367
33391
33404
33416
33426
33430
33443
33448
33465
33470
33482
33487
33491
33494
33503
33518
33529
33530
33534
33546
33552
33555
33577
33582
33594
33616
33616
33634
33637
33642
33666
33673
33674
33688
33696
33702
33711
33717
33719
33724
33727
33728
33735
33736
33775
33778
33781
33792
33811
33816
33830
33852
33867
33869
33880
33881
33881
33888
33894
33894
33899
33911
33930
33930
33944
33950
33951
33961
33974
33991
33998
33999
34016
34039
34046
34057
34064
34066
34084
34096
34097
34111
34120
34121
34122
34125
34128
34153
34166
34168
34189
34193
34215
34219
34268
34272
34282
34296
34302
34340
34343
34354
34375
34378
34386
34389
34396
34436
34459
34491
34502
34507
34518
34519
34525
34551
34562
34563
34591
34595
34646
34663
34665
34672
34677
34699
34705
34730
34740
34744
34755
34760
34776
34781
34785
34785
34802
34808
34816
34816
34825
34845
34875
34882
34882
34885
34886
34888
34897
34902
34948
34949
34970
34985
34985
34986
34989
34992
34998
35000
35005
35015
35015
35039
35054
35055
35056
35058
35070
35073
35086
35088
35088
35104
35112
35123
35126
35136
35137
35145
35175
35176
35182
35182
35191
35193
35209
35222
35244
35273
35275
35278
35287
35291
35292
35322
35345
35345
35348
35353
35371
35385
35403
35406
35419
35432
35436
35443
35460
35477
35491
35494
35510
35510
35510
35513
35513
35519
35522
35527
35536
35545
35551
35570
35593
35597
35598
35613
35622
35632
35647
35661
35692
35705
35765
35771
35788
35789
35789
35798
35806
35809
35817
35817
35824
35829
35864
35871
35874
35887
35891
35911
35919
35924
35937
35941
35966
35970
35995
35997
35998
36003
36027
36043
36046
36047
36053
36057
36059
36065
36068
36068
36079
36084
36087
36092
36112
36135
36141
36141
36146
36149
36155
36155
36180
36186
36191
36214
36245
36263
36270
36273
36276
36277
36293
36299
36316
36327
36352
36364
36378
36390
36391
36415
36421
36438
36448
36453
36456
36487
36487
36503
36557
36559
36564
36567
36574
36579
36583
36604
36606
36633
36643
36644
36654
36661
36668
36682
36711
36732
36738
36749
36759
36760
36764
36768
36769
36783
36785
36785
36802
36804
36816
36819
36822
36825
36852
36854
36864
36864
36868
36869
36870
36888
36895
36913
36926
36937
36944
36945
36978
36981
36985
36997
36998
36999
37000
37014
37017
37021
37022
37027
37028
37034
37037
37046
37049
37051
37056
37061
37063
37074
37098
37117
37123
37128
37147
37161
37182
37220
37221
37223
37235
37237
37256
37261
37264
37278
37279
37285
37292
37307
37309
37309
37318
37326
37328
37350
37353
37353
37368
37392
37402
37406
37411
37411
37414
37435
37438
37442
37445
37449
37456
37463
37464
37478
37513
37518
37520
37523
37527
37531
37532
37555
37556
37559
37564
37570
37587
37592
37600
37612
37628
37635
37676
37686
37686
37705
37707
37716
37722
37737
37744
37752
37754
37756
37759
37799
37809
37809
37822
37823
37849
37858
37866
37867
37867
37872
37877
37889
37894
37899
37918
37924
37927
37937
37938
37945
37955
37956
37958
37965
37965
37976
37982
37993
38006
38038
38048
38057
38077
38082
38161
38175
38184
38188
38191
38199
38211
38212
38215
38222
38236
38241
38267
38271
38278
38287
38288
38297
38307
38314
38330
38341
38345
38366
38399
38400
38402
38408
38411
38417
38425
38431
38467
38468
38490
38515
38531
38535
38549
38552
38576
38617
38623
38625
38635
38642
38648
38662
38677
38685
38694
38700
38707
38723
38744
38744
38748
38749
38800
38806
38827
38839
38840
38844
38861
38868
38882
38910
38915
38919
38923
38927
38936
38948
38963
38986
38989
39011
39013
39022
39042
39056
39075
39078
39089
39102
39103
39118
39123
39126
39132
39151
39167
39190
39190
39196
39199
39205
39210
39221
39278
39283
39288
39289
39298
39304
39322
39324
39327
39332
39348
39350
39359
39367
39369
39371
39372
39379
39385
39447
39463
39464
39486
39506
39509
39509
39519
39521
39522
39532
39550
39562
39588
39609
39618
39647
39652
39662
39678
39681
39683
39688
39693
39704
39716
39722
39734
39747
39759
39760
39784
39800
39801
39816
39833
39854
39862
39863
39869
39870
39876
39894
39895
39913
39918
39921
39922
39924
39928
39932
39936
39936
39947
39969
39978
39982
40002
40002
40004
40012
40027
40046
40086
40087
40090
40100
40103
40110
40156
40168
40172
40175
40178
40183
40190
40199
40205
40226
40228
40251
40252
40267
40286
40322
40328
40332
40348
40356
40380
40380
40383
40388
40406
40476
40493
40507
40516
40534
40559
40565
40577
40594
40611
40638
40672
40697
40699
40715
40718
40726
40726
40733
40747
40747
40762
40772
40777
40781
40782
40798
40810
40812
40836
40850
40851
40869
40869
40873
40876
40883
40886
40904
40910
40911
40912
40969
40981
41009
41036
41050
41054
41067
41087
41110
41115
41126
41129
41135
41142
41191
41195
41200
41210
41214
41214
41234
41246
41256
41271
41296
41299
41304
41321
41345
41365
41400
41411
41415
41416
41423
41443
41448
41465
41472
41472
41475
41487
41487
41505
41506
41546
41549
41553
41559
41583
41588
41622
41627
41627
41643
41645
41656
41665
41682
41687
41694
41698
41707
41715
41727
41756
41762
41768
41782
41791
41795
41799
41804
41806
41807
41822
41829
41838
41867
41875
41877
41882
41883
41897
41910
41928
41934
41960
41960
41977
41987
42032
42039
42040
42072
42073
42078
42086
42086
42093
42098
42108
42130
42141
42156
42161
42162
42168
42171
42173
42178
42184
42194
42202
42205
42206
42212
42213
42216
42218
42222
42228
42253
42260
42260
42270
42284
42288
42290
42294
42300
42301
42309
42325
42335
42341
42355
42355
42357
42376
42379
42388
42424
42430
42438
42440
42456
42472
42479
42537
42548
42553
42573
42591
42595
42608
42609
42610
42613
42615
42616
42621
42639
42687
42707
42726
42726
42732
42745
42746
42760
42762
42788
42815
42816
42817
42822
42836
42839
42851
42857
42879
42884
42891
42906
42906
42910
42921
42936
42948
42950
42959
42993
42995
43003
43005
43011
43017
43025
43055
43068
43089
43119
43127
43132
43142
43146
43181
43185
43226
43242
43274
43278
43279
43287
43305
43319
43329
43347
43364
43367
43368
43369
43374
43380
43384
43400
43400
43414
43418
43437
43442
43447
43480
43488
43498
43500
43535
43536
43561
43567
43568
43576
43585
43586
43604
43607
43615
43648
43658
43662
43675
43679
43686
43686
43686
43692
43695
43712
43714
43733
43738
43758
43764
43768
43770
43798
43799
43815
43822
43826
43844
43849
43850
43854
43856
43860
43872
43879
43919
43921
43922
43925
43926
43931
43936
43945
43958
43978
43987
43999
44005
44010
44015
44016
44018
44030
44032
44040
44042
44058
44061
44072
44113
44139
44151
44152
44167
44175
44201
44209
44211
44218
44227
44228
44235
44259
44282
44288
44290
44328
44335
44335
44346
44351
44357
44369
44371
44378
44390
44392
44393
44429
44432
44436
44450
44466
44473
44483
44497
44507
44509
44524
44543
44545
44554
44562
44563
44578
44593
44607
44611
44631
44633
44636
44641
44649
44669
44700
44716
44727
44729
44740
44741
44749
44768
44768
44770
44779
44794
44813
44819
44834
44840
44850
44864
44890
44893
44899
44913
44920
44935
44938
44945
44953
44972
44985
44989
44992
45020
45023
45024
45032
45034
45036
45040
45044
45046
45056
45057
45061
45062
45067
45082
45084
45087
45094
45101
45104
45125
45127
45141
45146
45152
45155
45175
45176
45180
45189
45189
45193
45204
45210
45211
45212
45247
45257
45264
45279
45292
45299
45303
45304
45312
45315
45329
45341
45347
45355
45374
45382
45390
45399
45418
45423
45431
45444
45446
45456
45468
45495
45513
45520
45522
45529
45590
45597
45599
45601
45608
45621
45626
45630
45634
45646
45646
45646
45669
45672
45700
45711
45725
45729
45736
45738
45767
45767
45775
45795
45799
45800
45801
45805
45807
45810
45839
45846
45853
45870
45893
45894
45900
45901
45925
45936
45959
45967
46009
46018
46040
46043
46044
46046
46052
46061
46062
46063
46073
46079
46079
46081
46083
46129
46168
46174
46176
46178
46182
46198
46204
46220
46265
46278
46282
46287
46287
46298
46318
46320
46326
46334
46342
46343
46359
46372
46377
46400
46409
46414
46421
46425
46427
46438
46446
46447
46451
46479
46510
46518
46525
46528
46544
46552
46575
46578
46585
46595
46597
46606
46623
46644
46651
46652
46655
46669
46678
46688
46698
46716
46717
46736
46747
46748
46760
46762
46763
46767
46772
46796
46796
46801
46818
46823
46838
46852
46853
46876
46878
46880
46940
46942
46944
46966
46966
46968
46974
46980
46985
46992
46998
47005
47006
47013
47025
47043
47044
47054
47057
47071
47094
47109
47113
47140
47145
47149
47152
47156
47165
47168
47169
47182
47182
47215
47215
47244
47249
47251
47262
47265
47270
47280
47293
47323
47363
47367
47385
47386
47390
47421
47423
47426
47456
47458
47465
47472
47480
47485
47490
47495
47521
47522
47542
47555
47560
47577
47581
47605
47609
47614
47631
47656
47658
47674
47693
47694
47702
47717
47718
47718
47724
47734
47735
47739
47742
47744
47752
47759
47760
47770
47773
47774
47781
47785
47787
47795
47801
47802
47814
47820
47833
47835
47837
47838
47847
47856
47874
47875
47880
47882
47883
47888
47898
47905
47925
47927
47938
47940
47952
47954
47959
47971
47971
47972
47987
47999
47999
48006
48006
48014
48014
48017
48018
48026
48030
48036
48046
48080
48090
48096
48103
48109
48115
48156
48163
48172
48231
48265
48266
48269
48292
48295
48311
48342
48342
48344
48353
48370
48373
48375
48386
48421
48427
48428
48434
48448
48470
48475
48484
48502
48508
48517
48519
48521
48528
48528
48533
48536
48540
48544
48550
48556
48563
48570
48586
48588
48597
48613
48613
48623
48649
48658
48659
48661
48665
48667
48672
48675
48677
48678
48681
48682
48690
48696
48703
48707
48714
48717
48718
48721
48731
48751
48761
48769
48777
48778
48789
48793
48801
48805
48853
48858
48858
48887
48897
48904
48909
48921
48924
48928
48928
48930
48931
48934
48944
48950
48954
48962
48990
49010
49027
49031
49038
49039
49046
49046
49063
49068
49073
49078
49081
49100
49157
49157
49167
49172
49179
49180
49199
49209
49218
49222
49231
49231
49234
49247
49257
49265
49298
49300
49305
49338
49363
49367
49369
49369
49406
49416
49426
49431
49448
49451
49452
49454
49455
49462
49465
49476
49485
49491
49495
49514
49535
49537
49539
49550
49561
49565
49567
49576
49588
49627
49634
49660
49663
49690
49699
49700
49722
49723
49735
49738
49757
49766
49799
49809
49839
49849
49857
49858
49860
49863
49878
49879
49886
49892
49898
49901
49910
49913
49916
49926
49932
49956
49959
49964
49973
49987
49987
49989
49995
49998
50020
50030
50043
50049
50064
50074
50085
50089
50098
50102
50108
50126
50128
50129
50156
50156
50170
50188
50191
50196
50226
50233
50236
50238
50251
50261
50267
50273
50274
50277
50279
50281
50288
50316
50323
50324
50329
50331
50343
50346
50348
50369
50371
50373
50377
50384
50387
50387
50393
50393
50396
50403
50404
50404
50407
50414
50422
50426
50434
50444
50483
50483
50485
50485
50486
50486
50507
50507
50513
50526
50542
50543
50579
50590
50594
50598
50600
50612
50619
50637
50642
50665
50666
50701
50709
50714
50723
50745
50745
50754
50757
50758
50761
50762
50771
50790
50794
50799
50801
50803
50825
50836
50840
50854
50871
50883
50903
50937
50951
50952
50966
50977
50986
50989
50992
50995
51007
51023
51033
51035
51056
51059
51060
51072
51076
51085
51087
51099
51115
51116
51119
51119
51132
51161
51167
51176
51178
51179
51187
51188
51194
51199
51213
51216
51217
51224
51229
51253
51257
51266
51275
51277
51278
51278
51281
51293
51295
51303
51305
51308
51311
51334
51337
51349
51350
51354
51361
51363
51364
51374
51376
51394
51395
51400
51436
51437
51476
51484
51485
51491
51492
51493
51503
51506
51506
51519
51526
51539
51555
51566
51572
51576
51592
51606
51607
51610
51619
51628
51631
51632
51650
51654
51667
51668
51673
51679
51687
51694
51697
51702
51704
51767
51788
51819
51820
51840
51840
51868
51870
51899
51911
51921
51930
51932
51951
51955
51958
51965
51965
51970
51971
51974
51975
51979
51980
51999
52001
52005
52007
52022
52026
52032
52044
52048
52054
52070
52087
52092
52119
52125
52135
52136
52142
52143
52147
52153
52166
52178
52188
52190
52193
52199
52199
52206
52230
52238
52267
52280
52281
52293
52297
52320
52348
52376
52377
52382
52395
52399
52405
52411
52413
52414
52444
52454
52474
52478
52515
52537
52554
52568
52583
52594
52604
52606
52627
52628
52631
52651
52658
52665
52668
52687
52692
52702
52709
52718
52721
52729
52732
52733
52734
52736
52740
52750
52751
52759
52764
52773
52783
52784
52815
52829
52837
52868
52871
52872
52893
52906
52907
52915
52934
52941
52951
52993
53004
53009
53018
53021
53029
53041
53055
53055
53056
53084
53089
53095
53096
53103
53109
53123
53124
53148
53159
53166
53170
53173
53180
53187
53200
53207
53212
53224
53229
53233
53240
53280
53285
53287
53303
53303
53353
53372
53375
53382
53390
53399
53430
53437
53457
53484
53493
53510
53511
53513
53513
53513
53520
53531
53543
53545
53565
53566
53577
53599
53615
53666
53672
53680
53698
53709
53717
53720
53731
53738
53745
53767
53775
53796
53804
53805
53812
53840
53840
53855
53903
53909
53936
53940
53958
53968
53979
53985
53994
53995
54005
54036
54051
54057
54057
54063
54066
54071
54078
54080
54104
54107
54116
54128
54128
54134
54143
54148
54151
54156
54164
54166
54180
54192
54194
54195
54222
54227
54265
54266
54314
54328
54330
54332
54339
54352
54382
54404
54416
54423
54429
54445
54468
54477
54477
54483
54496
54517
54530
54558
54558
54562
54568
54569
54574
54609
54617
54618
54626
54640
54641
54646
54646
54646
54648
54696
54698
54701
54724
54730
54763
54764
54766
54770
54778
54820
54829
54847
54847
54865
54871
54874
54879
54901
54909
54916
54919
54945
54953
54954
54970
54980
54982
54983
55017
55041
55043
55045
55050
55054
55064
55067
55076
55089
55090
55091
55097
55106
55110
55115
55117
55128
55162
55167
55179
55179
55185
55190
55193
55196
55211
55221
55227
55238
55244
55254
55261
55265
55268
55269
55291
55300
55326
55334
55344
55351
55352
55374
55382
55388
55423
55438
55445
55455
55462
55473
55482
55487
55503
55510
55511
55537
55540
55544
55549
55584
55588
55592
55593
55594
55596
55628
55631
55641
55667
55695
55695
55701
55702
55722
55728
55731
55761
55777
55783
55794
55808
55810
55836
55856
55858
55859
55885
55899
55914
55916
55922
55933
55950
55960
55962
55968
55975
55979
55989
56008
56011
56034
56052
56083
56091
56095
56107
56124
56136
56160
56166
56195
56214
56226
56228
56240
56256
56259
56261
56268
56269
56270
56277
56279
56291
56316
56327
56330
56331
56348
56348
56364
56370
56373
56395
56406
56421
56428
56430
56445
56457
56464
56469
56478
56482
56486
56486
56490
56494
56505
56511
56526
56538
56549
56609
56628
56629
56630
56638
56650
56658
56661
56661
56670
56686
56689
56705
56706
56708
56708
56712
56714
56725
56737
56756
56789
56798
56801
56814
56815
56840
56847
56856
56894
56912
56927
56928
56949
56949
56954
56960
56969
56969
56979
56991
57002
57012
57016
57018
57041
57047
57048
57055
57059
57070
57074
57082
57086
57116
57120
57121
57126
57131
57148
57165
57168
57182
57195
57214
57238
57247
57260
57280
57286
57289
57291
57304
57316
57325
57335
57336
57340
57347
57393
57400
57406
57410
57413
57415
57418
57425
57426
57470
57494
57534
57549
57566
57571
57574
57587
57632
57648
57701
57735
57748
57758
57769
57780
57783
57794
57807
57822
57834
57840
57845
57862
57864
57871
57889
57894
57902
57908
57927
57945
57966
57985
57997
58012
58016
58024
58039
58052
58052
58059
58084
58087
58094
58096
58099
58101
58106
58142
58171
58180
58188
58201
58217
58254
58258
58263
58263
58280
58289
58289
58307
58312
58350
58356
58357
58373
58396
58402
58425
58437
58448
58479
58481
58484
58500
58514
58531
58537
58556
58576
58591
58593
58611
58612
58618
58640
58646
58648
58667
58707
58713
58713
58718
58721
58739
58745
58777
58779
58800
58801
58809
58814
58822
58830
58844
58844
58854
58857
58863
58864
58876
58889
58889
58892
58893
58898
58931
58942
58957
58977
58990
58991
59041
59043
59047
59056
59064
59073
59077
59082
59121
59121
59130
59132
59135
59145
59163
59197
59215
59225
59246
59256
59258
59263
59277
59279
59279
59283
59287
59288
59300
59308
59318
59324
59325
59361
59367
59373
59385
59396
59398
59403
59406
59413
59419
59432
59444
59447
59464
59506
59506
59514
59515
59518
59521
59554
59559
59576
59601
59603
59608
59625
59639
59643
59647
59647
59649
59655
59671
59672
59672
59685
59687
59693
59701
59705
59729
59751
59768
59776
59787
59797
59806
59820
59830
59837
59844
59848
59858
59862
59862
59901
59913
59914
59919
59952
59957
59959
59967
59985
59992
59992
60016
60025
60033
60036
60044
60044
60051
60051
60061
60072
60073
60087
60091
60097
60104
60105
60121
60124
60127
60153
60164
60175
60176
60177
60182
60185
60188
60191
60193
60200
60204
60208
60224
60231
60239
60242
60250
60267
60292
60296
60301
60312
60319
60324
60324
60328
60328
60328
60390
60396
60401
60403
60407
60412
60422
60433
60433
60439
60446
60461
60475
60496
60502
60511
60517
60541
60553
60556
60578
60579
60589
60590
60618
60672
60680
60689
60699
60701
60701
60719
60726
60731
60743
60761
60779
60810
60811
60812
60816
60820
60831
60849
60855
60857
60863
60870
60871
60877
60885
60887
60890
60891
60892
60897
60899
60910
60913
60916
60931
60943
60944
60950
60956
60960
60976
60976
60999
61000
61008
61010
61013
61019
61032
61058
61058
61059
61072
61077
61081
61081
61115
61136
61147
61151
61162
61175
61182
61199
61199
61220
61231
61242
61253
61257
61280
61318
61318
61336
61359
61360
61362
61389
61390
61390
61394
61405
61421
61430
61449
61453
61464
61475
61501
61523
61533
61556
61558
61560
61562
61562
61565
61567
61620
61631
61637
61659
61677
61695
61711
61737
61738
61740
61747
61747
61754
61769
61782
61784
61791
61800
61805
61805
61830
61843
61851
61851
61858
61865
61878
61879
61880
61880
61887
61920
61968
61970
61970
61989
61995
62028
62031
62040
62054
62079
62093
62114
62116
62123
62125
62127
62132
62137
62154
62156
62157
62166
62166
62179
62184
62190
62196
62205
62211
62215
62216
62231
62236
62240
62250
62255
62261
62268
62287
62298
62307
62315
62316
62324
62351
62360
62375
62380
62395
62404
62406
62419
62420
62469
62473
62474
62490
62500
62502
62502
62507
62514
62521
62523
62534
62535
62570
62584
62598
62604
62607
62611
62624
62637
62648
62665
62687
62688
62705
62714
62716
62755
62763
62773
62793
62799
62800
62801
62815
62818
62819
62827
62828
62838
62861
62871
62888
62889
62897
62907
62919
62943
62963
62973
62994
62996
63019
63025
63027
63029
63038
63039
63047
63069
63077
63085
63085
63092
63094
63099
63143
63149
63153
63161
63167
63173
63176
63177
63192
63197
63200
63202
63208
63214
63229
63237
63239
63241
63249
63253
63254
63275
63279
63298
63303
63311
63314
63315
63325
63337
63369
63372
63381
63392
63404
63419
63431
63438
63487
63490
63493
63507
63514
63520
63550
63552
63565
63575
63587
63592
63601
63603
63605
63606
63613
63622
63629
63630
63638
63655
63658
63665
63679
63694
63705
63713
63732
63735
63735
63742
63746
63765
63777
63795
63824
63837
63849
63879
63900
63909
63922
63931
63970
63971
63990
64001
64023
64032
64035
64036
64039
64043
64046
64057
64063
64064
64067
64085
64100
64103
64105
64112
64121
64144
64157
64184
64194
64207
64229
64239
64242
64260
64266
64280
64284
64290
64291
64292
64292
64301
64325
64351
64352
64366
64370
64373
64389
64425
64444
64447
64449
64451
64453
64453
64453
64455
64475
64503
64506
64533
64564
64567
64580
64608
64609
64639
64664
64673
64698
64707
64725
64732
64734
64738
64740
64742
64763
64773
64776
64778
64787
64794
64805
64808
64811
64813
64829
64836
64838
64848
64882
64883
64888
64906
64926
64943
64967
64969
64983
64997
65005
65025
65042
65061
65086
65109
65113
65136
65149
65160
65174
65178
65187
65187
65188
65188
65218
65231
65255
65258
65275
65275
65289
65292
65294
65307
65307
65307
65312
65314
65318
65336
65342
65345
65354
65363
65378
65383
65403
65405
65417
65426
65442
65479
65482
65494
65526
65543
65574
65609
65617
65624
65633
65633
65655
65680
65699
65702
65704
65706
65716
65732
65744
65746
65753
65773
65802
65836
65844
65864
65880
65884
65908
65914
65917
65920
65923
65929
65930
65934
65937
65943
65954
65960
65961
65963
65980
65990
65997
66002
66012
66013
66024
66026
66033
66033
66036
66043
66048
66049
66064
66070
66072
66087
66089
66102
66116
66146
66167
66176
66186
66195
66203
66213
66229
66234
66241
66260
66273
66279
66292
66293
66297
66304
66308
66324
66326
66326
66336
66338
66344
66345
66351
66351
66352
66353
66362
66376
66377
66421
66433
66436
66439
66457
66488
66503
66506
66509
66521
66521
66565
66568
66573
66585
66593
66637
66652
66656
66660
66668
66671
66674
66688
66688
66696
66725
66725
66745
66745
66746
66753
66759
66760
66773
66776
66800
66802
66806
66818
66853
66862
66875
66884
66884
66889
66892
66907
66908
66924
66928
66929
66930
66966
66969
66990
67019
67022
67036
67075
67085
67100
67106
67111
67115
67128
67129
67132
67138
67157
67164
67178
67202
67211
67220
67242
67245
67245
67248
67272
67278
67288
67304
67308
67311
67359
67363
67365
67398
67399
67406
67428
67429
67431
67438
67452
67479
67491
67508
67510
67520
67534
67544
67548
67550
67555
67557
67572
67579
67584
67588
67589
67596
67603
67608
67608
67609
67627
67643
67649
67672
67677
67690
67714
67715
67735
67746
67758
67762
67777
67794
67804
67824
67836
67856
67863
67865
67906
67911
67914
67917
67946
67947
67955
67961
67964
67976
67977
67985
67994
68002
68015
68016
68019
68020
68068
68081
68094
68098
68101
68102
68120
68124
68124
68131
68134
68167
68169
68171
68192
68194
68223
68225
68263
68269
68325
68334
68339
68349
68350
68359
68367
68379
68392
68394
68414
68419
68422
68428
68435
68440
68441
68447
68454
68455
68461
68463
68471
68485
68496
68496
68518
68548
68573
68576
68590
68591
68605
68607
68643
68665
68697
68699
68707
68729
68730
68734
68737
68746
68784
68784
68788
68790
68801
68809
68810
68822
68834
68853
68869
68873
68875
68881
68906
68916
68930
68937
68962
68969
68988
69003
69006
69006
69012
69021
69021
69030
69041
69044
69046
69053
69054
69067
69069
69090
69100
69101
69118
69123
69125
69144
69145
69151
69157
69162
69163
69170
69177
69183
69215
69241
69242
69247
69248
69279
69289
69291
69310
69330
69355
69359
69376
69378
69390
69392
69401
69404
69414
69429
69437
69447
69449
69462
69480
69485
69490
69517
69524
69535
69541
69567
69571
69585
69593
69597
69622
69626
69635
69637
69679
69716
69739
69756
69757
69762
69780
69788
69802
69811
69837
69840
69852
69892
69894
69898
69904
69909
69913
69924
69928
69946
69947
69965
69969
69981
69986
69999
70021
70023
70024
70026
70027
70061
70074
70075
70097
70099
70099
70100
70101
70105
70106
70120
70122
70125
70142
70144
70161
70164
70173
70176
70176
70181
70188
70195
70199
70200
70209
70211
70220
70229
70233
70235
70239
70254
70261
70261
70271
70275
70278
70301
70303
70312
70348
70354
70367
70368
70396
70413
70418
70465
70469
70472
70478
70482
70489
70491
70496
70514
70515
70515
70518
70524
70546
70573
70589
70605
70619
70637
70637
70655
70656
70658
70668
70676
70680
70689
70708
70712
70713
70717
70743
70744
70744
70747
70754
70781
70795
70811
70812
70853
70879
70881
70891
70905
70905
70911
70921
70927
70928
70931
70935
70937
70998
70998
71004
71005
71009
71014
71018
71024
71026
71028
71057
71079
71083
71085
71090
71090
71092
71092
71100
71107
71111
71112
71118
71121
71124
71136
71139
71157
71160
71201
71207
71207
71209
71212
71215
71253
71254
71274
71303
71308
71345
71353
71366
71369
71393
71394
71401
71408
71409
71423
71431
71435
71450
71463
71466
71500
71513
71513
71541
71560
71569
71581
71599
71607
71614
71616
71639
71658
71660
71667
71668
71686
71721
71737
71746
71752
71771
71784
71800
71804
71806
71812
71817
71853
71860
71866
71885
71929
71933
71987
71993
71999
72000
72009
72010
72011
72014
72020
72049
72056
72059
72084
72110
72114
72115
72117
72120
72125
72136
72157
72158
72165
72165
72198
72200
72201
72215
72219
72234
72235
72265
72282
72322
72329
72366
72369
72371
72373
72378
72398
72423
72439
72455
72464
72469
72472
72475
72514
72524
72534
72540
72568
72640
72643
72665
72670
72683
72684
72690
72730
72755
72767
72773
72778
72783
72784
72785
72787
72788
72807
72813
72826
72843
72884
72892
72901
72915
72954
72962
72965
72967
72969
72972
72981
72985
72987
72991
72993
72995
72996
72998
73009
73022
73045
73047
73061
73065
73089
73117
73126
73145
73149
73162
73164
73173
73195
73202
73226
73248
73274
73276
73306
73309
73317
73352
73355
73357
73378
73379
73384
73389
73409
73410
73413
73422
73448
73462
73480
73483
73498
73507
73525
73529
73533
73535
73542
73559
73576
73577
73577
73594
73595
73596
73599
73610
73619
73649
73659
73666
73668
73668
73675
73683
73688
73688
73688
73691
73709
73722
73731
73733
73739
73740
73745
73751
73760
73790
73798
73817
73820
73826
73834
73836
73853
73854
73863
73868
73876
73882
73884
73892
73901
73901
73907
73912
73925
73930
73944
73961
73963
73970
73977
73980
73990
73997
74000
74031
74037
74039
74045
74067
74071
74074
74089
74090
74109
74114
74120
74134
74135
74148
74150
74164
74183
74227
74234
74237
74243
74255
74259
74260
74277
74283
74290
74300
74320
74339
74340
74346
74360
74361
74363
74367
74369
74371
74405
74406
74410
74411
74413
74418
74434
74435
74436
74454
74463
74466
74467
74469
74469
74475
74497
74511
74519
74519
74534
74535
74559
74573
74626
74629
74631
74667
74670
74680
74684
74685
74685
74693
74696
74703
74703
74707
74710
74729
74745
74752
74780
74788
74800
74801
74809
74813
74820
74821
74824
74841
74854
74862
74865
74867
74877
74900
74919
74919
74928
74929
74942
74943
74944
74945
74962
74962
74968
74973
74975
74976
74977
74988
74997
75000
75031
75035
75060
75091
75096
75099
75102
75104
75112
75119
75120
75124
75134
75144
75145
75151
75156
75208
75211
75224
75256
75260
75269
75288
75291
75309
75347
75355
75371
75375
75378
75389
75399
75412
75419
75444
75470
75480
75509
75513
75516
75536
75568
75572
75595
75603
75604
75606
75606
75613
75618
75626
75646
75656
75664
75672
75682
75695
75705
75744
75754
75754
75788
75789
75796
75808
75810
75815
75816
75818
75820
75823
75832
75847
75848
75851
75886
75887
75888
75892
75893
75915
75939
75939
75947
75948
75956
75968
75979
75990
76003
76013
76024
76025
76037
76043
76051
76064
76067
76097
76131
76160
76164
76176
76179
76183
76190
76220
76240
76255
76269
76303
76314
76319
76334
76347
76349
76358
76398
76414
76420
76438
76469
76500
76523
76541
76548
76567
76568
76568
76578
76587
76590
76604
76631
76636
76668
76675
76677
76680
76690
76695
76696
76697
76701
76780
76788
76792
76793
76802
76803
76832
76832
76840
76840
76845
76847
76852
76862
76875
76877
76885
76891
76893
76911
76920
76924
76928
76939
76952
76954
76956
76958
76974
76982
76991
77002
77004
77006
77013
77028
77037
77087
77093
77097
77099
77106
77108
77118
77163
77172
77177
77185
77187
77189
77212
77271
77306
77310
77324
77336
77339
77344
77345
77350
77356
77377
77378
77384
77397
77398
77401
77417
77432
77485
77485
77493
77498
77504
77537
77546
77553
77581
77586
77586
77599
77609
77629
77634
77638
77653
77673
77678
77699
77699
77702
77753
77773
77773
77779
77800
77802
77807
77850
77853
77863
77864
77871
77874
77890
77923
77924
77925
77958
77959
77987
77993
77998
78006
78007
78009
78010
78010
78015
78074
78083
78098
78104
78106
78108
78109
78129
78161
78164
78174
78179
78191
78191
78193
78200
78207
78207
78216
78222
78232
78252
78267
78268
78270
78278
78292
78293
78295
78304
78305
78305
78328
78332
78340
78343
78358
78370
78376
78383
78392
78407
78413
78420
78421
78429
78459
78468
78473
78475
78499
78502
78502
78503
78509
78510
78517
78525
78549
78563
78572
78580
78587
78595
78600
78612
78627
78645
78655
78656
78657
78700
78701
78711
78713
78719
78722
78737
78738
78755
78755
78756
78765
78782
78791
78809
78818
78825
78830
78835
78839
78841
78842
78879
78894
78895
78902
78905
78913
78916
78917
78923
78959
78978
78988
78988
78991
79006
79025
79027
79033
79048
79049
79065
79078
79081
79093
79095
79106
79108
79128
79137
79138
79185
79190
79217
79222
79240
79253
79254
79256
79270
79271
79291
79294
79302
79312
79316
79319
79328
79334
79346
79357
79359
79363
79370
79384
79393
79403
79406
79420
79424
79427
79434
79434
79435
79458
79468
79471
79482
79486
79491
79494
79500
79503
79508
79519
79535
79537
79546
79564
79574
79587
79593
79641
79650
79657
79657
79673
79696
79719
79722
79722
79740
79744
79763
79764
79766
79793
79793
79802
79806
79832
79833
79853
79876
79890
79910
79911
79922
79935
79935
79945
79969
79972
79983
79983
80007
80008
80017
80024
80039
80054
80064
80068
80072
80073
80075
80078
80098
80101
80117
80122
80138
80159
80178
80196
80202
80206
80215
80227
80256
80286
80292
80299
80316
80334
80334
80338
80351
80351
80354
80371
80372
80385
80444
80447
80458
80473
80491
80496
80513
80541
80544
80547
80561
80564
80568
80573
80575
80605
80627
80638
80677
80692
80726
80728
80734
80736
80740
80743
80748
80756
80763
80800
80803
80813
80867
80871
80874
80879
80892
80907
80907
80912
80933
80940
80941
80944
80947
80957
80968
80980
80982
81003
81009
81011
81033
81041
81042
81057
81059
81060
81071
81074
81090
81096
81128
81140
81181
81201
81216
81216
81219
81224
81236
81237
81251
81255
81260
81270
81289
81292
81298
81304
81314
81321
81331
81331
81335
81339
81344
81352
81352
81358
81361
81367
81377
81388
81394
81409
81411
81413
81428
81429
81437
81447
81460
81462
81477
81482
81509
81514
81518
81519
81531
81548
81552
81605
81651
81665
81667
81682
81683
81694
81703
81703
81706
81716
81719
81733
81736
81745
81758
81761
81783
81788
81789
81802
81822
81825
81835
81843
81844
81858
81870
81877
81887
81909
81911
81912
81917
81934
81940
81941
81952
81953
81955
81967
81977
81981
81983
81988
81997
82000
82002
82004
82014
82026
82034
82037
82040
82046
82049
82070
82070
82077
82082
82086
82101
82101
82109
82110
82125
82139
82155
82159
82162
82164
82174
82181
82194
82198
82216
82233
82234
82235
82238
82263
82270
82277
82283
82290
82294
82294
82300
82303
82303
82341
82341
82352
82353
82363
82375
82375
82381
82385
82403
82409
82417
82421
82422
82435
82447
82451
82454
82466
82500
82504
82510
82544
82568
82611
82615
82627
82651
82659
82673
82680
82691
82700
82702
82714
82723
82727
82743
82744
82745
82752
82753
82759
82787
82804
82805
82809
82848
82861
82887
82898
82901
82903
82915
82917
82917
82917
82920
82934
82948
82949
82955
82969
82972
82974
82977
82989
82993
83031
83034
83036
83040
83046
83056
83094
83095
83098
83098
83110
83138
83147
83152
83152
83163
83182
83202
83217
83224
83233
83240
83240
83256
83259
83260
83280
83290
83298
83304
83316
83318
83327
83337
83347
83355
83384
83389
83401
83407
83410
83422
83423
83434
83435
83440
83477
83478
83482
83515
83519
83523
83524
83546
83552
83557
83562
83565
83567
83567
83568
83570
83573
83588
83595
83604
83621
83626
83635
83640
83652
83653
83668
83668
83676
83682
83684
83697
83709
83716
83717
83727
83728
83736
83739
83764
83771
83796
83798
83803
83815
83830
83840
83841
83874
83881
83898
83901
83906
83910
83926
83939
83962
83986
83990
83996
84003
84008
84014
84039
84046
84060
84066
84076
84082
84082
84116
84146
84150
84153
84166
84172
84183
84188
84207
84230
84238
84256
84274
84278
84282
84285
84292
84295
84301
84328
84330
84332
84338
84355
84391
84403
84411
84437
84450
84463
84479
84483
84489
84503
84503
84515
84525
84530
84533
84543
84544
84566
84574
84584
84586
84632
84648
84656
84660
84662
84681
84696
84713
84725
84736
84740
84742
84765
84778
84812
84817
84826
84835
84840
84857
84867
84871
84885
84888
84889
84896
84897
84910
84911
84922
84923
84942
84943
84962
84966
84968
84972
84977
84981
84984
84992
85000
85012
85043
85044
85052
85053
85058
85064
85066
85066
85070
85086
85087
85093
85096
85098
85099
85111
85111
85114
85130
85136
85146
85150
85151
85155
85169
85171
85173
85196
85197
85198
85207
85220
85224
85236
85277
85279
85309
85341
85344
85345
85348
85351
85366
85367
85367
85368
85370
85373
85379
85383
85409
85415
85436
85438
85445
85447
85448
85452
85455
85462
85465
85473
85475
85476
85486
85492
85495
85497
85509
85513
85515
85515
85516
85558
85580
85598
85604
85605
85605
85621
85622
85632
85641
85661
85682
85712
85712
85714
85729
85733
85743
85763
85774
85778
85780
85782
85799
85814
85814
85831
85831
85835
85844
85851
85856
85857
85864
85867
85904
85917
85924
85927
85945
85946
85955
85963
85989
85990
86016
86022
86024
86033
86036
86037
86042
86046
86048
86053
86062
86080
86081
86082
86082
86093
86108
86111
86116
86126
86146
86154
86157
86163
86185
86192
86203
86209
86216
86237
86238
86252
86255
86279
86301
86307
86320
86334
86361
86370
86381
86387
86408
86408
86414
86418
86442
86444
86447
86470
86474
86475
86494
86511
86519
86524
86527
86573
86592
86602
86624
86624
86625
86635
86638
86657
86658
86665
86676
86680
86684
86697
86704
86727
86728
86730
86733
86744
86752
86755
86761
86766
86772
86784
86787
86801
86808
86818
86819
86820
86823
86849
86859
86863
86865
86877
86884
86891
86932
86937
86942
86948
86951
86953
86957
86963
86970
86977
86983
87006
87011
87015
87020
87032
87039
87049
87060
87063
87072
87073
87087
87092
87102
87107
87107
87121
87125
87134
87154
87178
87179
87184
87188
87190
87204
87204
87206
87222
87235
87245
87254
87268
87273
87280
87293
87320
87322
87329
87348
87350
87359
87363
87391
87395
87411
87411
87420
87422
87445
87480
87504
87554
87565
87572
87580
87582
87600
87610
87618
87618
87635
87683
87687
87690
87699
87702
87711
87741
87767
87778
87783
87784
87790
87825
87827
87852
87854
87882
87893
87894
87931
87933
87941
87954
87973
87995
88003
88024
88037
88049
88052
88075
88076
88086
88094
88098
88101
88133
88137
88137
88158
88160
88190
88198
88206
88213
88220
88221
88222
88234
88243
88249
88250
88252
88260
88264
88269
88286
88304
88307
88323
88329
88333
88335
88370
88379
88389
88391
88394
88399
88416
88417
88432
88436
88450
88458
88462
88470
88482
88483
88486
88491
88506
88521
88534
88535
88549
88555
88559
88564
88571
88590
88611
88664
88676
88683
88683
88703
88713
88723
88723
88760
88761
88765
88770
88781
88784
88787
88799
88802
88809
88817
88836
88838
88845
88847
88849
88864
88867
88883
88890
88897
88942
88950
88956
88969
88969
88972
88983
88998
89014
89022
89055
89056
89086
89110
89112
89117
89129
89129
89134
89140
89140
89151
89155
89162
89170
89216
89216
89222
89224
89226
89228
89231
89242
89264
89307
89314
89332
89337
89337
89344
89351
89359
89379
89380
89382
89401
89406
89412
89417
89423
89450
89466
89468
89483
89488
89498
89507
89513
89548
89550
89552
89568
89582
89610
89619
89624
89626
89627
89653
89678
89682
89682
89687
89688
89694
89712
89740
89822
89828
89835
89839
89849
89860
89865
89876
89896
89913
89925
89930
89956
89958
89964
89965
89966
89972
89977
89982
89987
90013
90013
90013
90021
90025
90048
90076
90077
90084
90095
90119
90122
90139
90152
90159
90162
90171
90176
90188
90205
90210
90231
90234
90244
90245
90250
90255
90262
90294
90303
90308
90317
90320
90351
90365
90374
90384
90384
90391
90401
90405
90415
90426
90444
90450
90451
90487
90491
90497
90506
90521
90536
90537
90540
90543
90569
90578
90601
90607
90612
90621
90630
90636
90637
90641
90647
90652
90657
90678
90681
90691
90711
90744
90746
90751
90756
90759
90774
90779
90787
90790
90790
90824
90828
90833
90838
90859
90868
90870
90876
90877
90899
90904
90909
90916
90917
90929
90929
90946
90965
90974
90991
91000
91052
91058
91070
91081
91101
91110
91111
91111
91140
91147
91195
91202
91212
91216
91229
91232
91283
91286
91288
91291
91291
91335
91342
91360
91397
91406
91445
91452
91472
91479
91512
91515
91516
91530
91543
91565
91572
91577
91581
91584
91593
91612
91618
91622
91651
91655
91671
91721
91748
91752
91755
91757
91757
91774
91781
91784
91829
91838
91846
91856
91860
91869
91869
91900
91906
91918
91931
91936
91940
91966
91969
91985
91986
91994
91998
91999
92015
92016
92023
92052
92064
92075
92083
92083
92089
92103
92131
92135
92135
92161
92163
92163
92182
92183
92188
92199
92210
92230
92232
92241
92250
92251
92255
92275
92282
92298
92323
92359
92363
92363
92375
92404
92410
92410
92428
92433
92446
92453
92456
92458
92480
92485
92490
92490
92493
92497
92532
92538
92546
92549
92562
92567
92568
92590
92598
92610
92612
92628
92641
92647
92647
92664
92668
92675
92677
92677
92682
92684
92697
92721
92722
92758
92764
92768
92778
92784
92785
92797
92803
92828
92841
92861
92863
92866
92868
92879
92883
92886
92889
92895
92909
92912
92914
92942
92959
92969
92971
92978
92993
93016
93037
93044
93059
93066
93071
93076
93082
93083
93084
93084
93098
93135
93141
93164
93164
93164
93186
93191
93192
93199
93200
93208
93211
93219
93225
93229
93236
93240
93247
93260
93284
93286
93294
93298
93319
93335
93396
93413
93428
93450
93458
93462
93467
93474
93481
93487
93491
93510
93519
93523
93547
93562
93582
93585
93590
93591
93608
93616
93621
93640
93643
93644
93658
93661
93668
93677
93678
93692
93695
93697
93703
93714
93738
93742
93743
93743
93751
93778
93784
93795
93808
93809
93810
93826
93836
93841
93845
93847
93853
93864
93869
93870
93881
93883
93901
93902
93906
93908
93912
93939
93941
93951
93955
93987
93996
94024
94029
94063
94068
94076
94083
94088
94096
94099
94103
94108
94108
94128
94136
94150
94176
94176
94195
94209
94214
94246
94254
94277
94277
94282
94299
94310
94315
94323
94334
94339
94343
94349
94366
94383
94397
94422
94423
94429
94439
94443
94452
94458
94486
94509
94546
94550
94555
94570
94578
94582
94594
94618
94623
94643
94652
94653
94658
94667
94669
94672
94701
94732
94736
94741
94743
94743
94755
94760
94760
94763
94763
94766
94778
94802
94816
94828
94830
94850
94851
94865
94870
94893
94905
94919
94920
94923
94926
94935
94940
94941
94953
94961
94961
94974
94974
94978
94988
95009
95015
95022
95034
95040
95058
95058
95065
95073
95077
95077
95082
95111
95116
95136
95146
95164
95196
95198
95200
95230
95235
95266
95289
95290
95291
95299
95328
95331
95340
95345
95355
95366
95374
95393
95402
95406
95423
95447
95447
95456
95459
95461
95463
95470
95477
95489
95497
95503
95511
95514
95540
95557
95561
95566
95574
95575
95587
95589
95591
95605
95639
95639
95643
95669
95683
95712
95713
95720
95733
95738
95741
95747
95764
95773
95785
95790
95794
95803
95815
95817
95819
95820
95821
95828
95837
95852
95854
95856
95857
95871
95880
95881
95888
95888
95929
95929
95936
95942
95953
95955
95966
95969
95970
95970
95971
95993
96003
96010
96010
96015
96025
96044
96052
96054
96054
96055
96074
96080
96085
96092
96111
96137
96146
96161
96170
96181
96183
96184
96184
96188
96190
96195
96212
96216
96218
96219
96262
96278
96281
96293
96316
96332
96333
96335
96342
96343
96345
96359
96366
96367
96382
96384
96397
96405
96420
96428
96434
96441
96463
96479
96484
96485
96487
96494
96523
96542
96544
96547
96561
96578
96588
96614
96618
96632
96643
96677
96704
96719
96721
96722
96728
96735
96772
96802
96824
96839
96846
96861
96864
96868
96880
96884
96888
96906
96924
96925
96926
96984
97000
97008
97011
97020
97026
97029
97048
97051
97051
97053
97067
97071
97072
97074
97107
97129
97138
97145
97156
97158
97186
97194
97214
97251
97256
97269
97291
97296
97305
97314
97315
97319
97345
97348
97368
97389
97393
97393
97399
97431
97440
97452
97453
97471
97489
97494
97496
97501
97505
97524
97526
97526
97527
97552
97563
97566
97570
97570
97573
97576
97585
97591
97605
97609
97611
97615
97625
97626
97632
97645
97654
97655
97674
97674
97678
97683
97694
97724
97738
97742
97760
97775
97788
97798
97807
97823
97823
97826
97827
97829
97829
97830
97832
97883
97891
97900
97903
97907
97934
97939
97944
97962
97967
97968
97969
97982
97984
97995
97996
98000
98001
98014
98062
98068
98069
98072
98075
98075
98087
98096
98101
98119
98155
98156
98158
98168
98190
98192
98193
98225
98241
98257
98259
98279
98298
98306
98311
98319
98326
98337
98340
98343
98358
98359
98362
98370
98381
98383
98384
98385
98394
98404
98409
98412
98416
98419
98426
98427
98428
98449
98464
98467
98486
98494
98561
98583
98588
98594
98611
98616
98620
98620
98624
98625
98629
98634
98637
98641
98663
98667
98687
98696
98705
98712
98714
98717
98719
98721
98732
98738
98740
98743
98745
98757
98761
98767
98775
98788
98794
98801
98807
98841
98857
98866
98870
98872
98872
98874
98882
98889
98893
98899
98901
98902
98937
98943
98946
98960
98968
98969
98977
98992
98992
98993
99017
99026
99034
99043
99059
99060
99060
99072
99083
99085
99093
99111
99112
99117
99124
99136
99152
99167
99188
99215
99216
99224
99225
99229
99230
99239
99259
99262
99265
99269
99275
99288
99288
99299
99302
99308
99310
99317
99322
99340
99359
99370
99379
99384
99386
99401
99401
99407
99410
99417
99418
99425
99444
99459
99464
99470
99478
99481
99496
99503
99521
99529
99529
99532
99541
99560
99561
99561
99565
99568
99581
99594
99616
99638
99643
99672
99680
99685
99697
99699
99707
99709
99719
99724
99741
99747
99773
99779
99790
99804
99811
99838
99846
99862
99866
99877
99878
99879
99934
99967
99968
99968
99970
99974
99983
99997
