8
9
33
34
42
54
61
62
87
87
92
93
108
111
113
115
125
146
148
152
153
157
158
167
169
185
188
192
196
201
204
212
214
227
239
301
310
324
332
335
358
366
376
388
393
393
393
396
397
411
414
418
419
430
450
459
469
472
513
517
525
529
530
558
571
572
584
596
597
604
611
617
617
652
657
661
667
702
705
714
714
722
739
774
801
811
814
830
844
898
912
918
921
926
945
958
997
1009
1014
1017
1021
1025
1038
1048
1074
1074
1074
1075
1080
1080
1086
1087
1096
1101
1103
1110
1123
1171
1172
1185
1190
1193
1198
1200
1217
1219
1251
1259
1269
1281
1291
1301
1312
1316
1341
1355
1357
1382
1394
1395
1411
1412
1415
1416
1419
1420
1441
1453
1471
1482
1507
1520
1528
1533
1545
1548
1556
1564
1569
1571
1584
1603
1614
1622
1629
1653
1670
1715
1730
1734
1778
1782
1791
1796
1799
1810
1824
1827
1842
1862
1874
1888
1891
1905
1910
1912
1940
1943
1950
1950
1957
1973
2006
2012
2016
2020
2022
2023
2053
2054
2054
2064
2065
2080
2081
2109
2126
2127
2145
2148
2160
2184
2189
2190
2197
2234
2263
2274
2284
2285
2300
2303
2306
2318
2323
2353
2369
2376
2383
2387
2393
2399
2404
2410
2412
2423
2425
2436
2447
2487
2492
2502
2531
2536
2545
2550
2569
2583
2589
2595
2607
2609
2618
2642
2650
2656
2660
2665
2666
2675
2678
2695
2698
2721
2727
2732
2734
2735
2736
2745
2757
2760
2768
2777
2786
2805
2807
2834
2834
2838
2840
2843
2854
2854
2863
2869
2870
2878
2881
2884
2918
2928
2928
2933
2947
2950
2958
2969
2975
2988
2997
3000
3007
3011
3014
3015
3021
3033
3034
3046
3064
3072
3076
3083
3086
3088
3103
3104
3108
3114
3125
3134
3164
3171
3200
3204
3219
3219
3223
3225
3227
3244
3247
3254
3257
3263
3272
3274
3275
3284
3289
3325
3329
3346
3367
3373
3386
3394
3424
3426
3442
3450
3477
3477
3495
3499
3524
3537
3563
3565
3604
3608
3621
3633
3646
3656
3664
3674
3685
3719
3728
3739
3748
3760
3766
3782
3790
3793
3795
3799
3801
3811
3813
3815
3816
3823
3832
3838
3841
3845
3852
3865
3880
3893
3907
3919
3948
3955
3967
3971
3985
3989
3995
4001
4001
4019
4035
4040
4049
4061
4063
4066
4072
4073
4080
4091
4100
4106
4110
4124
4126
4136
4147
4150
4169
4169
4189
4207
4209
4217
4224
4231
4245
4259
4264
4269
4278
4288
4297
4303
4305
4377
4386
4386
4395
4400
4424
4435
4436
4447
4452
4461
4465
4495
4507
4537
4561
4579
4586
4598
4604
4610
4633
4635
4636
4638
4661
4664
4668
4672
4676
4678
4686
4694
4695
4697
4723
4731
4754
4760
4774
4805
4820
4839
4843
4850
4866
4880
4906
4963
4969
4979
5006
5007
5007
5008
5009
5031
5032
5035
5053
5058
5063
5068
5074
5085
5105
5135
5137
5142
5164
5169
5173
5174
5185
5201
5203
5212
5215
5234
5251
5260
5263
5267
5268
5273
5275
5277
5288
5290
5293
5302
5323
5326
5328
5333
5348
5351
5357
5360
5361
5380
5385
5391
5394
5423
5425
5442
5449
5456
5456
5473
5479
5487
5491
5507
5547
5580
5581
5588
5597
5603
5649
5664
5667
5673
5676
5680
5688
5688
5695
5701
5752
5759
5773
5775
5780
5802
5805
5808
5809
5816
5823
5861
5862
5881
5884
5885
5886
5912
5914
5930
5937
5955
5965
5974
5984
5996
6029
6034
6036
6040
6047
6055
6059
6073
6074
6080
6087
6096
6103
6105
6108
6120
6137
6138
6154
6161
6163
6175
6190
6208
6209
6218
6238
6266
6267
6294
6303
6309
6322
6340
6353
6381
6392
6419
6419
6422
6431
6435
6443
6443
6463
6473
6481
6494
6497
6538
6547
6548
6549
6559
6562
6563
6571
6584
6605
6640
6643
6658
6675
6675
6679
6682
6707
6721
6722
6734
6735
6750
6761
6778
6781
6781
6791
6793
6799
6808
6808
6813
6820
6828
6830
6835
6846
6848
6854
6859
6864
6875
6886
6891
6901
6901
6903
6921
6934
6950
6952
6958
6963
6972
6975
6975
6995
6995
7001
7013
7014
7020
7033
7037
7064
7102
7102
7105
7106
7117
7117
7120
7128
7128
7155
7164
7166
7205
7216
7216
7235
7239
7240
7240
7248
7261
7273
7279
7294
7310
7322
7328
7332
7345
7355
7361
7361
7375
7378
7391
7393
7399
7405
7414
7420
7440
7442
7448
7454
7474
7485
7487
7498
7502
7503
7509
7521
7528
7537
7584
7589
7592
7632
7638
7642
7655
7662
7664
7674
7680
7695
7722
7723
7729
7741
7743
7743
7758
7759
7767
7771
7790
7790
7809
7830
7838
7843
7859
7865
7883
7883
7888
7893
7899
7914
7919
7922
7940
7941
7964
7982
7984
7997
7997
7999
8005
8010
8022
8029
8038
8038
8041
8051
8059
8067
8089
8097
8098
8107
8108
8112
8115
8140
8156
8160
8173
8174
8175
8187
8197
8212
8247
8249
8266
8268
8271
8274
8277
8278
8285
8308
8311
8321
8325
8343
8351
8373
8374
8386
8398
8399
8407
8407
8439
8451
8456
8467
8477
8484
8497
8501
8502
8507
8527
8530
8530
8601
8612
8613
8630
8634
8650
8665
8702
8702
8708
8709
8733
8757
8760
8777
8798
8802
8820
8828
8838
8843
8847
8876
8898
8901
8915
8930
8939
8956
8959
8967
8971
8984
8989
8993
9016
9089
9092
9103
9112
9115
9125
9143
9158
9162
9163
9175
9192
9193
9200
9201
9210
9218
9220
9257
9271
9280
9291
9319
9326
9335
9341
9355
9356
9378
9379
9387
9398
9404
9405
9411
9447
9448
9448
9465
9481
9492
9499
9508
9539
9541
9549
9559
9564
9575
9579
9599
9614
9616
9631
9633
9644
9645
9649
9654
9659
9681
9697
9699
9705
9711
9715
9722
9722
9767
9774
9777
9783
9790
9790
9797
9799
9802
9812
9825
9832
9844
9864
9870
9873
9876
9886
9908
9926
9937
9971
9975
9992
9996
10010
10015
10021
10023
10025
10036
10039
10101
10102
10103
10109
10123
10133
10134
10139
10143
10162
10198
10204
10205
10212
10212
10215
10230
10238
10248
10251
10315
10315
10318
10324
10328
10338
10363
10365
10372
10373
10374
10383
10391
10403
10404
10405
10406
10417
10436
10455
10465
10473
10475
10475
10488
10503
10509
10519
10525
10541
10552
10555
10577
10581
10581
10615
10622
10645
10656
10659
10676
10681
10683
10691
10696
10704
10730
10734
10771
10783
10783
10787
10793
10799
10810
10825
10828
10837
10880
10882
10893
10894
10903
10908
10912
10936
10994
11006
11018
11024
11026
11050
11076
11090
11092
11094
11104
11105
11105
11117
11124
11124
11132
11142
11145
11167
11169
11195
11198
11198
11212
11257
11267
11275
11293
11323
11348
11369
11372
11379
11390
11391
11394
11395
11395
11397
11404
11408
11417
11419
11419
11437
11470
11472
11481
11483
11484
11506
11509
11516
11522
11523
11532
11547
11550
11559
11572
11572
11575
11575
11608
11620
11628
11638
11658
11667
11671
11671
11681
11685
11695
11697
11728
11734
11749
11752
11767
11768
11789
11818
11827
11855
11857
11877
11884
11888
11923
11924
11931
11935
11942
11956
11960
11968
11975
12000
12004
12004
12018
12019
12063
12070
12081
12087
12093
12099
12111
12120
12136
12148
12156
12164
12165
12168
12171
12185
12211
12212
12220
12221
12222
12268
12273
12280
12303
12312
12316
12317
12318
12325
12327
12337
12347
12348
12387
12403
12407
12413
12414
12451
12463
12471
12493
12509
12512
12527
12528
12533
12559
12562
12579
12588
12588
12592
12594
12601
12603
12631
12644
12649
12666
12670
12675
12678
12694
12695
12709
12711
12726
12732
12744
12759
12764
12768
12774
12780
12796
12806
12808
12820
12823
12841
12922
12927
12928
12940
12948
12953
12960
12963
12966
12973
12979
12992
13002
13011
13012
13016
13017
13017
13028
13039
13040
13056
13065
13087
13094
13125
13143
13145
13147
13149
13151
13151
13172
13184
13194
13208
13245
13251
13259
13266
13267
13281
13284
13291
13293
13301
13312
13340
13341
13346
13347
13348
13356
13371
13380
13397
13402
13409
13409
13414
13431
13445
13448
13457
13462
13469
13474
13487
13487
13498
13499
13519
13527
13530
13538
13548
13559
13565
13620
13627
13645
13667
13677
13685
13700
13712
13720
13731
13732
13746
13758
13777
13797
13801
13807
13810
13815
13818
13841
13842
13864
13884
13889
13897
13970
13971
13982
13993
13993
13996
14006
14009
14010
14028
14042
14045
14067
14087
14092
14093
14094
14121
14123
14132
14136
14147
14149
14151
14156
14158
14170
14171
14181
14192
14209
14210
14222
14224
14230
14231
14234
14238
14241
14242
14264
14282
14305
14314
14316
14329
14334
14369
14370
14372
14392
14428
14437
14443
14448
14452
14458
14459
14459
14468
14496
14504
14519
14525
14527
14533
14536
14561
14564
14587
14602
14615
14617
14620
14628
14632
14642
14645
14649
14677
14677
14681
14687
14698
14708
14717
14722
14740
14742
14753
14762
14765
14775
14799
14824
14830
14834
14838
14846
14846
14865
14878
14884
14896
14900
14906
14915
14918
14933
14942
14942
14952
14962
14968
14969
14974
14980
14992
15001
15006
15013
15022
15025
15034
15036
15043
15043
15043
15074
15078
15085
15088
15096
15104
15108
15108
15161
15163
15181
15190
15195
15199
15223
15225
15225
15230
15233
15236
15253
15259
15265
15269
15292
15299
15300
15351
15352
15374
15391
15403
15406
15408
15415
15416
15435
15443
15455
15464
15502
15522
15539
15545
15578
15589
15606
15611
15612
15613
15623
15630
15632
15638
15641
15673
15695
15701
15702
15710
15716
15717
15720
15721
15723
15724
15725
15728
15741
15743
15752
15764
15768
15775
15786
15786
15791
15793
15824
15832
15849
15858
15871
15880
15886
15887
15892
15909
15910
15919
15923
15926
15951
15962
15966
15987
16015
16024
16029
16035
16039
16040
16042
16050
16052
16059
16084
16099
16101
16101
16141
16159
16184
16186
16189
16197
16217
16224
16232
16249
16266
16298
16302
16305
16306
16307
16315
16335
16338
16363
16379
16379
16379
16415
16429
16443
16448
16452
16453
16455
16462
16472
16491
16492
16501
16504
16510
16531
16540
16554
16567
16572
16586
16587
16589
16590
16611
16619
16634
16654
16667
16668
16670
16678
16716
16719
16728
16738
16746
16771
16772
16773
16786
16793
16798
16799
16804
16827
16829
16849
16881
16883
16891
16901
16902
16922
16925
16945
16960
16979
16979
16996
16997
16998
16998
17005
17007
17022
17049
17055
17060
17067
17084
17090
17093
17098
17112
17113
17116
17130
17161
17161
17170
17171
17172
17218
17221
17228
17262
17272
17287
17291
17307
17316
17332
17335
17337
17345
17347
17354
17362
17364
17380
17381
17386
17386
17401
17421
17444
17452
17455
17455
17463
17469
17477
17479
17483
17490
17504
17504
17509
17519
17527
17530
17531
17550
17552
17569
17574
17584
17586
17604
17606
17620
17624
17634
17662
17674
17684
17687
17711
17713
17714
17715
17720
17747
17757
17782
17793
17799
17835
17838
17850
17851
17858
17863
17906
17910
17927
17939
17949
17972
17974
17997
17999
18004
18007
18017
18037
18052
18059
18077
18083
18098
18101
18105
18113
18128
18142
18151
18153
18161
18168
18172
18187
18209
18211
18212
18221
18223
18224
18247
18290
18303
18314
18315
18343
18347
18365
18370
18371
18394
18395
18400
18404
18407
18409
18423
18424
18440
18447
18463
18500
18500
18504
18509
18513
18520
18533
18539
18542
18545
18556
18559
18570
18577
18595
18597
18600
18617
18643
18643
18643
18656
18659
18665
18670
18673
18702
18709
18722
18727
18749
18752
18752
18759
18764
18772
18775
18782
18782
18788
18791
18798
18825
18855
18859
18864
18868
18869
18880
18901
18908
18917
18918
18923
18926
18926
18932
18936
18952
18953
18962
18966
18966
18971
18972
18989
18996
19001
19020
19023
19057
19069
19074
19090
19100
19110
19116
19117
19125
19139
19148
19168
19175
19180
19181
19185
19190
19191
19196
19203
19204
19205
19214
19218
19235
19245
19247
19255
19266
19274
19275
19284
19298
19298
19303
19319
19322
19352
19353
19364
19366
19367
19368
19385
19391
19403
19429
19431
19444
19480
19509
19511
19513
19541
19545
19555
19572
19583
19611
19614
19632
19632
19678
19692
19709
19729
19729
19731
19735
19761
19764
19768
19774
19786
19787
19812
19829
19831
19833
19833
19849
19863
19879
19912
19939
19945
19954
19993
19995
20013
20019
20022
20028
20032
20036
20037
20049
20051
20052
20053
20079
20080
20089
20094
20095
20098
20109
20119
20153
20154
20154
20172
20172
20176
20177
20185
20195
20207
20209
20220
20220
20229
20238
20250
20256
20269
20284
20297
20299
20338
20339
20353
20370
20374
20385
20394
20399
20409
20410
20411
20434
20447
20448
20449
20451
20456
20467
20474
20481
20482
20483
20493
20508
20512
20522
20534
20539
20563
20573
20573
20583
20596
20600
20607
20615
20626
20643
20644
20657
20659
20662
20665
20668
20675
20678
20685
20691
20713
20722
20751
20777
20791
20803
20804
20805
20810
20811
20817
20845
20869
20870
20872
20878
20895
20915
20927
20928
20954
20956
20971
20980
21000
21003
21005
21023
21057
21084
21111
21117
21125
21130
21134
21157
21193
21239
21244
21245
21264
21279
21287
21302
21307
21314
21319
21335
21357
21385
21390
21399
21405
21408
21424
21438
21450
21456
21475
21492
21511
21515
21523
21555
21555
21563
21573
21575
21584
21587
21590
21596
21607
21612
21615
21616
21624
21627
21635
21647
21653
21657
21670
21688
21699
21700
21745
21758
21779
21813
21827
21827
21859
21859
21876
21876
21894
21895
21897
21898
21911
21929
21933
21942
21972
21984
21985
21992
21996
22006
22011
22016
22026
22027
22033
22066
22079
22084
22087
22099
22107
22108
22111
22115
22132
22134
22135
22170
22185
22188
22189
22191
22206
22207
22212
22215
22221
22230
22238
22251
22265
22266
22303
22305
22310
22311
22326
22336
22371
22375
22395
22432
22448
22458
22459
22463
22483
22537
22542
22548
22553
22565
22605
22643
22644
22654
22671
22676
22678
22698
22735
22741
22749
22758
22764
22768
22793
22800
22819
22821
22841
22842
22849
22856
22872
22873
22888
22889
22902
22908
22909
22911
22912
22912
22913
22931
22939
22940
22941
22959
22980
22994
23005
23015
23022
23036
23048
23055
23072
23077
23116
23130
23152
23168
23180
23186
23198
23210
23213
23220
23224
23231
23233
23236
23245
23264
23268
23270
23273
23275
23290
23327
23351
23365
23366
23378
23390
23393
23419
23447
23483
23495
23503
23504
23518
23534
23538
23554
23568
23568
23571
23587
23588
23649
23654
23655
23688
23697
23698
23698
23699
23718
23732
23737
23740
23743
23755
23763
23769
23783
23810
23817
23819
23827
23829
23839
23846
23848
23866
23876
23876
23884
23909
23916
23943
23951
23976
24018
24028
24028
24033
24048
24052
24061
24062
24069
24075
24077
24094
24098
24104
24112
24124
24138
24139
24142
24153
24159
24170
24189
24189
24196
24196
24201
24208
24209
24212
24219
24227
24232
24240
24247
24256
24257
24257
24260
24260
24284
24320
24336
24337
24337
24350
24357
24359
24361
24364
24366
24367
24373
24393
24398
24412
24413
24420
24440
24457
24459
24473
24482
24482
24482
24484
24491
24515
24545
24558
24561
24570
24596
24602
24647
24694
24721
24734
24748
24759
24776
24790
24801
24817
24834
24842
24847
24856
24862
24866
24869
24870
24880
24881
24888
24899
24901
24903
24904
24907
24907
24917
24921
24963
24974
24978
25000
25005
25008
25008
25013
25016
25019
25026
25042
25053
25064
25083
25084
25095
25111
25118
25122
25139
25142
25143
25163
25179
25185
25186
25194
25203
25218
25219
25231
25248
25290
25306
25318
25328
25333
25375
25375
25376
25383
25391
25431
25440
25441
25466
25471
25473
25487
25488
25491
25492
25492
25496
25524
25541
25545
25562
25598
25609
25634
25658
25661
25670
25685
25686
25689
25689
25696
25718
25735
25755
25761
25776
25778
25783
25791
25798
25799
25799
25799
25801
25802
25809
25813
25849
25878
25888
25890
25929
25937
25946
25954
25958
25961
25978
25979
25982
25985
25995
26016
26020
26026
26029
26029
26035
26040
26044
26060
26072
26079
26080
26094
26100
26113
26122
26126
26131
26134
26140
26143
26155
26166
26194
26199
26215
26217
26225
26231
26241
26245
26248
26257
26259
26263
26280
26286
26288
26301
26314
26317
26327
26335
26349
26365
26374
26392
26405
26423
26426
26428
26432
26445
26466
26479
26483
26488
26488
26499
26501
26527
26537
26557
26559
26572
26578
26587
26604
26613
26618
26627
26632
26665
26681
26693
26714
26717
26736
26739
26744
26757
26761
26771
26784
26819
26855
26873
26875
26877
26878
26883
26884
26892
26902
26914
26932
26938
26959
26962
26970
26971
26978
26979
26987
27007
27023
27025
27025
27041
27041
27049
27086
27097
27123
27124
27124
27137
27154
27174
27179
27204
27209
27212
27215
27231
27249
27270
27284
27294
27312
27313
27326
27336
27338
27339
27342
27345
27348
27374
27380
27383
27412
27415
27418
27435
27459
27463
27480
27481
27502
27515
27537
27542
27548
27578
27594
27614
27625
27629
27639
27643
27648
27660
27694
27719
27721
27739
27747
27783
27790
27807
27810
27836
27866
27873
27875
27880
27882
27888
27903
27908
27916
27930
27942
27957
27957
27963
27969
27989
28006
28008
28011
28013
28026
28047
28049
28060
28070
28082
28103
28131
28140
28172
28174
28175
28206
28217
28225
28228
28231
28251
28281
28294
28298
28305
28320
28332
28344
28345
28364
28385
28388
28390
28408
28425
28433
28502
28504
28525
28526
28540
28540
28546
28554
28556
28579
28587
28618
28621
28638
28639
28643
28661
28678
28683
28696
28697
28699
28710
28710
28711
28712
28736
28740
28744
28772
28797
28802
28822
28825
28826
28835
28841
28844
28859
28863
28868
28874
28875
28877
28881
28900
28937
28953
28955
28959
28996
29007
29010
29032
29033
29036
29049
29060
29066
29094
29095
29113
29123
29123
29142
29143
29147
29161
29162
29164
29170
29188
29203
29209
29215
29216
29217
29223
29231
29234
29236
29248
29259
29265
29273
29274
29286
29288
29290
29296
29307
29308
29309
29343
29347
29349
29374
29382
29414
29420
29423
29433
29434
29435
29444
29452
29463
29484
29495
29503
29510
29545
29547
29552
29562
29574
29585
29607
29625
29629
29629
29631
29641
29651
29653
29655
29726
29731
29731
29735
29747
29786
29789
29819
29852
29856
29881
29902
29940
29959
29975
29985
30016
30044
30059
30069
30134
30136
30142
30151
30161
30165
30194
30194
30213
30213
30232
30244
30252
30257
30278
30341
30355
30409
30428
30456
30472
30473
30480
30490
30490
30500
30504
30522
30563
30575
30580
30600
30688
30693
30708
30714
30720
30722
30723
30724
30731
30754
30759
30779
30780
30783
30785
30786
30802
30821
30828
30828
30830
30839
30845
30851
30852
30859
30861
30883
30891
30893
30895
30896
30899
30901
30911
30923
30926
30926
30937
30953
30968
30979
30988
30991
30993
31010
31018
31035
31042
31050
31050
31052
31053
31074
31076
31090
31092
31093
31094
31096
31099
31110
31113
31121
31127
31128
31134
31139
31141
31149
31151
31157
31162
31164
31166
31175
31205
31227
31239
31244
31247
31251
31266
31295
31306
31317
31354
31360
31365
31373
31374
31377
31390
31397
31398
31401
31405
31413
31414
31416
31418
31441
31449
31457
31466
31483
31492
31498
31502
31528
31533
31537
31539
31548
31557
31562
31563
31572
31576
31583
31597
31601
31602
31617
31619
31622
31627
31630
31631
31631
31649
31656
31663
31670
31672
31675
31676
31705
31728
31729
31752
31755
31761
31780
31782
31786
31793
31798
31848
31853
31855
31861
31862
31867
31869
31873
31878
31881
31886
31902
31905
31905
31910
31949
31959
31967
31995
31999
32000
32029
32051
32069
32075
32076
32080
32084
32102
32114
32124
32138
32145
32161
32163
32166
32172
32180
32188
32206
32214
32245
32245
32257
32261
32262
32267
32284
32297
32308
32309
32315
32318
32325
32325
32325
32348
32369
32380
32388
32389
32392
32395
32401
32418
32420
32431
32445
32470
32481
32498
32499
32499
32512
32515
32526
32532
32581
32589
32594
32601
32606
32607
32623
32648
32648
32660
32663
32669
32669
32675
32707
32734
32752
32754
32757
32767
32767
32789
32791
32797
32802
32822
32828
32852
32853
32864
32873
32874
32876
32878
32885
32892
32893
32896
32914
32942
32944
32952
32956
32960
32974
32977
32989
32989
32993
33011
33020
33030
33038
33060
33070
33079
33091
33105
33108
33126
33128
33133
33154
33187
33188
33189
33194
33194
33203
33204
33228
33241
33244
33259
33264
33270
33274
33279
33295
33327
33327
33329
33337
33344
33371
33385
33406
33407
33409
33410
33413
33431
33454
33460
33464
33470
33492
33501
33510
33520
33524
33546
33553
33557
33562
33577
33588
33588
33588
33634
33634
33639
33639
33659
33671
33680
33692
33707
33736
33773
33797
33802
33823
33828
33832
33834
33835
33837
33845
33854
33861
33906
33921
33934
33935
33945
33949
33954
33967
33970
33975
33978
33983
33983
33989
33989
34002
34008
34013
34033
34056
34069
34074
34093
34100
34104
34116
34143
34155
34166
34208
34212
34225
34239
34260
34272
34276
34278
34280
34291
34292
34295
34302
34332
34336
34342
34346
34351
34363
34369
34369
34390
34393
34422
34437
34459
34470
34482
34501
34506
34515
34519
34541
34552
34561
34568
34573
34578
34596
34598
34599
34609
34622
34626
34628
34649
34662
34682
34693
34701
34706
34717
34737
34742
34762
34762
34766
34771
34784
34798
34808
34811
34816
34834
34846
34852
34856
34860
34861
34876
34910
34919
34924
34934
34963
34976
34991
34993
35005
35017
35021
35033
35052
35090
35092
35111
35112
35126
35133
35141
35147
35159
35172
35172
35175
35179
35193
35196
35205
35206
35207
35226
35228
35254
35257
35261
35269
35276
35299
35299
35305
35310
35330
35335
35342
35349
35368
35384
35387
35390
35394
35406
35418
35422
35434
35434
35443
35445
35446
35446
35455
35459
35469
35476
35481
35484
35490
35502
35504
35533
35546
35565
35570
35602
35604
35612
35639
35643
35657
35662
35668
35676
35677
35701
35707
35707
35712
35734
35741
35754
35770
35774
35797
35806
35807
35810
35823
35834
35839
35839
35843
35848
35867
35874
35877
35881
35891
35900
35904
35909
35916
35927
35929
35947
35955
35987
35987
35989
36000
36000
36004
36026
36035
36045
36053
36054
36054
36062
36081
36091
36097
36097
36137
36145
36149
36162
36169
36172
36176
36206
36207
36214
36215
36219
36236
36254
36255
36272
36278
36287
36290
36297
36303
36315
36317
36319
36319
36336
36345
36370
36373
36385
36388
36411
36413
36416
36457
36471
36479
36482
36487
36490
36495
36503
36509
36515
36522
36528
36538
36540
36543
36548
36577
36581
36589
36594
36610
36611
36629
36636
36664
36685
36707
36716
36723
36757
36760
36772
36783
36795
36806
36812
36814
36825
36832
36832
36847
36851
36864
36864
36868
36876
36896
36900
36905
36924
36930
36931
36939
36947
36949
36955
36957
36959
36966
36977
36979
37006
37012
37016
37021
37023
37039
37047
37055
37057
37066
37070
37082
37083
37105
37115
37128
37137
37141
37143
37149
37157
37159
37164
37168
37173
37180
37183
37218
37222
37224
37224
37225
37232
37236
37249
37251
37256
37259
37265
37268
37270
37274
37285
37286
37287
37309
37318
37332
37345
37356
37367
37368
37374
37379
37381
37397
37402
37415
37417
37420
37426
37426
37428
37430
37440
37461
37477
37490
37500
37521
37580
37606
37608
37611
37613
37632
37667
37669
37678
37680
37703
37703
37707
37717
37735
37750
37751
37754
37756
37761
37764
37783
37783
37797
37814
37827
37828
37848
37849
37853
37867
37869
37883
37908
37911
37913
37928
37930
37934
37942
37954
37988
38013
38017
38019
38020
38024
38041
38047
38064
38070
38087
38089
38144
38158
38165
38169
38169
38197
38201
38229
38267
38277
38279
38300
38322
38323
38346
38348
38351
38360
38364
38371
38378
38385
38394
38412
38412
38416
38420
38455
38457
38491
38497
38510
38511
38532
38546
38548
38551
38552
38560
38572
38584
38587
38600
38605
38608
38616
38618
38620
38626
38639
38640
38649
38687
38690
38700
38716
38723
38743
38753
38755
38765
38771
38789
38807
38814
38817
38822
38822
38846
38846
38856
38860
38865
38875
38876
38893
38893
38902
38933
38946
38947
38961
38968
38970
38978
38979
38983
39003
39003
39026
39031
39039
39045
39045
39049
39053
39058
39064
39088
39095
39098
39102
39116
39125
39134
39134
39141
39143
39154
39165
39180
39181
39192
39214
39223
39224
39228
39235
39246
39258
39264
39268
39271
39280
39290
39299
39335
39349
39356
39358
39365
39366
39370
39372
39380
39382
39392
39396
39407
39408
39411
39416
39417
39420
39442
39467
39469
39470
39483
39491
39500
39520
39531
39538
39541
39548
39553
39594
39597
39622
39624
39635
39636
39641
39664
39678
39678
39701
39708
39714
39714
39718
39720
39731
39732
39748
39755
39757
39762
39769
39774
39777
39785
39791
39821
39823
39826
39835
39845
39851
39861
39862
39886
39900
39910
39922
39932
39938
39956
39978
39981
40000
40001
40012
40018
40024
40039
40045
40045
40054
40063
40064
40077
40089
40121
40127
40128
40137
40147
40153
40153
40156
40170
40170
40172
40181
40191
40194
40203
40210
40245
40254
40255
40262
40267
40269
40273
40279
40284
40300
40343
40376
40403
40417
40419
40421
40431
40443
40469
40474
40477
40493
40496
40517
40522
40522
40523
40524
40529
40553
40563
40569
40576
40587
40588
40590
40633
40634
40661
40668
40674
40675
40683
40687
40710
40724
40725
40727
40729
40752
40763
40775
40776
40780
40781
40785
40786
40794
40802
40802
40805
40806
40809
40818
40824
40825
40842
40844
40845
40850
40852
40864
40877
40880
40914
40943
40943
40944
40949
40977
40984
40995
41017
41035
41043
41074
41081
41085
41087
41089
41113
41116
41131
41135
41140
41146
41160
41169
41169
41170
41175
41175
41188
41191
41198
41206
41216
41234
41277
41284
41292
41320
41326
41361
41366
41367
41374
41398
41409
41418
41428
41442
41447
41449
41453
41468
41471
41480
41485
41489
41496
41499
41517
41524
41526
41529
41533
41540
41574
41591
41597
41598
41619
41625
41668
41670
41674
41675
41681
41689
41692
41693
41716
41738
41745
41774
41777
41782
41785
41787
41789
41814
41820
41836
41849
41874
41878
41901
41903
41907
41910
41923
41935
41937
41974
41979
41993
42036
42041
42049
42049
42050
42063
42069
42076
42078
42086
42087
42104
42130
42131
42135
42137
42139
42145
42148
42152
42152
42157
42168
42171
42175
42177
42191
42196
42197
42210
42224
42228
42236
42247
42254
42265
42285
42332
42341
42359
42365
42384
42393
42394
42415
42427
42429
42429
42440
42459
42468
42491
42496
42515
42520
42522
42555
42557
42561
42563
42577
42581
42599
42603
42608
42621
42623
42627
42646
42669
42679
42688
42703
42713
42715
42715
42717
42726
42738
42767
42796
42834
42845
42859
42865
42884
42893
42898
42920
42922
42934
42970
42987
42993
43002
43002
43006
43011
43011
43035
43039
43045
43053
43058
43060
43068
43070
43097
43112
43119
43127
43164
43175
43176
43198
43198
43215
43234
43236
43244
43245
43248
43254
43262
43270
43271
43279
43299
43303
43303
43305
43311
43331
43342
43346
43356
43357
43380
43388
43402
43404
43408
43414
43420
43437
43445
43455
43471
43476
43491
43493
43495
43501
43508
43524
43529
43533
43536
43557
43563
43590
43592
43594
43608
43611
43627
43628
43638
43643
43647
43665
43678
43700
43705
43733
43740
43747
43756
43762
43777
43777
43786
43795
43813
43824
43833
43840
43845
43845
43856
43857
43861
43870
43875
43885
43887
43900
43905
43909
43915
43936
43940
43949
43951
43963
43968
43978
43989
44016
44022
44033
44042
44045
44056
44057
44086
44088
44102
44102
44108
44110
44122
44136
44156
44172
44177
44199
44221
44252
44294
44311
44312
44314
44316
44323
44328
44360
44369
44375
44382
44384
44387
44411
44414
44417
44432
44441
44446
44464
44464
44514
44515
44553
44559
44575
44585
44590
44618
44628
44651
44663
44665
44666
44690
44693
44695
44713
44714
44730
44734
44737
44753
44756
44773
44774
44792
44796
44852
44867
44920
44920
44923
44934
44958
44962
44962
45003
45021
45026
45028
45029
45052
45062
45069
45088
45108
45114
45127
45158
45160
45202
45226
45234
45254
45268
45290
45308
45312
45319
45355
45355
45436
45437
45450
45458
45464
45473
45482
45487
45488
45493
45502
45511
45519
45530
45542
45563
45567
45570
45584
45594
45603
45608
45616
45619
45646
45650
45656
45658
45660
45683
45684
45705
45715
45722
45727
45748
45749
45749
45765
45766
45785
45789
45797
45836
45837
45860
45860
45860
45878
45880
45887
45895
45927
45933
45937
45948
45953
45955
45955
45960
45982
46001
46005
46007
46027
46037
46043
46045
46051
46065
46065
46076
46083
46084
46085
46090
46091
46092
46094
46115
46127
46135
46136
46145
46150
46161
46165
46168
46178
46179
46183
46183
46209
46216
46223
46228
46251
46302
46321
46327
46349
46352
46370
46373
46384
46389
46394
46407
46414
46417
46427
46438
46478
46494
46507
46514
46523
46525
46525
46534
46535
46537
46540
46543
46557
46581
46599
46612
46615
46623
46626
46644
46658
46663
46666
46682
46698
46711
46718
46741
46748
46755
46788
46818
46825
46825
46831
46834
46836
46836
46841
46846
46858
46874
46875
46907
46912
46939
46953
46960
46961
46962
46967
46982
47003
47008
47019
47024
47058
47063
47064
47067
47067
47067
47071
47079
47099
47102
47104
47108
47115
47117
47136
47153
47161
47165
47167
47176
47182
47187
47201
47216
47219
47237
47257
47277
47282
47299
47316
47320
47322
47330
47335
47354
47370
47382
47439
47439
47439
47443
47487
47503
47503
47509
47512
47536
47558
47572
47578
47580
47583
47589
47602
47604
47611
47614
47615
47624
47638
47639
47652
47654
47659
47672
47674
47677
47680
47681
47684
47695
47701
47708
47711
47714
47728
47728
47745
47751
47751
47762
47768
47797
47800
47826
47851
47857
47859
47864
47876
47877
47902
47914
47916
47932
47933
47939
47942
47959
47964
47978
48009
48011
48014
48038
48043
48044
48053
48062
48065
48080
48087
48096
48110
48114
48116
48117
48117
48129
48134
48136
48138
48176
48188
48198
48203
48207
48213
48218
48223
48228
48229
48247
48248
48255
48256
48267
48277
48286
48293
48297
48322
48323
48325
48339
48342
48348
48349
48357
48358
48365
48366
48368
48372
48377
48384
48406
48415
48463
48466
48474
48475
48481
48483
48484
48485
48488
48493
48495
48503
48509
48519
48536
48545
48555
48565
48573
48577
48581
48581
48584
48598
48606
48608
48621
48622
48626
48630
48632
48638
48649
48651
48733
48740
48747
48778
48788
48800
48802
48810
48811
48818
48822
48843
48846
48848
48882
48902
48921
48928
48931
48942
48959
48964
48967
48973
48999
49009
49019
49043
49044
49046
49061
49062
49063
49074
49077
49098
49100
49112
49134
49140
49144
49148
49148
49163
49166
49166
49166
49167
49178
49207
49214
49220
49221
49222
49225
49235
49236
49259
49271
49273
49287
49296
49306
49306
49307
49322
49329
49340
49354
49357
49381
49382
49400
49415
49427
49430
49443
49452
49453
49458
49461
49465
49472
49495
49513
49526
49567
49572
49577
49602
49613
49618
49621
49639
49641
49644
49650
49651
49654
49666
49674
49680
49687
49693
49697
49703
49703
49718
49759
49764
49773
49774
49787
49791
49804
49807
49809
49817
49856
49861
49886
49898
49903
49917
49922
49923
49927
49928
49933
49938
49949
49958
49961
49962
49966
49967
49976
49982
49984
50002
50008
50021
50023
50031
50043
50053
50062
50065
50066
50072
50087
50097
50099
50105
50117
50126
50129
50144
50178
50180
50185
50187
50197
50197
50210
50226
50227
50228
50256
50264
50288
50320
50329
50334
50373
50373
50385
50399
50413
50422
50422
50429
50435
50442
50444
50446
50487
50508
50513
50519
50519
50522
50524
50555
50557
50561
50574
50579
50579
50590
50593
50596
50598
50602
50636
50672
50681
50696
50703
50718
50718
50722
50726
50730
50742
50751
50768
50776
50782
50782
50798
50805
50809
50836
50874
50897
50898
50904
50936
50939
50949
50954
50970
50978
51006
51014
51017
51029
51030
51033
51082
51094
51103
51107
51114
51137
51144
51149
51150
51158
51172
51176
51177
51179
51193
51241
51241
51252
51259
51265
51266
51292
51326
51332
51333
51346
51371
51380
51388
51401
51415
51419
51419
51437
51445
51466
51479
51482
51493
51500
51502
51520
51523
51525
51527
51561
51581
51584
51585
51608
51685
51686
51687
51691
51707
51710
51711
51712
51715
51729
51733
51743
51751
51753
51755
51764
51766
51789
51798
51829
51838
51872
51909
51939
51940
51942
51946
51960
51962
51987
52005
52006
52007
52010
52017
52019
52023
52031
52047
52047
52051
52059
52061
52061
52071
52080
52093
52095
52098
52100
52106
52111
52126
52131
52137
52139
52142
52153
52158
52165
52187
52211
52215
52220
52230
52233
52284
52286
52305
52309
52318
52319
52342
52342
52344
52347
52362
52370
52373
52375
52422
52435
52444
52452
52481
52495
52511
52538
52541
52554
52556
52580
52586
52587
52634
52659
52670
52670
52671
52677
52686
52706
52711
52735
52744
52755
52787
52792
52806
52809
52814
52816
52859
52863
52881
52882
52890
52906
52912
52929
52939
52946
52951
52982
52991
52998
53005
53013
53018
53020
53036
53045
53050
53075
53081
53090
53091
53106
53122
53149
53166
53178
53183
53193
53204
53209
53215
53223
53227
53231
53240
53269
53286
53292
53293
53302
53302
53311
53312
53316
53334
53365
53367
53373
53374
53399
53432
53456
53460
53471
53482
53484
53495
53510
53515
53518
53530
53534
53542
53556
53561
53565
53574
53581
53583
53594
53602
53608
53609
53622
53624
53632
53632
53636
53668
53684
53691
53698
53710
53783
53790
53805
53812
53852
53853
53880
53883
53897
53904
53926
53927
53928
53938
53943
53948
53958
53972
53986
53989
54005
54010
54012
54034
54043
54046
54047
54050
54051
54052
54057
54074
54106
54113
54123
54125
54127
54140
54154
54176
54184
54196
54198
54206
54209
54218
54238
54242
54251
54260
54263
54277
54286
54296
54300
54306
54320
54322
54366
54385
54399
54401
54403
54427
54446
54447
54448
54451
54452
54456
54467
54474
54479
54496
54510
54515
54551
54554
54554
54567
54583
54586
54594
54596
54607
54635
54642
54654
54663
54670
54672
54679
54684
54735
54745
54758
54764
54778
54783
54785
54786
54788
54789
54794
54799
54803
54824
54836
54841
54842
54843
54846
54863
54868
54879
54891
54895
54907
54941
54945
54947
54948
54959
54978
54995
55003
55016
55033
55034
55036
55040
55045
55076
55080
55097
55113
55120
55122
55139
55148
55151
55160
55163
55172
55179
55201
55201
55211
55212
55212
55219
55228
55234
55246
55263
55289
55289
55291
55292
55293
55295
55309
55318
55353
55354
55361
55363
55380
55382
55390
55417
55418
55423
55429
55455
55482
55517
55525
55538
55543
55606
55623
55624
55645
55664
55674
55680
55687
55690
55696
55707
55717
55737
55761
55783
55801
55802
55802
55807
55815
55832
55857
55869
55892
55897
55915
55923
55930
55940
55941
55951
55963
55964
55973
56001
56003
56015
56022
56024
56030
56042
56045
56047
56051
56059
56059
56063
56072
56085
56086
56100
56121
56125
56133
56133
56142
56154
56162
56163
56169
56170
56173
56191
56206
56229
56244
56261
56270
56271
56280
56287
56291
56294
56302
56321
56329
56331
56338
56361
56376
56376
56417
56440
56442
56449
56479
56501
56501
56507
56516
56518
56519
56532
56536
56538
56543
56543
56544
56549
56562
56569
56582
56597
56605
56635
56646
56648
56655
56660
56676
56682
56688
56692
56695
56702
56704
56709
56729
56743
56743
56745
56774
56780
56784
56794
56799
56803
56823
56825
56826
56830
56836
56836
56849
56853
56871
56876
56901
56929
56935
56946
56947
56957
56966
56978
56991
56991
57000
57027
57034
57061
57061
57079
57080
57085
57108
57112
57130
57137
57139
57149
57162
57180
57191
57202
57210
57214
57223
57225
57230
57232
57235
57258
57262
57268
57269
57270
57279
57281
57285
57289
57304
57308
57324
57325
57325
57327
57333
57334
57359
57366
57368
57399
57434
57452
57455
57470
57478
57498
57504
57507
57521
57538
57549
57550
57556
57566
57573
57575
57584
57592
57601
57607
57613
57618
57642
57644
57646
57649
57654
57692
57701
57709
57716
57722
57726
57735
57779
57786
57787
57800
57806
57830
57834
57838
57854
57860
57887
57887
57901
57915
57949
57969
57979
57984
57998
58003
58010
58020
58023
58026
58030
58043
58071
58073
58076
58076
58099
58100
58109
58110
58113
58114
58122
58169
58176
58179
58180
58181
58181
58204
58215
58215
58236
58248
58252
58262
58263
58267
58268
58276
58294
58318
58319
58325
58329
58333
58337
58341
58351
58368
58372
58377
58384
58403
58430
58433
58446
58446
58450
58454
58461
58479
58483
58488
58502
58510
58513
58534
58554
58556
58559
58566
58574
58574
58584
58592
58596
58599
58608
58619
58619
58631
58644
58672
58720
58738
58740
58740
58742
58756
58782
58799
58821
58823
58837
58862
58872
58880
58885
58898
58899
58913
58914
58914
58917
58955
58958
58971
58973
58996
58997
59007
59007
59020
59031
59038
59069
59073
59083
59094
59094
59094
59097
59113
59120
59122
59125
59129
59132
59137
59142
59146
59153
59154
59189
59199
59213
59224
59227
59230
59245
59257
59274
59276
59281
59281
59284
59295
59297
59303
59318
59318
59319
59327
59373
59386
59397
59399
59418
59427
59470
59475
59476
59489
59493
59572
59584
59611
59619
59623
59636
59641
59645
59670
59691
59692
59697
59715
59716
59716
59719
59724
59737
59744
59752
59752
59754
59756
59780
59780
59784
59786
59800
59804
59823
59833
59839
59849
59853
59861
59869
59876
59881
59906
59914
59914
59939
59954
59966
59983
59986
60014
60015
60029
60043
60057
60062
60071
60075
60076
60087
60092
60099
60107
60123
60127
60146
60154
60162
60175
60175
60189
60216
60224
60236
60237
60254
60254
60264
60289
60292
60304
60310
60316
60329
60329
60338
60341
60343
60347
60369
60374
60375
60379
60380
60384
60404
60411
60432
60440
60447
60490
60491
60505
60515
60516
60522
60549
60556
60560
60578
60581
60586
60590
60596
60602
60617
60618
60623
60628
60629
60630
60637
60641
60643
60650
60651
60653
60663
60670
60681
60683
60685
60707
60708
60710
60731
60752
60784
60785
60808
60817
60823
60825
60828
60836
60845
60848
60853
60869
60877
60881
60887
60914
60917
60927
60934
60939
60969
60980
60988
60990
60994
61018
61025
61030
61034
61049
61057
61073
61073
61078
61081
61091
61097
61107
61109
61109
61109
61119
61153
61198
61204
61213
61230
61235
61271
61276
61280
61306
61307
61329
61339
61342
61343
61354
61354
61355
61355
61363
61376
61392
61404
61420
61426
61428
61442
61442
61442
61455
61460
61469
61476
61476
61499
61502
61509
61519
61528
61532
61533
61540
61547
61560
61563
61574
61584
61605
61615
61621
61630
61669
61670
61690
61694
61707
61712
61734
61753
61758
61764
61771
61781
61788
61807
61812
61817
61819
61819
61856
61857
61886
61888
61905
61908
61908
61916
61917
61921
61922
61924
61938
61976
61988
61992
61997
62002
62011
62022
62025
62027
62070
62074
62076
62077
62079
62101
62105
62120
62126
62128
62145
62150
62157
62159
62167
62187
62196
62197
62200
62203
62205
62208
62208
62236
62244
62252
62253
62253
62258
62283
62283
62307
62311
62335
62343
62365
62384
62408
62410
62421
62433
62440
62446
62457
62465
62468
62473
62479
62489
62499
62501
62505
62513
62517
62527
62543
62545
62553
62577
62584
62596
62605
62621
62639
62642
62647
62651
62657
62660
62674
62681
62701
62702
62702
62708
62711
62733
62754
62756
62757
62760
62763
62768
62773
62788
62822
62823
62825
62827
62860
62869
62886
62896
62900
62905
62908
62915
62915
62923
62923
62933
62935
62942
62957
62957
62974
62974
63027
63036
63042
63061
63069
63073
63101
63113
63118
63124
63125
63144
63147
63152
63169
63172
63177
63181
63189
63210
63214
63225
63230
63238
63240
63267
63290
63324
63341
63362
63371
63376
63384
63395
63403
63419
63428
63430
63435
63444
63461
63465
63466
63468
63501
63527
63546
63559
63566
63568
63571
63574
63580
63589
63589
63591
63595
63596
63610
63630
63638
63639
63639
63653
63654
63658
63697
63702
63713
63735
63754
63781
63789
63797
63828
63843
63845
63862
63868
63877
63895
63895
63915
63918
63919
63942
63945
63974
63974
63978
63982
63988
64004
64017
64018
64024
64031
64037
64045
64081
64093
64101
64111
64119
64138
64139
64142
64145
64154
64155
64173
64184
64199
64214
64217
64226
64253
64254
64276
64306
64313
64330
64343
64370
64379
64380
64392
64394
64401
64404
64417
64418
64429
64430
64444
64448
64450
64457
64467
64472
64482
64484
64486
64487
64495
64514
64524
64542
64544
64546
64552
64568
64578
64602
64612
64614
64614
64629
64642
64671
64678
64681
64689
64689
64692
64703
64706
64711
64718
64725
64741
64767
64768
64772
64774
64779
64780
64784
64791
64797
64804
64833
64844
64845
64854
64861
64880
64882
64892
64904
64913
64916
64923
64944
64961
65007
65007
65017
65026
65033
65048
65058
65076
65076
65090
65098
65115
65130
65156
65169
65177
65185
65194
65195
65256
65266
65285
65290
65290
65297
65303
65329
65331
65331
65339
65345
65350
65352
65366
65379
65389
65391
65395
65397
65400
65402
65404
65440
65441
65453
65483
65490
65493
65496
65500
65500
65504
65510
65526
65527
65528
65537
65544
65550
65560
65565
65566
65575
65583
65593
65604
65609
65614
65619
65635
65676
65677
65689
65692
65710
65713
65724
65740
65741
65749
65757
65788
65788
65804
65805
65809
65820
65822
65832
65845
65872
65879
65903
65922
65941
65945
65946
65976
65977
65999
66014
66014
66019
66035
66038
66051
66059
66062
66067
66068
66084
66088
66097
66099
66118
66120
66125
66136
66150
66193
66207
66207
66219
66228
66238
66253
66259
66286
66292
66303
66316
66325
66339
66342
66342
66344
66346
66347
66353
66359
66361
66392
66403
66416
66418
66421
66445
66452
66465
66478
66480
66480
66481
66511
66512
66514
66521
66525
66531
66537
66564
66567
66593
66597
66599
66607
66609
66610
66612
66617
66619
66634
66648
66651
66658
66660
66662
66667
66671
66672
66676
66677
66682
66688
66689
66693
66700
66702
66707
66708
66733
66747
66761
66765
66794
66800
66802
66805
66808
66810
66825
66832
66853
66859
66866
66892
66894
66915
66921
66933
66959
66975
66995
66995
67005
67021
67026
67027
67040
67069
67087
67109
67116
67123
67128
67129
67129
67159
67169
67172
67173
67173
67189
67212
67215
67224
67225
67228
67242
67244
67246
67249
67260
67271
67286
67304
67311
67332
67342
67374
67374
67395
67407
67420
67420
67440
67441
67455
67458
67476
67495
67507
67517
67525
67527
67535
67546
67555
67560
67571
67575
67585
67599
67600
67619
67633
67642
67642
67664
67670
67673
67678
67689
67700
67716
67717
67723
67740
67745
67752
67772
67802
67810
67811
67828
67835
67840
67840
67858
67905
67915
67921
67922
67923
67924
67925
67927
67962
67972
67975
67977
67999
68001
68020
68023
68054
68055
68056
68071
68076
68135
68154
68203
68230
68244
68250
68263
68311
68318
68322
68353
68364
68367
68390
68402
68413
68417
68418
68419
68431
68440
68445
68450
68470
68482
68498
68499
68513
68532
68533
68540
68548
68574
68579
68593
68595
68600
68600
68601
68611
68614
68615
68617
68624
68630
68645
68647
68655
68656
68676
68677
68677
68689
68710
68711
68714
68719
68723
68725
68756
68777
68784
68791
68801
68818
68826
68838
68887
68903
68904
68911
68934
68948
68954
68956
68956
68968
68971
68981
68983
69015
69029
69048
69071
69072
69076
69109
69116
69138
69140
69141
69152
69176
69187
69193
69196
69199
69204
69207
69214
69247
69262
69273
69295
69312
69313
69354
69367
69368
69391
69396
69396
69399
69417
69429
69431
69437
69445
69453
69464
69489
69500
69504
69510
69529
69535
69541
69549
69554
69568
69569
69575
69598
69611
69622
69624
69637
69644
69646
69652
69688
69702
69713
69715
69720
69720
69733
69740
69749
69757
69769
69781
69787
69799
69811
69833
69834
69851
69854
69859
69861
69875
69878
69905
69916
69921
69950
69954
69972
69975
69989
69993
69997
70001
70009
70011
70027
70035
70046
70062
70064
70064
70065
70080
70081
70088
70098
70101
70112
70117
70121
70137
70158
70158
70162
70162
70167
70183
70192
70214
70228
70230
70266
70282
70311
70324
70326
70348
70379
70397
70400
70405
70406
70431
70435
70455
70460
70466
70472
70479
70496
70503
70504
70508
70518
70526
70526
70530
70539
70540
70541
70543
70554
70557
70557
70568
70576
70578
70581
70588
70612
70622
70630
70631
70634
70637
70645
70656
70662
70665
70696
70729
70748
70749
70771
70771
70798
70811
70823
70825
70829
70830
70843
70847
70868
70871
70879
70889
70890
70898
70906
70932
70939
70940
70945
70951
70960
70971
70984
70988
70992
70992
71008
71013
71026
71028
71032
71040
71050
71059
71060
71096
71097
71104
71105
71111
71120
71121
71129
71130
71136
71150
71156
71170
71172
71186
71199
71220
71221
71227
71233
71242
71246
71254
71272
71287
71290
71299
71310
71325
71329
71343
71359
71374
71394
71399
71418
71435
71445
71450
71455
71461
71518
71519
71538
71572
71575
71580
71602
71612
71617
71626
71629
71629
71631
71651
71663
71665
71674
71677
71688
71706
71713
71728
71731
71732
71749
71768
71782
71794
71811
71811
71814
71818
71821
71828
71834
71847
71849
71870
71874
71880
71898
71918
71947
71949
71955
71972
71984
71990
72025
72035
72041
72075
72088
72096
72108
72127
72136
72149
72152
72166
72174
72178
72188
72215
72223
72231
72233
72250
72254
72261
72265
72266
72282
72289
72290
72300
72309
72311
72330
72337
72339
72351
72367
72370
72382
72383
72392
72433
72436
72458
72469
72473
72495
72497
72506
72518
72521
72525
72533
72540
72543
72567
72571
72593
72594
72595
72616
72617
72657
72673
72676
72677
72682
72689
72695
72698
72701
72711
72727
72729
72733
72744
72750
72753
72758
72780
72781
72782
72785
72785
72814
72823
72825
72829
72830
72847
72849
72853
72861
72862
72871
72874
72875
72877
72889
72905
72940
72944
72948
72956
72965
72975
72993
72996
72999
73036
73037
73040
73043
73051
73053
73067
73085
73089
73097
73105
73115
73116
73126
73137
73141
73163
73165
73180
73180
73198
73205
73214
73222
73231
73232
73260
73263
73269
73278
73281
73284
73305
73313
73326
73328
73342
73343
73345
73362
73367
73380
73384
73385
73388
73391
73398
73400
73415
73428
73446
73458
73465
73503
73510
73513
73531
73533
73533
73541
73544
73546
73580
73582
73598
73619
73654
73709
73710
73710
73713
73727
73729
73730
73736
73737
73737
73742
73744
73752
73755
73759
73771
73771
73777
73787
73787
73789
73794
73794
73803
73813
73815
73816
73818
73819
73823
73828
73837
73853
73860
73873
73887
73895
73902
73915
73943
73947
73975
73978
73984
73984
74006
74009
74018
74040
74045
74052
74079
74079
74079
74092
74113
74136
74151
74166
74168
74177
74178
74186
74202
74224
74225
74233
74235
74238
74241
74245
74257
74282
74289
74317
74320
74323
74347
74351
74373
74377
74378
74378
74389
74394
74398
74423
74448
74458
74459
74475
74497
74498
74522
74527
74552
74572
74586
74602
74618
74626
74629
74636
74650
74654
74669
74684
74706
74706
74709
74723
74739
74765
74769
74785
74793
74799
74809
74810
74813
74819
74823
74825
74829
74834
74838
74843
74846
74858
74866
74880
74882
74899
74903
74917
74921
74932
74937
74938
74941
74959
74976
74980
74992
75013
75013
75036
75037
75045
75051
75057
75073
75074
75120
75135
75146
75167
75189
75207
75217
75234
75262
75270
75276
75279
75291
75303
75309
75315
75320
75322
75322
75324
75340
75346
75346
75349
75349
75355
75357
75358
75425
75432
75436
75438
75456
75466
75484
75485
75511
75531
75535
75536
75549
75558
75559
75565
75571
75571
75602
75606
75606
75618
75619
75635
75635
75641
75642
75647
75651
75680
75690
75695
75720
75723
75727
75736
75749
75777
75785
75786
75824
75828
75845
75851
75858
75865
75877
75882
75883
75892
75904
75913
75937
75938
75939
75950
75959
75959
75967
75967
75968
75975
75982
75984
75987
76000
76001
76001
76003
76019
76032
76038
76038
76051
76105
76107
76124
76132
76134
76136
76145
76151
76157
76215
76225
76238
76240
76262
76272
76294
76297
76304
76312
76315
76327
76327
76334
76336
76342
76347
76348
76369
76374
76384
76384
76385
76408
76409
76411
76425
76425
76438
76439
76445
76487
76493
76496
76508
76522
76525
76528
76530
76537
76555
76571
76590
76600
76602
76609
76619
76639
76645
76656
76665
76684
76692
76698
76698
76706
76709
76711
76716
76761
76765
76767
76773
76776
76794
76804
76832
76837
76849
76852
76858
76870
76889
76912
76916
76936
76955
76991
76997
77046
77064
77067
77074
77079
77079
77089
77108
77111
77117
77124
77137
77150
77152
77160
77182
77203
77235
77238
77241
77244
77258
77259
77264
77274
77287
77297
77302
77303
77310
77317
77333
77334
77337
77348
77355
77386
77416
77438
77444
77444
77452
77461
77463
77470
77503
77526
77549
77552
77555
77585
77613
77623
77646
77666
77667
77686
77699
77701
77735
77736
77746
77758
77761
77769
77772
77791
77809
77810
77816
77824
77830
77835
77864
77881
77895
77897
77984
77984
77993
78009
78015
78020
78021
78035
78038
78038
78048
78052
78053
78062
78085
78090
78112
78116
78138
78142
78150
78158
78173
78182
78196
78201
78205
78212
78219
78220
78229
78231
78241
78278
78279
78297
78318
78319
78324
78367
78373
78379
78385
78386
78387
78407
78410
78416
78462
78483
78492
78498
78499
78505
78513
78540
78548
78549
78551
78562
78573
78585
78594
78595
78601
78601
78613
78619
78637
78644
78645
78650
78677
78682
78701
78710
78719
78723
78742
78742
78751
78756
78762
78786
78789
78791
78796
78801
78806
78809
78838
78843
78848
78859
78903
78913
78926
78928
78933
78946
78960
78994
78995
79012
79029
79030
79053
79074
79079
79082
79085
79125
79167
79169
79179
79191
79200
79203
79208
79219
79219
79227
79227
79237
79239
79283
79288
79302
79302
79306
79327
79336
79349
79364
79396
79398
79400
79408
79410
79440
79446
79447
79447
79447
79448
79451
79474
79485
79490
79520
79529
79559
79570
79574
79578
79614
79626
79631
79651
79657
79658
79672
79674
79678
79696
79718
79722
79735
79774
79786
79787
79787
79789
79791
79803
79813
79814
79819
79826
79826
79827
79834
79846
79855
79868
79879
79887
79922
79933
79941
79945
79959
79960
79966
79981
79988
79994
79996
80000
80012
80013
80029
80051
80052
80063
80072
80075
80087
80089
80089
80094
80098
80099
80103
80103
80114
80125
80139
80140
80151
80152
80152
80159
80179
80192
80216
80230
80231
80250
80260
80265
80290
80309
80325
80352
80356
80359
80365
80380
80383
80404
80411
80432
80434
80452
80456
80459
80464
80479
80489
80495
80509
80527
80567
80572
80578
80610
80614
80633
80669
80675
80678
80686
80689
80695
80703
80710
80712
80719
80735
80740
80747
80747
80753
80769
80792
80795
80813
80814
80816
80832
80834
80838
80839
80839
80847
80875
80883
80889
80904
80908
80914
80930
80931
80935
80948
80993
81010
81018
81031
81046
81050
81080
81085
81088
81114
81122
81127
81139
81139
81140
81145
81147
81149
81151
81153
81157
81171
81190
81193
81194
81198
81202
81209
81210
81216
81223
81225
81225
81239
81289
81292
81298
81315
81320
81327
81337
81339
81361
81363
81365
81367
81378
81409
81429
81437
81439
81448
81455
81465
81481
81505
81514
81528
81540
81545
81554
81571
81593
81599
81604
81606
81611
81612
81638
81656
81668
81671
81677
81685
81690
81696
81701
81708
81712
81717
81723
81738
81751
81751
81763
81786
81812
81818
81824
81826
81843
81849
81853
81876
81888
81925
81929
81937
81939
81940
81942
81959
81961
81974
81980
82004
82005
82024
82025
82041
82047
82051
82052
82054
82055
82060
82060
82071
82088
82094
82095
82102
82112
82124
82131
82155
82178
82182
82197
82199
82222
82223
82253
82255
82258
82263
82274
82292
82303
82328
82344
82366
82380
82381
82406
82408
82412
82421
82436
82437
82440
82449
82468
82473
82478
82479
82501
82513
82515
82523
82540
82551
82553
82558
82564
82575
82594
82595
82603
82612
82630
82632
82676
82678
82689
82692
82701
82713
82721
82734
82759
82761
82776
82792
82802
82810
82827
82840
82855
82884
82897
82907
82910
82944
82953
82954
82970
82971
82974
82976
82976
82996
83007
83010
83011
83013
83022
83059
83063
83077
83099
83116
83147
83161
83167
83169
83180
83181
83182
83200
83205
83214
83223
83241
83257
83258
83291
83318
83326
83326
83344
83349
83374
83392
83418
83431
83439
83446
83448
83464
83466
83472
83490
83491
83492
83503
83506
83517
83527
83531
83541
83545
83549
83554
83562
83573
83586
83589
83604
83607
83615
83629
83631
83659
83663
83693
83706
83738
83744
83745
83749
83751
83755
83759
83760
83762
83765
83790
83796
83797
83832
83832
83835
83842
83865
83866
83870
83895
83901
83901
83906
83919
83942
83990
84011
84035
84043
84046
84047
84054
84059
84065
84083
84087
84105
84122
84139
84142
84155
84177
84197
84205
84211
84227
84236
84238
84253
84258
84261
84263
84279
84281
84286
84288
84295
84312
84319
84342
84346
84347
84358
84359
84360
84375
84391
84436
84436
84446
84458
84466
84487
84490
84505
84507
84519
84525
84529
84559
84571
84593
84596
84616
84625
84631
84632
84642
84642
84651
84654
84660
84662
84663
84670
84676
84696
84710
84718
84733
84734
84764
84790
84812
84813
84819
84822
84840
84870
84872
84874
84887
84915
84916
84916
84947
84956
84958
84999
85028
85031
85034
85039
85039
85046
85051
85063
85069
85078
85091
85093
85129
85131
85138
85144
85152
85155
85161
85165
85171
85195
85202
85207
85220
85231
85235
85235
85236
85271
85273
85297
85298
85312
85344
85364
85414
85423
85427
85450
85454
85458
85465
85472
85482
85484
85487
85488
85502
85504
85504
85514
85516
85526
85536
85560
85567
85571
85594
85607
85613
85623
85637
85651
85675
85683
85688
85703
85714
85716
85718
85726
85732
85744
85753
85755
85758
85784
85806
85813
85821
85830
85840
85882
85894
85895
85896
85913
85929
85972
85975
85981
85987
86003
86004
86006
86007
86012
86012
86015
86024
86058
86065
86066
86067
86077
86078
86097
86107
86123
86129
86139
86140
86155
86159
86166
86169
86193
86220
86220
86238
86240
86244
86252
86272
86281
86300
86310
86311
86330
86342
86354
86371
86380
86404
86405
86414
86444
86447
86449
86464
86504
86511
86512
86512
86516
86520
86541
86547
86558
86559
86562
86572
86587
86597
86615
86617
86631
86643
86659
86660
86666
86671
86672
86676
86680
86685
86685
86689
86692
86720
86738
86785
86789
86789
86793
86795
86818
86821
86839
86847
86849
86860
86863
86869
86876
86879
86908
86944
86950
86951
86953
86962
86971
86984
86987
86989
87007
87019
87021
87023
87027
87049
87064
87064
87070
87072
87074
87094
87098
87120
87121
87126
87130
87140
87176
87185
87193
87197
87214
87217
87218
87220
87227
87236
87242
87243
87248
87256
87279
87279
87292
87297
87300
87306
87306
87351
87351
87391
87393
87405
87411
87484
87490
87495
87505
87528
87530
87535
87535
87557
87557
87571
87579
87580
87585
87591
87600
87615
87661
87671
87673
87674
87675
87690
87703
87714
87719
87721
87739
87751
87754
87757
87759
87759
87767
87769
87770
87773
87778
87784
87790
87792
87792
87802
87824
87843
87846
87863
87874
87889
87919
87965
87971
87976
87980
87982
87986
88003
88013
88019
88028
88029
88031
88038
88048
88056
88067
88067
88087
88110
88110
88123
88123
88147
88155
88176
88177
88188
88195
88195
88206
88219
88234
88267
88267
88271
88281
88282
88286
88321
88331
88333
88356
88357
88366
88367
88383
88419
88437
88443
88443
88452
88469
88476
88476
88485
88517
88519
88520
88522
88538
88544
88546
88550
88553
88557
88562
88584
88593
88611
88629
88652
88655
88661
88670
88681
88686
88697
88698
88701
88728
88729
88733
88737
88737
88749
88759
88767
88786
88804
88826
88834
88843
88863
88869
88871
88884
88884
88887
88930
88933
88938
88939
88953
88956
88969
88979
88992
89014
89015
89021
89042
89044
89047
89076
89079
89086
89090
89095
89096
89102
89124
89126
89138
89144
89170
89192
89194
89195
89204
89208
89244
89252
89308
89319
89355
89400
89404
89419
89434
89436
89437
89446
89457
89461
89483
89512
89514
89516
89520
89540
89552
89563
89566
89584
89608
89612
89616
89623
89647
89677
89696
89703
89710
89713
89714
89717
89735
89742
89746
89751
89760
89771
89778
89794
89802
89817
89830
89835
89853
89873
89883
89911
89927
89938
89939
89944
89955
89959
89963
89965
89967
89971
89973
89979
89987
89987
90017
90041
90044
90048
90054
90069
90069
90071
90072
90072
90073
90089
90113
90124
90129
90135
90138
90144
90147
90162
90179
90181
90208
90221
90228
90228
90251
90252
90265
90269
90276
90298
90299
90314
90320
90327
90332
90332
90336
90341
90370
90376
90386
90387
90396
90402
90416
90424
90432
90436
90450
90491
90498
90512
90519
90529
90547
90572
90578
90583
90595
90596
90600
90602
90603
90608
90638
90643
90653
90653
90654
90662
90703
90703
90706
90711
90717
90720
90734
90734
90739
90743
90748
90770
90772
90784
90787
90831
90842
90902
90902
90904
90911
90944
90978
90992
90993
91000
91000
91017
91023
91029
91033
91040
91046
91061
91065
91076
91085
91101
91114
91180
91186
91221
91222
91242
91256
91267
91270
91282
91283
91329
91330
91380
91381
91383
91385
91415
91432
91442
91445
91450
91454
91472
91485
91505
91520
91521
91552
91561
91573
91590
91606
91610
91616
91624
91647
91650
91652
91658
91661
91673
91676
91686
91699
91711
91726
91737
91754
91773
91789
91797
91841
91845
91848
91855
91856
91858
91864
91866
91874
91875
91878
91886
91889
91902
91903
91911
91921
91929
91933
91934
91944
91950
91954
91972
91972
91989
92002
92003
92008
92009
92010
92024
92037
92039
92049
92069
92078
92084
92087
92098
92107
92117
92125
92155
92159
92190
92202
92208
92211
92218
92222
92228
92230
92242
92250
92275
92282
92295
92308
92309
92313
92314
92319
92323
92329
92338
92344
92360
92374
92389
92394
92395
92406
92406
92409
92417
92451
92462
92472
92481
92481
92511
92517
92524
92575
92582
92598
92633
92641
92644
92681
92696
92702
92717
92722
92724
92760
92765
92766
92780
92782
92802
92809
92828
92829
92836
92844
92844
92845
92845
92851
92866
92889
92907
92909
92911
92918
92933
92938
92939
92952
92952
92959
92969
92969
92989
93005
93032
93037
93060
93061
93088
93091
93091
93108
93112
93125
93135
93137
93138
93141
93142
93145
93162
93192
93195
93196
93205
93222
93237
93247
93247
93250
93253
93254
93257
93258
93262
93273
93286
93306
93311
93314
93324
93334
93347
93348
93351
93363
93372
93376
93378
93379
93407
93416
93418
93460
93468
93469
93502
93505
93522
93539
93540
93552
93566
93574
93578
93612
93613
93625
93627
93631
93641
93660
93661
93667
93680
93683
93686
93696
93748
93768
93769
93783
93799
93803
93853
93855
93858
93885
93908
93913
93916
93939
93962
93964
93965
93978
93991
94002
94009
94021
94036
94043
94045
94054
94060
94064
94069
94075
94090
94093
94108
94111
94114
94134
94137
94149
94158
94160
94163
94174
94187
94196
94207
94215
94232
94250
94296
94319
94319
94354
94359
94377
94383
94392
94395
94396
94406
94428
94464
94473
94478
94492
94513
94538
94570
94577
94590
94597
94606
94611
94624
94624
94634
94643
94655
94694
94700
94704
94706
94710
94723
94730
94745
94745
94753
94753
94761
94772
94792
94808
94827
94831
94853
94862
94871
94884
94893
94899
94903
94907
94908
94911
94923
94928
94937
94953
94956
94957
94968
94973
94980
94996
94998
95010
95012
95055
95056
95057
95081
95103
95106
95111
95140
95140
95150
95154
95156
95163
95172
95187
95210
95219
95229
95232
95248
95262
95264
95282
95284
95304
95307
95313
95315
95315
95318
95337
95345
95345
95357
95384
95394
95409
95455
95459
95469
95473
95479
95497
95513
95528
95574
95583
95585
95592
95592
95593
95596
95608
95615
95637
95690
95690
95695
95698
95706
95708
95713
95743
95749
95759
95764
95770
95775
95787
95802
95805
95813
95833
95834
95877
95879
95883
95900
95925
95925
95934
95934
95937
95938
95965
95969
95972
95976
95986
95989
96023
96033
96034
96035
96043
96044
96044
96047
96067
96069
96083
96103
96105
96109
96113
96124
96130
96143
96157
96158
96159
96162
96167
96179
96188
96200
96205
96211
96212
96225
96231
96247
96249
96253
96254
96264
96267
96267
96274
96277
96283
96285
96296
96301
96315
96338
96355
96366
96378
96382
96402
96410
96427
96438
96448
96459
96468
96474
96486
96497
96510
96518
96530
96555
96566
96575
96582
96590
96593
96600
96600
96601
96604
96609
96611
96619
96657
96662
96682
96683
96689
96700
96713
96744
96756
96778
96779
96780
96784
96817
96848
96854
96860
96867
96879
96882
96887
96894
96901
96927
96948
96960
96964
96964
96973
96976
96986
96999
97043
97052
97062
97089
97091
97092
97094
97097
97098
97101
97105
97106
97109
97171
97181
97203
97216
97221
97247
97257
97266
97277
97277
97289
97294
97300
97331
97332
97346
97347
97368
97381
97397
97408
97414
97423
97445
97450
97455
97457
97466
97472
97475
97508
97516
97522
97529
97542
97548
97575
97603
97606
97615
97616
97618
97622
97623
97633
97634
97643
97644
97651
97670
97670
97677
97682
97690
97692
97692
97702
97711
97717
97731
97742
97752
97755
97760
97775
97782
97793
97798
97803
97804
97809
97827
97828
97836
97839
97851
97860
97863
97869
97876
97906
97910
97914
97921
97923
97943
97973
97986
97988
97996
98005
98023
98026
98030
98037
98041
98053
98053
98055
98064
98064
98067
98081
98084
98107
98114
98121
98122
98152
98189
98199
98199
98203
98237
98251
98258
98264
98268
98271
98271
98278
98282
98302
98312
98345
98350
98369
98377
98381
98389
98437
98445
98446
98447
98448
98450
98452
98453
98454
98464
98472
98488
98492
98516
98521
98534
98536
98540
98542
98588
98592
98609
98614
98617
98618
98620
98621
98627
98635
98636
98642
98646
98649
98650
98661
98667
98670
98675
98676
98691
98699
98726
98732
98757
98761
98782
98782
98791
98804
98821
98837
98847
98867
98879
98887
98892
98913
98914
98920
98922
98923
98935
98950
98970
98971
98975
98977
98998
98999
99003
99010
99030
99036
99050
99062
99073
99076
99076
99077
99081
99081
99087
99107
99118
99119
99123
99123
99141
99145
99154
99155
99182
99185
99187
99197
99197
99203
99213
99213
99215
99219
99227
99229
99236
99242
99253
99259
99266
99267
99276
99279
99279
99283
99293
99312
99328
99335
99346
99350
99368
99368
99370
99387
99401
99419
99426
99432
99439
99458
99484
99489
99498
99502
99506
99514
99515
99527
99549
99553
99561
99564
99570
99573
99580
99584
99584
99585
99593
99593
99594
99602
99661
99672
99676
99678
99685
99711
99732
99736
99747
99757
99777
99784
99792
99798
99801
99802
99802
99813
99836
99837
99842
99859
99868
99871
99874
99876
99883
99885
99888
99898
99899
99901
99913
99924
99934
99950
99973
99991
