23
29
42
49
52
55
56
60
60
63
67
105
116
136
147
153
158
171
179
184
186
189
193
197
207
224
239
256
258
266
293
299
305
311
316
316
321
326
357
378
393
421
460
462
469
472
488
491
513
522
527
528
531
540
553
556
558
559
597
599
612
617
619
620
620
634
641
653
669
678
686
688
690
694
694
701
708
708
711
714
716
716
721
721
727
727
737
743
754
779
783
812
825
826
828
845
846
852
858
870
874
876
891
916
917
931
969
971
984
985
994
1013
1022
1034
1045
1051
1074
1081
1088
1089
1097
1097
1103
1113
1121
1121
1130
1133
1150
1153
1171
1188
1194
1196
1201
1212
1218
1225
1237
1245
1256
1257
1265
1299
1300
1306
1306
1310
1315
1319
1358
1358
1359
1384
1394
1417
1419
1420
1422
1425
1438
1458
1465
1473
1482
1503
1541
1552
1556
1558
1570
1571
1584
1585
1585
1592
1655
1696
1720
1723
1723
1724
1752
1756
1766
1776
1784
1788
1805
1809
1815
1822
1825
1832
1834
1840
1845
1852
1855
1858
1877
1885
1886
1904
1906
1936
1948
1981
1982
1994
1994
2002
2045
2060
2061
2063
2091
2094
2097
2115
2122
2127
2129
2133
2138
2148
2149
2167
2173
2189
2192
2203
2213
2214
2235
2248
2250
2253
2256
2257
2270
2272
2277
2294
2295
2303
2306
2308
2323
2324
2343
2344
2351
2372
2377
2408
2428
2446
2455
2465
2466
2479
2494
2497
2500
2508
2511
2517
2519
2566
2578
2594
2600
2605
2613
2622
2624
2627
2630
2633
2646
2659
2661
2678
2694
2700
2706
2706
2707
2708
2710
2726
2743
2746
2764
2766
2790
2807
2809
2810
2823
2851
2860
2876
2889
2890
2897
2905
2908
2909
2911
2912
2918
2922
2925
2935
2945
2946
2952
2967
2982
2989
3004
3006
3009
3022
3045
3064
3065
3091
3097
3099
3109
3114
3116
3125
3143
3146
3147
3156
3166
3168
3186
3187
3192
3196
3207
3242
3244
3250
3250
3268
3270
3277
3289
3310
3321
3359
3371
3380
3385
3387
3407
3412
3428
3432
3450
3454
3462
3465
3485
3499
3504
3507
3508
3513
3517
3527
3531
3558
3568
3586
3590
3593
3596
3597
3597
3608
3619
3632
3660
3667
3673
3677
3683
3688
3695
3701
3714
3716
3718
3722
3733
3733
3735
3741
3745
3755
3756
3782
3798
3799
3835
3835
3843
3847
3858
3874
3886
3889
3896
3897
3911
3928
3952
3956
3958
3962
3976
4002
4003
4004
4049
4063
4064
4069
4074
4076
4080
4098
4121
4122
4127
4127
4127
4154
4155
4155
4162
4170
4189
4190
4202
4205
4221
4223
4231
4246
4313
4315
4319
4323
4345
4347
4352
4358
4365
4365
4368
4369
4378
4392
4400
4400
4434
4438
4457
4468
4473
4483
4486
4494
4494
4494
4495
4516
4520
4530
4531
4537
4561
4572
4574
4575
4578
4588
4603
4604
4612
4627
4645
4646
4665
4665
4689
4691
4693
4711
4713
4744
4754
4765
4768
4768
4796
4809
4813
4816
4816
4830
4839
4849
4851
4860
4866
4872
4875
4891
4898
4918
4947
4947
4949
4957
4999
5004
5017
5018
5026
5027
5033
5040
5042
5054
5060
5097
5101
5126
5135
5139
5141
5153
5160
5176
5183
5184
5185
5203
5206
5250
5250
5263
5275
5281
5289
5291
5320
5324
5342
5352
5354
5365
5375
5388
5388
5392
5394
5438
5439
5475
5489
5492
5492
5497
5507
5515
5521
5523
5524
5528
5539
5543
5554
5581
5583
5607
5618
5625
5633
5639
5642
5645
5688
5694
5699
5722
5735
5735
5743
5758
5775
5781
5791
5831
5847
5848
5872
5880
5897
5902
5904
5930
5945
5947
5952
5952
5973
5985
5997
6005
6026
6028
6044
6058
6064
6076
6077
6087
6092
6095
6118
6163
6172
6185
6196
6201
6210
6227
6246
6254
6257
6259
6274
6276
6289
6297
6301
6301
6306
6312
6314
6319
6337
6364
6382
6382
6399
6414
6423
6436
6449
6459
6482
6493
6497
6502
6522
6531
6550
6558
6561
6562
6564
6569
6571
6575
6576
6576
6578
6590
6604
6610
6611
6616
6619
6623
6625
6640
6651
6681
6698
6701
6702
6704
6710
6720
6750
6755
6757
6766
6777
6779
6783
6786
6788
6794
6808
6812
6821
6821
6822
6825
6836
6857
6860
6862
6869
6872
6880
6884
6922
6923
6927
6931
6937
7000
7003
7009
7012
7028
7029
7037
7050
7051
7053
7061
7066
7066
7072
7077
7085
7086
7089
7089
7092
7092
7125
7144
7162
7180
7203
7206
7207
7227
7236
7253
7259
7266
7283
7288
7313
7314
7315
7319
7324
7326
7329
7329
7340
7360
7361
7363
7365
7411
7416
7418
7421
7445
7451
7457
7478
7480
7502
7502
7518
7529
7539
7541
7541
7554
7560
7588
7598
7600
7604
7623
7623
7626
7636
7642
7664
7666
7671
7672
7684
7694
7702
7705
7750
7753
7766
7766
7773
7783
7808
7821
7838
7847
7890
7896
7898
7908
7914
7914
7919
7964
7965
7974
7986
7999
8005
8015
8021
8038
8039
8041
8045
8050
8067
8076
8087
8098
8130
8158
8188
8189
8196
8201
8208
8222
8224
8243
8253
8267
8269
8272
8278
8297
8307
8317
8335
8341
8357
8357
8363
8384
8406
8408
8417
8427
8430
8434
8440
8444
8447
8448
8458
8474
8484
8488
8500
8507
8522
8531
8532
8538
8541
8557
8575
8604
8609
8612
8613
8617
8671
8681
8687
8695
8700
8710
8713
8714
8722
8726
8753
8760
8770
8771
8777
8782
8790
8791
8793
8810
8819
8830
8830
8831
8878
8880
8890
8900
8911
8952
8955
8969
8977
8979
8989
9007
9010
9019
9022
9040
9044
9048
9067
9067
9071
9072
9073
9081
9084
9098
9099
9104
9113
9114
9123
9135
9138
9169
9174
9181
9182
9198
9205
9219
9224
9226
9226
9229
9232
9255
9267
9267
9298
9307
9308
9324
9336
9340
9353
9362
9367
9368
9371
9382
9384
9412
9418
9434
9479
9491
9495
9498
9506
9513
9529
9537
9571
9583
9650
9657
9659
9663
9667
9676
9681
9687
9695
9706
9707
9728
9743
9763
9779
9779
9786
9815
9817
9852
9873
9883
9891
9902
9921
9928
9928
9933
9934
9948
9953
9953
9958
9960
9979
9982
10015
10016
10022
10032
10035
10041
10077
10080
10081
10107
10123
10138
10139
10161
10164
10182
10186
10192
10196
10211
10217
10220
10225
10252
10253
10262
10289
10300
10309
10323
10325
10360
10372
10379
10380
10405
10419
10421
10422
10423
10440
10442
10465
10469
10477
10482
10482
10483
10485
10487
10491
10495
10502
10504
10512
10523
10529
10549
10571
10576
10604
10606
10620
10632
10643
10662
10687
10703
10705
10707
10712
10733
10758
10765
10767
10770
10781
10786
10792
10794
10801
10803
10805
10825
10844
10844
10850
10869
10886
10894
10905
10905
10910
10920
10928
10929
10933
10937
10940
10943
10944
10945
10952
10962
10987
11016
11019
11024
11038
11051
11053
11079
11082
11089
11109
11114
11139
11151
11162
11164
11165
11166
11178
11183
11184
11184
11196
11200
11210
11218
11219
11221
11252
11269
11273
11293
11298
11314
11345
11346
11371
11384
11388
11399
11399
11406
11421
11424
11436
11455
11462
11468
11469
11471
11478
11491
11526
11533
11536
11551
11552
11556
11558
11570
11589
11594
11599
11599
11610
11613
11650
11654
11669
11705
11751
11754
11755
11757
11773
11776
11779
11785
11801
11804
11808
11822
11842
11850
11863
11905
11912
11953
11964
11979
11993
12008
12045
12072
12073
12076
12086
12088
12092
12099
12099
12107
12139
12173
12195
12210
12211
12214
12218
12224
12229
12229
12229
12238
12268
12270
12273
12296
12310
12315
12319
12336
12344
12364
12366
12370
12371
12371
12404
12407
12448
12453
12465
12468
12488
12489
12498
12504
12515
12525
12527
12544
12557
12567
12591
12599
12600
12636
12639
12654
12672
12688
12720
12722
12729
12732
12745
12751
12755
12764
12771
12772
12777
12787
12789
12795
12799
12804
12809
12828
12832
12880
12932
12946
12966
12969
12984
12996
12998
13021
13026
13034
13040
13043
13049
13069
13086
13100
13126
13130
13133
13133
13141
13168
13179
13192
13204
13209
13215
13223
13236
13236
13236
13246
13263
13265
13279
13282
13288
13291
13300
13309
13313
13324
13334
13352
13359
13360
13361
13362
13378
13402
13434
13435
13437
13440
13447
13455
13462
13485
13504
13524
13526
13526
13528
13540
13550
13551
13566
13578
13590
13594
13602
13605
13645
13653
13655
13679
13687
13691
13695
13716
13726
13728
13729
13736
13739
13741
13743
13745
13750
13768
13769
13772
13820
13820
13846
13848
13874
13930
13946
13955
13958
13973
13988
13999
14031
14034
14063
14065
14079
14122
14124
14133
14146
14174
14185
14207
14244
14272
14301
14306
14308
14316
14319
14332
14349
14353
14363
14396
14398
14422
14425
14426
14437
14448
14453
14457
14469
14473
14503
14504
14507
14519
14536
14537
14542
14546
14552
14598
14605
14626
14656
14668
14672
14708
14709
14711
14724
14754
14763
14767
14785
14795
14807
14821
14822
14830
14849
14850
14859
14873
14874
14878
14883
14896
14908
14908
14920
14927
14949
14951
14952
14957
14965
14984
14985
14997
15017
15019
15035
15040
15050
15051
15063
15064
15066
15075
15081
15086
15101
15145
15146
15147
15163
15169
15179
15180
15181
15188
15190
15196
15197
15231
15234
15235
15256
15256
15263
15266
15272
15275
15276
15287
15303
15320
15335
15360
15362
15363
15387
15395
15399
15413
15421
15426
15427
15445
15454
15454
15455
15488
15504
15511
15514
15519
15527
15531
15562
15576
15584
15589
15598
15600
15626
15651
15652
15656
15668
15671
15677
15702
15709
15711
15732
15739
15755
15757
15758
15771
15776
15778
15787
15791
15795
15804
15812
15827
15828
15830
15832
15839
15854
15876
15895
15917
15956
15995
16015
16021
16063
16075
16082
16087
16115
16125
16132
16132
16141
16154
16156
16159
16167
16180
16189
16201
16205
16208
16211
16211
16212
16219
16221
16222
16224
16242
16268
16269
16289
16291
16306
16322
16329
16344
16345
16345
16351
16356
16364
16368
16375
16386
16386
16417
16450
16455
16471
16490
16497
16497
16533
16536
16557
16560
16567
16576
16577
16590
16600
16603
16621
16623
16631
16636
16641
16643
16644
16646
16652
16654
16654
16654
16662
16667
16708
16722
16740
16740
16749
16762
16777
16790
16798
16798
16800
16800
16807
16811
16841
16842
16857
16858
16866
16886
16887
16889
16896
16919
16921
16926
16929
16930
16959
16970
16989
17031
17053
17056
17059
17059
17060
17079
17084
17094
17094
17096
17098
17100
17127
17138
17141
17152
17157
17159
17173
17183
17191
17199
17221
17224
17227
17238
17241
17248
17251
17251
17254
17257
17258
17277
17277
17288
17303
17315
17318
17325
17332
17336
17339
17343
17352
17355
17362
17392
17400
17402
17403
17412
17414
17420
17434
17436
17440
17441
17456
17456
17457
17460
17478
17485
17487
17494
17494
17507
17522
17532
17538
17545
17582
17603
17606
17618
17623
17624
17626
17645
17648
17651
17692
17723
17742
17742
17758
17760
17760
17772
17784
17795
17807
17810
17813
17819
17819
17828
17845
17846
17854
17865
17866
17869
17879
17890
17893
17903
17929
17940
17956
17961
17964
17970
17980
17997
18008
18021
18023
18029
18038
18039
18042
18048
18055
18058
18085
18088
18091
18112
18119
18126
18128
18141
18145
18151
18156
18161
18170
18178
18179
18179
18198
18201
18222
18250
18257
18267
18273
18276
18276
18282
18283
18286
18289
18298
18305
18317
18317
18317
18326
18334
18337
18352
18376
18377
18394
18396
18423
18424
18444
18454
18468
18476
18481
18482
18488
18492
18493
18497
18540
18545
18551
18561
18561
18563
18591
18595
18604
18605
18636
18640
18643
18644
18661
18662
18673
18675
18679
18680
18680
18695
18698
18714
18715
18716
18753
18769
18773
18779
18781
18783
18789
18802
18823
18828
18831
18850
18856
18875
18882
18892
18906
18915
18916
18925
18930
18980
18983
18993
18998
19000
19008
19029
19035
19042
19049
19051
19061
19063
19079
19093
19093
19094
19104
19104
19121
19178
19195
19196
19196
19199
19201
19206
19226
19231
19237
19237
19244
19245
19265
19266
19270
19277
19288
19289
19311
19323
19331
19343
19351
19351
19361
19369
19382
19426
19427
19427
19446
19461
19463
19486
19493
19495
19502
19522
19532
19539
19558
19566
19576
19583
19589
19615
19661
19675
19714
19716
19738
19741
19743
19745
19747
19772
19822
19825
19842
19875
19904
19911
19912
19970
20004
20060
20084
20095
20107
20117
20125
20126
20143
20144
20145
20158
20160
20170
20184
20184
20193
20204
20218
20227
20238
20239
20245
20246
20254
20255
20271
20297
20300
20309
20347
20354
20354
20366
20371
20386
20395
20400
20401
20406
20426
20448
20459
20460
20471
20484
20486
20490
20493
20494
20511
20514
20515
20529
20532
20543
20544
20546
20550
20575
20588
20599
20609
20621
20635
20663
20683
20689
20694
20702
20706
20721
20726
20738
20743
20743
20751
20751
20766
20768
20786
20801
20806
20816
20823
20824
20827
20827
20829
20833
20841
20880
20897
20900
20939
20939
20940
20967
20968
20971
20973
20976
20984
21006
21006
21008
21011
21038
21044
21044
21064
21071
21075
21075
21081
21082
21088
21099
21119
21119
21141
21142
21143
21155
21188
21214
21220
21222
21225
21237
21248
21251
21257
21260
21274
21281
21283
21295
21301
21319
21329
21331
21356
21361
21364
21364
21369
21370
21379
21382
21383
21396
21417
21421
21450
21451
21459
21473
21475
21513
21535
21554
21562
21589
21599
21607
21625
21628
21655
21659
21675
21694
21701
21705
21707
21713
21736
21744
21747
21747
21759
21764
21771
21782
21798
21809
21809
21834
21839
21866
21897
21905
21922
21924
21926
21939
21942
21943
21945
21966
21980
22002
22003
22009
22017
22026
22037
22037
22045
22048
22058
22069
22082
22130
22148
22158
22159
22159
22161
22169
22178
22180
22182
22190
22195
22198
22205
22208
22218
22245
22248
22285
22287
22290
22304
22324
22361
22370
22381
22395
22396
22398
22409
22421
22431
22433
22435
22441
22445
22450
22486
22486
22487
22503
22517
22523
22538
22542
22545
22546
22550
22553
22567
22573
22574
22574
22582
22590
22598
22610
22612
22615
22623
22631
22720
22741
22743
22761
22772
22776
22779
22784
22795
22799
22832
22848
22850
22859
22860
22867
22869
22871
22883
22889
22899
22911
22917
22927
22928
22931
22939
22949
22951
22976
22977
22979
22989
22995
23003
23038
23050
23057
23059
23061
23063
23067
23069
23078
23080
23120
23126
23127
23139
23143
23144
23153
23159
23160
23166
23181
23182
23190
23191
23194
23195
23199
23199
23201
23206
23230
23232
23239
23254
23257
23265
23265
23275
23298
23300
23304
23307
23315
23322
23334
23336
23340
23350
23352
23365
23394
23412
23435
23448
23451
23462
23466
23499
23503
23518
23519
23521
23522
23523
23527
23528
23529
23529
23572
23577
23596
23597
23611
23630
23642
23688
23698
23712
23725
23727
23746
23750
23753
23761
23769
23770
23785
23789
23792
23801
23802
23809
23809
23828
23829
23830
23833
23840
23857
23857
23879
23892
23908
23947
23956
23961
23986
23994
24018
24038
24065
24071
24081
24111
24130
24131
24143
24157
24169
24171
24173
24183
24185
24195
24209
24219
24224
24229
24236
24242
24247
24264
24285
24294
24297
24299
24304
24318
24327
24328
24335
24339
24340
24341
24356
24363
24378
24385
24395
24421
24451
24454
24461
24463
24466
24471
24474
24481
24489
24495
24506
24510
24512
24527
24535
24542
24555
24560
24573
24575
24584
24589
24591
24594
24594
24597
24623
24633
24644
24652
24698
24699
24721
24733
24734
24748
24750
24752
24762
24770
24771
24776
24804
24829
24845
24858
24872
24874
24890
24891
24891
24895
24899
24905
24918
24922
24965
24965
24971
25006
25018
25018
25034
25043
25046
25049
25067
25068
25077
25124
25132
25143
25149
25149
25172
25193
25200
25218
25220
25220
25235
25239
25254
25257
25274
25292
25293
25297
25300
25309
25309
25319
25320
25323
25340
25350
25355
25364
25372
25387
25392
25406
25432
25434
25438
25443
25461
25462
25466
25469
25469
25482
25506
25514
25516
25527
25549
25558
25568
25568
25580
25582
25600
25608
25621
25622
25631
25639
25639
25641
25645
25685
25686
25713
25718
25718
25729
25740
25741
25763
25795
25797
25798
25803
25831
25832
25836
25837
25845
25848
25850
25851
25867
25876
25879
25917
25922
25927
25946
25947
25974
25979
25987
25989
25990
26002
26013
26013
26024
26033
26035
26037
26043
26044
26060
26061
26076
26096
26097
26099
26108
26110
26111
26120
26123
26131
26148
26154
26156
26171
26173
26175
26181
26201
26202
26202
26228
26234
26237
26238
26239
26248
26273
26275
26285
26286
26301
26309
26314
26315
26323
26329
26338
26342
26351
26357
26368
26388
26395
26422
26433
26433
26437
26454
26454
26462
26469
26470
26508
26553
26570
26586
26612
26613
26617
26643
26645
26651
26652
26656
26656
26659
26673
26675
26694
26695
26697
26706
26715
26732
26741
26745
26747
26749
26798
26806
26828
26835
26841
26859
26861
26864
26865
26872
26890
26891
26897
26898
26914
26934
26963
27011
27015
27016
27020
27034
27046
27058
27069
27071
27076
27096
27116
27136
27140
27168
27176
27183
27186
27194
27200
27201
27213
27214
27244
27253
27258
27260
27266
27268
27269
27276
27301
27303
27306
27309
27312
27313
27315
27315
27332
27335
27340
27342
27361
27364
27366
27369
27389
27415
27421
27440
27441
27446
27449
27452
27458
27461
27470
27471
27475
27476
27517
27536
27553
27554
27562
27571
27575
27579
27582
27593
27597
27606
27617
27626
27628
27646
27648
27655
27657
27659
27664
27664
27678
27694
27706
27708
27719
27725
27737
27740
27753
27759
27767
27771
27791
27816
27817
27846
27850
27866
27869
27870
27886
27943
27944
27978
27989
28004
28026
28036
28036
28061
28073
28092
28094
28096
28104
28104
28133
28136
28150
28152
28153
28158
28165
28178
28190
28197
28199
28204
28204
28217
28221
28224
28237
28241
28254
28254
28265
28283
28285
28287
28295
28332
28341
28372
28376
28389
28421
28437
28437
28457
28462
28466
28478
28494
28501
28503
28504
28507
28507
28507
28550
28566
28570
28574
28588
28594
28599
28640
28660
28682
28685
28691
28694
28695
28698
28705
28707
28712
28713
28713
28716
28719
28720
28722
28722
28750
28752
28752
28764
28770
28778
28808
28813
28818
28827
28849
28862
28863
28868
28883
28884
28887
28897
28924
28939
28956
28956
28967
28969
28977
29032
29041
29041
29045
29073
29098
29104
29118
29127
29133
29145
29156
29161
29171
29174
29179
29188
29191
29196
29209
29218
29220
29246
29247
29256
29264
29283
29289
29300
29306
29306
29307
29308
29315
29345
29376
29381
29389
29432
29435
29445
29455
29468
29499
29526
29559
29561
29574
29623
29654
29659
29682
29690
29691
29727
29734
29740
29776
29779
29779
29786
29793
29794
29811
29823
29842
29845
29846
29848
29853
29855
29868
29882
29893
29898
29900
29906
29926
29940
29945
29947
29953
29958
29995
29998
29999
30001
30004
30023
30036
30085
30096
30114
30135
30154
30161
30166
30170
30176
30177
30180
30194
30197
30214
30215
30233
30235
30249
30251
30254
30286
30288
30305
30322
30327
30331
30344
30355
30356
30359
30364
30381
30398
30413
30417
30441
30446
30458
30461
30465
30479
30487
30490
30492
30501
30514
30522
30523
30533
30535
30543
30553
30558
30561
30570
30573
30574
30593
30614
30627
30630
30637
30638
30644
30654
30655
30661
30664
30673
30690
30696
30704
30726
30765
30775
30782
30792
30792
30798
30810
30816
30818
30819
30834
30837
30843
30848
30853
30857
30896
30914
30921
30923
30929
30931
30936
30967
30970
30982
30994
31012
31021
31021
31023
31030
31031
31078
31085
31090
31095
31098
31105
31117
31142
31157
31158
31166
31182
31186
31188
31197
31219
31225
31231
31241
31244
31261
31262
31265
31274
31288
31290
31297
31302
31304
31313
31322
31326
31326
31345
31352
31353
31357
31409
31411
31461
31466
31469
31475
31491
31497
31515
31520
31521
31523
31524
31576
31576
31596
31597
31611
31611
31621
31628
31673
31699
31702
31716
31718
31727
31772
31808
31809
31810
31818
31830
31833
31849
31851
31854
31861
31867
31868
31868
31873
31879
31915
31930
31932
31938
31954
31959
31963
31967
31982
31993
31994
31994
32008
32008
32010
32012
32012
32021
32025
32045
32049
32059
32060
32062
32069
32073
32076
32080
32083
32084
32092
32093
32095
32097
32102
32103
32110
32119
32127
32127
32136
32136
32141
32189
32225
32243
32243
32247
32258
32258
32261
32274
32279
32283
32285
32308
32310
32317
32336
32338
32342
32355
32363
32373
32374
32382
32386
32390
32400
32408
32410
32411
32423
32438
32441
32446
32448
32463
32467
32471
32487
32496
32499
32511
32525
32525
32526
32532
32543
32554
32564
32568
32570
32573
32573
32584
32608
32626
32640
32652
32664
32672
32675
32684
32694
32696
32708
32735
32737
32739
32749
32760
32767
32769
32776
32779
32782
32796
32799
32831
32844
32884
32893
32916
32918
32919
32939
32945
32950
32950
32952
32954
32965
32967
32970
32970
32985
32999
33001
33003
33005
33012
33013
33018
33018
33065
33065
33076
33081
33095
33121
33177
33181
33188
33196
33207
33212
33227
33234
33240
33264
33273
33280
33300
33303
33306
33319
33322
33330
33343
33345
33359
33368
33376
33390
33416
33427
33465
33471
33473
33474
33480
33496
33504
33510
33513
33519
33520
33521
33526
33529
33532
33536
33543
33548
33548
33549
33551
33556
33557
33574
33575
33579
33602
33609
33619
33619
33626
33643
33646
33647
33658
33665
33676
33691
33705
33725
33727
33744
33756
33785
33800
33809
33840
33849
33856
33858
33868
33876
33890
33891
33899
33900
33902
33909
33914
33921
33933
33954
33980
33982
33983
33988
33994
33995
33995
34012
34013
34020
34023
34032
34033
34063
34064
34099
34103
34104
34125
34148
34149
34149
34151
34163
34166
34174
34179
34180
34207
34210
34219
34224
34224
34255
34255
34261
34282
34297
34299
34304
34316
34330
34380
34383
34387
34419
34426
34429
34434
34447
34453
34482
34485
34502
34510
34515
34516
34518
34529
34536
34555
34555
34560
34563
34566
34633
34666
34669
34691
34706
34708
34710
34727
34741
34748
34749
34761
34776
34792
34793
34807
34808
34813
34822
34826
34833
34835
34837
34842
34849
34856
34858
34867
34873
34890
34923
34933
34933
34934
34940
34941
34942
34945
34965
34984
34985
35020
35024
35027
35035
35035
35072
35074
35101
35106
35113
35114
35123
35140
35148
35153
35163
35164
35173
35183
35184
35186
35194
35198
35211
35222
35223
35241
35243
35245
35256
35258
35264
35290
35298
35309
35311
35323
35362
35377
35381
35383
35388
35399
35403
35407
35460
35479
35480
35480
35485
35493
35504
35526
35534
35536
35543
35562
35571
35586
35590
35604
35606
35608
35612
35626
35631
35637
35642
35674
35693
35698
35724
35732
35735
35739
35751
35753
35760
35775
35777
35778
35806
35809
35821
35822
35831
35837
35842
35848
35849
35854
35868
35899
35904
35916
35941
35955
35973
35976
35988
35993
35995
36009
36027
36028
36035
36037
36069
36082
36097
36102
36107
36120
36128
36133
36138
36142
36154
36155
36159
36161
36161
36177
36179
36186
36192
36212
36227
36234
36235
36250
36271
36283
36309
36318
36330
36344
36355
36361
36372
36375
36393
36395
36397
36405
36405
36425
36442
36455
36467
36475
36478
36480
36482
36495
36511
36544
36545
36573
36585
36609
36638
36640
36644
36666
36668
36671
36676
36685
36691
36696
36708
36722
36725
36744
36748
36749
36766
36768
36774
36779
36780
36793
36801
36811
36815
36818
36819
36820
36827
36861
36865
36908
36909
36914
36916
36935
36983
37012
37018
37020
37022
37026
37042
37044
37051
37052
37052
37055
37058
37071
37080
37084
37089
37126
37133
37134
37146
37191
37198
37211
37222
37263
37265
37282
37289
37295
37305
37305
37318
37327
37353
37369
37374
37391
37405
37413
37415
37428
37440
37462
37484
37511
37511
37512
37518
37533
37550
37551
37554
37573
37575
37586
37588
37589
37599
37604
37621
37629
37659
37670
37692
37702
37712
37750
37763
37767
37775
37791
37796
37801
37802
37815
37842
37847
37848
37878
37891
37891
37900
37901
37901
37904
37912
37923
37929
37934
37936
37940
37943
37962
37989
37989
38000
38003
38005
38054
38058
38072
38096
38121
38168
38171
38172
38190
38204
38212
38223
38224
38228
38229
38254
38265
38280
38282
38287
38288
38295
38304
38316
38317
38319
38348
38365
38381
38384
38399
38410
38411
38412
38425
38426
38428
38472
38486
38486
38515
38516
38536
38547
38552
38555
38560
38560
38580
38581
38582
38591
38605
38614
38633
38645
38651
38652
38656
38656
38665
38668
38680
38683
38701
38707
38745
38746
38758
38761
38781
38782
38793
38797
38817
38844
38862
38866
38866
38893
38912
38925
38976
38987
38990
38991
38995
38998
38999
39006
39008
39013
39016
39024
39034
39041
39048
39054
39055
39056
39061
39066
39067
39081
39136
39145
39152
39166
39176
39188
39194
39204
39225
39238
39251
39264
39265
39292
39302
39310
39315
39326
39334
39347
39356
39367
39373
39379
39385
39388
39390
39401
39409
39426
39431
39433
39434
39470
39481
39484
39484
39522
39533
39548
39562
39569
39570
39583
39612
39612
39613
39664
39667
39695
39714
39741
39769
39772
39786
39794
39803
39816
39827
39861
39879
39881
39891
39898
39911
39927
39928
39940
39941
39944
39948
39959
39970
39970
39972
39972
39975
40011
40016
40019
40024
40066
40067
40077
40105
40120
40122
40133
40138
40142
40157
40170
40171
40205
40232
40237
40251
40262
40272
40276
40285
40290
40333
40333
40334
40334
40338
40345
40346
40358
40366
40374
40399
40402
40402
40411
40414
40414
40418
40420
40423
40443
40459
40462
40489
40496
40507
40525
40526
40526
40528
40534
40535
40563
40578
40579
40595
40620
40623
40628
40649
40652
40660
40663
40667
40681
40687
40689
40690
40700
40742
40759
40763
40773
40776
40777
40781
40789
40794
40795
40801
40810
40815
40823
40827
40831
40831
40833
40854
40865
40870
40872
40888
40932
40948
40958
40972
40980
40988
40990
40994
40995
41004
41020
41056
41066
41077
41112
41112
41119
41121
41129
41131
41139
41140
41142
41143
41157
41189
41193
41212
41216
41232
41235
41245
41246
41252
41262
41280
41287
41296
41311
41312
41315
41324
41339
41339
41340
41366
41380
41384
41398
41419
41421
41432
41434
41451
41461
41469
41472
41477
41477
41478
41492
41499
41510
41516
41517
41519
41539
41540
41543
41554
41559
41563
41565
41570
41589
41591
41595
41626
41626
41636
41644
41648
41664
41668
41670
41678
41679
41683
41683
41707
41709
41715
41733
41751
41755
41762
41766
41788
41794
41802
41810
41819
41832
41836
41854
41855
41868
41869
41876
41884
41894
41900
41906
41907
41907
41914
41918
41920
41929
41936
41972
41979
41995
42008
42010
42012
42041
42043
42045
42058
42061
42065
42065
42082
42092
42110
42124
42155
42155
42160
42160
42176
42198
42205
42209
42216
42237
42237
42254
42258
42280
42320
42341
42350
42350
42351
42356
42362
42366
42367
42368
42372
42376
42412
42415
42416
42426
42429
42437
42448
42449
42468
42472
42483
42485
42497
42508
42512
42515
42515
42515
42521
42533
42542
42546
42562
42564
42564
42592
42621
42623
42628
42628
42639
42655
42658
42667
42673
42682
42695
42699
42702
42713
42718
42741
42764
42767
42769
42785
42789
42823
42824
42827
42843
42857
42862
42872
42876
42884
42884
42892
42895
42901
42956
42969
42972
42993
43004
43007
43029
43031
43035
43060
43070
43071
43077
43081
43084
43089
43097
43104
43109
43115
43176
43182
43215
43230
43232
43234
43251
43290
43298
43301
43306
43309
43326
43333
43336
43342
43366
43414
43439
43453
43462
43465
43510
43518
43524
43541
43544
43559
43581
43585
43594
43601
43616
43618
43618
43625
43634
43654
43655
43660
43661
43668
43671
43702
43710
43715
43741
43751
43774
43798
43828
43829
43834
43852
43880
43883
43884
43887
43895
43918
43944
43949
43954
43965
43977
44010
44012
44049
44055
44056
44058
44060
44061
44103
44127
44132
44138
44145
44160
44171
44179
44207
44213
44219
44219
44220
44233
44235
44241
44252
44257
44266
44270
44282
44296
44297
44319
44323
44325
44361
44367
44373
44377
44415
44423
44438
44441
44444
44450
44453
44462
44469
44472
44483
44488
44530
44542
44611
44622
44624
44644
44669
44688
44695
44702
44710
44711
44719
44730
44733
44735
44738
44758
44765
44770
44776
44803
44805
44808
44810
44821
44828
44836
44837
44844
44847
44847
44855
44865
44901
44910
44910
44915
44921
44926
44939
44942
44951
44961
44969
44975
44988
44990
45016
45031
45057
45062
45062
45066
45075
45081
45084
45090
45115
45125
45130
45142
45146
45159
45164
45168
45176
45209
45220
45233
45238
45246
45252
45253
45268
45270
45273
45274
45280
45289
45290
45290
45291
45298
45307
45312
45333
45334
45345
45364
45370
45408
45434
45437
45449
45472
45477
45490
45491
45499
45508
45509
45512
45519
45529
45538
45559
45561
45566
45569
45581
45587
45589
45612
45616
45622
45623
45625
45625
45626
45629
45633
45636
45637
45652
45655
45671
45672
45677
45688
45698
45702
45702
45709
45714
45725
45730
45733
45736
45761
45791
45814
45819
45835
45836
45838
45844
45849
45859
45889
45895
45911
45924
45947
45974
45989
45990
46001
46020
46021
46040
46043
46055
46079
46101
46105
46130
46131
46131
46138
46139
46148
46152
46161
46164
46166
46169
46172
46173
46173
46194
46205
46206
46212
46213
46217
46230
46234
46241
46243
46245
46257
46259
46272
46277
46279
46300
46309
46318
46334
46338
46351
46376
46380
46424
46442
46448
46453
46465
46469
46471
46472
46486
46493
46497
46508
46527
46532
46535
46548
46552
46553
46562
46572
46579
46585
46596
46603
46604
46606
46611
46613
46615
46616
46617
46628
46646
46661
46666
46669
46670
46678
46698
46727
46748
46750
46756
46769
46776
46779
46787
46789
46792
46804
46813
46821
46841
46854
46856
46876
46892
46898
46909
46912
46913
46919
46927
46929
46944
46950
46950
46971
46989
46995
47004
47018
47034
47041
47070
47095
47095
47102
47104
47107
47109
47109
47117
47126
47132
47144
47158
47166
47195
47201
47201
47207
47213
47213
47222
47235
47239
47246
47274
47304
47310
47325
47331
47359
47367
47387
47396
47407
47413
47423
47425
47430
47443
47452
47456
47459
47470
47475
47478
47480
47491
47508
47515
47520
47530
47530
47533
47536
47552
47578
47581
47584
47591
47596
47600
47600
47608
47633
47636
47636
47646
47678
47710
47719
47727
47732
47743
47746
47749
47771
47779
47788
47816
47822
47824
47826
47842
47868
47868
47873
47876
47884
47886
47899
47916
47941
47945
47958
47964
47971
47985
47990
48009
48014
48016
48018
48028
48035
48057
48071
48080
48082
48093
48123
48124
48124
48130
48133
48142
48150
48187
48187
48209
48221
48232
48236
48247
48271
48296
48308
48341
48363
48365
48368
48373
48373
48383
48390
48392
48397
48399
48403
48411
48433
48456
48469
48472
48488
48488
48490
48498
48498
48499
48499
48507
48508
48541
48556
48567
48571
48585
48597
48599
48604
48608
48609
48614
48622
48641
48648
48654
48658
48661
48674
48684
48692
48693
48707
48712
48713
48726
48742
48793
48800
48816
48824
48835
48863
48872
48885
48902
48920
48921
48942
48942
48948
48963
48969
48975
48992
48996
48997
48997
48998
49007
49007
49012
49024
49026
49028
49029
49030
49038
49039
49051
49054
49056
49075
49084
49111
49112
49114
49126
49152
49158
49177
49207
49212
49216
49217
49221
49231
49253
49258
49304
49344
49345
49348
49363
49365
49397
49400
49415
49424
49436
49453
49455
49469
49473
49473
49474
49475
49484
49485
49488
49494
49497
49504
49517
49518
49520
49522
49525
49581
49587
49591
49592
49595
49609
49616
49616
49618
49624
49625
49630
49644
49646
49658
49661
49663
49693
49715
49722
49723
49723
49730
49738
49750
49759
49793
49796
49822
49836
49863
49866
49866
49874
49876
49906
49915
49922
49932
49970
49973
49975
49988
49995
50005
50007
50031
50036
50059
50066
50075
50084
50087
50089
50105
50115
50119
50120
50126
50137
50144
50159
50164
50171
50191
50191
50195
50206
50218
50223
50245
50253
50265
50270
50281
50314
50321
50326
50334
50347
50354
50354
50356
50366
50375
50380
50380
50386
50388
50392
50395
50395
50400
50451
50452
50454
50462
50469
50472
50485
50489
50494
50497
50515
50524
50531
50531
50542
50551
50558
50566
50570
50571
50582
50587
50607
50613
50634
50635
50635
50665
50666
50668
50669
50674
50674
50708
50724
50724
50729
50734
50748
50757
50764
50766
50773
50776
50791
50827
50838
50851
50867
50883
50888
50912
50921
50927
50938
50955
50969
50993
50995
51005
51037
51050
51052
51057
51057
51074
51108
51117
51122
51138
51143
51190
51195
51206
51240
51277
51285
51288
51313
51315
51316
51316
51326
51332
51365
51387
51391
51403
51421
51424
51450
51467
51473
51481
51512
51514
51516
51526
51547
51555
51565
51576
51580
51584
51590
51603
51611
51613
51620
51624
51625
51656
51662
51665
51666
51667
51668
51700
51703
51708
51736
51741
51745
51755
51766
51766
51771
51777
51784
51787
51788
51788
51794
51813
51816
51816
51832
51834
51842
51845
51847
51878
51897
51900
51905
51915
51941
51941
51964
51968
51972
51977
51988
51994
52002
52018
52032
52043
52052
52052
52059
52073
52108
52112
52122
52130
52131
52168
52170
52194
52203
52221
52233
52240
52249
52266
52280
52283
52304
52317
52323
52338
52339
52341
52388
52402
52404
52412
52420
52423
52438
52440
52449
52468
52475
52491
52492
52497
52503
52506
52507
52525
52533
52535
52546
52555
52591
52593
52637
52641
52666
52667
52680
52690
52718
52741
52764
52769
52785
52817
52820
52823
52825
52833
52840
52849
52871
52880
52884
52889
52889
52901
52901
52909
52960
52962
52990
52993
53023
53026
53039
53044
53044
53054
53055
53058
53071
53095
53135
53164
53165
53168
53197
53200
53200
53213
53238
53260
53268
53286
53295
53296
53299
53304
53307
53311
53312
53322
53330
53336
53343
53344
53361
53366
53372
53379
53383
53383
53392
53401
53407
53408
53432
53433
53471
53471
53480
53482
53497
53499
53505
53512
53525
53534
53535
53535
53544
53549
53552
53555
53557
53560
53562
53565
53590
53595
53613
53614
53615
53615
53627
53627
53640
53663
53669
53677
53684
53688
53698
53713
53723
53733
53736
53739
53765
53775
53782
53794
53798
53810
53812
53813
53815
53818
53852
53856
53868
53875
53875
53877
53884
53892
53897
53916
53919
53962
53970
53970
54000
54001
54001
54020
54023
54041
54046
54050
54057
54059
54060
54068
54082
54096
54135
54137
54154
54158
54159
54169
54171
54190
54195
54198
54210
54239
54239
54241
54242
54243
54246
54275
54277
54279
54302
54314
54337
54338
54347
54360
54366
54375
54386
54387
54413
54426
54433
54434
54445
54466
54469
54476
54479
54485
54490
54501
54515
54517
54522
54523
54530
54535
54538
54548
54570
54577
54583
54587
54604
54604
54606
54610
54614
54617
54636
54638
54650
54660
54668
54670
54671
54674
54685
54710
54712
54728
54742
54745
54748
54757
54759
54763
54798
54799
54800
54819
54836
54836
54845
54854
54854
54869
54869
54888
54899
54906
54909
54913
54934
54937
54961
54974
54990
55006
55014
55017
55028
55030
55035
55040
55093
55095
55097
55151
55153
55155
55158
55166
55176
55178
55186
55189
55204
55219
55220
55222
55238
55263
55263
55274
55275
55300
55303
55311
55315
55352
55354
55355
55361
55383
55388
55404
55405
55442
55442
55446
55455
55456
55461
55463
55482
55511
55517
55527
55541
55543
55543
55546
55549
55554
55560
55578
55582
55583
55625
55708
55709
55721
55723
55752
55755
55774
55776
55792
55797
55802
55808
55813
55831
55837
55846
55883
55885
55886
55889
55898
55901
55928
55939
55954
55954
55955
55982
56012
56015
56021
56022
56025
56038
56043
56044
56070
56075
56083
56105
56106
56106
56110
56122
56145
56164
56167
56170
56171
56185
56218
56236
56244
56246
56254
56257
56269
56271
56275
56280
56288
56309
56316
56317
56334
56334
56350
56361
56362
56396
56396
56401
56412
56430
56432
56441
56459
56465
56466
56473
56495
56500
56507
56532
56536
56540
56540
56543
56546
56560
56572
56574
56584
56596
56603
56608
56618
56624
56648
56650
56651
56662
56664
56671
56672
56688
56689
56691
56691
56710
56711
56747
56769
56779
56780
56794
56810
56816
56819
56822
56826
56856
56857
56866
56868
56901
56914
56915
56941
56959
56977
56984
56988
56990
57006
57011
57012
57021
57027
57029
57059
57067
57080
57084
57093
57094
57098
57104
57116
57157
57159
57169
57170
57176
57197
57203
57206
57213
57216
57221
57250
57282
57285
57298
57302
57310
57313
57325
57335
57337
57349
57350
57372
57380
57380
57389
57407
57412
57422
57422
57423
57424
57436
57451
57456
57462
57489
57490
57502
57507
57514
57530
57536
57538
57550
57560
57564
57564
57592
57598
57603
57608
57608
57617
57618
57620
57623
57639
57643
57660
57664
57667
57691
57693
57694
57711
57717
57762
57768
57774
57790
57817
57826
57844
57861
57867
57909
57909
57911
57913
57933
57933
57937
57958
57972
57996
58003
58008
58010
58016
58018
58028
58031
58041
58042
58061
58066
58073
58079
58080
58081
58084
58089
58139
58153
58155
58159
58179
58180
58210
58217
58218
58225
58243
58244
58245
58252
58285
58294
58313
58342
58349
58360
58364
58368
58372
58391
58443
58448
58457
58460
58477
58480
58497
58507
58508
58509
58511
58512
58530
58543
58556
58573
58589
58593
58605
58606
58616
58618
58633
58662
58663
58666
58682
58686
58717
58726
58728
58735
58766
58777
58801
58806
58808
58812
58831
58831
58851
58895
58931
58937
58941
58945
58954
58962
58994
59008
59010
59012
59025
59029
59029
59030
59037
59049
59063
59096
59144
59146
59149
59190
59199
59207
59223
59229
59230
59232
59234
59244
59246
59256
59265
59272
59277
59278
59282
59282
59299
59302
59308
59321
59333
59339
59358
59372
59376
59394
59400
59403
59407
59409
59410
59420
59425
59430
59434
59447
59457
59504
59513
59514
59523
59526
59535
59539
59542
59547
59548
59568
59578
59583
59585
59595
59629
59635
59640
59658
59664
59674
59686
59689
59710
59719
59730
59738
59739
59750
59777
59791
59818
59834
59835
59855
59881
59884
59893
59906
59951
59964
59966
59972
59973
59974
59975
59977
60000
60000
60012
60032
60039
60063
60068
60070
60080
60081
60090
60104
60117
60127
60127
60137
60159
60162
60167
60189
60191
60207
60210
60215
60223
60225
60226
60229
60235
60248
60254
60278
60282
60294
60297
60304
60316
60321
60373
60375
60382
60396
60403
60442
60444
60461
60471
60478
60484
60499
60501
60510
60524
60537
60553
60561
60570
60581
60584
60602
60610
60621
60625
60663
60665
60669
60672
60673
60688
60702
60706
60710
60710
60711
60715
60716
60723
60730
60734
60735
60748
60749
60751
60752
60764
60767
60767
60768
60773
60780
60784
60791
60794
60796
60798
60799
60807
60829
60830
60840
60854
60861
60882
60883
60885
60887
60890
60908
60920
60932
60941
60946
60954
60955
60957
60964
60992
61018
61023
61037
61047
61048
61052
61078
61096
61099
61103
61111
61120
61124
61172
61186
61208
61209
61221
61233
61256
61258
61263
61266
61281
61311
61316
61317
61327
61329
61353
61362
61368
61399
61409
61438
61448
61455
61456
61457
61477
61499
61520
61522
61528
61550
61618
61633
61639
61640
61649
61673
61682
61720
61723
61725
61741
61743
61747
61759
61768
61779
61782
61788
61797
61799
61815
61850
61854
61865
61868
61871
61871
61881
61891
61911
61925
61931
61940
61946
61959
61960
61971
61987
62008
62011
62032
62034
62040
62055
62092
62101
62107
62108
62110
62111
62114
62116
62126
62131
62167
62175
62180
62181
62183
62186
62194
62198
62225
62228
62243
62245
62248
62269
62288
62297
62304
62317
62323
62325
62327
62337
62352
62365
62366
62379
62390
62392
62403
62411
62423
62428
62435
62446
62447
62456
62473
62482
62500
62513
62516
62535
62543
62546
62549
62554
62592
62594
62596
62610
62622
62623
62637
62638
62640
62652
62656
62664
62677
62686
62691
62715
62716
62717
62718
62728
62742
62746
62747
62802
62805
62807
62820
62824
62830
62841
62853
62854
62858
62865
62886
62891
62891
62896
62905
62917
62942
62955
62958
62959
62967
62985
62986
62995
63006
63031
63037
63038
63041
63048
63057
63070
63071
63072
63076
63093
63105
63108
63111
63123
63147
63148
63164
63165
63185
63189
63205
63209
63211
63222
63232
63240
63242
63258
63262
63264
63280
63283
63284
63288
63291
63296
63297
63334
63341
63347
63356
63362
63378
63413
63416
63426
63435
63436
63441
63444
63448
63471
63481
63487
63507
63520
63524
63534
63534
63565
63566
63570
63575
63579
63580
63598
63620
63631
63642
63645
63658
63665
63694
63695
63711
63717
63738
63738
63748
63748
63751
63756
63777
63801
63850
63862
63864
63871
63876
63876
63893
63893
63898
63899
63902
63902
63903
63932
63955
63974
63978
63982
64011
64051
64053
64056
64062
64090
64094
64095
64113
64118
64132
64135
64141
64143
64155
64158
64159
64173
64175
64217
64230
64240
64244
64253
64262
64266
64293
64311
64321
64326
64328
64356
64358
64363
64368
64374
64375
64383
64389
64390
64406
64438
64440
64442
64444
64459
64460
64461
64463
64468
64476
64478
64488
64526
64529
64530
64541
64545
64552
64553
64560
64585
64591
64617
64621
64627
64627
64628
64641
64643
64656
64663
64666
64707
64725
64725
64727
64739
64748
64750
64759
64764
64769
64781
64791
64806
64809
64815
64816
64817
64829
64831
64832
64850
64850
64866
64871
64879
64884
64889
64926
64943
64972
64978
64980
64983
65014
65018
65038
65042
65046
65050
65058
65074
65079
65080
65093
65106
65108
65109
65110
65113
65114
65124
65137
65141
65150
65199
65219
65220
65242
65253
65255
65262
65266
65289
65295
65296
65306
65306
65311
65313
65325
65329
65335
65364
65438
65455
65466
65475
65476
65476
65495
65502
65509
65511
65530
65548
65548
65565
65565
65570
65591
65602
65603
65609
65638
65662
65663
65668
65671
65672
65692
65692
65717
65721
65728
65742
65747
65773
65776
65797
65825
65829
65832
65836
65848
65848
65883
65884
65896
65913
65936
65940
65940
65955
65965
65966
65983
66005
66036
66040
66047
66053
66061
66074
66081
66085
66092
66104
66105
66133
66138
66198
66205
66222
66237
66241
66298
66300
66304
66317
66323
66333
66356
66356
66357
66360
66363
66383
66388
66397
66402
66410
66412
66442
66447
66447
66450
66452
66452
66453
66458
66468
66475
66509
66529
66538
66550
66567
66583
66595
66600
66625
66637
66658
66660
66671
66681
66682
66692
66698
66701
66705
66709
66724
66746
66756
66757
66760
66776
66782
66783
66806
66809
66812
66816
66824
66830
66844
66860
66864
66875
66902
66919
66925
66926
66968
66969
66977
66987
66988
66995
67001
67004
67012
67038
67049
67049
67061
67106
67114
67142
67151
67161
67163
67164
67169
67183
67184
67192
67196
67210
67218
67224
67225
67232
67233
67242
67243
67257
67258
67259
67266
67273
67281
67290
67302
67304
67314
67329
67329
67329
67333
67334
67343
67358
67366
67374
67390
67415
67432
67450
67454
67464
67484
67517
67554
67556
67558
67570
67579
67581
67584
67584
67596
67611
67621
67621
67635
67682
67687
67690
67693
67693
67696
67731
67741
67764
67773
67775
67783
67835
67877
67910
67929
67935
67937
67940
67943
67955
67985
67988
67989
68011
68012
68013
68015
68044
68051
68054
68056
68073
68081
68082
68094
68098
68099
68103
68106
68107
68110
68111
68122
68126
68126
68134
68147
68151
68158
68163
68205
68214
68224
68227
68247
68250
68255
68279
68279
68286
68303
68306
68307
68313
68327
68332
68337
68347
68377
68391
68396
68399
68404
68413
68415
68415
68417
68418
68423
68425
68476
68486
68488
68496
68497
68500
68505
68546
68594
68595
68596
68606
68625
68631
68631
68636
68636
68640
68641
68645
68665
68667
68667
68682
68688
68691
68701
68712
68721
68753
68753
68754
68757
68764
68765
68801
68823
68857
68860
68882
68890
68905
68947
68949
68964
68965
68983
68988
68991
68992
68993
69000
69005
69012
69020
69040
69047
69048
69059
69071
69096
69097
69098
69109
69112
69112
69116
69129
69137
69145
69147
69148
69149
69152
69155
69190
69190
69195
69236
69251
69266
69266
69271
69289
69319
69324
69328
69358
69409
69415
69424
69449
69455
69485
69497
69499
69503
69528
69541
69545
69563
69567
69573
69578
69585
69588
69605
69611
69637
69666
69677
69679
69687
69718
69721
69758
69763
69765
69800
69801
69809
69812
69813
69822
69835
69840
69848
69852
69854
69855
69876
69880
69898
69910
69939
69942
69943
69954
69957
69966
69966
69982
69982
69999
70008
70013
70029
70029
70043
70044
70055
70058
70062
70077
70117
70122
70154
70155
70163
70164
70184
70192
70194
70207
70214
70215
70225
70231
70246
70276
70283
70283
70289
70302
70307
70316
70339
70358
70358
70362
70363
70383
70384
70387
70418
70426
70447
70460
70490
70497
70544
70549
70552
70553
70558
70569
70575
70585
70586
70590
70593
70601
70605
70627
70632
70647
70670
70673
70681
70700
70704
70726
70732
70734
70736
70744
70757
70760
70767
70774
70775
70782
70784
70795
70796
70797
70806
70808
70817
70848
70902
70906
70908
70914
70919
70934
70944
70949
70953
70957
70981
70997
71006
71022
71022
71025
71043
71064
71068
71088
71096
71145
71159
71173
71178
71180
71183
71184
71220
71232
71236
71252
71257
71273
71273
71279
71301
71310
71317
71338
71339
71366
71385
71390
71405
71436
71451
71480
71493
71527
71555
71557
71557
71558
71565
71574
71577
71580
71595
71648
71669
71682
71684
71743
71759
71778
71784
71788
71793
71800
71801
71803
71847
71850
71851
71863
71887
71891
71907
71910
71932
71943
71964
71967
71969
71974
71975
72006
72014
72016
72034
72056
72069
72092
72094
72103
72122
72123
72130
72132
72138
72138
72144
72159
72174
72175
72202
72204
72212
72217
72236
72245
72254
72255
72261
72261
72302
72328
72333
72341
72349
72354
72361
72364
72370
72376
72399
72413
72422
72423
72431
72444
72472
72493
72494
72507
72513
72537
72548
72561
72561
72580
72598
72621
72636
72640
72648
72656
72658
72685
72690
72692
72694
72708
72715
72727
72774
72784
72791
72828
72837
72838
72841
72841
72858
72913
72936
72944
72964
72964
72978
72980
72995
73005
73049
73051
73052
73055
73088
73094
73096
73108
73117
73123
73124
73127
73146
73164
73166
73170
73182
73201
73206
73237
73238
73257
73261
73261
73274
73275
73279
73285
73294
73312
73313
73318
73328
73332
73334
73335
73337
73346
73367
73382
73385
73386
73397
73430
73434
73450
73453
73461
73478
73483
73530
73536
73546
73551
73562
73564
73584
73592
73599
73600
73607
73644
73651
73657
73672
73674
73686
73689
73689
73690
73697
73711
73715
73730
73732
73740
73748
73748
73750
73755
73763
73781
73782
73797
73831
73841
73850
73855
73872
73878
73880
73907
73909
73926
73947
73952
73958
73959
73960
73960
73966
73968
74017
74025
74038
74040
74044
74050
74057
74062
74064
74064
74065
74066
74075
74089
74098
74100
74140
74141
74170
74195
74196
74206
74207
74224
74240
74241
74256
74257
74269
74277
74278
74302
74346
74361
74370
74380
74399
74408
74419
74429
74432
74438
74444
74455
74478
74492
74497
74517
74521
74544
74574
74576
74591
74601
74603
74607
74607
74644
74656
74667
74668
74689
74693
74696
74703
74707
74727
74730
74733
74734
74763
74770
74776
74795
74799
74802
74806
74809
74821
74862
74882
74885
74910
74918
74931
74944
74984
74992
75022
75028
75038
75051
75052
75057
75062
75066
75075
75077
75077
75079
75083
75084
75088
75125
75133
75138
75138
75156
75175
75177
75178
75185
75187
75188
75199
75220
75225
75228
75245
75249
75279
75309
75345
75347
75349
75359
75371
75396
75408
75409
75411
75414
75430
75433
75436
75444
75450
75452
75457
75463
75471
75472
75486
75497
75501
75544
75547
75557
75557
75565
75566
75568
75600
75602
75603
75616
75624
75624
75628
75628
75628
75656
75658
75659
75664
75686
75700
75716
75728
75729
75737
75744
75775
75780
75786
75804
75808
75814
75815
75832
75834
75850
75856
75860
75879
75888
75922
75962
75970
75979
75982
75985
76002
76006
76014
76020
76039
76048
76056
76064
76070
76087
76092
76093
76099
76102
76113
76123
76125
76130
76135
76139
76146
76155
76168
76175
76176
76184
76188
76194
76212
76220
76233
76243
76246
76250
76253
76266
76287
76293
76293
76293
76293
76300
76301
76306
76314
76318
76322
76331
76351
76360
76364
76378
76379
76393
76399
76418
76421
76421
76426
76436
76439
76445
76461
76469
76470
76483
76491
76506
76514
76524
76526
76544
76550
76561
76581
76595
76632
76636
76640
76642
76646
76657
76659
76672
76685
76689
76697
76697
76701
76705
76714
76718
76718
76719
76738
76745
76763
76765
76784
76795
76796
76799
76806
76817
76819
76821
76822
76828
76829
76850
76873
76901
76904
76933
76947
76979
76999
77011
77038
77052
77063
77079
77094
77095
77115
77126
77132
77136
77140
77150
77150
77162
77171
77177
77184
77195
77200
77201
77212
77220
77230
77245
77251
77254
77262
77265
77269
77306
77316
77324
77330
77330
77341
77362
77377
77378
77381
77383
77395
77411
77423
77457
77461
77471
77476
77501
77515
77524
77537
77544
77551
77565
77576
77577
77608
77614
77627
77636
77667
77675
77692
77710
77721
77739
77742
77768
77769
77788
77815
77841
77876
77887
77911
77919
77927
77938
77939
77939
77941
77977
78021
78028
78028
78031
78036
78038
78053
78057
78076
78084
78100
78119
78131
78140
78141
78150
78151
78151
78152
78166
78204
78215
78219
78222
78233
78237
78255
78257
78270
78294
78303
78329
78359
78371
78387
78392
78408
78415
78453
78467
78478
78490
78500
78536
78548
78602
78614
78624
78631
78638
78708
78711
78718
78729
78735
78735
78742
78754
78758
78764
78794
78804
78816
78829
78837
78841
78855
78862
78866
78875
78882
78894
78894
78896
78903
78924
78936
78948
78967
78971
78982
78984
79008
79023
79032
79039
79041
79051
79054
79067
79093
79106
79108
79127
79130
79132
79151
79167
79178
79179
79181
79199
79200
79206
79211
79218
79277
79277
79277
79316
79331
79337
79341
79343
79361
79376
79379
79388
79413
79439
79458
79462
79471
79480
79486
79512
79530
79542
79542
79551
79552
79554
79568
79570
79599
79599
79616
79621
79639
79642
79648
79658
79667
79684
79696
79702
79703
79708
79719
79734
79739
79752
79754
79778
79806
79807
79816
79820
79829
79835
79857
79869
79922
79937
79937
79951
79959
79969
79974
79980
79985
79990
79997
80006
80010
80011
80014
80031
80044
80046
80047
80052
80067
80070
80073
80092
80098
80102
80104
80130
80139
80144
80154
80183
80203
80209
80214
80218
80224
80237
80249
80250
80251
80264
80265
80267
80301
80306
80316
80318
80331
80345
80361
80361
80370
80377
80381
80382
80386
80387
80420
80424
80436
80439
80453
80461
80484
80493
80499
80504
80517
80530
80531
80532
80550
80556
80557
80558
80574
80585
80618
80638
80661
80680
80699
80701
80706
80717
80736
80737
80741
80742
80745
80748
80753
80757
80783
80785
80798
80800
80810
80825
80826
80829
80829
80854
80859
80869
80880
80885
80893
80904
80925
80944
80953
80958
80959
80959
80963
80967
80986
81007
81024
81032
81039
81041
81042
81053
81054
81057
81065
81081
81084
81119
81136
81143
81155
81161
81163
81175
81177
81201
81211
81240
81244
81258
81289
81324
81343
81349
81351
81359
81359
81376
81376
81385
81392
81395
81405
81445
81451
81457
81463
81465
81466
81467
81480
81482
81483
81490
81497
81512
81515
81517
81525
81550
81550
81555
81574
81577
81580
81581
81593
81620
81621
81648
81648
81656
81656
81672
81683
81685
81690
81713
81722
81737
81747
81752
81754
81783
81790
81795
81796
81801
81806
81815
81822
81831
81845
81850
81897
81900
81912
81922
81927
81935
81954
81960
81969
81998
82004
82007
82018
82021
82025
82035
82054
82077
82116
82128
82133
82139
82143
82157
82161
82166
82168
82171
82173
82176
82192
82201
82227
82229
82258
82259
82270
82271
82278
82287
82299
82306
82306
82308
82336
82352
82368
82372
82373
82374
82382
82383
82414
82415
82431
82433
82438
82441
82449
82469
82475
82479
82482
82493
82507
82531
82542
82546
82547
82547
82556
82585
82589
82604
82619
82632
82633
82634
82658
82667
82680
82691
82697
82698
82715
82716
82729
82750
82750
82752
82756
82763
82777
82788
82797
82806
82822
82824
82877
82883
82890
82891
82899
82903
82918
82930
82930
82935
82951
82957
82959
82963
82969
82970
82975
82978
82979
82996
82996
83002
83006
83013
83031
83052
83057
83062
83080
83084
83102
83108
83109
83118
83125
83126
83129
83131
83176
83181
83189
83197
83200
83202
83210
83226
83233
83234
83252
83265
83270
83271
83272
83273
83277
83282
83299
83299
83309
83314
83336
83366
83371
83384
83398
83407
83413
83418
83424
83430
83440
83442
83449
83450
83474
83497
83499
83505
83507
83555
83560
83567
83601
83616
83619
83622
83640
83646
83647
83654
83670
83682
83684
83687
83698
83699
83724
83774
83796
83803
83812
83814
83814
83820
83826
83839
83885
83890
83895
83896
83897
83900
83910
83911
83943
83945
83963
83978
83985
83990
83994
84016
84032
84055
84057
84076
84084
84088
84097
84114
84130
84137
84161
84166
84199
84214
84217
84241
84249
84252
84258
84261
84268
84311
84318
84339
84344
84357
84362
84363
84399
84407
84426
84427
84431
84432
84443
84448
84461
84465
84473
84474
84482
84484
84490
84500
84502
84513
84518
84523
84530
84535
84546
84552
84558
84565
84577
84578
84618
84619
84623
84632
84652
84654
84661
84667
84674
84677
84680
84683
84710
84713
84716
84728
84730
84743
84767
84788
84800
84801
84801
84806
84831
84840
84841
84878
84890
84891
84944
84948
84949
84968
84971
84976
84983
84989
85023
85024
85032
85051
85057
85078
85083
85118
85136
85136
85141
85144
85146
85166
85176
85199
85206
85208
85209
85209
85218
85224
85244
85258
85269
85270
85278
85294
85300
85302
85318
85339
85349
85356
85365
85371
85374
85403
85432
85449
85451
85483
85499
85500
85508
85513
85521
85523
85528
85536
85540
85563
85567
85586
85590
85626
85626
85630
85635
85654
85681
85701
85710
85738
85740
85759
85807
85834
85843
85844
85885
85891
85893
85893
85895
85906
85914
85925
85928
85940
85947
85950
85952
85962
85967
86002
86003
86012
86017
86031
86038
86040
86058
86080
86085
86105
86108
86157
86163
86179
86201
86211
86245
86274
86277
86277
86286
86290
86302
86303
86399
86423
86429
86433
86446
86471
86475
86476
86480
86504
86511
86543
86553
86554
86603
86603
86605
86618
86646
86666
86687
86705
86709
86734
86747
86748
86759
86760
86766
86770
86777
86777
86789
86807
86825
86839
86845
86846
86851
86872
86882
86886
86898
86902
86907
86932
86939
86958
86966
86968
86968
86971
86975
86979
86988
86997
87001
87026
87031
87035
87047
87054
87067
87067
87115
87129
87152
87153
87158
87173
87179
87208
87209
87221
87229
87240
87255
87281
87299
87299
87303
87317
87331
87344
87345
87353
87360
87371
87372
87389
87413
87415
87416
87419
87427
87427
87436
87436
87438
87450
87472
87473
87479
87488
87493
87515
87519
87521
87528
87551
87553
87557
87569
87599
87599
87626
87631
87632
87661
87661
87670
87698
87712
87720
87786
87795
87807
87810
87821
87842
87843
87862
87883
87883
87896
87944
87946
87946
87950
87962
87977
87977
87990
87997
87998
88018
88031
88043
88045
88052
88055
88059
88059
88061
88083
88086
88099
88108
88116
88126
88132
88138
88161
88171
88175
88189
88191
88211
88221
88221
88223
88226
88227
88235
88247
88256
88264
88271
88281
88289
88291
88295
88297
88314
88318
88318
88341
88348
88370
88379
88381
88403
88406
88406
88417
88423
88432
88449
88449
88475
88511
88520
88523
88530
88539
88545
88563
88564
88575
88579
88589
88614
88622
88624
88645
88649
88656
88672
88701
88710
88723
88737
88749
88780
88780
88788
88801
88810
88812
88817
88817
88845
88856
88857
88886
88909
88919
88953
88953
88954
88961
88988
89001
89050
89073
89086
89117
89125
89127
89131
89132
89143
89143
89165
89165
89178
89178
89185
89200
89201
89208
89217
89220
89231
89239
89252
89275
89279
89284
89306
89311
89317
89339
89342
89346
89349
89349
89359
89362
89366
89369
89377
89429
89431
89440
89440
89443
89456
89460
89483
89488
89493
89501
89510
89523
89538
89573
89577
89579
89580
89601
89607
89612
89624
89629
89662
89663
89689
89699
89699
89703
89720
89751
89755
89769
89780
89784
89784
89786
89788
89792
89797
89802
89808
89816
89850
89855
89868
89872
89879
89893
89904
89914
89922
89924
89939
89944
89957
89957
89958
89970
89984
89988
89992
90014
90018
90020
90037
90038
90038
90051
90052
90081
90093
90099
90121
90122
90159
90168
90170
90177
90199
90200
90207
90209
90211
90228
90242
90249
90256
90268
90268
90288
90293
90305
90316
90317
90353
90367
90372
90380
90395
90400
90410
90414
90422
90451
90455
90458
90462
90475
90501
90530
90538
90550
90567
90575
90583
90588
90610
90614
90617
90619
90623
90625
90631
90644
90645
90656
90672
90676
90683
90691
90704
90707
90713
90724
90736
90749
90787
90794
90804
90821
90821
90825
90833
90841
90845
90851
90860
90868
90884
90892
90901
90910
90911
90922
90923
90925
90936
90947
90950
90953
90955
90958
90965
90972
91014
91027
91045
91065
91075
91083
91085
91090
91106
91116
91122
91137
91143
91146
91146
91158
91162
91172
91185
91196
91199
91213
91262
91286
91337
91346
91347
91349
91383
91417
91418
91426
91441
91457
91468
91472
91482
91488
91492
91500
91505
91513
91522
91558
91571
91602
91604
91609
91619
91652
91656
91657
91701
91715
91725
91729
91743
91745
91748
91751
91761
91763
91769
91785
91789
91825
91845
91851
91852
91874
91876
91877
91880
91881
91925
91927
91942
91962
91984
91991
91994
92028
92032
92037
92038
92047
92047
92058
92066
92070
92100
92118
92129
92137
92138
92143
92151
92155
92161
92164
92172
92202
92229
92239
92249
92256
92259
92276
92277
92279
92287
92297
92336
92342
92347
92368
92381
92397
92400
92410
92416
92427
92456
92459
92465
92485
92488
92493
92495
92497
92510
92528
92529
92531
92533
92535
92547
92547
92548
92558
92589
92599
92611
92668
92671
92674
92682
92692
92695
92696
92702
92702
92716
92720
92724
92728
92731
92741
92751
92777
92807
92809
92816
92819
92852
92878
92879
92881
92886
92889
92918
92932
92954
92963
92966
92974
92999
93019
93033
93047
93077
93092
93092
93096
93098
93099
93108
93110
93113
93130
93139
93149
93153
93203
93216
93234
93239
93248
93248
93250
93255
93274
93286
93290
93291
93297
93302
93302
93324
93335
93373
93375
93384
93384
93384
93385
93390
93398
93412
93419
93426
93427
93446
93450
93459
93463
93463
93464
93470
93489
93490
93492
93501
93518
93521
93532
93538
93543
93561
93563
93565
93569
93573
93581
93599
93605
93609
93611
93611
93640
93652
93654
93656
93659
93664
93667
93682
93702
93723
93768
93782
93789
93822
93822
93838
93838
93841
93849
93871
93894
93901
93934
93936
93938
93940
93961
93969
93983
93996
94001
94003
94031
94057
94058
94065
94102
94130
94142
94151
94154
94167
94170
94171
94174
94176
94184
94191
94198
94202
94206
94207
94214
94216
94228
94235
94243
94267
94274
94278
94289
94291
94294
94328
94333
94334
94342
94342
94344
94346
94349
94351
94356
94374
94375
94383
94384
94385
94386
94387
94388
94393
94406
94418
94422
94456
94461
94478
94481
94495
94495
94512
94531
94538
94556
94583
94593
94608
94613
94620
94632
94675
94680
94680
94685
94695
94696
94716
94720
94722
94733
94744
94745
94753
94767
94776
94778
94790
94795
94799
94807
94818
94823
94854
94865
94873
94877
94885
94903
94917
94917
94923
94923
94924
94925
94928
94934
94942
94957
94961
94975
94983
94989
95015
95034
95048
95057
95066
95091
95106
95108
95118
95125
95130
95178
95178
95178
95183
95184
95197
95208
95210
95216
95224
95236
95253
95290
95291
95294
95294
95340
95354
95356
95366
95368
95375
95378
95388
95390
95393
95409
95418
95434
95437
95448
95451
95459
95463
95469
95481
95482
95491
95499
95506
95517
95530
95536
95588
95590
95592
95610
95623
95627
95653
95655
95687
95688
95690
95702
95707
95730
95732
95751
95760
95765
95783
95787
95799
95818
95820
95826
95834
95849
95864
95874
95875
95899
95899
95902
95916
95927
95933
95937
95971
95984
95984
96004
96009
96010
96012
96024
96052
96076
96083
96110
96124
96126
96130
96140
96161
96172
96203
96214
96226
96236
96248
96252
96266
96274
96283
96301
96306
96309
96318
96318
96318
96321
96324
96347
96362
96368
96382
96407
96416
96420
96424
96429
96434
96477
96501
96504
96505
96510
96516
96524
96528
96528
96536
96560
96567
96567
96575
96602
96605
96624
96625
96630
96634
96636
96637
96649
96655
96660
96662
96684
96702
96706
96737
96741
96743
96767
96783
96784
96787
96803
96806
96818
96818
96828
96855
96877
96880
96897
96926
96939
96954
96956
96956
96973
96975
96978
96994
97002
97008
97025
97026
97029
97037
97047
97057
97058
97058
97067
97070
97076
97094
97099
97101
97102
97116
97121
97133
97138
97139
97147
97149
97153
97170
97171
97174
97182
97183
97191
97193
97197
97200
97213
97226
97227
97227
97231
97276
97277
97287
97304
97318
97358
97374
97382
97383
97415
97429
97431
97432
97446
97453
97466
97482
97483
97485
97489
97499
97504
97545
97564
97566
97576
97579
97580
97581
97585
97595
97599
97602
97613
97613
97614
97639
97640
97643
97672
97675
97688
97689
97698
97714
97727
97730
97738
97759
97764
97768
97783
97841
97853
97863
97872
97876
97892
97898
97908
97910
97913
97917
97918
97927
97944
97954
97957
97957
97959
97962
97964
97972
98012
98016
98018
98028
98030
98047
98053
98054
98070
98103
98108
98109
98110
98113
98114
98119
98121
98126
98135
98137
98142
98154
98156
98156
98159
98178
98178
98200
98220
98227
98228
98243
98250
98252
98255
98264
98265
98270
98279
98290
98295
98312
98322
98332
98348
98348
98396
98430
98455
98469
98470
98472
98477
98487
98487
98500
98508
98513
98518
98540
98544
98549
98569
98571
98577
98583
98597
98600
98608
98639
98641
98642
98647
98671
98678
98679
98680
98697
98749
98754
98776
98788
98796
98797
98799
98802
98804
98809
98811
98829
98833
98840
98845
98847
98892
98902
98932
98944
98947
98984
98987
99006
99007
99008
99009
99032
99034
99051
99053
99056
99057
99098
99103
99104
99121
99122
99160
99165
99187
99196
99201
99203
99215
99216
99217
99230
99242
99265
99267
99269
99274
99278
99302
99312
99329
99350
99353
99359
99364
99368
99380
99380
99384
99420
99423
99438
99452
99459
99461
99464
99469
99470
99479
99485
99489
99493
99498
99503
99510
99520
99520
99522
99527
99528
99533
99539
99559
99564
99565
99573
99587
99601
99604
99605
99616
99631
99631
99637
99656
99658
99688
99689
99691
99694
99701
99716
99725
99736
99743
99744
99745
99749
99750
99753
99757
99760
99787
99789
99799
99800
99842
99848
99849
99853
99857
99870
99874
99880
99881
99886
99904
99910
99914
99919
99919
99947
99974
99974
99983
99995
