2
6
10
23
38
47
57
68
71
87
97
109
136
157
162
168
180
185
191
202
230
231
252
256
279
286
287
291
291
296
304
309
315
323
334
334
338
345
378
385
393
426
482
487
500
504
504
504
508
510
514
524
544
545
554
557
559
565
573
597
604
618
621
624
628
649
656
685
696
702
707
708
715
724
724
727
735
740
742
744
745
745
748
753
760
762
765
789
836
848
849
858
865
871
873
878
886
909
920
926
931
936
946
950
968
970
977
1013
1019
1020
1029
1045
1057
1058
1062
1077
1082
1084
1116
1116
1143
1145
1147
1160
1160
1162
1178
1189
1214
1223
1225
1251
1253
1270
1278
1282
1285
1289
1296
1319
1346
1352
1361
1363
1387
1417
1449
1460
1487
1497
1502
1520
1557
1576
1585
1592
1598
1602
1611
1612
1633
1670
1677
1703
1704
1713
1715
1729
1756
1757
1769
1770
1779
1784
1787
1791
1839
1850
1864
1865
1867
1878
1878
1886
1892
1912
1921
1921
1928
1940
1948
1953
1982
1985
1986
2009
2023
2031
2042
2043
2051
2053
2054
2074
2077
2090
2094
2127
2144
2147
2150
2151
2159
2161
2178
2198
2207
2209
2210
2218
2240
2245
2256
2281
2309
2319
2324
2339
2362
2363
2379
2385
2387
2389
2392
2394
2396
2405
2407
2419
2422
2462
2471
2472
2484
2492
2494
2517
2518
2519
2530
2557
2564
2577
2586
2600
2618
2620
2625
2635
2643
2681
2687
2695
2719
2724
2733
2737
2738
2758
2760
2773
2781
2786
2788
2796
2796
2805
2817
2825
2844
2867
2898
2924
2961
2983
2992
2993
2995
2995
3007
3011
3016
3021
3026
3030
3036
3044
3092
3096
3106
3121
3124
3141
3142
3142
3158
3164
3176
3201
3201
3205
3235
3238
3241
3253
3263
3283
3290
3310
3320
3324
3329
3335
3345
3348
3381
3389
3412
3417
3424
3442
3445
3452
3459
3474
3479
3480
3493
3498
3525
3540
3562
3594
3595
3603
3609
3612
3612
3621
3639
3643
3661
3690
3704
3704
3717
3749
3751
3755
3756
3763
3778
3788
3800
3819
3822
3841
3848
3867
3869
3871
3893
3905
3907
3915
3956
3961
3962
3971
3973
3988
3991
4010
4025
4045
4054
4059
4059
4072
4073
4074
4080
4095
4102
4113
4119
4127
4131
4144
4201
4203
4214
4218
4223
4224
4238
4239
4257
4260
4267
4294
4299
4306
4307
4325
4328
4332
4341
4376
4378
4395
4402
4409
4412
4425
4469
4503
4513
4519
4522
4533
4549
4550
4552
4555
4559
4563
4569
4593
4603
4617
4618
4625
4629
4632
4638
4643
4655
4665
4667
4675
4684
4700
4703
4710
4748
4764
4776
4790
4791
4792
4796
4803
4818
4819
4824
4833
4836
4856
4859
4873
4877
4887
4891
4902
4905
4913
4916
4918
4952
4969
4976
4982
4987
4991
4993
4994
5009
5016
5018
5025
5045
5049
5091
5100
5111
5126
5130
5143
5149
5150
5150
5169
5179
5195
5196
5218
5228
5258
5300
5303
5303
5318
5328
5335
5348
5358
5360
5360
5361
5379
5391
5394
5408
5410
5418
5429
5429
5433
5459
5463
5496
5498
5500
5538
5540
5558
5566
5568
5579
5595
5598
5600
5604
5609
5615
5626
5628
5629
5663
5663
5667
5669
5681
5688
5695
5698
5752
5780
5795
5808
5821
5837
5855
5858
5861
5861
5879
5893
5936
5940
5946
5996
6003
6035
6037
6062
6077
6084
6092
6095
6100
6109
6110
6117
6140
6180
6189
6202
6213
6226
6235
6251
6254
6277
6302
6308
6314
6338
6343
6354
6360
6417
6421
6439
6441
6446
6450
6450
6450
6477
6485
6490
6497
6504
6530
6538
6542
6557
6564
6573
6585
6587
6594
6600
6622
6625
6647
6671
6689
6746
6787
6795
6802
6810
6823
6834
6847
6853
6858
6867
6876
6879
6880
6888
6922
6931
6941
6943
6945
6950
6951
6971
6971
6980
6997
7002
7006
7007
7014
7016
7033
7041
7041
7043
7048
7048
7063
7063
7073
7097
7106
7113
7121
7124
7127
7130
7140
7162
7164
7166
7167
7177
7204
7210
7210
7211
7213
7219
7229
7252
7262
7264
7285
7302
7309
7324
7330
7337
7343
7348
7373
7375
7375
7382
7393
7394
7412
7421
7423
7454
7480
7489
7502
7503
7509
7509
7515
7515
7524
7525
7529
7530
7530
7544
7544
7545
7550
7558
7563
7573
7585
7586
7588
7596
7601
7625
7627
7630
7635
7638
7673
7693
7718
7724
7732
7739
7742
7745
7747
7748
7767
7783
7790
7802
7804
7807
7850
7854
7863
7871
7876
7891
7902
7912
7947
7949
7951
7955
7955
7957
7959
7966
7970
7984
7993
7996
8018
8049
8053
8053
8061
8091
8095
8098
8103
8129
8139
8144
8144
8186
8232
8239
8240
8244
8251
8257
8259
8264
8276
8313
8321
8322
8326
8337
8338
8344
8366
8369
8386
8391
8392
8400
8406
8415
8419
8428
8434
8435
8444
8463
8464
8497
8526
8531
8531
8536
8547
8556
8588
8591
8593
8598
8615
8647
8671
8679
8684
8687
8696
8700
8716
8727
8738
8745
8792
8795
8810
8819
8829
8842
8850
8851
8912
8926
8926
8927
8935
8979
9001
9023
9028
9031
9048
9049
9052
9066
9093
9097
9101
9109
9124
9127
9128
9141
9149
9150
9155
9155
9181
9186
9189
9208
9229
9231
9244
9253
9257
9267
9280
9288
9302
9335
9340
9342
9354
9355
9372
9380
9386
9391
9405
9415
9438
9443
9454
9466
9476
9504
9512
9514
9520
9529
9538
9546
9547
9559
9566
9574
9574
9621
9626
9629
9631
9632
9638
9639
9655
9670
9684
9691
9693
9712
9712
9719
9726
9731
9735
9744
9777
9786
9793
9830
9836
9849
9849
9864
9866
9870
9880
9880
9886
9888
9912
9926
9941
9951
9953
9966
9978
9984
9990
9999
10015
10016
10021
10040
10064
10086
10114
10117
10117
10118
10125
10126
10165
10174
10193
10198
10201
10201
10203
10216
10218
10230
10235
10270
10332
10336
10352
10373
10400
10402
10437
10466
10468
10486
10493
10502
10502
10507
10512
10514
10519
10525
10527
10529
10541
10559
10571
10577
10587
10592
10594
10634
10639
10648
10667
10668
10689
10717
10720
10721
10722
10732
10742
10773
10781
10789
10792
10795
10829
10833
10852
10874
10887
10888
10894
10910
10927
10931
10944
10948
10956
10961
10976
10977
10982
10991
11016
11021
11036
11039
11039
11046
11053
11054
11065
11074
11080
11081
11084
11084
11093
11098
11100
11110
11116
11117
11122
11132
11133
11138
11170
11188
11190
11191
11212
11215
11216
11225
11231
11269
11282
11284
11284
11316
11368
11403
11411
11418
11419
11434
11437
11454
11456
11464
11471
11474
11480
11484
11507
11513
11524
11530
11538
11539
11539
11543
11551
11564
11564
11607
11609
11618
11629
11636
11650
11682
11697
11709
11711
11711
11726
11726
11732
11765
11769
11773
11804
11805
11810
11821
11841
11850
11859
11876
11890
11902
11920
11928
11935
11936
11943
11944
11949
11970
11996
11998
12001
12003
12026
12030
12040
12043
12044
12059
12068
12076
12110
12129
12130
12130
12139
12151
12170
12171
12175
12176
12184
12219
12222
12234
12234
12240
12247
12263
12263
12295
12311
12316
12326
12342
12344
12348
12361
12374
12392
12393
12393
12397
12417
12464
12476
12488
12506
12511
12528
12529
12556
12557
12559
12563
12573
12586
12594
12598
12618
12629
12637
12641
12672
12672
12682
12685
12686
12698
12723
12737
12739
12745
12750
12765
12769
12781
12785
12787
12801
12819
12822
12823
12850
12857
12897
12898
12924
12925
12943
12955
12960
12971
12982
12985
12989
12990
13001
13009
13009
13010
13016
13027
13044
13045
13045
13047
13064
13087
13090
13096
13109
13110
13117
13151
13153
13168
13177
13185
13187
13192
13197
13206
13211
13229
13239
13250
13260
13271
13288
13289
13296
13307
13314
13327
13336
13354
13364
13373
13388
13389
13410
13418
13489
13497
13508
13529
13531
13545
13551
13551
13559
13565
13565
13570
13598
13612
13646
13650
13658
13659
13671
13675
13692
13699
13701
13703
13705
13717
13732
13738
13765
13781
13786
13790
13791
13799
13803
13835
13848
13853
13882
13884
13894
13904
13904
13917
13928
13933
13945
13947
13960
13961
13971
13993
13995
13998
14003
14004
14018
14023
14033
14053
14057
14073
14079
14085
14087
14096
14102
14109
14110
14111
14124
14124
14127
14132
14133
14133
14135
14136
14153
14159
14169
14204
14206
14207
14208
14211
14213
14214
14215
14216
14219
14232
14233
14245
14255
14256
14257
14268
14282
14311
14314
14315
14335
14336
14339
14351
14388
14391
14392
14420
14430
14451
14466
14470
14470
14475
14484
14494
14502
14524
14527
14528
14544
14550
14562
14579
14595
14598
14601
14617
14626
14647
14670
14671
14671
14680
14702
14703
14708
14722
14737
14740
14749
14750
14758
14796
14811
14829
14829
14829
14832
14836
14838
14845
14873
14889
14909
14920
14940
14974
14983
14986
15017
15029
15031
15040
15045
15046
15046
15059
15068
15086
15087
15087
15106
15132
15135
15140
15145
15146
15148
15149
15149
15180
15202
15207
15220
15224
15257
15258
15267
15276
15293
15301
15325
15332
15348
15386
15405
15432
15435
15460
15462
15476
15487
15493
15509
15515
15524
15547
15554
15554
15575
15586
15588
15611
15614
15614
15619
15623
15626
15635
15646
15651
15672
15672
15681
15688
15699
15714
15720
15731
15740
15743
15746
15747
15749
15752
15753
15759
15783
15799
15801
15812
15824
15834
15847
15848
15871
15911
15920
15927
15934
15954
15960
15964
15972
15975
15979
15982
15987
15991
16003
16006
16007
16009
16027
16028
16054
16058
16065
16093
16097
16101
16105
16118
16123
16124
16145
16179
16200
16205
16221
16233
16233
16239
16253
16263
16283
16306
16319
16343
16347
16348
16358
16360
16371
16388
16397
16403
16406
16419
16424
16425
16433
16438
16446
16451
16453
16461
16464
16465
16470
16490
16493
16498
16501
16505
16510
16511
16521
16524
16528
16540
16562
16565
16573
16577
16582
16593
16610
16624
16639
16670
16674
16691
16694
16700
16704
16725
16729
16756
16773
16776
16793
16809
16843
16862
16881
16906
16929
16936
16939
16941
16947
16962
16965
16982
16990
17040
17041
17043
17064
17075
17087
17106
17108
17114
17121
17126
17131
17134
17137
17144
17150
17153
17169
17171
17181
17192
17209
17234
17237
17237
17254
17273
17280
17321
17327
17341
17351
17376
17398
17406
17441
17447
17448
17450
17478
17489
17491
17499
17516
17526
17529
17530
17540
17544
17552
17558
17565
17580
17585
17621
17633
17634
17657
17660
17667
17693
17703
17706
17716
17718
17753
17757
17765
17770
17777
17792
17814
17827
17834
17844
17855
17888
17889
17906
17923
17929
17933
17941
17942
17951
17957
17969
17978
17992
17994
17994
18010
18018
18026
18026
18031
18036
18051
18054
18057
18059
18081
18082
18092
18099
18114
18135
18138
18140
18141
18146
18148
18158
18163
18174
18198
18231
18238
18239
18240
18250
18252
18254
18259
18265
18268
18278
18285
18296
18327
18348
18355
18357
18359
18362
18377
18409
18412
18416
18420
18431
18434
18443
18447
18458
18474
18476
18495
18505
18508
18516
18518
18522
18539
18540
18542
18561
18567
18571
18573
18587
18598
18600
18612
18632
18641
18651
18661
18687
18694
18697
18706
18711
18718
18722
18722
18734
18744
18753
18757
18804
18824
18825
18848
18857
18864
18878
18891
18904
18924
18925
18937
18967
18973
18975
18981
18982
18991
19008
19009
19031
19039
19047
19062
19063
19063
19065
19067
19075
19097
19108
19146
19163
19168
19180
19209
19212
19234
19239
19248
19255
19263
19268
19275
19281
19288
19302
19305
19330
19340
19371
19377
19378
19379
19384
19394
19429
19432
19445
19453
19455
19463
19474
19488
19495
19512
19517
19522
19523
19532
19534
19540
19551
19565
19566
19577
19583
19589
19609
19614
19620
19627
19628
19634
19645
19659
19675
19690
19690
19695
19703
19707
19709
19719
19729
19729
19730
19730
19744
19746
19751
19761
19761
19783
19789
19790
19795
19804
19817
19821
19868
19870
19892
19895
19896
19898
19907
19912
19919
19920
19966
19966
19972
19975
19978
19985
19989
20011
20037
20054
20058
20060
20064
20075
20089
20120
20121
20122
20123
20123
20138
20140
20149
20156
20156
20160
20187
20221
20238
20241
20244
20249
20251
20261
20261
20285
20290
20316
20316
20317
20321
20326
20329
20329
20337
20346
20346
20346
20366
20370
20397
20405
20407
20415
20442
20447
20461
20475
20508
20509
20516
20551
20562
20567
20586
20588
20599
20606
20607
20610
20619
20630
20630
20633
20648
20658
20688
20692
20694
20702
20729
20729
20732
20733
20742
20757
20786
20787
20787
20787
20789
20805
20827
20831
20834
20846
20846
20847
20872
20879
20884
20884
20889
20893
20903
20904
20917
20938
20939
20940
20941
20948
20962
20967
20978
21005
21014
21042
21050
21054
21056
21104
21110
21111
21132
21141
21146
21184
21198
21210
21222
21234
21241
21247
21252
21257
21271
21277
21282
21290
21313
21315
21322
21335
21346
21347
21376
21377
21388
21395
21407
21415
21436
21437
21443
21443
21445
21500
21506
21514
21518
21520
21529
21537
21549
21553
21554
21555
21595
21600
21619
21645
21650
21652
21673
21687
21689
21700
21732
21741
21755
21761
21772
21781
21797
21800
21811
21816
21817
21823
21839
21840
21843
21850
21868
21874
21881
21925
21933
21958
21979
21995
22005
22024
22027
22075
22083
22097
22098
22100
22105
22107
22113
22123
22139
22149
22155
22161
22177
22178
22184
22192
22217
22236
22262
22264
22264
22284
22300
22304
22317
22323
22330
22335
22336
22342
22367
22388
22406
22413
22419
22445
22445
22451
22517
22523
22541
22553
22560
22566
22567
22576
22595
22601
22615
22617
22617
22629
22632
22642
22649
22680
22684
22698
22699
22741
22746
22756
22764
22779
22784
22786
22800
22803
22828
22851
22859
22861
22882
22906
22916
22919
22930
22947
22958
22963
22966
22967
22987
22997
23003
23007
23012
23024
23025
23028
23029
23030
23038
23041
23042
23045
23048
23053
23077
23079
23079
23087
23089
23097
23097
23112
23113
23117
23129
23140
23149
23171
23175
23192
23203
23203
23210
23216
23259
23277
23288
23290
23349
23375
23383
23393
23398
23398
23403
23432
23445
23450
23451
23454
23472
23481
23502
23506
23514
23550
23555
23567
23571
23578
23589
23608
23622
23626
23657
23665
23695
23745
23753
23761
23772
23787
23810
23811
23816
23823
23827
23830
23835
23835
23842
23849
23855
23861
23873
23883
23888
23894
23896
23905
23923
23932
23942
23973
23978
23998
24002
24007
24011
24018
24021
24053
24056
24075
24091
24115
24138
24141
24172
24191
24207
24216
24221
24226
24244
24247
24249
24249
24258
24282
24282
24286
24293
24318
24349
24357
24369
24378
24379
24387
24406
24416
24420
24430
24445
24457
24468
24488
24495
24502
24508
24518
24522
24525
24533
24547
24555
24560
24562
24573
24604
24607
24626
24649
24675
24703
24703
24722
24727
24734
24747
24750
24757
24758
24761
24764
24767
24772
24783
24787
24809
24845
24856
24860
24877
24883
24886
24890
24908
24922
24943
24943
24944
24953
24969
24979
24985
24987
24990
25007
25008
25018
25039
25065
25070
25082
25083
25084
25085
25091
25123
25129
25133
25134
25140
25141
25145
25168
25169
25174
25181
25182
25187
25194
25234
25234
25239
25269
25272
25272
25276
25276
25299
25315
25319
25336
25360
25370
25376
25378
25380
25392
25405
25410
25411
25436
25477
25490
25539
25544
25578
25583
25584
25595
25595
25636
25643
25652
25654
25680
25702
25703
25711
25721
25727
25731
25745
25755
25761
25763
25767
25780
25795
25798
25817
25826
25864
25878
25879
25887
25900
25924
25927
25945
25964
25971
25998
26011
26029
26031
26043
26058
26071
26078
26090
26109
26114
26126
26144
26152
26163
26170
26180
26197
26199
26205
26206
26209
26216
26223
26230
26230
26260
26265
26271
26310
26313
26336
26350
26351
26354
26357
26360
26366
26368
26387
26398
26400
26434
26440
26442
26480
26525
26531
26538
26559
26559
26561
26570
26583
26604
26609
26609
26623
26627
26630
26638
26658
26660
26670
26686
26688
26706
26719
26743
26745
26750
26750
26751
26765
26799
26820
26822
26833
26857
26859
26874
26889
26930
26940
26956
26968
26978
26981
26983
26984
26984
26985
26992
26998
27001
27009
27048
27053
27063
27068
27098
27121
27124
27139
27144
27160
27161
27163
27178
27196
27201
27209
27210
27212
27213
27216
27222
27224
27252
27263
27279
27289
27289
27317
27342
27342
27353
27364
27366
27367
27373
27391
27397
27425
27444
27496
27519
27536
27537
27541
27541
27552
27552
27566
27575
27593
27621
27631
27637
27658
27674
27678
27695
27698
27725
27733
27752
27753
27762
27765
27774
27776
27786
27793
27795
27799
27803
27805
27809
27810
27819
27823
27859
27860
27863
27867
27885
27886
27917
27936
27990
27990
28019
28022
28037
28041
28080
28083
28088
28099
28131
28134
28134
28136
28147
28153
28155
28159
28165
28175
28179
28184
28184
28219
28222
28223
28233
28259
28269
28303
28306
28318
28322
28323
28331
28332
28348
28348
28357
28367
28367
28367
28382
28392
28398
28399
28402
28404
28430
28433
28464
28470
28474
28498
28509
28516
28517
28533
28543
28544
28550
28558
28573
28618
28618
28621
28631
28635
28682
28700
28707
28712
28715
28721
28721
28721
28722
28731
28744
28748
28770
28777
28821
28824
28827
28867
28886
28887
28896
28898
28898
28907
28908
28928
28931
28934
28936
28943
28949
28959
28967
28968
28974
28993
29000
29002
29007
29028
29028
29029
29037
29039
29064
29072
29075
29077
29081
29101
29130
29130
29137
29145
29146
29150
29151
29155
29175
29177
29180
29181
29182
29182
29189
29197
29205
29208
29223
29224
29224
29233
29237
29273
29273
29291
29298
29302
29305
29310
29310
29315
29346
29365
29370
29379
29386
29396
29434
29450
29457
29458
29485
29494
29495
29501
29502
29504
29514
29526
29558
29564
29589
29592
29598
29622
29627
29632
29639
29651
29663
29671
29687
29708
29718
29723
29767
29788
29797
29800
29814
29835
29856
29860
29873
29880
29889
29892
29896
29921
29949
29951
29966
29969
30028
30088
30095
30096
30102
30108
30109
30118
30139
30139
30157
30166
30173
30176
30179
30183
30192
30193
30198
30201
30235
30236
30237
30269
30269
30282
30312
30337
30338
30343
30343
30354
30360
30365
30371
30372
30372
30383
30393
30395
30399
30403
30406
30423
30452
30478
30479
30493
30503
30515
30515
30525
30531
30536
30537
30539
30539
30547
30550
30559
30562
30571
30577
30580
30584
30586
30592
30605
30611
30616
30624
30629
30640
30649
30665
30688
30707
30712
30714
30726
30740
30745
30761
30767
30781
30781
30800
30810
30843
30854
30873
30874
30894
30922
30929
30942
30944
30948
30953
30957
30961
30978
30992
31002
31021
31027
31029
31037
31046
31050
31051
31104
31107
31108
31114
31117
31157
31171
31199
31206
31208
31230
31238
31250
31261
31294
31315
31330
31351
31352
31352
31353
31354
31361
31373
31376
31426
31432
31441
31451
31453
31460
31464
31481
31482
31492
31493
31500
31505
31509
31514
31524
31527
31550
31553
31556
31563
31569
31575
31614
31624
31625
31626
31628
31631
31637
31664
31664
31681
31693
31698
31698
31706
31710
31715
31734
31737
31742
31757
31759
31765
31769
31788
31794
31801
31801
31815
31816
31818
31824
31828
31830
31844
31854
31857
31858
31900
31905
31925
31925
31927
31941
31946
31952
31958
31964
31965
31965
31965
31968
31971
31976
31983
31986
31990
31996
31996
32013
32013
32018
32034
32037
32048
32049
32051
32057
32060
32073
32103
32125
32136
32147
32160
32165
32173
32177
32179
32191
32192
32201
32204
32237
32242
32248
32262
32270
32273
32290
32294
32294
32314
32314
32319
32327
32345
32350
32355
32360
32361
32372
32374
32397
32397
32409
32410
32425
32430
32441
32441
32456
32473
32474
32489
32496
32499
32508
32514
32515
32520
32525
32529
32580
32588
32597
32598
32622
32638
32646
32666
32676
32677
32694
32704
32706
32709
32718
32719
32737
32741
32742
32744
32762
32783
32789
32797
32802
32821
32830
32834
32836
32840
32857
32859
32860
32874
32875
32893
32898
32910
32915
32917
32930
32945
32948
32952
32969
32977
32983
33015
33034
33038
33043
33051
33053
33068
33084
33100
33108
33125
33137
33175
33180
33185
33188
33193
33195
33225
33237
33240
33243
33265
33275
33286
33296
33310
33313
33319
33337
33358
33361
33384
33387
33389
33414
33416
33446
33449
33454
33468
33475
33486
33487
33506
33518
33552
33553
33556
33568
33573
33594
33606
33615
33617
33617
33618
33619
33634
33657
33665
33670
33682
33689
33699
33730
33742
33766
33770
33772
33792
33805
33813
33815
33822
33834
33834
33848
33867
33867
33883
33894
33896
33897
33897
33903
33903
33910
33911
33914
33941
33948
33950
33961
33971
33973
33979
33983
33986
33993
33999
34005
34013
34040
34042
34047
34059
34068
34076
34080
34105
34107
34120
34135
34139
34159
34169
34172
34186
34192
34198
34216
34230
34234
34247
34265
34268
34277
34290
34297
34306
34312
34315
34323
34329
34338
34341
34342
34350
34388
34391
34398
34408
34424
34431
34432
34447
34452
34465
34473
34495
34506
34522
34524
34531
34535
34543
34549
34553
34563
34564
34569
34578
34580
34581
34593
34595
34630
34631
34633
34636
34643
34648
34649
34650
34651
34658
34678
34681
34698
34708
34718
34720
34722
34726
34732
34737
34744
34750
34758
34775
34781
34796
34810
34812
34816
34817
34829
34867
34873
34874
34878
34883
34910
34910
34913
34934
34954
34974
34991
35017
35018
35024
35028
35040
35047
35058
35063
35074
35101
35102
35105
35123
35129
35130
35152
35186
35197
35200
35201
35207
35212
35212
35219
35250
35252
35256
35259
35274
35282
35307
35310
35313
35315
35316
35372
35388
35391
35393
35399
35401
35433
35464
35481
35494
35497
35501
35509
35511
35514
35515
35516
35521
35532
35533
35544
35549
35554
35558
35561
35586
35589
35615
35617
35617
35623
35631
35649
35654
35656
35661
35661
35664
35670
35672
35672
35678
35682
35688
35696
35708
35710
35721
35738
35740
35748
35754
35760
35778
35782
35800
35810
35822
35823
35825
35827
35858
35859
35871
35874
35885
35890
35902
35916
35926
35931
35953
35968
35975
35977
35986
35994
36000
36025
36030
36043
36044
36052
36089
36096
36108
36137
36141
36150
36159
36160
36171
36209
36209
36211
36215
36225
36229
36230
36238
36242
36249
36255
36269
36276
36277
36290
36294
36296
36298
36318
36327
36330
36336
36344
36354
36382
36383
36395
36406
36413
36442
36445
36456
36457
36486
36487
36487
36490
36494
36500
36503
36546
36546
36552
36578
36582
36585
36603
36612
36613
36613
36623
36624
36624
36627
36638
36643
36658
36662
36664
36671
36690
36692
36716
36726
36727
36734
36771
36776
36785
36785
36787
36788
36796
36805
36805
36818
36829
36842
36868
36868
36899
36906
36919
36925
36927
36938
36959
36965
36969
36972
36995
37003
37005
37006
37021
37038
37042
37042
37059
37065
37068
37071
37074
37080
37082
37111
37114
37117
37127
37135
37137
37144
37166
37176
37179
37190
37197
37204
37213
37219
37262
37267
37273
37300
37301
37306
37307
37308
37338
37340
37349
37365
37374
37375
37399
37403
37404
37431
37442
37486
37513
37524
37529
37531
37532
37538
37552
37552
37561
37565
37580
37583
37596
37600
37604
37605
37616
37619
37636
37650
37651
37653
37657
37665
37683
37683
37697
37701
37702
37723
37726
37732
37741
37751
37764
37771
37780
37788
37810
37813
37819
37841
37843
37864
37871
37878
37904
37906
37908
37914
37920
37923
37924
37935
37966
37967
37984
38028
38029
38032
38092
38093
38097
38099
38110
38125
38161
38189
38206
38208
38243
38255
38268
38272
38276
38317
38324
38331
38341
38344
38348
38351
38363
38365
38371
38381
38382
38386
38394
38397
38424
38437
38455
38484
38495
38495
38496
38512
38520
38526
38532
38569
38573
38575
38576
38586
38598
38626
38628
38630
38635
38641
38646
38665
38668
38689
38706
38707
38707
38722
38737
38739
38742
38742
38806
38810
38813
38826
38833
38837
38847
38852
38871
38880
38883
38899
38915
38916
38922
38934
38944
38945
38965
38970
38993
38996
39005
39010
39026
39045
39060
39069
39072
39081
39082
39088
39095
39102
39115
39141
39147
39171
39206
39239
39250
39255
39262
39266
39315
39319
39330
39333
39356
39376
39378
39392
39417
39428
39428
39428
39449
39455
39466
39486
39488
39494
39494
39497
39503
39528
39572
39587
39596
39602
39602
39615
39630
39634
39644
39647
39664
39692
39694
39697
39718
39724
39743
39745
39746
39766
39768
39794
39802
39802
39826
39854
39855
39860
39868
39874
39876
39881
39881
39882
39887
39942
39942
39945
39945
39961
39969
39972
39976
39988
39997
40019
40048
40050
40051
40054
40055
40098
40113
40114
40116
40128
40131
40147
40154
40156
40164
40197
40223
40227
40227
40228
40234
40239
40243
40269
40273
40277
40280
40282
40306
40310
40316
40321
40326
40327
40328
40331
40353
40357
40359
40375
40382
40383
40386
40403
40405
40411
40421
40445
40455
40459
40473
40481
40489
40491
40495
40501
40504
40511
40525
40529
40537
40577
40583
40586
40595
40597
40615
40627
40637
40643
40653
40653
40658
40659
40661
40668
40671
40690
40714
40735
40745
40750
40771
40774
40777
40802
40805
40810
40826
40852
40860
40887
40888
40893
40898
40910
40917
40925
40929
40936
40936
40962
40964
41018
41025
41042
41070
41071
41079
41083
41089
41105
41108
41113
41131
41144
41148
41158
41159
41181
41191
41197
41215
41234
41241
41271
41272
41279
41286
41287
41295
41296
41312
41319
41325
41338
41352
41367
41377
41381
41382
41402
41407
41407
41408
41410
41418
41420
41422
41423
41435
41441
41443
41446
41456
41458
41461
41467
41481
41506
41508
41511
41522
41536
41548
41577
41579
41588
41594
41608
41640
41640
41650
41651
41658
41676
41701
41706
41710
41719
41720
41720
41737
41742
41747
41754
41766
41771
41772
41772
41776
41787
41789
41798
41806
41808
41813
41824
41832
41834
41849
41893
41896
41898
41905
41908
41924
41937
41960
41962
41963
41993
42010
42035
42039
42056
42076
42092
42093
42101
42124
42139
42150
42168
42171
42171
42172
42176
42180
42181
42186
42201
42204
42205
42207
42241
42243
42244
42256
42282
42319
42328
42337
42345
42348
42380
42394
42413
42436
42460
42469
42471
42473
42479
42485
42499
42505
42523
42540
42551
42552
42553
42558
42567
42569
42571
42587
42588
42595
42607
42616
42630
42637
42647
42660
42663
42679
42706
42710
42724
42730
42733
42744
42748
42780
42782
42794
42797
42804
42859
42860
42883
42890
42891
42892
42905
42921
42928
42933
42937
42971
42972
42977
42984
42988
43022
43041
43052
43063
43063
43086
43087
43112
43121
43135
43161
43166
43172
43181
43186
43197
43221
43226
43226
43231
43244
43253
43255
43257
43271
43292
43303
43314
43325
43336
43357
43367
43386
43404
43427
43433
43435
43436
43464
43465
43499
43531
43553
43554
43556
43556
43563
43588
43594
43608
43611
43659
43666
43674
43689
43701
43701
43710
43716
43722
43737
43742
43743
43758
43774
43784
43793
43817
43817
43818
43826
43851
43872
43883
43888
43890
43893
43899
43918
43926
43930
43936
43944
43951
43970
43984
43991
43992
44009
44011
44011
44020
44032
44045
44077
44098
44103
44105
44121
44147
44160
44185
44186
44191
44204
44205
44218
44231
44236
44246
44246
44250
44266
44274
44275
44277
44291
44302
44307
44310
44319
44330
44335
44338
44341
44356
44360
44363
44373
44373
44385
44391
44394
44401
44406
44411
44416
44437
44446
44450
44471
44496
44499
44515
44532
44544
44545
44546
44548
44558
44560
44565
44565
44567
44575
44582
44602
44608
44613
44613
44617
44619
44622
44625
44632
44636
44636
44676
44692
44695
44697
44701
44702
44707
44713
44721
44750
44760
44772
44784
44785
44807
44817
44829
44836
44854
44858
44858
44897
44907
44909
44917
44918
44932
44934
44973
44977
44985
44985
44995
45003
45005
45011
45021
45051
45068
45069
45073
45092
45096
45098
45104
45140
45157
45157
45166
45170
45172
45173
45184
45188
45234
45236
45245
45246
45251
45266
45271
45282
45284
45292
45300
45306
45310
45319
45325
45379
45387
45419
45423
45434
45438
45438
45467
45468
45469
45485
45490
45503
45510
45512
45512
45516
45517
45530
45531
45539
45544
45545
45549
45554
45564
45579
45580
45581
45591
45635
45645
45660
45666
45702
45710
45714
45719
45729
45749
45767
45785
45790
45803
45805
45817
45839
45839
45859
45868
45882
45882
45894
45905
45921
45928
45932
45944
45946
45951
45953
45968
45969
45985
45994
46010
46010
46033
46035
46047
46048
46065
46085
46090
46095
46104
46117
46117
46120
46160
46160
46168
46191
46192
46229
46249
46263
46269
46270
46281
46285
46286
46302
46315
46316
46328
46328
46333
46351
46353
46359
46359
46375
46378
46380
46410
46410
46411
46450
46451
46452
46452
46471
46484
46492
46498
46511
46512
46514
46520
46520
46532
46535
46543
46545
46550
46571
46577
46580
46581
46591
46594
46598
46602
46607
46623
46639
46649
46674
46683
46694
46708
46734
46745
46746
46771
46777
46807
46832
46837
46853
46864
46865
46878
46884
46892
46905
46916
46927
46935
46947
46969
46975
46983
47009
47010
47022
47023
47031
47056
47059
47063
47071
47088
47104
47114
47118
47137
47149
47161
47171
47175
47200
47230
47254
47259
47282
47283
47306
47313
47314
47328
47333
47342
47358
47365
47371
47388
47392
47398
47410
47429
47458
47458
47464
47471
47473
47477
47478
47480
47488
47495
47499
47506
47544
47569
47572
47572
47574
47596
47596
47622
47646
47646
47651
47681
47688
47698
47711
47714
47718
47728
47746
47752
47755
47786
47805
47812
47821
47840
47848
47862
47866
47870
47878
47880
47882
47888
47893
47895
47904
47915
47963
47981
47998
48005
48005
48009
48012
48013
48021
48023
48026
48026
48032
48055
48056
48058
48067
48091
48091
48123
48136
48140
48176
48177
48198
48215
48220
48224
48240
48244
48254
48255
48255
48263
48273
48277
48291
48298
48307
48310
48317
48319
48323
48325
48336
48336
48377
48379
48397
48433
48444
48503
48524
48525
48536
48537
48539
48552
48553
48558
48563
48570
48577
48581
48584
48588
48601
48601
48618
48618
48632
48644
48646
48646
48670
48676
48677
48688
48690
48702
48717
48717
48720
48731
48766
48772
48775
48780
48783
48815
48825
48828
48830
48830
48833
48835
48841
48877
48882
48890
48893
48908
48912
48917
48928
48941
48947
48952
48954
48955
48961
48976
48999
49002
49002
49002
49009
49033
49056
49056
49067
49087
49093
49103
49118
49119
49152
49162
49177
49206
49231
49249
49257
49271
49294
49309
49323
49332
49355
49362
49369
49375
49430
49441
49443
49443
49446
49449
49465
49486
49487
49520
49530
49530
49532
49534
49548
49553
49559
49562
49584
49591
49592
49594
49596
49609
49611
49612
49628
49634
49635
49637
49668
49668
49680
49685
49686
49707
49720
49733
49736
49740
49742
49752
49774
49776
49787
49787
49794
49803
49810
49817
49832
49836
49838
49861
49874
49888
49897
49912
49914
49917
49920
49923
49929
49930
49942
49948
49973
49982
49991
49995
49997
50009
50023
50024
50028
50031
50035
50040
50042
50052
50055
50059
50067
50074
50084
50093
50114
50114
50120
50120
50122
50123
50148
50157
50168
50168
50179
50179
50217
50223
50245
50281
50282
50305
50311
50324
50341
50349
50356
50357
50358
50360
50367
50374
50377
50397
50423
50425
50432
50460
50500
50503
50506
50522
50539
50550
50550
50557
50563
50577
50586
50602
50615
50632
50652
50663
50664
50670
50671
50676
50682
50687
50693
50700
50706
50730
50740
50748
50752
50768
50774
50776
50777
50781
50789
50793
50800
50815
50823
50826
50830
50832
50841
50842
50846
50869
50870
50874
50911
50912
50913
50924
50934
50950
50953
50963
50979
50989
51000
51004
51007
51008
51043
51044
51045
51051
51052
51083
51085
51090
51111
51119
51126
51135
51152
51159
51163
51175
51190
51195
51196
51205
51210
51214
51224
51226
51227
51238
51249
51260
51292
51308
51336
51367
51382
51394
51395
51399
51407
51418
51428
51440
51451
51459
51459
51468
51468
51477
51480
51482
51483
51484
51504
51514
51544
51546
51551
51556
51575
51584
51591
51596
51597
51601
51619
51625
51635
51636
51643
51644
51655
51674
51702
51708
51714
51728
51731
51738
51739
51739
51740
51757
51761
51762
51777
51782
51792
51805
51806
51809
51810
51811
51817
51821
51824
51836
51848
51854
51882
51888
51890
51903
51911
51936
51962
51973
51990
52005
52029
52044
52069
52075
52077
52091
52114
52119
52122
52146
52165
52166
52172
52209
52228
52236
52241
52242
52245
52283
52285
52289
52292
52295
52295
52301
52313
52323
52332
52337
52343
52346
52353
52370
52386
52400
52406
52406
52412
52426
52432
52448
52488
52496
52500
52517
52531
52559
52573
52578
52583
52592
52608
52620
52623
52629
52636
52647
52671
52672
52700
52701
52704
52713
52714
52715
52717
52718
52721
52733
52733
52734
52739
52747
52748
52750
52752
52752
52755
52756
52769
52783
52787
52802
52810
52810
52816
52818
52825
52839
52851
52859
52862
52889
52904
52908
52927
52933
52953
52975
52976
52981
52995
52996
52999
53021
53042
53052
53078
53099
53110
53116
53133
53141
53145
53151
53161
53179
53180
53199
53219
53230
53235
53241
53243
53246
53249
53251
53253
53257
53270
53306
53324
53332
53337
53345
53351
53363
53369
53380
53389
53405
53409
53411
53417
53423
53440
53444
53445
53457
53495
53505
53507
53538
53539
53566
53567
53578
53587
53592
53595
53605
53661
53681
53685
53721
53731
53742
53742
53749
53774
53775
53781
53795
53796
53801
53806
53814
53825
53826
53833
53848
53861
53869
53872
53873
53899
53903
53917
53921
53955
53957
53957
53962
53967
53969
53973
53996
53999
54001
54018
54028
54038
54059
54060
54066
54067
54077
54082
54092
54104
54106
54109
54130
54141
54144
54149
54179
54181
54193
54202
54202
54204
54207
54212
54219
54234
54235
54261
54269
54284
54288
54298
54309
54321
54324
54328
54331
54341
54343
54349
54350
54358
54366
54388
54414
54426
54441
54457
54471
54487
54494
54496
54497
54514
54521
54521
54537
54541
54548
54557
54571
54590
54607
54608
54611
54615
54622
54626
54629
54630
54643
54660
54660
54674
54684
54686
54720
54755
54781
54784
54791
54799
54808
54834
54837
54840
54851
54865
54871
54872
54874
54876
54884
54888
54890
54893
54922
54932
54934
54936
54945
54957
54960
54962
54968
54983
54984
54996
54997
55006
55012
55036
55052
55053
55058
55060
55071
55078
55097
55106
55111
55133
55135
55141
55141
55153
55200
55206
55206
55213
55232
55241
55273
55308
55309
55322
55325
55332
55333
55370
55374
55377
55396
55397
55452
55462
55463
55475
55479
55487
55514
55532
55533
55541
55542
55567
55585
55615
55629
55647
55653
55667
55755
55756
55757
55757
55793
55797
55800
55811
55825
55836
55840
55845
55855
55855
55887
55887
55893
55893
55894
55899
55915
55928
55931
55934
55964
55966
55973
55977
55990
56001
56017
56018
56029
56034
56043
56046
56053
56053
56069
56090
56111
56118
56120
56134
56140
56144
56146
56184
56187
56200
56212
56220
56237
56250
56251
56284
56284
56289
56295
56301
56308
56342
56343
56347
56349
56370
56376
56385
56393
56396
56401
56408
56433
56441
56486
56500
56513
56516
56516
56521
56526
56529
56549
56562
56569
56570
56575
56578
56579
56581
56585
56590
56644
56654
56658
56669
56684
56692
56708
56711
56717
56726
56734
56736
56737
56741
56748
56751
56752
56759
56759
56777
56777
56782
56785
56793
56818
56830
56833
56837
56838
56839
56848
56859
56864
56865
56878
56880
56883
56891
56909
56915
56933
56948
56955
56959
56984
57030
57054
57056
57064
57065
57070
57086
57106
57107
57113
57116
57120
57127
57152
57169
57174
57176
57177
57209
57216
57226
57233
57239
57241
57245
57262
57266
57271
57272
57275
57288
57295
57297
57309
57311
57312
57313
57323
57334
57349
57359
57369
57381
57387
57389
57400
57402
57421
57429
57431
57432
57432
57446
57450
57454
57455
57459
57460
57466
57472
57473
57475
57478
57489
57499
57507
57507
57513
57518
57518
57521
57525
57527
57531
57540
57541
57553
57571
57574
57607
57611
57617
57623
57626
57642
57649
57649
57669
57672
57677
57680
57686
57687
57693
57703
57723
57725
57751
57758
57760
57766
57772
57783
57827
57836
57838
57867
57882
57884
57899
57915
57915
57924
57925
57930
57939
57959
58012
58016
58021
58026
58070
58074
58077
58097
58108
58112
58142
58144
58144
58150
58165
58171
58172
58184
58189
58199
58211
58214
58219
58220
58230
58231
58235
58243
58248
58268
58288
58297
58310
58326
58330
58332
58342
58347
58354
58375
58396
58415
58420
58430
58443
58447
58453
58477
58483
58494
58500
58504
58510
58516
58524
58537
58585
58598
58599
58601
58615
58619
58631
58638
58648
58670
58690
58712
58723
58723
58725
58729
58747
58782
58792
58795
58796
58833
58859
58872
58886
58934
58937
58941
58944
58946
58946
58954
58955
58964
58974
59004
59020
59028
59059
59062
59065
59066
59089
59094
59122
59122
59128
59134
59135
59163
59188
59217
59223
59224
59230
59234
59287
59313
59317
59323
59325
59348
59374
59381
59387
59400
59412
59417
59419
59427
59436
59444
59451
59458
59477
59481
59485
59485
59503
59531
59534
59560
59564
59564
59567
59567
59583
59605
59618
59633
59636
59641
59657
59671
59678
59682
59687
59688
59691
59693
59695
59705
59725
59738
59748
59763
59775
59779
59779
59781
59784
59790
59801
59808
59824
59825
59825
59853
59869
59884
59902
59903
59906
59919
59934
59939
59940
59941
59944
59966
59971
59972
60004
60006
60007
60034
60046
60049
60060
60061
60066
60086
60088
60118
60131
60131
60133
60140
60145
60155
60172
60178
60199
60205
60205
60206
60209
60220
60232
60240
60248
60252
60256
60261
60261
60262
60266
60278
60294
60320
60321
60323
60334
60338
60348
60357
60361
60379
60391
60400
60404
60409
60416
60432
60436
60451
60455
60459
60459
60466
60474
60477
60485
60490
60493
60498
60503
60506
60507
60511
60515
60529
60529
60539
60546
60595
60601
60602
60602
60613
60637
60656
60659
60675
60685
60693
60708
60713
60720
60725
60725
60778
60786
60793
60797
60797
60799
60800
60810
60815
60815
60817
60826
60833
60837
60844
60847
60850
60858
60876
60892
60897
60906
60937
60968
60977
60993
60994
61001
61023
61024
61035
61039
61040
61041
61043
61047
61051
61059
61083
61090
61111
61121
61124
61140
61145
61146
61149
61174
61182
61184
61198
61201
61229
61249
61253
61255
61266
61280
61284
61296
61301
61322
61332
61333
61337
61351
61359
61365
61390
61395
61404
61413
61415
61422
61429
61471
61484
61493
61513
61516
61522
61525
61560
61591
61601
61620
61632
61649
61656
61657
61666
61680
61687
61694
61705
61705
61706
61713
61749
61758
61783
61809
61809
61816
61819
61836
61838
61839
61848
61850
61862
61866
61867
61875
61896
61900
61900
61921
61935
61939
61991
61993
62019
62022
62027
62031
62046
62060
62063
62064
62092
62098
62102
62107
62137
62139
62155
62184
62185
62187
62197
62197
62209
62217
62217
62217
62219
62221
62223
62223
62237
62238
62262
62276
62281
62291
62317
62321
62324
62327
62327
62329
62337
62342
62353
62371
62375
62393
62404
62404
62410
62412
62416
62422
62429
62431
62440
62441
62447
62450
62452
62457
62463
62495
62510
62513
62513
62525
62529
62536
62553
62560
62566
62571
62595
62598
62606
62606
62623
62624
62660
62675
62685
62687
62699
62701
62719
62729
62741
62741
62747
62758
62780
62797
62805
62810
62814
62819
62838
62862
62866
62869
62873
62882
62887
62924
62925
62925
62926
62950
62956
62960
62961
62966
62972
62981
62982
63006
63019
63024
63042
63047
63052
63055
63072
63073
63088
63102
63105
63106
63115
63115
63119
63121
63123
63123
63125
63139
63150
63157
63170
63177
63193
63205
63225
63234
63238
63242
63248
63251
63252
63283
63285
63287
63295
63303
63305
63310
63312
63322
63329
63330
63350
63370
63409
63411
63414
63420
63422
63433
63462
63465
63480
63483
63502
63507
63508
63512
63522
63527
63528
63529
63532
63540
63558
63560
63561
63577
63583
63617
63620
63630
63631
63633
63634
63648
63673
63673
63677
63680
63680
63691
63696
63709
63716
63744
63750
63756
63770
63799
63801
63823
63840
63846
63853
63866
63869
63881
63883
63887
63910
63911
63917
63925
63951
63980
63994
63997
64026
64057
64063
64085
64090
64095
64104
64113
64118
64118
64124
64124
64135
64139
64148
64158
64158
64163
64163
64163
64168
64177
64184
64185
64194
64201
64207
64221
64234
64235
64239
64250
64271
64271
64291
64292
64310
64346
64357
64360
64390
64400
64408
64426
64429
64436
64438
64438
64442
64469
64505
64513
64518
64520
64523
64530
64537
64539
64547
64563
64568
64576
64637
64638
64653
64656
64702
64711
64713
64724
64734
64756
64761
64767
64770
64775
64776
64789
64808
64822
64822
64830
64839
64843
64892
64896
64903
64914
64914
64916
64922
64937
64989
64990
64995
65012
65019
65025
65031
65042
65054
65068
65084
65094
65100
65110
65112
65113
65125
65132
65137
65141
65151
65169
65188
65194
65197
65198
65209
65225
65228
65230
65239
65257
65260
65271
65272
65277
65278
65288
65296
65323
65326
65332
65344
65348
65352
65360
65363
65379
65391
65392
65433
65455
65455
65460
65464
65468
65470
65480
65486
65501
65509
65510
65520
65521
65523
65532
65541
65545
65559
65573
65579
65594
65600
65620
65624
65626
65654
65656
65656
65693
65697
65710
65738
65739
65740
65747
65750
65753
65764
65771
65775
65789
65790
65793
65802
65805
65809
65820
65822
65839
65849
65863
65868
65870
65876
65878
65890
65899
65909
65910
65916
65929
65936
65959
65968
65980
65998
66015
66042
66043
66064
66122
66134
66136
66148
66157
66167
66169
66183
66190
66194
66218
66219
66223
66227
66230
66257
66282
66299
66317
66327
66334
66340
66385
66401
66406
66409
66414
66427
66429
66435
66435
66439
66443
66460
66489
66490
66516
66518
66531
66550
66552
66566
66569
66607
66623
66625
66627
66672
66679
66679
66682
66697
66698
66703
66707
66708
66714
66797
66799
66799
66808
66823
66827
66838
66863
66866
66882
66882
66914
66916
66927
66940
66944
66956
66958
66958
67022
67032
67036
67043
67050
67061
67067
67071
67078
67079
67093
67103
67109
67115
67128
67140
67142
67147
67156
67160
67176
67177
67183
67186
67223
67225
67225
67230
67232
67234
67239
67241
67253
67255
67264
67279
67281
67289
67301
67303
67324
67328
67340
67348
67374
67383
67390
67392
67415
67435
67442
67443
67448
67450
67460
67463
67469
67492
67493
67527
67552
67552
67556
67576
67578
67593
67597
67620
67653
67662
67664
67669
67673
67683
67708
67714
67755
67761
67766
67773
67794
67795
67813
67816
67817
67835
67837
67849
67856
67868
67874
67879
67889
67890
67917
67928
67942
67974
67981
67994
68001
68005
68018
68019
68030
68053
68056
68072
68080
68100
68109
68113
68113
68124
68128
68133
68154
68157
68175
68195
68203
68206
68210
68217
68223
68229
68249
68267
68270
68282
68298
68299
68315
68316
68352
68352
68384
68386
68387
68390
68395
68397
68403
68404
68409
68422
68432
68438
68446
68495
68497
68531
68544
68544
68552
68554
68564
68569
68594
68641
68649
68650
68664
68665
68671
68674
68677
68687
68703
68711
68712
68714
68720
68726
68731
68736
68738
68744
68762
68773
68777
68802
68824
68825
68825
68831
68832
68865
68866
68866
68868
68871
68884
68885
68903
68906
68929
68940
68941
68945
68950
68963
68968
68976
68978
68980
68998
69002
69006
69006
69022
69027
69049
69061
69063
69109
69115
69131
69141
69142
69145
69162
69168
69168
69174
69179
69192
69220
69226
69232
69250
69253
69286
69291
69302
69312
69317
69328
69336
69338
69341
69351
69356
69361
69374
69383
69393
69394
69415
69439
69471
69472
69490
69499
69501
69501
69502
69518
69522
69525
69535
69549
69581
69614
69625
69632
69650
69655
69666
69666
69669
69669
69675
69677
69682
69703
69714
69722
69724
69724
69728
69734
69743
69749
69755
69770
69784
69790
69796
69807
69821
69847
69853
69873
69874
69887
69888
69894
69901
69910
69917
69917
69921
69931
69932
69933
69949
69966
69989
69999
70001
70005
70005
70014
70044
70048
70049
70053
70064
70085
70088
70102
70105
70117
70131
70137
70141
70143
70155
70159
70166
70176
70191
70207
70226
70242
70249
70273
70276
70281
70289
70306
70309
70311
70327
70339
70340
70344
70348
70349
70353
70359
70375
70380
70384
70386
70401
70411
70420
70425
70432
70444
70460
70474
70491
70495
70524
70527
70529
70534
70539
70544
70557
70567
70606
70607
70617
70634
70677
70684
70690
70691
70692
70708
70715
70728
70735
70735
70740
70753
70787
70791
70803
70804
70807
70809
70841
70845
70846
70848
70853
70875
70901
70917
70924
70924
70931
70944
70945
70973
70973
70975
70990
70997
71016
71026
71027
71043
71045
71049
71051
71056
71058
71080
71094
71101
71102
71111
71119
71131
71155
71157
71178
71180
71244
71265
71269
71287
71293
71306
71317
71342
71350
71358
71361
71377
71381
71399
71403
71423
71428
71431
71435
71489
71497
71513
71515
71516
71525
71536
71544
71545
71552
71555
71558
71564
71569
71577
71587
71594
71605
71611
71612
71628
71630
71633
71635
71648
71662
71673
71706
71718
71719
71719
71719
71722
71723
71727
71740
71741
71751
71754
71769
71777
71781
71788
71791
71802
71815
71838
71852
71865
71870
71881
71882
71911
71941
71948
71956
72024
72027
72040
72068
72069
72072
72084
72087
72104
72109
72119
72146
72150
72153
72159
72170
72187
72189
72193
72213
72215
72217
72218
72229
72232
72234
72237
72276
72278
72289
72303
72313
72343
72382
72393
72407
72416
72439
72443
72444
72449
72456
72498
72500
72509
72530
72555
72558
72584
72592
72622
72638
72650
72671
72673
72686
72724
72727
72738
72739
72747
72747
72766
72769
72773
72797
72805
72825
72857
72858
72885
72892
72895
72897
72920
72922
72964
72977
72991
72996
73023
73036
73043
73062
73081
73092
73116
73143
73162
73169
73178
73183
73185
73199
73205
73212
73239
73250
73276
73289
73295
73318
73327
73328
73335
73343
73362
73393
73403
73421
73428
73428
73430
73432
73433
73440
73449
73452
73455
73470
73479
73482
73486
73499
73503
73521
73525
73531
73544
73555
73568
73571
73572
73581
73586
73587
73588
73600
73642
73657
73658
73659
73662
73676
73681
73684
73690
73704
73707
73708
73710
73711
73721
73726
73740
73748
73752
73812
73813
73823
73832
73849
73853
73857
73874
73876
73886
73906
73909
73911
73914
73915
73923
73932
73952
73954
73956
73978
73987
73991
73994
74017
74018
74033
74038
74044
74048
74050
74053
74054
74063
74079
74080
74082
74095
74097
74113
74119
74122
74133
74156
74159
74169
74172
74173
74176
74200
74200
74237
74240
74241
74241
74244
74249
74263
74294
74304
74314
74316
74317
74321
74331
74331
74333
74337
74353
74355
74363
74370
74389
74394
74407
74408
74409
74448
74460
74468
74477
74493
74510
74530
74535
74551
74567
74580
74581
74587
74594
74599
74607
74611
74614
74621
74630
74641
74648
74657
74684
74706
74726
74727
74729
74730
74748
74751
74773
74775
74793
74796
74797
74819
74832
74842
74851
74852
74855
74875
74880
74888
74891
74921
74943
74947
74964
74999
75000
75017
75021
75025
75025
75030
75031
75036
75040
75047
75067
75096
75096
75108
75141
75143
75151
75151
75158
75176
75177
75200
75210
75233
75244
75266
75288
75292
75298
75330
75357
75394
75401
75438
75461
75469
75471
75496
75503
75505
75519
75521
75531
75541
75548
75550
75553
75556
75558
75569
75575
75575
75575
75587
75598
75612
75620
75633
75649
75654
75659
75670
75682
75690
75697
75704
75727
75729
75730
75737
75747
75749
75750
75756
75757
75763
75778
75800
75801
75818
75819
75844
75851
75855
75856
75857
75869
75870
75910
75938
75954
75959
75984
75984
75986
75993
75995
76078
76084
76091
76095
76101
76107
76120
76128
76144
76154
76165
76201
76213
76213
76214
76224
76230
76233
76256
76259
76262
76262
76295
76297
76333
76347
76349
76353
76368
76387
76387
76409
76410
76449
76469
76480
76498
76500
76506
76516
76542
76555
76588
76598
76599
76602
76617
76632
76633
76672
76678
76687
76693
76729
76750
76754
76756
76762
76768
76773
76788
76788
76806
76808
76815
76830
76853
76855
76863
76871
76884
76889
76891
76892
76908
76910
76917
76927
76927
76932
76942
76944
76944
76955
76958
76961
76964
76985
76994
77000
77008
77024
77028
77031
77032
77048
77081
77085
77101
77110
77149
77166
77185
77193
77202
77208
77211
77219
77221
77230
77253
77264
77267
77270
77278
77294
77302
77313
77346
77371
77385
77412
77422
77423
77423
77429
77444
77449
77470
77472
77503
77514
77518
77521
77538
77544
77560
77566
77574
77590
77595
77608
77637
77648
77653
77665
77669
77675
77676
77699
77702
77705
77710
77712
77717
77731
77748
77755
77763
77765
77786
77796
77817
77818
77818
77843
77850
77858
77858
77867
77868
77873
77923
77931
77941
77944
77947
77953
77956
77956
77986
77987
77989
77993
77996
78004
78007
78007
78013
78021
78021
78023
78026
78035
78044
78047
78054
78087
78102
78103
78115
78116
78138
78155
78156
78161
78171
78197
78198
78203
78217
78222
78230
78231
78250
78264
78270
78287
78306
78313
78315
78325
78325
78335
78339
78346
78352
78362
78374
78384
78390
78404
78427
78458
78460
78462
78475
78483
78523
78537
78544
78571
78574
78579
78590
78609
78622
78629
78637
78642
78646
78651
78681
78699
78744
78797
78806
78811
78811
78853
78863
78873
78877
78884
78896
78899
78900
78915
78927
78930
78930
78952
78957
78962
78967
78971
78986
79001
79011
79016
79032
79035
79037
79075
79076
79087
79094
79112
79114
79121
79125
79131
79140
79158
79186
79209
79216
79240
79259
79263
79263
79264
79270
79288
79311
79315
79317
79320
79321
79323
79345
79353
79364
79369
79373
79378
79399
79405
79427
79440
79444
79447
79452
79456
79462
79476
79498
79512
79531
79540
79549
79558
79573
79586
79595
79599
79601
79607
79632
79633
79647
79652
79662
79672
79682
79682
79695
79710
79713
79717
79719
79733
79737
79761
79785
79851
79862
79865
79869
79895
79903
79923
79933
79935
79948
79955
79960
79969
79972
79978
79981
79984
80003
80013
80018
80048
80067
80077
80082
80088
80091
80095
80100
80115
80123
80142
80147
80163
80216
80224
80239
80250
80251
80267
80273
80280
80281
80294
80307
80315
80318
80321
80323
80324
80339
80339
80340
80343
80344
80353
80354
80367
80372
80393
80403
80406
80437
80438
80443
80478
80514
80521
80527
80530
80563
80582
80585
80605
80617
80620
80628
80639
80647
80647
80658
80673
80738
80751
80754
80761
80778
80784
80787
80829
80833
80856
80877
80878
80885
80887
80891
80900
80914
80917
80946
80954
80999
81001
81002
81009
81033
81039
81045
81046
81058
81059
81067
81069
81071
81097
81118
81130
81131
81141
81154
81155
81165
81169
81171
81175
81178
81180
81183
81193
81194
81204
81222
81248
81268
81282
81285
81288
81291
81307
81319
81324
81334
81337
81357
81361
81365
81374
81377
81388
81396
81414
81424
81457
81461
81462
81496
81502
81512
81523
81524
81546
81547
81558
81559
81567
81587
81588
81595
81597
81602
81623
81629
81633
81636
81637
81638
81643
81675
81676
81696
81697
81708
81717
81723
81730
81731
81733
81756
81758
81761
81765
81767
81772
81786
81787
81796
81799
81800
81847
81858
81863
81886
81909
81910
81920
81921
81924
81940
81943
81977
81987
81990
81996
81998
82001
82006
82006
82016
82023
82028
82040
82041
82042
82044
82057
82060
82078
82085
82109
82131
82151
82154
82174
82185
82189
82191
82203
82204
82209
82212
82224
82227
82228
82234
82235
82245
82258
82261
82264
82276
82279
82298
82304
82342
82342
82343
82348
82350
82359
82360
82375
82378
82380
82381
82388
82391
82397
82407
82436
82446
82451
82453
82475
82481
82483
82501
82511
82515
82530
82577
82581
82584
82598
82600
82603
82603
82604
82605
82620
82622
82651
82668
82723
82744
82757
82764
82770
82772
82773
82776
82777
82784
82787
82797
82804
82826
82827
82828
82829
82835
82841
82847
82851
82854
82883
82894
82900
82912
82916
82920
82927
82927
82927
82953
82966
82972
82994
83025
83032
83033
83046
83088
83100
83102
83104
83134
83137
83175
83187
83202
83204
83205
83212
83216
83226
83230
83287
83315
83330
83352
83356
83359
83376
83378
83400
83406
83433
83445
83452
83458
83464
83476
83495
83500
83521
83526
83542
83553
83557
83564
83567
83574
83579
83583
83589
83592
83594
83608
83636
83638
83646
83668
83696
83708
83720
83727
83743
83756
83765
83766
83789
83804
83818
83820
83822
83840
83868
83870
83873
83887
83894
83902
83912
83925
83940
83947
83948
83952
83956
83989
83991
83991
84010
84012
84021
84021
84045
84047
84050
84071
84088
84089
84091
84097
84098
84104
84113
84119
84134
84156
84159
84170
84174
84195
84202
84218
84218
84226
84228
84233
84241
84243
84248
84253
84265
84269
84302
84307
84334
84398
84408
84432
84433
84440
84450
84471
84476
84482
84488
84507
84509
84512
84527
84529
84532
84550
84552
84559
84569
84571
84571
84579
84581
84582
84598
84601
84602
84609
84614
84615
84616
84629
84631
84644
84650
84653
84663
84665
84666
84670
84684
84711
84725
84727
84729
84745
84772
84773
84786
84804
84821
84822
84823
84836
84839
84840
84842
84846
84848
84855
84859
84875
84908
84920
84923
84928
84933
84950
84960
84972
84991
84993
85019
85038
85050
85053
85070
85089
85105
85131
85134
85135
85141
85155
85161
85180
85181
85182
85195
85198
85219
85232
85249
85253
85253
85262
85266
85269
85276
85277
85280
85280
85296
85306
85312
85320
85324
85325
85328
85354
85363
85374
85378
85383
85383
85383
85386
85419
85430
85437
85437
85442
85450
85460
85464
85483
85485
85496
85509
85510
85527
85534
85548
85552
85568
85581
85593
85596
85608
85611
85612
85629
85648
85664
85668
85699
85725
85728
85742
85747
85750
85753
85758
85786
85791
85796
85797
85803
85807
85843
85847
85850
85872
85873
85873
85879
85880
85910
85918
85921
85924
85930
85938
85956
85988
85995
86001
86016
86035
86035
86076
86077
86083
86101
86105
86105
86109
86128
86141
86148
86156
86168
86170
86171
86181
86188
86213
86227
86234
86240
86248
86257
86260
86272
86290
86295
86314
86322
86324
86331
86335
86347
86350
86353
86361
86367
86371
86372
86374
86401
86429
86434
86436
86454
86477
86478
86479
86484
86497
86501
86517
86518
86522
86530
86537
86543
86554
86569
86581
86584
86588
86615
86621
86644
86646
86649
86665
86677
86683
86688
86701
86710
86713
86720
86721
86730
86741
86755
86755
86762
86772
86778
86778
86784
86788
86789
86806
86807
86809
86813
86819
86822
86823
86832
86833
86834
86846
86850
86854
86870
86871
86881
86903
86919
86924
86961
86966
86975
86978
87022
87025
87027
87030
87044
87069
87075
87080
87125
87144
87168
87169
87184
87209
87209
87213
87226
87228
87231
87234
87239
87246
87251
87286
87288
87310
87312
87324
87325
87332
87336
87345
87355
87377
87398
87410
87416
87423
87428
87450
87477
87501
87513
87515
87528
87549
87560
87588
87589
87591
87599
87600
87604
87628
87636
87647
87650
87651
87652
87653
87658
87661
87662
87672
87679
87681
87686
87692
87693
87696
87701
87715
87720
87722
87724
87728
87737
87755
87757
87776
87776
87781
87791
87814
87817
87818
87827
87856
87876
87880
87880
87942
87968
87974
87979
87999
88002
88004
88007
88033
88051
88059
88065
88067
88070
88129
88130
88133
88145
88148
88152
88154
88154
88157
88167
88194
88199
88205
88216
88229
88237
88249
88250
88257
88258
88260
88292
88328
88346
88347
88363
88374
88389
88400
88401
88413
88420
88433
88445
88459
88462
88471
88509
88517
88528
88532
88536
88539
88557
88557
88566
88571
88584
88615
88617
88634
88644
88645
88670
88688
88695
88696
88711
88729
88759
88786
88798
88807
88812
88814
88827
88836
88861
88864
88865
88881
88918
88924
88935
88940
88941
88949
88957
88965
88985
88998
89003
89004
89012
89023
89023
89038
89050
89054
89055
89065
89068
89070
89077
89078
89081
89100
89113
89120
89124
89132
89140
89142
89143
89149
89152
89155
89157
89170
89195
89221
89225
89235
89245
89278
89282
89290
89311
89318
89322
89342
89352
89362
89379
89397
89432
89442
89449
89453
89476
89480
89481
89498
89510
89521
89523
89524
89526
89535
89551
89559
89576
89579
89584
89595
89609
89617
89633
89636
89644
89661
89668
89685
89690
89692
89706
89706
89710
89739
89745
89755
89769
89770
89773
89785
89788
89789
89813
89822
89823
89832
89862
89887
89887
89905
89919
89925
89935
89936
89937
89951
89963
89965
89969
90000
90002
90002
90006
90010
90021
90033
90044
90046
90077
90079
90079
90080
90084
90092
90130
90138
90141
90153
90156
90157
90170
90173
90176
90179
90182
90188
90189
90204
90213
90219
90222
90228
90248
90257
90260
90266
90274
90276
90276
90281
90285
90291
90292
90315
90345
90354
90362
90364
90368
90387
90388
90400
90403
90441
90474
90475
90479
90483
90503
90505
90513
90515
90520
90523
90554
90555
90559
90566
90583
90588
90592
90616
90618
90622
90626
90631
90640
90655
90679
90708
90722
90758
90771
90775
90807
90828
90843
90846
90854
90873
90888
90905
90922
90924
90933
90936
90943
90984
90998
91007
91009
91011
91018
91031
91034
91037
91072
91079
91081
91091
91103
91113
91133
91140
91162
91164
91197
91210
91210
91225
91245
91248
91254
91273
91289
91289
91317
91335
91338
91350
91358
91367
91373
91407
91408
91408
91424
91429
91432
91435
91456
91460
91465
91495
91498
91511
91529
91538
91541
91554
91557
91558
91558
91573
91581
91584
91598
91618
91642
91642
91646
91673
91675
91696
91702
91705
91740
91745
91750
91753
91755
91763
91769
91786
91805
91810
91832
91843
91845
91846
91850
91863
91876
91883
91888
91914
91915
91931
91955
91959
91963
91988
91990
91993
92001
92014
92034
92052
92058
92063
92071
92075
92082
92096
92096
92100
92100
92109
92109
92110
92117
92127
92129
92130
92135
92151
92161
92164
92171
92174
92189
92215
92218
92232
92238
92251
92277
92278
92280
92280
92284
92293
92304
92311
92313
92317
92319
92325
92332
92340
92343
92348
92357
92359
92364
92367
92387
92388
92402
92422
92428
92436
92436
92446
92457
92466
92473
92484
92495
92518
92524
92524
92528
92538
92538
92544
92546
92563
92566
92569
92601
92616
92621
92642
92645
92654
92657
92665
92701
92702
92708
92712
92716
92721
92728
92744
92752
92757
92761
92766
92780
92785
92793
92798
92800
92804
92809
92810
92822
92823
92863
92882
92883
92897
92905
92919
92930
92941
92955
92959
92964
92976
92979
93019
93023
93028
93039
93043
93067
93070
93072
93074
93089
93096
93100
93130
93145
93146
93157
93179
93183
93206
93207
93238
93250
93274
93293
93298
93305
93318
93344
93371
93382
93394
93419
93420
93425
93430
93433
93444
93448
93457
93459
93463
93465
93469
93498
93525
93531
93540
93546
93546
93557
93560
93569
93582
93585
93590
93591
93591
93597
93604
93608
93611
93613
93613
93619
93625
93640
93653
93656
93657
93659
93665
93670
93671
93687
93697
93702
93724
93727
93751
93754
93793
93800
93801
93812
93816
93842
93870
93871
93872
93881
93887
93889
93898
93917
93922
93951
93962
93984
93985
93994
94005
94029
94030
94036
94038
94039
94049
94055
94067
94075
94076
94091
94092
94094
94104
94107
94119
94124
94126
94134
94149
94149
94160
94162
94196
94208
94213
94222
94228
94229
94235
94245
94251
94259
94276
94277
94286
94314
94316
94329
94332
94338
94344
94353
94363
94370
94391
94394
94403
94420
94425
94427
94428
94458
94484
94486
94491
94493
94496
94498
94500
94510
94514
94514
94528
94531
94556
94560
94561
94569
94586
94589
94634
94648
94651
94659
94672
94682
94683
94688
94698
94699
94708
94728
94742
94762
94769
94775
94777
94780
94805
94835
94836
94884
94904
94906
94908
94912
94913
94922
94930
94936
94943
94956
94964
94972
95005
95017
95018
95025
95040
95066
95079
95082
95086
95091
95094
95102
95106
95111
95130
95138
95158
95172
95197
95202
95207
95208
95209
95217
95220
95228
95240
95251
95256
95264
95268
95268
95292
95311
95314
95356
95357
95359
95361
95367
95371
95385
95396
95414
95416
95428
95429
95445
95461
95479
95514
95531
95536
95540
95542
95547
95566
95570
95575
95588
95604
95605
95614
95615
95662
95664
95668
95680
95692
95702
95703
95730
95761
95794
95794
95803
95810
95835
95839
95848
95859
95873
95883
95885
95889
95903
95926
95929
95963
95967
95973
95977
95981
96008
96009
96029
96034
96035
96046
96093
96115
96115
96129
96151
96152
96152
96177
96183
96186
96197
96207
96209
96210
96211
96215
96218
96221
96223
96257
96263
96265
96294
96304
96320
96326
96334
96361
96365
96366
96380
96392
96394
96401
96411
96412
96420
96421
96424
96436
96452
96465
96466
96467
96475
96475
96482
96484
96489
96519
96536
96536
96542
96555
96557
96569
96575
96575
96576
96578
96605
96607
96626
96635
96640
96658
96666
96667
96687
96699
96699
96709
96715
96720
96722
96727
96734
96735
96739
96751
96765
96801
96839
96840
96842
96846
96847
96852
96863
96878
96879
96893
96912
96913
96922
96928
96930
96931
96932
96938
96942
96948
96951
96965
96996
97014
97018
97041
97045
97054
97056
97058
97060
97077
97082
97106
97117
97119
97155
97162
97173
97188
97199
97200
97201
97201
97214
97218
97219
97241
97263
97283
97292
97301
97307
97319
97319
97329
97330
97332
97336
97338
97343
97343
97372
97383
97385
97392
97421
97488
97510
97546
97546
97548
97562
97570
97591
97609
97610
97620
97625
97660
97669
97672
97674
97679
97681
97692
97707
97707
97724
97738
97750
97775
97790
97794
97799
97802
97806
97810
97817
97823
97841
97843
97849
97852
97860
97906
97924
97933
97935
97936
97952
97953
97961
97975
97991
97998
98005
98047
98056
98063
98073
98079
98096
98097
98103
98111
98111
98116
98127
98129
98134
98138
98139
98145
98146
98149
98160
98161
98166
98175
98178
98179
98185
98187
98205
98206
98216
98225
98235
98236
98239
98242
98264
98277
98281
98286
98287
98292
98299
98305
98307
98308
98309
98311
98325
98348
98349
98359
98362
98377
98380
98382
98384
98385
98389
98390
98393
98407
98421
98445
98446
98474
98482
98487
98500
98500
98523
98527
98536
98539
98544
98562
98569
98571
98583
98588
98593
98602
98611
98631
98633
98633
98634
98638
98643
98657
98662
98667
98668
98680
98683
98727
98732
98735
98745
98763
98771
98827
98828
98829
98839
98850
98854
98862
98865
98872
98873
98878
98902
98915
98923
98927
98930
98946
98957
98972
98987
98989
98995
99017
99028
99031
99051
99061
99082
99088
99106
99107
99120
99154
99170
99175
99187
99196
99215
99235
99236
99245
99251
99253
99265
99268
99274
99279
99281
99282
99293
99316
99327
99348
99349
99349
99352
99359
99364
99365
99379
99382
99416
99427
99449
99460
99507
99511
99515
99516
99527
99539
99568
99577
99589
99600
99609
99616
99617
99625
99625
99628
99670
99681
99692
99700
99702
99703
99751
99755
99755
99780
99815
99826
99829
99835
99861
99869
99874
99878
99879
99889
99900
99903
99905
99907
99913
99914
99915
99924
99928
99929
99941
99986
99994
